-4.599276367201383664e+01
-6.613264776976714643e+01
-8.410115394244778031e+01
-9.835736746186961454e+01
-1.082983255204324280e+02
-1.143074256224991103e+02
-1.175095605165324741e+02
-1.193519378468662495e+02
-1.211720103319189548e+02
-1.238952943744980644e+02
-1.279271760425584006e+02
-1.332030564364796703e+02
-1.393014652932650961e+02
-1.455340506105906684e+02
-1.509807867014092722e+02
-1.544952571640544647e+02
-1.547369893864214418e+02
-1.502875196026116669e+02
-1.398733148840367448e+02
-1.226625807051703703e+02
-9.855428091323915396e+01
-6.836469257326540117e+01
-3.383806347414115834e+01
2.554316893185564652e+00
3.801260912293392380e+01
6.992791064820518443e+01
9.638889271334812747e+01
1.165227269744319614e+02
1.305587380509688842e+02
1.395970761943795821e+02
1.451722227682004700e+02
1.487711593617837593e+02
1.514684115447262513e+02
1.537826439766813564e+02
1.557705870648687778e+02
1.572826157251531072e+02
1.582402461677149859e+02
1.587916870883632328e+02
1.592707755193007984e+02
1.599959585752746705e+02
1.610342718822311099e+02
1.620678669213158400e+02
1.624348223091009800e+02
1.613175666380773237e+02
1.579828194864325326e+02
1.519712058881162875e+02
1.431798665907126065e+02
1.318384963507792520e+02
1.184182415788964136e+02
1.035242489810733986e+02
8.781077950963933176e+01
7.193473323984763113e+01
5.654191422900912301e+01
4.226621122935637231e+01
2.971485659465493967e+01
1.941581478595725940e+01
1.172181705573947141e+01
6.694754668346060811e+00
4.017731341926801036e+00
2.988347730242914224e+00
2.631774779903597761e+00
1.931078335321739559e+00
1.096302987548938290e-01
-3.150688416212306109e+00
-7.664142046327544477e+00
-1.289713705976545555e+01
-1.824676891865671990e+01
-2.330173885785170995e+01
-2.797061015961563868e+01
-3.244768080665407695e+01
-3.706546549552996339e+01
-4.211330233822789637e+01
-4.769431585393735418e+01
-5.367241955005095377e+01
-5.973068493174105953e+01
-6.551783297448687904e+01
-7.081536861832213958e+01
-7.564376908747429695e+01
-8.025647341436810223e+01
-8.502674740901812811e+01
-9.028211871767709340e+01
-9.616178692068618261e+01
-1.025560192999532205e+02
-1.091404719095519056e+02
-1.154729570037836766e+02
-1.211084425141621637e+02
-1.257060436990502978e+02
-1.291142350350038441e+02
-1.314134989951928105e+02
-1.328924380435104240e+02
-1.339532365903301070e+02
-1.349741991004925126e+02
-1.361789651479645613e+02
-1.375636455034675123e+02
-1.389155080908397508e+02
-1.399237423073502669e+02
-1.403424280145685827e+02
-1.401363808472693790e+02
-1.395408880062406922e+02
-1.390004196043798572e+02
-1.390074364361369987e+02
-1.399145604603738775e+02
-1.418067282112073997e+02
-1.444821910462826509e+02
-1.475326803343404265e+02
-1.504738560544488450e+02
-1.528718983865030054e+02
-1.544316392634379156e+02
-1.550356575314071108e+02
-1.547369893864214418e+02
-1.537157608829651565e+02
-1.522226666100468719e+02
-1.505383947733398884e+02
-1.489570090404782547e+02
-1.477644118827120963e+02
-1.471681176901671222e+02
-1.471638077645781948e+02
-1.473776748614794201e+02
-1.469617837407290324e+02
-1.446170797251824638e+02
-1.387766790294632244e+02
-1.279231020714803151e+02
-1.109625086366646656e+02
-8.754850887340640497e+01
-5.824650429353262382e+01
-2.447399413012112035e+01
1.176395610484251364e+01
4.825385727516590606e+01
8.296123035067249418e+01
1.143411518790584438e+02
1.415094095268147782e+02
1.642396431912968922e+02
1.828047116652420527e+02
1.977401609785580945e+02
2.096274229768132784e+02
2.189588765846654894e+02
2.260925833823419282e+02
2.312733623364713083e+02
2.346913093624935129e+02
2.365459391733356256e+02
2.370795066008672904e+02
2.365564168663480018e+02
2.352004507970436293e+02
2.331270060154893144e+02
2.303000093475390884e+02
2.265224454247728545e+02
2.214651641070888672e+02
2.147436981035445172e+02
2.060431397870144679e+02
1.952662359478096903e+02
1.826575137843235268e+02
1.688506546231248819e+02
1.548047499675561198e+02
1.416325917102601295e+02
1.303610191855314042e+02
1.216861012982624146e+02
1.157972197148092590e+02
1.123388752198790286e+02
1.105395887164457065e+02
1.094670516832981804e+02
1.083079165689238579e+02
1.065646284357529510e+02
1.041156228477823618e+02
1.011545401656381387e+02
9.805937793108651590e+01
9.523859001613702446e+01
9.298765238988283954e+01
9.138552863559921491e+01
9.025907864164726391e+01
8.923036874254589179e+01
8.783396599954852491e+01
8.566299623461091528e+01
8.249008451557865840e+01
7.831357325856990315e+01
7.330180865033457849e+01
6.765744480359113311e+01
6.148170787045280150e+01
5.473124052172077825e+01
4.729794251785072134e+01
3.915186243025722490e+01
3.045019807369730103e+01
2.155727580297482859e+01
1.298535920789189113e+01
5.290540554386371497e+00
-1.057321395131907593e+00
-5.820073095051547796e+00
-9.119696332278095952e+00
-1.148972514936279765e+01
-1.379568957210224767e+01
-1.702039320116762156e+01
-2.197480137553703372e+01
-2.903536223221946244e+01
-3.800310728321979070e+01
-4.813510670010093406e+01
-5.833749248590768843e+01
-6.745843550692571000e+01
-7.459764455621365187e+01
-7.935288006748649536e+01
-8.193627051512520154e+01
-8.311302561169225100e+01
-8.396260324781803774e+01
-8.553590654176548469e+01
-8.853532104550095028e+01
-9.313241624241813099e+01
-9.897079395464064078e+01
-1.053278651761565925e+02
-1.113640438060462259e+02
-1.163756121746788210e+02
-1.199821251634676855e+02
-1.222113355273118600e+02
-1.234773614567336040e+02
-1.244668724461669456e+02
-1.259564621473012380e+02
-1.285945730759241599e+02
-1.326962703459612385e+02
-1.381074729822753113e+02
-1.441804906750724058e+02
-1.498612268636823330e+02
-1.538438211475113349e+02
-1.547369893864214418e+02
-1.512175905582081441e+02
-1.421873395611731041e+02
-1.269539730383536380e+02
-1.054212981669362819e+02
-7.822755300591512650e+01
-4.675668564852836084e+01
-1.297663124432420290e+01
2.087907731623725027e+01
5.270508648338255853e+01
8.087896986895435703e+01
1.044774158716162020e+02
1.233058028403986697e+02
1.377561416709461355e+02
1.485613425249871398e+02
1.565409613991410822e+02
1.624225363273871778e+02
1.667730727438778615e+02
1.700127604288972236e+02
1.724489877910164068e+02
1.742837860553086102e+02
1.755924501338543848e+02
1.763068445999041955e+02
1.762383347430407809e+02
1.751460562692508915e+02
1.728226847278482978e+02
1.691553309955277768e+02
1.641298910235865662e+02
1.577788573428368579e+02
1.501096478245851245e+02
1.410664627071010671e+02
1.305599218325404536e+02
1.185601575661308971e+02
1.052170652006920335e+02
9.095939299550630608e+01
7.652815677616669632e+01
6.291338892086828594e+01
5.118882008747840473e+01
4.227661918347426706e+01
3.670865849734282449e+01
3.446052926120993476e+01
3.491277753999240474e+01
3.695388885642704935e+01
