-5.043576662057677140e+01
-9.218900883089365550e+01
-1.287313256490248534e+02
-1.563126702742053453e+02
-1.735706665580818822e+02
-1.815666441669595770e+02
-1.830619530371063490e+02
-1.814152738720115394e+02
-1.795414721376233729e+02
-1.792517058196279152e+02
-1.810852084983501129e+02
-1.845495169347468050e+02
-1.885787702258004401e+02
-1.920123791909910551e+02
-1.939587283730277534e+02
-1.939949169999706839e+02
-1.922204558592287640e+02
-1.892046191092794629e+02
-1.858521312185039562e+02
-1.831963205295351429e+02
-1.821422605243278383e+02
-1.832178938418039991e+02
-1.864088086728312987e+02
-1.911185763905752992e+02
-1.962322184087695689e+02
-2.002287171803564263e+02
-2.013165765197681765e+02
-1.976110866327519489e+02
-1.873789531639970676e+02
-1.693390479025243849e+02
-1.429594865922736062e+02
-1.086620957704273565e+02
-6.785091444351637335e+01
-2.272807453482133866e+01
2.406436387343720895e+01
6.987643589900508800e+01
1.124439054932560680e+02
1.501595259934471471e+02
1.821782018674803680e+02
2.083557374544469667e+02
2.290644228228261454e+02
2.449583683864950103e+02
2.567670769154559594e+02
2.651756763767334633e+02
2.708051580080801273e+02
2.742514347990376109e+02
2.761135820668168890e+02
2.769633773067265565e+02
2.772619340445604053e+02
2.772686634699396109e+02
2.769856083484227725e+02
2.761522014124576572e+02
2.742857324631695519e+02
2.707622303846363252e+02
2.649332994029908832e+02
2.562632646739550637e+02
2.444588418119398909e+02
2.295644485483090307e+02
2.120045342586395805e+02
1.925577687294062628e+02
1.722503992067998979e+02
1.521728590815934865e+02
1.332596697903422580e+02
1.161095765541960390e+02
1.009256330752352966e+02
8.760060937220868027e+01
7.588832259106065692e+01
6.555520449049973308e+01
5.643915093746934275e+01
4.841865295458484297e+01
4.134787395363968443e+01
3.501642461034186482e+01
2.916362560815379723e+01
2.353995386618823460e+01
1.798003501163199758e+01
1.244426583079739146e+01
7.001286154654927429e+00
1.751683800615861486e+00
-3.277515748853764954e+00
-8.220595907776269584e+00
-1.339875800749747903e+01
-1.926042348775743562e+01
-2.624738245258474123e+01
-3.463453194349733621e+01
-4.440915231442342304e+01
-5.524191554571590501e+01
-6.656419251078682464e+01
-7.772161357906939827e+01
-8.813883185464422354e+01
-9.742771824280424653e+01
-1.054121913963785460e+02
-1.120968670768488238e+02
-1.176225471665603948e+02
-1.222217132587083199e+02
-1.261592493032378144e+02
-1.296553044177280754e+02
-1.328186599657250895e+02
-1.356267193696060929e+02
-1.379632956565005770e+02
-1.396952042607498470e+02
-1.407554329126060679e+02
-1.412030503678304854e+02
-1.412401073746667919e+02
-1.411793296119059562e+02
-1.413703801479003914e+02
-1.421075126829053090e+02
-1.435572686102599107e+02
-1.457472618131258741e+02
-1.486272841285720574e+02
-1.521613201867371288e+02
-1.563787015554288189e+02
-1.613401506514683206e+02
-1.670381042812699377e+02
-1.732936462871824972e+02
-1.797104088817621061e+02
-1.857203270741593997e+02
-1.907244489396658196e+02
-1.942905322430596016e+02
-1.963288914561244667e+02
-1.971597612793153189e+02
-1.974204012803318449e+02
-1.978189688073105685e+02
-1.988027046287482733e+02
-2.002519779324963451e+02
-2.013165765197681765e+02
-2.004661691865899513e+02
-1.957529763720444862e+02
-1.852184068835300366e+02
-1.673449699832831357e+02
-1.414529737486303134e+02
-1.079478773869311823e+02
-6.833968685873888660e+01
-2.500642578784374948e+01
1.924284731328667419e+01
6.168020296084655740e+01
1.001034534072666844e+02
1.331051319017106209e+02
1.601256671906332372e+02
1.813270595169925343e+02
1.973741811553189507e+02
2.092092449418834406e+02
2.178598036885134661e+02
2.242760174768506545e+02
2.291898306096524607e+02
2.330213188375641948e+02
2.358757168153622956e+02
2.376409621847804488e+02
2.381334113713358818e+02
2.372089185994319962e+02
2.347860714658411041e+02
2.307917359868928600e+02
2.250920983371831881e+02
2.174825328353674365e+02
2.077656961008219128e+02
1.958769298298566071e+02
1.819772256290021915e+02
1.664600881782350541e+02
1.498831675683655931e+02
1.328816765250668936e+02
1.161147657705264749e+02
1.002506551266339585e+02
8.595257759657914676e+01
7.382098125971305080e+01
6.428288045248908134e+01
5.746866534176142238e+01
5.313932203456671743e+01
5.070410829812176701e+01
4.932339328727863403e+01
4.806380543155030693e+01
4.607338165377258576e+01
4.274759954530669148e+01
3.784712286445535057e+01
3.152500141288151525e+01
2.424735106087396730e+01
1.663492497352100230e+01
9.281939573682336686e+00
2.608322165065910525e+00
-3.218897822089379801e+00
-8.285656173389227774e+00
-1.286626429124292059e+01
-1.732274895266561288e+01
-2.200223988972911826e+01
-2.716536783053807724e+01
-3.296487324397611474e+01
-3.946322358431324773e+01
-4.665257837952332665e+01
-5.444822523168159023e+01
-6.266149696127442326e+01
-7.098606817185451234e+01
-7.903020266846942832e+01
-8.640101782535072061e+01
-9.281345682299134126e+01
-9.817749199197632493e+01
-1.026247484472382752e+02
-1.064633042516144030e+02
-1.100769346031350437e+02
-1.138002893434080391e+02
-1.178067449135619569e+02
-1.220460267311759139e+02
-1.262625690414964055e+02
-1.301054185902316078e+02
-1.333010375622470178e+02
-1.358140195286180756e+02
-1.379037378688963713e+02
-1.400296020845930514e+02
-1.426460537466610674e+02
-1.459934736621416960e+02
-1.499839483359714620e+02
-1.542210032233957406e+02
-1.581345588673198677e+02
-1.611827006623110776e+02
-1.630585014241864599e+02
-1.638344241543265980e+02
-1.639911250412000356e+02
-1.643148727794094839e+02
-1.656880776262901236e+02
-1.688246335003692025e+02
-1.740171255511962727e+02
-1.809657435031587056e+02
-1.887403269672622343e+02
-1.958888059866508513e+02
-2.006644534902364114e+02
-2.013165765197681765e+02
-1.963795734897007890e+02
-1.849032846468667799e+02
-1.665886355030985442e+02
-1.418180711238371146e+02
-1.115921082893423772e+02
-7.739458125345912265e+01
-4.100892119718481865e+01
-4.306526969676150784e+00
3.096611867338531709e+01
6.336943139987955220e+01
9.189512037010861434e+01
1.160229058468293033e+02
1.357135426545582106e+02
1.513408192700347286e+02
1.635600385535977637e+02
1.731263949626128067e+02
1.807096634165369267e+02
1.867672827270131108e+02
1.915163776776811346e+02
1.950004436213757799e+02
1.972058929607167954e+02
1.981675446223170241e+02
1.980117887049437684e+02
1.969109100459806996e+02
1.949587747909724840e+02
1.920246979257811972e+02
1.876741686611564148e+02
1.812284900292613372e+02
1.719700269222078646e+02
1.594266871368337775e+02
1.436314878101773900e+02
1.252629480390777559e+02
1.056139685042347196e+02
8.638486162466931262e+01
6.933332003134265165e+01
5.584389442487240984e+01
4.651483512092529793e+01
4.089829671173099968e+01
3.753499586732188220e+01
