-1.786531236942906631e+01
-4.877584031245488205e+01
-7.595978729658638429e+01
-9.663394412701430269e+01
-1.095963625193376885e+02
-1.153103691499888583e+02
-1.155081548540730410e+02
-1.125179886491783208e+02
-1.085607651860119773e+02
-1.052183467919639384e+02
-1.031920573410082227e+02
-1.023718649744698581e+02
-1.021406834221269406e+02
-1.017693659303263445e+02
-1.007457528939714706e+02
-9.893226940618440324e+01
-9.653553604663157728e+01
-9.395344102501326233e+01
-9.160104026480462380e+01
-8.979676141619982843e+01
-8.873570114243307216e+01
-8.852107852051945258e+01
-8.919836446705001265e+01
-9.075234864422560577e+01
-9.307070950440130730e+01
-9.591458911035171297e+01
-9.893921791355312223e+01
-1.017744916356817413e+02
-1.041340134953580332e+02
-1.059029659398529191e+02
-1.071660589637492222e+02
-1.081603125215816590e+02
-1.091600183707579106e+02
-1.103200524648886471e+02
-1.115188118475347494e+02
-1.122513368099156423e+02
-1.116221065323032207e+02
-1.084702465873161685e+02
-1.016233565840875599e+02
-9.022373987139536666e+01
-7.402495725639764146e+01
-5.354973885127328259e+01
-3.004490294174381049e+01
-5.243688375944485003e+00
1.898764905782441303e+01
4.101311216943702931e+01
5.970585171690311199e+01
7.458331828561777854e+01
8.578211867666902890e+01
9.390052357828645313e+01
9.977094179075896818e+01
1.042319481308914249e+02
1.079499346735731962e+02
1.113152429769921241e+02
1.144236836414747813e+02
1.171454712136099658e+02
1.192622149491705414e+02
1.206197961105833940e+02
1.212285562903182949e+02
1.212649541331226999e+02
1.209783751472319580e+02
1.205497478380378311e+02
1.199646744056890952e+02
1.189545109438347197e+02
1.170337630097144199e+02
1.136301082438883441e+02
1.082724831533215166e+02
1.007785409493077680e+02
9.137145953780192542e+01
8.067024127006216361e+01
6.954362480953899706e+01
5.887640534878862297e+01
4.933514907128865445e+01
4.121961179010084919e+01
3.445003407607176626e+01
2.868362611187465916e+01
2.349942756043415670e+01
1.856778124019971443e+01
1.374126693678808664e+01
9.050260340545733584e+00
4.629220980840862865e+00
6.227421912076742672e-01
-2.882668708038757188e+00
-5.883040440704759177e+00
-8.454785848517209601e+00
-1.075645056741305616e+01
-1.304288598828343204e+01
-1.566558101431902728e+01
-1.902515766010382592e+01
-2.347217308912113509e+01
-2.918875152012245522e+01
-3.609507885478300437e+01
-4.381538494375529069e+01
-5.172424055838078516e+01
-5.907369927113835928e+01
-6.517001823212876843e+01
-6.954428993392569680e+01
-7.206707708397684087e+01
-7.298433631759698414e+01
-7.287332963170595690e+01
-7.252600312700779739e+01
-7.277737856306569597e+01
-7.431243726034014685e+01
-7.749604035080952258e+01
-8.227076991636380399e+01
-8.815908976136518049e+01
-9.438368179830403903e+01
-1.000788044555115590e+02
-1.045241731743132618e+02
-1.073211120352476797e+02
-1.084581127259698690e+02
-1.082614551513157863e+02
-1.072687491500392838e+02
-1.060788650848807890e+02
-1.052182394677234640e+02
-1.050395299095391408e+02
-1.056571822293714291e+02
-1.069295728120801101e+02
-1.085029189869865434e+02
-1.099217602448948981e+02
-1.107829766384049037e+02
-1.108799187027098583e+02
-1.102729338462125384e+02
-1.092480518272673891e+02
-1.081804568089855678e+02
-1.073715797624131625e+02
-1.069416340565041281e+02
-1.068241896294021984e+02
-1.068509330105379860e+02
-1.068687719123818880e+02
-1.068221318830667599e+02
-1.067639367163998401e+02
-1.068078784590004062e+02
-1.070670374095523414e+02
-1.076187447543318711e+02
-1.085025735691873336e+02
-1.097264131826939604e+02
-1.112486899375364686e+02
-1.129263114126799081e+02
-1.144504501167201767e+02
-1.153103691499888583e+02
-1.148160000734643660e+02
-1.121845295571890659e+02
-1.066753593862860612e+02
-9.774638302029026704e+01
-8.519285557642872675e+01
-6.922492995146038197e+01
-5.045617653597169294e+01
-2.980971213774142470e+01
-8.376246657109820859e+00
1.273782987071599848e+01
3.254732560395039798e+01
5.029778389637738201e+01
6.553806825437430916e+01
7.814164964051848017e+01
8.826131952497186717e+01
9.621835759512573816e+01
1.023620848917311719e+02
1.069649931765462867e+02
1.102068545722192994e+02
1.122443648163585976e+02
1.133049085866943813e+02
1.137316036171525013e+02
1.139432734553090825e+02
1.143234970900977601e+02
1.150903983566652329e+02
1.162120947887174935e+02
1.174126556134654749e+02
1.182627381391503008e+02
1.183006414332094209e+02
1.171246119746131313e+02
1.144362705035210865e+02
1.100549971912591047e+02
1.039318834687646387e+02
9.617687953805666723e+01
8.709342802254072069e+01
7.719894531919506164e+01
6.720180743410075763e+01
5.791389234345820114e+01
5.010335024496291823e+01
4.432513882531307559e+01
4.078976651381934460e+01
3.932573858642294340e+01
3.945480991422030570e+01
4.055077910049602963e+01
4.201995812696804222e+01
4.343994813172461278e+01
4.461860373004581959e+01
4.556964969974761459e+01
4.642969655507614135e+01
4.735703299256309862e+01
4.845209688558791328e+01
4.972213386387083744e+01
5.108949460181296587e+01
5.243039930313543096e+01
5.362962099931031190e+01
5.463457996448882170e+01
5.548654457483343805e+01
5.630663008604902586e+01
5.722967159338733723e+01
5.830811010915134318e+01
5.943292109068496387e+01
6.031657543281357903e+01
6.055195761776094798e+01
5.972427325334613357e+01
5.753192141640914059e+01
5.387091710190639304e+01
4.885293774655710308e+01
4.275497004769559339e+01
3.592552953596842258e+01
2.868439111031884536e+01
2.124829205715718672e+01
1.370159034388232300e+01
6.015448619126129159e+00
-1.894866729251464932e+00
-1.009664646810409749e+01
-1.857716495258165068e+01
-2.721088631385858037e+01
-3.576164170202695658e+01
-4.391787714921217400e+01
-5.135696956653497125e+01
-5.782529074959074933e+01
-6.320551855797842222e+01
-6.753876136065250080e+01
-7.098735913315663026e+01
-7.375593917835276159e+01
-7.601202566731160459e+01
-7.784609323584629692e+01
-7.928515492034519241e+01
-8.034280732668140956e+01
-8.107324496366165079e+01
-8.160187132859810788e+01
-8.211979298123119975e+01
-8.284357821582108272e+01
-8.395497212454657188e+01
-8.554862404628909189e+01
-8.761862582076913952e+01
-9.009332040360227722e+01
-9.289336453528045467e+01
-9.597343228625129541e+01
-9.932480930767250982e+01
-1.029381112966777749e+02
-1.067308149310217118e+02
-1.104485993996418784e+02
-1.135745218640087302e+02
-1.153103691499888583e+02
-1.146876951917067373e+02
-1.108052600985169391e+02
-1.031120867679139508e+02
-9.161938192136356918e+01
-7.695372675659562844e+01
-6.023354606742167050e+01
-4.281851261950295395e+01
-2.601762581908391070e+01
-1.084036984524190927e+01
2.150598955918528787e+00
1.286149206592107319e+01
2.157502075657934526e+01
2.878331902946130327e+01
3.500291055056298006e+01
4.063089959546528007e+01
4.588844123130384389e+01
