4.449901377715963946e+00
2.377395262269575227e+01
4.056895557388121176e+01
5.285694294096498425e+01
5.957685602754044396e+01
6.065296976086743541e+01
5.681269084690619309e+01
4.927352925570369280e+01
3.942897729647094707e+01
2.861940406727670450e+01
1.800711733357723432e+01
8.521075958388259153e+00
8.223586465330541273e-01
-4.733569246621811999e+00
-8.123602344814386811e+00
-9.641039292050553655e+00
-9.821057350497891747e+00
-9.321461518969055504e+00
-8.787275190432861649e+00
-8.723949278697659793e+00
-9.403581091502147160e+00
-1.083631941495981721e+01
-1.282772182988797738e+01
-1.510138101404768207e+01
-1.742811833758581486e+01
-1.970331053231767982e+01
-2.195010090655565804e+01
-2.427039400623328191e+01
-2.678784164288053304e+01
-2.961427734453965144e+01
-3.284013428582740346e+01
-3.653146841851116733e+01
-4.072112056034170990e+01
-4.539285830654245046e+01
-5.046183519301901299e+01
-5.575652226402203837e+01
-6.101147324303394726e+01
-6.588334100459155707e+01
-7.000150414491275797e+01
-7.305695658445657159e+01
-7.491214010025245784e+01
-7.568593265960848271e+01
-7.575990980711375755e+01
-7.568316411178520298e+01
-7.600416619309999078e+01
-7.709454233443591420e+01
-7.903554565704283164e+01
-8.161341317241030424e+01
-8.442084225455124624e+01
-8.701224133181385412e+01
-8.904285493809973673e+01
-9.034381956582086559e+01
-9.092426802895712967e+01
-9.092325150778900422e+01
-9.054786217827512473e+01
-9.002901033565052558e+01
-8.960731936074571991e+01
-8.953767054274260317e+01
-9.008582183554651124e+01
-9.149538465217125349e+01
-9.392426539178434552e+01
-9.736887029278294392e+01
-1.016025382676961044e+02
-1.061596651447372039e+02
-1.103997446145713042e+02
-1.136659454810434369e+02
-1.155015107075565908e+02
-1.158354374364940043e+02
-1.150429821109528348e+02
-1.138399822185445345e+02
-1.130503291908293306e+02
-1.133423257421848689e+02
-1.150329041419777525e+02
-1.180198795319639515e+02
-1.218509352585648884e+02
-1.258910041116749028e+02
-1.295171019316526611e+02
-1.322678515225855449e+02
-1.339075975537652994e+02
-1.344100762696170364e+02
-1.338996851669068633e+02
-1.325974249142270764e+02
-1.307982820282509806e+02
-1.288690795412154557e+02
-1.272331871324812766e+02
-1.263198456740244211e+02
-1.264828053387410591e+02
-1.279073940474156217e+02
-1.305240118680141279e+02
-1.339443909667378989e+02
-1.374407130573607674e+02
-1.399882039336461048e+02
-1.403794458130734029e+02
-1.373957327679715092e+02
-1.300035413800749211e+02
-1.175439760012383914e+02
-9.988869052660240300e+01
-7.753107454351255967e+01
-5.157361756409694920e+01
-2.358396103263412158e+01
4.667324398338021041e+00
3.151871358976617188e+01
5.567386481690617472e+01
7.631578302539611514e+01
9.307265038447113170e+01
1.059131437390770571e+02
1.150669556581035664e+02
1.210068290774562030e+02
1.244489481635959720e+02
1.262961634814188301e+02
1.274875320986459570e+02
1.287947660396249034e+02
1.306563586648472324e+02
1.331241360631880752e+02
1.359350590431245109e+02
1.386632141073451407e+02
1.408852218143539403e+02
1.423066632087588914e+02
1.428260100193768949e+02
1.425341515311440332e+02
1.416586016679563613e+02
1.404698689476235813e+02
1.391740956286032826e+02
1.378180786155764963e+02
1.362335242733348935e+02
1.340462612276337495e+02
1.307624516949800011e+02
1.259158906309891250e+02
1.192357242337962759e+02
1.107850097376183101e+02
1.010207391794584311e+02
9.073532479032218134e+01
8.087570926845475583e+01
7.229651994346357924e+01
6.554714921366480951e+01
6.077968279260234397e+01
5.779743801082867094e+01
5.618786677381364569e+01
5.545431615809406622e+01
5.509597581011985312e+01
5.464465409217542913e+01
5.369542881842917836e+01
5.195109103027390773e+01
4.926929318342509845e+01
4.568911196946378794e+01
4.142197537590855205e+01
3.680701408026096999e+01
3.224473506289650260e+01
2.812751911692409124e+01
2.477570628667974262e+01
2.237633666793347942e+01
2.092603160795447437e+01
2.019804317280970807e+01
1.976422665957316127e+01
1.908660195205954224e+01
1.765626454971201298e+01
1.512989847942246691e+01
1.141814799101859812e+01
6.704442082139830283e+00
1.394230296146897530e+00
-3.990493647123879661e+00
-8.941234004480472564e+00
-1.307924486165406108e+01
-1.622841878175283625e+01
-1.843246484695042042e+01
-1.991739911481479908e+01
-2.101163219954614547e+01
-2.204800455623750821e+01
-2.327809933856316604e+01
-2.482276588444968013e+01
-2.666751392511078222e+01
-2.869592205683566277e+01
-3.074275740036231497e+01
-3.264159402773205443e+01
-3.424460522020144992e+01
-3.541147955513141454e+01
-3.599161144489843167e+01
-3.583475520719004237e+01
-3.484612531332156493e+01
-3.306593022667114212e+01
-3.072765811464512353e+01
-2.825284981957069164e+01
-2.617090940352304784e+01
-2.498880737739779789e+01
-2.505554963131424984e+01
-2.646643662291302945e+01
-2.903829114324317118e+01
-3.236448824591038687e+01
-3.593487665317802282e+01
-3.928541625964748363e+01
-4.212820419040871656e+01
-4.441373284680366851e+01
-4.630468738632109194e+01
-4.808713916631916163e+01
-5.007727057393627490e+01
-5.256822711220955568e+01
-5.581453063115878876e+01
-6.001914356170382803e+01
-6.529682796949555268e+01
-7.161572138242432572e+01
-7.873969095059605650e+01
-8.620572787223065347e+01
-9.337485146706347905e+01
-9.957524914568739405e+01
-1.043076115913357711e+02
-1.074364812208684157e+02
-1.092846974856403222e+02
-1.105813080700992259e+02
-1.122615267163351405e+02
-1.151647209947640818e+02
-1.197173932829902867e+02
-1.257045961438085726e+02
-1.322052728297639987e+02
-1.377085932856721229e+02
-1.403794458130734029e+02
-1.384194716691705480e+02
-1.304582765780687339e+02
-1.158914828734752405e+02
-9.507006468878751093e+01
-6.926796662225237355e+01
-4.042219432121476075e+01
-1.072208566756383163e+01
1.782294973982972408e+01
4.371129819645817349e+01
6.609951134614783541e+01
8.477245772327958662e+01
9.998422228889413077e+01
1.122433306244016649e+02
1.221114888364225379e+02
1.300638342793588436e+02
1.364316388674481004e+02
1.414228384528650508e+02
1.451930169599285989e+02
1.479219469928740409e+02
1.498494070853935796e+02
1.512498665178430031e+02
1.523680756270792926e+02
1.533621145053756720e+02
1.542858424690674326e+02
1.551086630131071615e+02
1.557500561023103387e+02
1.561078247348684727e+02
1.560708397493975212e+02
1.555191044660538182e+02
1.543212630653334259e+02
1.523377779839017307e+02
1.494270932613512457e+02
1.454454853072871856e+02
1.402440127225031006e+02
1.336868527170870493e+02
1.257116371474809711e+02
1.164153582466178705e+02
1.061135270535286850e+02
9.532390092458942377e+01
8.466803413818266222e+01
7.472948402106221977e+01
6.592689342257789065e+01
5.844850983675880229e+01
5.226191797850992771e+01
4.717558184452007453e+01
4.291070937751758407e+01
3.915408456194642639e+01
