-8.561188001271567316e+01
-1.937507694914652632e+02
-2.847795952489972251e+02
-3.457960388930755471e+02
-3.706706695422603843e+02
-3.604381116935024920e+02
-3.217445222940601752e+02
-2.642566737910701136e+02
-1.980209806670353316e+02
-1.314827658141965685e+02
-7.046773905874152888e+01
-1.806555634774085206e+01
2.486404408147728873e+01
5.890567935113406861e+01
8.531887082049399851e+01
1.054753341984680048e+02
1.205697396892425104e+02
1.315600937399768497e+02
1.392296803685078714e+02
1.442609664866800188e+02
1.472579505607843657e+02
1.487124473192005496e+02
1.489499186088296199e+02
1.480979438567755722e+02
1.461039993356394575e+02
1.428060681665747609e+02
1.380373742950141036e+02
1.317287738347103812e+02
1.239694109046056951e+02
1.150028701444462911e+02
1.051599879100118073e+02
9.474739721774307100e+01
8.392348608460662263e+01
7.260389299029463928e+01
6.043929189850962302e+01
4.689020838534031554e+01
3.138985143315332493e+01
1.354880706757165854e+01
-6.668115938639459728e+00
-2.885651441834309594e+01
-5.220652510900234233e+01
-7.564101312297559332e+01
-9.801342817351485337e+01
-1.183116932691327463e+02
-1.358202151051925455e+02
-1.502094164059258219e+02
-1.615453669800964462e+02
-1.702307838285632045e+02
-1.768977624611584645e+02
-1.822771032385594765e+02
-1.870732823734406338e+02
-1.918724447706599676e+02
-1.970972008948693315e+02
-2.030028118560658186e+02
-2.096979826570172349e+02
-2.171753284359627401e+02
-2.253448425056060955e+02
-2.340678808028348215e+02
-2.431861216883096404e+02
-2.525383291238006223e+02
-2.619662757538084747e+02
-2.713214441531483772e+02
-2.804795180656230400e+02
-2.893532380769065639e+02
-2.978876969792135014e+02
-3.060355919641017977e+02
-3.137295427377823103e+02
-3.208756700423340362e+02
-3.273816970576145877e+02
-3.332103748653472053e+02
-3.384269829084042271e+02
-3.432036381647292274e+02
-3.477635777892182887e+02
-3.522856450197590448e+02
-3.568159606977339990e+02
-3.612312603652969756e+02
-3.652726373810106679e+02
-3.686385634387364121e+02
-3.711037121591301684e+02
-3.726176097789418122e+02
-3.733376908508453198e+02
-3.735709628606713295e+02
-3.736380219379475989e+02
-3.737186005332848708e+02
-3.737587196214166738e+02
-3.734912037540901224e+02
-3.725579533111503565e+02
-3.706706695422603843e+02
-3.677381628399740521e+02
-3.639141186162399322e+02
-3.595537103060905224e+02
-3.551038620094017801e+02
-3.509721163834023514e+02
-3.474222073752399638e+02
-3.445254148952336095e+02
-3.421669722073489197e+02
-3.400883517486504388e+02
-3.379482182781670190e+02
-3.353933479149077925e+02
-3.321310329408586881e+02
-3.279899985127915443e+02
-3.229568312212886667e+02
-3.171784043911103481e+02
-3.109247660697417359e+02
-3.045162741137799003e+02
-2.982369368315506222e+02
-2.922716412350624182e+02
-2.866983709390261765e+02
-2.815323283636153633e+02
-2.767766617198540757e+02
-2.724137114302204736e+02
-2.682902927254627343e+02
-2.639090297662265243e+02
-2.582107269588807412e+02
-2.494782046067064414e+02
-2.354722467795079694e+02
-2.138231263203700223e+02
-1.825889101873787297e+02
-1.408120290843685609e+02
-8.889360634981203191e+01
-2.866210587169723212e+01
3.688550956765785571e+01
1.040885010074832593e+02
1.692308816977585764e+02
2.291103153421605612e+02
2.814598831351502781e+02
3.251595142673441501e+02
3.602184952199008876e+02
3.875573898001289876e+02
4.086579379906681311e+02
4.251696743262060068e+02
4.385616930227489547e+02
4.498931659030542960e+02
4.597441621756355516e+02
4.682985997312891868e+02
4.755223336843456536e+02
4.813558794928393354e+02
4.858506138501192595e+02
4.892094838199132028e+02
4.917326510883580113e+02
4.937006266038754916e+02
4.952429124917985632e+02
4.962391274249631579e+02
4.962893334977455311e+02
4.947748558753511929e+02
4.910081443831351180e+02
4.844409372875443296e+02
4.748727614575795997e+02
4.625895883251201894e+02
4.483772576007511361e+02
4.333961388928151450e+02
4.189529394971386296e+02
4.062375440649113898e+02
3.960972021531479186e+02
3.889030848675720335e+02
3.845353757390882379e+02
3.824809313861829878e+02
3.820083317927638973e+02
3.823649155760219287e+02
3.829371988411177767e+02
3.833349080156542641e+02
3.833915899720201423e+02
3.831031674335608841e+02
3.825388510660447423e+02
3.817585182439779032e+02
3.807616442169312450e+02
3.794780357253916918e+02
3.777946205431497901e+02
3.756000662146723812e+02
3.728233704449895072e+02
3.694475680407595064e+02
3.654943415423521174e+02
3.609893733101523594e+02
3.559228952873244225e+02
3.502185126470899945e+02
3.437237181538733353e+02
3.362358245737268021e+02
3.275678034869246744e+02
3.176365645555902688e+02
3.065333731935182300e+02
2.945311781990866962e+02
2.820045548654297249e+02
2.692742860479802971e+02
2.564214359701159083e+02
2.431315587347096994e+02
2.286256178454908081e+02
2.117147545144093499e+02
1.909853945725818676e+02
1.650835332935747317e+02
1.330342521518328738e+02
9.451859964342388309e+01
5.003784639881925500e+01
9.206582828907983185e-01
-5.083138247172115598e+01
-1.028206020517728234e+02
-1.525846055376371737e+02
-1.979130152203341595e+02
-2.371004754256248361e+02
-2.691136687481274521e+02
-2.936693917315833460e+02
-3.112240343323461502e+02
-3.228679136194061812e+02
-3.301207408459297312e+02
-3.346515190592556337e+02
-3.379863392985854489e+02
-3.412869740287385412e+02
-3.452532805337593800e+02
-3.501348166771545039e+02
-3.557842227111618740e+02
-3.616906519201138508e+02
-3.669852922507685662e+02
-3.704624805818588129e+02
-3.706706695422603843e+02
-3.660981725511841205e+02
-3.554323771093098685e+02
-3.378285335699544021e+02
-3.131007640445941433e+02
-2.817578317455631804e+02
-2.448510873581075771e+02
-2.036644610499418491e+02
-1.593325215642302624e+02
-1.125039936689576621e+02
-6.316433024641310112e+01
-1.068931119718251921e+01
4.587208898706867899e+01
1.073704090282889467e+02
1.741206442521322515e+02
2.455883750953030926e+02
3.202720550873370939e+02
3.957947066703133032e+02
4.691751951528646600e+02
5.372259489992705994e+02
5.970080511027044849e+02
6.462580401639752381e+02
6.836919104134040026e+02
7.091099830568468860e+02
7.232795893986246938e+02
7.276421769707415024e+02
7.239439515377937369e+02
7.139022694432612752e+02
6.989940268583128500e+02
6.804008937298333421e+02
6.590858174342257598e+02
6.359247408161246540e+02
6.117997941968241093e+02
5.875901770963166655e+02
5.640605582564912766e+02
5.417031468433124246e+02
5.206071138684317248e+02
5.004122778939405407e+02
4.803762241032251268e+02
4.595582709912923178e+02
4.370979341017714432e+02
4.125354293832369876e+02
3.860911726463734226e+02
3.588027749185732205e+02
3.324271320212812952e+02
3.090646958824499961e+02
2.905553130370283839e+02
2.778105165953078881e+02
2.703390172242520748e+02
2.662221760053218986e+02
