-5.133626742489083483e+01
-7.636411064306884100e+01
-9.875131557070167787e+01
-1.165928119638287370e+02
-1.291701510738137131e+02
-1.369316635904755799e+02
-1.411133777551719106e+02
-1.432226040815781971e+02
-1.445953314938440144e+02
-1.461431365756778860e+02
-1.483001519333465410e+02
-1.511114709300227332e+02
-1.543807925374731553e+02
-1.578088838867858215e+02
-1.610908575753482239e+02
-1.639768036242253402e+02
-1.663144059085413744e+02
-1.680798719248920463e+02
-1.693835805611663545e+02
-1.704331634197529297e+02
-1.714565284768155493e+02
-1.726135545699594616e+02
-1.739339290187993186e+02
-1.753051024160413363e+02
-1.765126584141066246e+02
-1.773176223935752773e+02
-1.775442177365962664e+02
-1.771479582561507584e+02
-1.762390567604348064e+02
-1.750508218061096386e+02
-1.738655229618219664e+02
-1.729310833576851394e+02
-1.724033235714420016e+02
-1.723259804567061906e+02
-1.726366744043441486e+02
-1.731847441746732841e+02
-1.737600414957696273e+02
-1.741380966268050372e+02
-1.741400317988463087e+02
-1.736949048023950013e+02
-1.728864054634465788e+02
-1.719671664441132179e+02
-1.713292022449047352e+02
-1.714220099215201856e+02
-1.726117512322548464e+02
-1.749881660025104395e+02
-1.781562294978558327e+02
-1.810812192461707184e+02
-1.820673268403157010e+02
-1.789322483144844682e+02
-1.693907275976713720e+02
-1.515828572207431648e+02
-1.246050378554401306e+02
-8.886771612023622424e+01
-4.614483369175331973e+01
7.153940283746855755e-01
4.833027678747225764e+01
9.341006361075753262e+01
1.333048634346795325e+02
1.663516363440733130e+02
1.919708538142857890e+02
2.105290974574679979e+02
2.230375413399887066e+02
2.307867019658326626e+02
2.350175852742892744e+02
2.367016877641133874e+02
2.364595705139186350e+02
2.346051970916745120e+02
2.312726116171463673e+02
2.265672661272689083e+02
2.206870680174774293e+02
2.139769869823619217e+02
2.069088513731311991e+02
2.000027567470584131e+02
1.937195682012538214e+02
1.883551182137458682e+02
1.839622984635427940e+02
1.803219614657848524e+02
1.769738631077609057e+02
1.733020103599954211e+02
1.686535119351281082e+02
1.624657096894858626e+02
1.543787316226059829e+02
1.443120377988340692e+02
1.324864404504071160e+02
1.193823856067269844e+02
1.056404300748193066e+02
9.192869257453939724e+01
7.881785234968842246e+01
6.670256914853158037e+01
5.578383410728913816e+01
4.609681642688318703e+01
3.755654652119348924e+01
3.000474123161119877e+01
2.325689646467021277e+01
1.714701829766186592e+01
1.155156789512699689e+01
6.372537323644213103e+00
1.486017293977660358e+00
-3.305452208423801608e+00
-8.274978989518469774e+00
-1.371693705641400030e+01
-1.986221973076390412e+01
-2.680332240102455543e+01
-3.445870562044756014e+01
-4.258636230757247176e+01
-5.083931603950574640e+01
-5.884446667734871994e+01
-6.628398677826901064e+01
-7.296442929468821603e+01
-7.886347201853814681e+01
-8.414090282506434448e+01
-8.909725756476700553e+01
-9.407574755712664683e+01
-9.933216663010433933e+01
-1.049250748406738154e+02
-1.106814552062813704e+02
-1.162618929812564090e+02
-1.212994269157518801e+02
-1.255493204187334584e+02
-1.289856407034118035e+02
-1.318104998538586869e+02
-1.343799731845557517e+02
-1.370766758914766115e+02
-1.401697263288791930e+02
-1.437066355426391908e+02
-1.474787411748083059e+02
-1.510808304746674935e+02
-1.540457011184909675e+02
-1.559988846618704486e+02
-1.567741946849538408e+02
-1.564573635931944864e+02
-1.553586131222719473e+02
-1.539353390256791556e+02
-1.526917743835498982e+02
-1.520803015364339217e+02
-1.524223940494173917e+02
-1.538579018426117671e+02
-1.563244057908978277e+02
-1.595671651972571112e+02
-1.631814490637880226e+02
-1.666874619357470237e+02
-1.696324881919152574e+02
-1.717056823744666758e+02
-1.728387291366348677e+02
-1.732557492428725539e+02
-1.734374158940123323e+02
-1.739813888494215348e+02
-1.753697214536797162e+02
-1.776874436603725655e+02
-1.803688653467330596e+02
-1.820673268403157010e+02
-1.807325483734803413e+02
-1.739290316730843244e+02
-1.593536604584807606e+02
-1.354383494893908733e+02
-1.018763422063371848e+02
-5.990170627548710058e+01
-1.219921244561044560e+01
3.756745873193789009e+01
8.548436225431413504e+01
1.281538796164052201e+02
1.632768752438859110e+02
1.899090602245007915e+02
2.083702962271640615e+02
2.198919015744236560e+02
2.261431793995042199e+02
2.287793001036285716e+02
2.291185734403497918e+02
2.280063762071326039e+02
2.258623672309899462e+02
2.228496981803501171e+02
2.190723729879845223e+02
2.147142917730728300e+02
2.100750197496655858e+02
2.055106588405730008e+02
2.013271186595305267e+02
1.976826920420470799e+02
1.945413394002846417e+02
1.916916613219556211e+02
1.888194626131121083e+02
1.856004072991758278e+02
1.817726742983820145e+02
1.771650151440781258e+02
1.716861212491139099e+02
1.653042009088818531e+02
1.580424519905241709e+02
1.499936386492744305e+02
1.413407160317423177e+02
1.323726485479793098e+02
1.234909114261558898e+02
1.151954098384118055e+02
1.080272256966014055e+02
1.024567033087865440e+02
9.874492049835839680e+01
9.684199537768442667e+01
9.637967587049902818e+01
9.676808875501907892e+01
9.735347421712336313e+01
9.757067061187207457e+01
9.703670221149633335e+01
9.556373673794519163e+01
9.310614405320178832e+01
8.968517042893827806e+01
8.533876992050394961e+01
8.011789180307346214e+01
7.411548055843218208e+01
6.749770462408147864e+01
6.051165782019906914e+01
5.345654429722299739e+01
4.662071557453059256e+01
4.020511175297234985e+01
3.426611481775800172e+01
2.870753497573729263e+01
2.333299821983515088e+01
1.794316626744182486e+01
1.243656311129008607e+01
6.863618656112292271e+00
1.403440488944390552e+00
-3.724517643632836439e+00
-8.363888110522200492e+00
-1.248553034147858654e+01
-1.618863861164139450e+01
-1.965332523260325104e+01
-2.307891847922113726e+01
-2.663896175696552859e+01
-3.046571006662095016e+01
-3.465465610541845365e+01
-3.926686809952781232e+01
-4.431333337391107818e+01
-4.972633778709250407e+01
-5.534094014878490952e+01
-6.091107284273044797e+01
-6.617102080873365821e+01
-7.093221169989743657e+01
-7.518216924712331206e+01
-7.913582929146740241e+01
-8.319627297145399325e+01
-8.782061701090762540e+01
-9.334021768353595405e+01
-9.981705147668606060e+01
-1.070042939532868900e+02
-1.144279565750724146e+02
-1.215538034877609164e+02
-1.279764652010952375e+02
-1.335672534153483753e+02
-1.385332861427103808e+02
-1.433635465098600150e+02
-1.486631119750178414e+02
-1.549064055593293006e+02
-1.621718455487865640e+02
-1.699406623522867221e+02
-1.770360466536319279e+02
-1.817400468002739728e+02
-1.820673268403157010e+02
-1.761245261021724673e+02
-1.624666404539887878e+02
-1.403785887364553844e+02
-1.100395596504962725e+02
-7.255259349169104155e+01
-2.984266578055014207e+01
1.555363968732978286e+01
