-7.205896346952894760e+01
-1.079406693235246308e+02
-1.392608841252648517e+02
-1.627171208109607790e+02
-1.770375014199591988e+02
-1.830095210792919715e+02
-1.828827470756627065e+02
-1.794688540656899249e+02
-1.752926132924921774e+02
-1.720431972590224348e+02
-1.704171095194721772e+02
-1.702993541643206186e+02
-1.711370545724225281e+02
-1.723321252932660457e+02
-1.735112730559919783e+02
-1.746047034950252055e+02
-1.757512728452448982e+02
-1.771134759010388677e+02
-1.787065873349340848e+02
-1.803239082797683750e+02
-1.815925449392820212e+02
-1.821370783488218308e+02
-1.817772398780643357e+02
-1.806643648620400882e+02
-1.792868367201635920e+02
-1.783333259567354219e+02
-1.784581138401618432e+02
-1.800196476019639249e+02
-1.828628459058072906e+02
-1.861998407285435064e+02
-1.886210278995704073e+02
-1.882435019312856070e+02
-1.829794239669782030e+02
-1.708828435830348837e+02
-1.505155159615177070e+02
-1.212680612211819380e+02
-8.357868427715750670e+01
-3.899713174441514241e+01
9.948749613076021348e+00
6.009307819999736466e+01
1.081269447357783235e+02
1.511365709141240359e+02
1.870495507894685261e+02
2.148799369830737191e+02
2.347243972180579021e+02
2.475347775369117187e+02
2.547521727163747585e+02
2.579159497801620091e+02
2.583540649744163034e+02
2.570242665114938063e+02
2.545188669494335443e+02
2.511857053316556403e+02
2.472801013512693658e+02
2.430667718306015956e+02
2.388342548692027947e+02
2.348403048574577383e+02
2.312397065330371504e+02
2.280393392090747682e+02
2.250945799794113782e+02
2.221348577228842771e+02
2.187987376719976567e+02
2.146680150738644670e+02
2.093062727573916959e+02
2.023156745589909349e+02
1.934153521698442830e+02
1.825223856043506316e+02
1.698034177262773312e+02
1.556742679032846297e+02
1.407467861344376274e+02
1.257379073054901397e+02
1.113594883069136046e+02
9.820648057762728911e+01
8.666187753876727129e+01
7.683968910000041319e+01
6.858765732108044233e+01
6.156078159514376580e+01
5.534843866920901689e+01
4.960506060684432583e+01
4.412731222518365115e+01
3.885239100349105001e+01
3.379800583574612460e+01
2.898945263761772750e+01
2.441042489341209176e+01
1.998521757032942148e+01
1.557625075170020423e+01
1.098235991690195235e+01
5.945557925834279445e+00
1.889031657204887082e-01
-6.505591756505513246e+00
-1.420346046286991992e+01
-2.275804956263227652e+01
-3.182770446397357489e+01
-4.097338053331276342e+01
-4.979045711514615391e+01
-5.800703679668302470e+01
-6.550768873688672045e+01
-7.229338847386101463e+01
-7.842064490598382065e+01
-8.395655152990001113e+01
-8.896196267688678461e+01
-9.349745718999149346e+01
-9.763971279643391199e+01
-1.014940331768199115e+02
-1.051932778096216623e+02
-1.088835269970411588e+02
-1.127041618774456992e+02
-1.167689904426298284e+02
-1.211478988616619858e+02
-1.258431446666798195e+02
-1.307600038637094144e+02
-1.356875284601961198e+02
-1.403160801795597763e+02
-1.443080090410678622e+02
-1.474073387925023439e+02
-1.495424889300402072e+02
-1.508675523713956750e+02
-1.517143665697703057e+02
-1.524739990214318084e+02
-1.534599914358016690e+02
-1.548083119129257454e+02
-1.564482331735920013e+02
-1.581511146662725764e+02
-1.596385597874966891e+02
-1.607097543289258113e+02
-1.613365363355522675e+02
-1.616840488687429911e+02
-1.620462247694128166e+02
-1.627241620728217129e+02
-1.638992405752558454e+02
-1.655504352724657338e+02
-1.674455194377520399e+02
-1.692137242254092939e+02
-1.704854947133241296e+02
-1.710577737539867655e+02
-1.710196520447320552e+02
-1.707771433032656603e+02
-1.709540482355206450e+02
-1.721923871041871053e+02
-1.749017328939673064e+02
-1.790106947644386821e+02
-1.837739335108449268e+02
-1.876943289641248214e+02
-1.886210278995704073e+02
-1.840586817567117350e+02
-1.716611554443464911e+02
-1.498007637306937170e+02
-1.180434572594111842e+02
-7.736751867947614869e+01
-3.004591345286004156e+01
2.076981611066534583e+01
7.163151500976877628e+01
1.193752338016134189e+02
1.615623888068352869e+02
1.967096897061469178e+02
2.243067996636644068e+02
2.446690200301585492e+02
2.586922437932594221e+02
2.675769917154197515e+02
2.725779188618511171e+02
2.748198480235652141e+02
2.752004030091630966e+02
2.743737638121107807e+02
2.727888888135240677e+02
2.707485151896009938e+02
2.684616192084761224e+02
2.660729097333792197e+02
2.636648438766339950e+02
2.612434476566573949e+02
2.587334822816280280e+02
2.560060377385218544e+02
2.529369526108392563e+02
2.494641510393337001e+02
2.456023078026623807e+02
2.413952600835722251e+02
2.368248716774041895e+02
2.317231858368816688e+02
2.257383496142198283e+02
2.183854074159507945e+02
2.091782535487988639e+02
1.978011576914992702e+02
1.842556614716134789e+02
1.689250981192494407e+02
1.525313945624235714e+02
1.359988477874895807e+02
1.202679332430232932e+02
1.061117541595277061e+02
9.400315292509472442e+01
8.406627309013356353e+01
7.612099180673075693e+01
6.979548757576705498e+01
6.465801466746904680e+01
6.032008204816533947e+01
5.648729397788596884e+01
5.296226949911979887e+01
4.961797769530129187e+01
4.635771851542374122e+01
4.307499478032676876e+01
3.963100867103621283e+01
3.586574830660600099e+01
3.163979919184612655e+01
2.688398456855925645e+01
2.163210053505824959e+01
1.602322247336594785e+01
1.027010257301859220e+01
4.599052124273158348e+00
-8.208259807512616746e-01
-5.931238398111386090e+00
-1.079603409490229282e+01
-1.556168548954378750e+01
-2.038117801688069264e+01
-2.533496616995911666e+01
-3.038784672992149893e+01
-3.540389361774344223e+01
-4.020945213606546531e+01
-4.466740382698401390e+01
-4.872183739011337877e+01
-5.239147673965821639e+01
-5.572086544522446871e+01
-5.872459040164631716e+01
-6.136676454073337084e+01
-6.359808080312342327e+01
-6.543360740184722601e+01
-6.701990829724789478e+01
-6.863780253231695383e+01
-7.062474699706858416e+01
-7.325269624290754678e+01
-7.662480514357476125e+01
-8.064103237728967599e+01
-8.504278989785106546e+01
-8.950683914336174496e+01
-9.374044193720679630e+01
-9.753991523008072306e+01
-1.008004077019801628e+02
-1.034886536842192868e+02
-1.056074464754171771e+02
-1.071856131207355531e+02
-1.083075630884189593e+02
-1.091586621727527984e+02
-1.100408965925087585e+02
-1.113287083712087195e+02
-1.133729912187188518e+02
-1.163942726429611980e+02
-1.204141556365793235e+02
-1.252531361511807262e+02
-1.305905026073691602e+02
-1.360627517997507994e+02
-1.413757766695784142e+02
-1.464080809240689689e+02
-1.512760069177905677e+02
-1.563221386608384762e+02
-1.619899539188051563e+02
-1.685757205211793917e+02
-1.759035385668829861e+02
-1.830309017257716562e+02
-1.881246391853607918e+02
-1.886210278995704073e+02
-1.816961335400067128e+02
-1.649537226173333408e+02
-1.371421571782464071e+02
-9.868366958690073432e+01
-5.184492919638520902e+01
-4.709768878900799649e-01
