-4.132988193263892640e+01
-3.137288394532159330e+01
-2.315948136759325848e+01
-1.790973359371984941e+01
-1.602302573065899693e+01
-1.712018130815896910e+01
-2.033886432447759773e+01
-2.470805256201214917e+01
-2.944028864998490391e+01
-3.405935448010787070e+01
-3.837095285120924615e+01
-4.234525961106656666e+01
-4.599432512203028267e+01
-4.929936200393807866e+01
-5.220022316051890954e+01
-5.463126453751727496e+01
-5.657966249375783718e+01
-5.813913689896455139e+01
-5.952724628368257243e+01
-6.104060751874585122e+01
-6.295242592569930196e+01
-6.539883780157926196e+01
-6.831910940164102897e+01
-7.148630301229556494e+01
-7.460893812943339753e+01
-7.744368289335626798e+01
-7.985968008818529995e+01
-8.183085543439170806e+01
-8.337927406803753172e+01
-8.452157345042606096e+01
-8.526196994121293926e+01
-8.563479324425874495e+01
-8.575823165465804720e+01
-8.585098896157647630e+01
-8.619077881762305537e+01
-8.703483765103514713e+01
-8.854492735833399308e+01
-9.074637593996824592e+01
-9.351725424896024208e+01
-9.658150040994372887e+01
-9.948754662118375336e+01
-1.015833434226412919e+02
-1.020250705887759750e+02
-9.985838350640418071e+01
-9.418081842733870701e+01
-8.434623511176674526e+01
-7.013696515396432574e+01
-5.183154371853125042e+01
-3.013709731718314089e+01
-6.015043733603882004e+00
1.952418411859076741e+01
4.557527343843523226e+01
7.139943987650761414e+01
9.641015925048918689e+01
1.201333354903562309e+02
1.421823407710262188e+02
1.622570980587784106e+02
1.801541873058553733e+02
1.957733988600645034e+02
2.091153950216522048e+02
2.202700670620983772e+02
2.293933967166685477e+02
2.366726378200480099e+02
2.422891251786225837e+02
2.463940009236183641e+02
2.491062453037772286e+02
2.505302807720725013e+02
2.507815228236599125e+02
2.500056516749365869e+02
2.483793071049176149e+02
2.460840894546854258e+02
2.432533786576327657e+02
2.399069664951744301e+02
2.359079452850302516e+02
2.309801309121820054e+02
2.247965473184387406e+02
2.171043975376494473e+02
2.078256931111546919e+02
1.970869254578842629e+02
1.851747739777486004e+02
1.724575789795549952e+02
1.593256973899400464e+02
1.461773809900986976e+02
1.334285800730110907e+02
1.214958676072166668e+02
1.107226830794550381e+02
1.012760571476876237e+02
9.308108649027438730e+01
8.584557094028032509e+01
7.917243283720392810e+01
7.270913031023428630e+01
6.626990171068840141e+01
5.988386450227708480e+01
5.375415286753256083e+01
4.814948772714111414e+01
4.327843452372452049e+01
3.920400131582890424e+01
3.583455293531608987e+01
3.298445350406234411e+01
3.045962416968490061e+01
2.811616680970435667e+01
2.586733413648155988e+01
2.365126609993456697e+01
2.139344000231758258e+01
1.899524070048398983e+01
1.635796721008215115e+01
1.342299091642963305e+01
1.019535023155708586e+01
6.733351122757042617e+00
3.115588998810302712e+00
-5.893562681648489843e-01
-4.334282473120623536e+00
-8.086938532686104963e+00
-1.181921611282612616e+01
-1.550632750408433935e+01
-1.913801551988886729e+01
-2.272690859226612758e+01
-2.629636920089565422e+01
-2.984930020882779900e+01
-3.334202522566975802e+01
-3.668769109827192665e+01
-3.979043173743784223e+01
-4.258892666466668686e+01
-4.508518891237397952e+01
-4.734817044112207896e+01
-4.949617731204176607e+01
-5.166663909810461064e+01
-5.398056979528885790e+01
-5.651007549666819330e+01
-5.925785135831115724e+01
-6.215276613374292936e+01
-6.506017485709836023e+01
-6.780520771105074118e+01
-7.020897804343789517e+01
-7.213563025404053519e+01
-7.354096641767389997e+01
-7.450534904455886931e+01
-7.523226649633201646e+01
-7.600348903021449587e+01
-7.709849369174537514e+01
-7.870273399426491778e+01
-8.084022049448850566e+01
-8.336386043889686448e+01
-8.601660148149403540e+01
-8.854262527643840031e+01
-9.079839267543303549e+01
-9.280722069636362903e+01
-9.472421789750333687e+01
-9.671938829851757191e+01
-9.882293772948264632e+01
-1.007891966680355438e+02
-1.020250705887759750e+02
-1.016122481551656165e+02
-9.843643845948753324e+01
-9.141271699933079731e+01
-7.975527600507544435e+01
-6.321301408716686865e+01
-4.219199358743001937e+01
-1.771595330161134996e+01
8.772014860079707432e+00
3.570742633323862947e+01
6.170754455206764533e+01
8.578910195675938155e+01
1.074494028502386413e+02
1.266124623427364355e+02
1.434827947115032316e+02
1.583659387377616099e+02
1.715128512304676462e+02
1.830337633281920944e+02
1.929022430205342005e+02
2.010313066598756961e+02
2.073704023609337241e+02
2.119674681632415059e+02
2.149654361740929858e+02
2.165423425966944251e+02
2.168376747465556491e+02
2.159127382805723414e+02
2.137644637292790151e+02
2.103747831760443319e+02
2.057615368745408659e+02
2.000057123192267170e+02
1.932466861586154039e+02
1.856493699144870675e+02
1.773546937190359642e+02
1.684307624572806503e+02
1.588449109643562167e+02
1.484730528494346231e+02
1.371510909519074630e+02
1.247568732124989310e+02
1.112958069836715538e+02
9.695525496439874757e+01
8.209936585580797441e+01
6.719971133569831068e+01
5.272756347122584231e+01
3.905160871108555654e+01
2.637972267065139675e+01
1.476098113164817249e+01
4.138479782174400157e+00
-5.574089854710287284e+00
-1.442566488331638297e+01
-2.239977246826446589e+01
-2.943644323356058123e+01
-3.548896049650997497e+01
-4.058232622308569404e+01
-4.484320327861144051e+01
-4.848754073569016043e+01
-5.176898257104981838e+01
-5.490729737655368581e+01
-5.803055254826125520e+01
-6.116309576007121507e+01
-6.426479344745706612e+01
-6.729356609369509101e+01
-7.025041622637859007e+01
-7.318101939123596367e+01
-7.613751132587140091e+01
-7.913028054826978064e+01
-8.210604625414524094e+01
-8.496943849876821275e+01
-8.763435715523397107e+01
-9.007104016525275370e+01
-9.231774895646100276e+01
-9.444960017610443970e+01
-9.652477118982518789e+01
-9.853973324216885032e+01
-1.004160666034001110e+02
-1.020250705887759750e+02
-1.032424564580525441e+02
-1.040132989659469445e+02
-1.043996014338330980e+02
-1.045865579901440583e+02
-1.048390380906782866e+02
-1.054195995559904020e+02
-1.064966913757650673e+02
-1.080791387721449297e+02
-1.100030032766411665e+02
-1.119737398731085420e+02
-1.136451398281260623e+02
-1.147064282376089182e+02
-1.149508916452965082e+02
-1.143111857680675740e+02
-1.128614848001609658e+02
-1.107967288739927341e+02
-1.084007549024693873e+02
-1.060078148010483403e+02
-1.039510147865040324e+02
-1.024904377439084016e+02
-1.017311787563849919e+02
-1.015639014812725662e+02
-1.016656183707470404e+02
-1.015779236702701382e+02
-1.008443086320181692e+02
-9.915758844709239384e+01
-9.646142645324376019e+01
-9.297198887082292629e+01
-8.912303392902694554e+01
-8.546573955961000024e+01
-8.255831155082472605e+01
-8.086516834771998674e+01
-8.066914819009627990e+01
-8.199875086507097421e+01
-8.458777875470698859e+01
-8.789891757644987536e+01
