-5.880304379272118354e+01
-5.732780271541078321e+01
-5.622129426104552863e+01
-5.574444735855934852e+01
-5.593198317315255963e+01
-5.665079822274061172e+01
-5.772803964025654011e+01
-5.907649502430040656e+01
-6.076397797562368908e+01
-6.300575363339256540e+01
-6.609059039280094794e+01
-7.027087612659246929e+01
-7.565254839071697290e+01
-8.211706904294524634e+01
-8.929875455867330913e+01
-9.662898835384895335e+01
-1.034467186610461624e+02
-1.091556802442512719e+02
-1.133796528251825464e+02
-1.160511845718868500e+02
-1.173952614953368112e+02
-1.178245329038715141e+02
-1.178001934983902004e+02
-1.177083287992704896e+02
-1.177773278390133811e+02
-1.180493757399884629e+02
-1.184178545416000361e+02
-1.187291833759286988e+02
-1.189155241205855162e+02
-1.190972531577580042e+02
-1.196002681216439925e+02
-1.208777065618700277e+02
-1.233770146949676700e+02
-1.274091284011017535e+02
-1.330504947658344861e+02
-1.400765360173917315e+02
-1.479170058236904026e+02
-1.556343696050231244e+02
-1.619379947629673495e+02
-1.652527985028849287e+02
-1.638602057024113776e+02
-1.561179076305006674e+02
-1.407406953901384270e+02
-1.170937533038008098e+02
-8.542235119581114589e+01
-4.692813377113697015e+01
-3.622609457450522541e+00
4.203785804752189392e+01
8.763015729984043389e+01
1.311921306496417401e+02
1.714663352864263857e+02
2.079193202788250971e+02
2.405884479019827609e+02
2.698520198294191914e+02
2.962050608883567975e+02
3.200804111710185111e+02
3.417225906800221082e+02
3.611186434432613623e+02
3.779996717677138349e+02
3.919236759842078754e+02
4.024285664457754024e+02
4.092131794032774224e+02
4.122775605466941897e+02
4.119533886806623286e+02
4.088003434388159576e+02
4.034178355525596089e+02
3.962691061246366644e+02
3.875982461394158918e+02
3.774589296233793334e+02
3.658135801846095774e+02
3.526360344300264842e+02
3.379672550044818991e+02
3.219155368954523055e+02
3.046282733532331122e+02
2.862701429530353607e+02
2.670249590499471992e+02
2.471136192239984837e+02
2.268084499999848163e+02
2.064322565897819572e+02
1.863469473970382637e+02
1.669426665707647430e+02
1.486278466044836364e+02
1.318068806293193802e+02
1.168330066738239736e+02
1.039415448162233133e+02
9.318807390632007071e+01
8.442259369923047529e+01
7.732021703370817534e+01
7.146633264494343507e+01
6.646854072831540350e+01
6.205065497880227099e+01
5.808786801447133286e+01
5.457021226593682428e+01
5.151816857443638753e+01
4.889541318507505707e+01
4.655996249983806479e+01
4.427424106443029217e+01
4.176779908271713282e+01
3.882544531939720400e+01
3.536784815364780599e+01
3.149689670406088737e+01
2.748524703235548117e+01
2.370128705970341088e+01
2.048338201752466148e+01
1.800515549969064466e+01
1.619035266100253523e+01
1.472284778342988432e+01
1.315097716213080048e+01
1.103325595419434535e+01
8.054587839891411249e+00
4.070048720573453238e+00
-9.174011965709354399e-01
-6.803330430285100761e+00
-1.341003667075828787e+01
-2.048494935336427147e+01
-2.769200684520470190e+01
-3.463019476886859138e+01
-4.089798616483136584e+01
-4.619186483305961133e+01
-5.039786450519028449e+01
-5.362845260143603809e+01
-5.618344317750251093e+01
-5.845232851662291296e+01
-6.079679222323193244e+01
-6.345278610678863629e+01
-6.648300586303295745e+01
-6.979270546686109356e+01
-7.319450822222015063e+01
-7.648737818595446925e+01
-7.951622100964223705e+01
-8.219925061646625863e+01
-8.453555952440004262e+01
-8.661548802107756728e+01
-8.863908274427222977e+01
-9.091677804583335387e+01
-9.381526643681749533e+01
-9.764121014160627965e+01
-1.025079035522913671e+02
-1.082590788861605802e+02
-1.145015743451451726e+02
-1.207436413270782225e+02
-1.265857729794821580e+02
-1.318845270344269807e+02
-1.368116080426720487e+02
-1.417631115683016674e+02
-1.471285118418189768e+02
-1.529867160418077674e+02
-1.588401542832115467e+02
-1.635077921481478427e+02
-1.652527985028849287e+02
-1.621263714096379829e+02
-1.524153220278148808e+02
-1.350430261321933472e+02
-1.097988058472748492e+02
-7.734072130795050271e+01
-3.899608220397129799e+01
3.548380472521301954e+00
4.854314756197356218e+01
9.436173909136751092e+01
1.395534724543214793e+02
1.828196148454082959e+02
2.229993537405066775e+02
2.591174110997686739e+02
2.904789322598541048e+02
3.167537512099468131e+02
3.379990740499068806e+02
3.546059821849932518e+02
3.671830751112117355e+02
3.764000144503278307e+02
3.828214289564671162e+02
3.867756275587182699e+02
3.883063186610954745e+02
3.872304735671800699e+02
3.832788183918572713e+02
3.762563481792994935e+02
3.661528689808426975e+02
3.531620506800835528e+02
3.376173280186371812e+02
3.198940704755035540e+02
3.003299253683925940e+02
2.791817273802365662e+02
2.566061493777791043e+02
2.326509306224153590e+02
2.072614332529178398e+02
1.803159895100855294e+02
1.516962595176210016e+02
1.213857412095931494e+02
8.957623790025209587e+01
5.674848605715365579e+01
2.368730926234545819e+01
-8.594613121655484633e+00
-3.901859096489711476e+01
-6.664456875862302354e+01
-9.084704544957538985e+01
-1.113895527338197553e+02
-1.283666617606266414e+02
-1.420482753902810771e+02
-1.527019042653330132e+02
-1.604586081916152978e+02
-1.652527985028849287e+02
-1.668412673448708858e+02
-1.648939253728507879e+02
-1.591314205002769882e+02
-1.494584105735122534e+02
-1.360437090779144569e+02
-1.193268226728834662e+02
-9.996486246191095404e+01
-7.875264051492374051e+01
-5.654784529305597118e+01
-3.421945780085916766e+01
-1.261872009316759602e+01
7.443935002597637407e+00
2.523725639617344996e+01
4.017330680306654500e+01
5.188554312201861762e+01
6.028830642314183308e+01
6.558290828348211221e+01
6.819812683811588272e+01
6.868442482343600375e+01
6.759667757352352169e+01
6.539319543470224971e+01
6.236518992712802856e+01
5.860698318012875063e+01
5.404029767248415794e+01
4.849771829377442600e+01
4.184385104266488042e+01
3.408664154156524262e+01
2.543082614803275021e+01
1.625375944273733353e+01
7.019793910814897231e+00
-1.829839233046541835e+00
-9.974858369625337673e+00
-1.727759340892388451e+01
-2.379957634388940590e+01
-2.977450132201376931e+01
-3.554549492290887258e+01
-4.148155189216722505e+01
-4.789417433750963937e+01
-5.497488229005305982e+01
-6.276450938185969619e+01
-7.115066584107545111e+01
-7.988221906439812869e+01
-8.859721662622428084e+01
-9.687331612898864819e+01
-1.043076184024696573e+02
-1.106132844371979331e+02
-1.157027168605225711e+02
-1.197259244073601110e+02
-1.230445970916749729e+02
-1.261422157140806206e+02
-1.294957855197242793e+02
-1.334517970031463108e+02
-1.381427373823086953e+02
-1.434590649755388085e+02
-1.490752428459031194e+02
-1.545216480047158711e+02
-1.592893584648129490e+02
-1.629485331827007997e+02
-1.652527985028849287e+02
-1.661962614069677500e+02
-1.660019705788580211e+02
-1.650544674262606861e+02
