1.234169182180794166e+01
7.540125957571154913e+01
1.285384030328924894e+02
1.645979798423925899e+02
1.808905424675925815e+02
1.792675858513020444e+02
1.648258766506414190e+02
1.439463520041530842e+02
1.224302575133194608e+02
1.042607354247125073e+02
9.118254906418924577e+01
8.300002120446958997e+01
7.831149909376124185e+01
7.534467282999180782e+01
7.261762450854301676e+01
6.928243029937753761e+01
6.515047891654678835e+01
6.050025662649724723e+01
5.580453027513832609e+01
5.148952271832492045e+01
4.778491236349039184e+01
4.467666489209064906e+01
4.194781185150139180e+01
3.927549230630422272e+01
3.634042859833822803e+01
3.290671069882120037e+01
2.885095689549319076e+01
2.414875377793100597e+01
1.884339425396554546e+01
1.301891422941583443e+01
6.784809488086551710e+00
2.683896086455108687e-01
-6.391373434669322506e+00
-1.305243718546173426e+01
-1.958383238611536115e+01
-2.588769870415819341e+01
-3.192611792196364462e+01
-3.773987029769696733e+01
-4.344124324247034963e+01
-4.917302110190429687e+01
-5.504647894470755176e+01
-6.108389820710313245e+01
-6.718670337285894334e+01
-7.313933586776268214e+01
-7.865058181233531798e+01
-8.342528184156117277e+01
-8.724883150737470316e+01
-9.005949410646346109e+01
-9.198289821817886036e+01
-9.331068865866699014e+01
-9.442172311785266459e+01
-9.566694645398159480e+01
-9.725983972327568949e+01
-9.921819318082719974e+01
-1.013795706016735068e+02
-1.034749949198099586e+02
-1.052228379526221715e+02
-1.064112129329981968e+02
-1.069551898975014268e+02
-1.069225140362095203e+02
-1.065191943735217421e+02
-1.060321109134771262e+02
-1.057448009717875834e+02
-1.058580685874044036e+02
-1.064431354553545219e+02
-1.074355044524439506e+02
-1.086568386824044552e+02
-1.098401195123596352e+02
-1.106360344577498438e+02
-1.105982943122205739e+02
-1.091722325628181665e+02
-1.057216000380204548e+02
-9.960908563480451505e+01
-9.031162538363901149e+01
-7.753130084055015914e+01
-6.126942422437968361e+01
-4.185373321026705895e+01
-1.992639089044562795e+01
3.598116553977329879e+00
2.760659424648717675e+01
5.089978498969254872e+01
7.234151280579406773e+01
9.102060762052178688e+01
1.063848542527590979e+02
1.183039428368641808e+02
1.270339746409833879e+02
1.330884867047821274e+02
1.370597883393672873e+02
1.394574274760848027e+02
1.406194920394072199e+02
1.407125575219567963e+02
1.397956418710332969e+02
1.379069597304896888e+02
1.351374887061473373e+02
1.316668466794892822e+02
1.277504359976518771e+02
1.236647663801920203e+02
1.196347474761270462e+02
1.157743114540856766e+02
1.120676028318181210e+02
1.084017453479686992e+02
1.046367628071753160e+02
1.006768583875912242e+02
9.650575184242660498e+01
9.216930375031239464e+01
8.771859451936006735e+01
8.314963382814745785e+01
7.837851385853790021e+01
7.326839770445901934e+01
6.769113893650514058e+01
6.158706635346582914e+01
5.499265571964861721e+01
4.802730514444077414e+01
4.085476909002453283e+01
3.365242688582781483e+01
2.661662419566029314e+01
1.999755457330164887e+01
1.411897728016203146e+01
9.337709843038540569e+00
5.941311925863598908e+00
4.031911951574106645e+00
3.460481397596463449e+00
3.850785516376995510e+00
4.704253376477268489e+00
5.535651370354800704e+00
5.981389509556881201e+00
5.850838777263486890e+00
5.125920612768422480e+00
3.923925963212232304e+00
2.431204394096066590e+00
8.196142614808760163e-01
-8.266927859764079400e-01
-2.543485644913155319e+00
-4.464619816774082040e+00
-6.758420050741415608e+00
-9.553008891614350517e+00
-1.288385758901241651e+01
-1.668211280926165685e+01
-2.080031995980213821e+01
-2.505610585040433591e+01
-2.927024819114562604e+01
-3.328524240875670870e+01
-3.697155640086478456e+01
-4.024537182711182481e+01
-4.311233372788797169e+01
-4.571719075457546211e+01
-4.835015976903478929e+01
-5.137116897669649518e+01
-5.506532179595052412e+01
-5.949985091965655926e+01
-6.446559198404753488e+01
-6.953995379406079280e+01
-7.423859203965361075e+01
-7.817903317752093528e+01
-8.118447109925061511e+01
-8.329895413880798571e+01
-8.473507753379702478e+01
-8.579945616612165793e+01
-8.682683190636517168e+01
-8.812070833015899041e+01
-8.988481456109801115e+01
-9.215195965831576075e+01
-9.474899198583707971e+01
-9.733799063516231342e+01
-9.953477515912608453e+01
-1.010575116803024400e+02
-1.018387024085504606e+02
-1.020531784785604117e+02
-1.020551856876763708e+02
-1.022547604491397237e+02
-1.029799770570778890e+02
-1.043651513120776144e+02
-1.062892502027102921e+02
-1.083755863791581504e+02
-1.100500522412130664e+02
-1.106360344577498438e+02
-1.094507518119837925e+02
-1.058753317821712585e+02
-9.939724014831395493e+01
-8.964785720875343600e+01
-7.645886734199379475e+01
-5.993599038196677498e+01
-4.051787638849330619e+01
-1.897882804353467989e+01
3.645392618690625142e+00
2.619561734374164885e+01
4.755331584505363907e+01
6.678768299621269477e+01
8.325436910555012560e+01
9.663172085622456109e+01
1.068957277219786306e+02
1.142478055070894385e+02
1.190186917553590717e+02
1.215735422055900159e+02
1.222397422817481214e+02
1.212741354664084668e+02
1.188778729230515268e+02
1.152501937120982376e+02
1.106517481209727123e+02
1.054384463295730825e+02
1.000401130656488533e+02
9.488870673899785402e+01
9.032768481252870174e+01
8.654135519936947674e+01
8.353113027319355410e+01
8.114263874296139534e+01
7.912373132388655961e+01
7.718270407110139786e+01
7.502693779721077760e+01
7.238415162012022108e+01
6.902111245689081898e+01
6.476882537346611457e+01
5.954868800949111574e+01
5.338748682792067513e+01
4.641608423500874636e+01
3.885617977139081347e+01
3.099967212636488867e+01
2.318026108929458928e+01
1.573861715014035134e+01
8.988876053284579726e+00
3.193935869475911460e+00
-1.451341528501430389e+00
-4.835708016200566561e+00
-6.947680210744158202e+00
-7.882606800535620906e+00
-7.825814629770224684e+00
-7.007364242682156075e+00
-5.644188839948457215e+00
-3.897155679788109950e+00
-1.862263809318395857e+00
4.043372356802006351e-01
2.843432951467990133e+00
5.355383253048821679e+00
7.790724040799486438e+00
9.978180019922390898e+00
1.177819946211196900e+01
1.313287662983669968e+01
1.408176229795286361e+01
1.473146283325928962e+01
1.519624228507526453e+01
1.554636550296002007e+01
1.579268956753409725e+01
1.590461976077262385e+01
1.583296600066833015e+01
1.551466869138117488e+01
1.486498312159709911e+01
1.378442955627828859e+01
1.220479951893104698e+01
1.017370958398277736e+01
7.941598264697978138e+00
5.988245276704917686e+00
4.935062835409563142e+00
5.342683371277539450e+00
7.460238826246756716e+00
1.102809314539987895e+01
1.522073539804038589e+01
1.876872816420566537e+01
2.024785052457579226e+01
1.848139291613050261e+01
1.295687641487015362e+01
4.111225066215639323e+00
-6.668866581215599609e+00
