-3.502728175207344208e+01
5.618035507127217443e+00
4.057175513610758344e+01
6.562089284079698359e+01
7.893783207164912596e+01
8.116078645287181814e+01
7.479996320221526673e+01
6.331748967201025380e+01
5.020206852505177153e+01
3.823821300639907861e+01
2.907121634823187151e+01
2.310791276317973342e+01
1.972632732820910917e+01
1.768453216010886564e+01
1.557003146192863596e+01
1.215747913613609654e+01
6.621395071686094980e+00
-1.375714620673729627e+00
-1.166889036264745982e+01
-2.361822486923763265e+01
-3.619269379985112067e+01
-4.815042990138460510e+01
-5.832616513291258542e+01
-6.596558352418215065e+01
-7.098714426289106427e+01
-7.405469150205195206e+01
-7.641332161366563014e+01
-7.953299159221647585e+01
-8.467214809098699391e+01
-9.249909983384736734e+01
-1.028915720542871384e+02
-1.149781255167562932e+02
-1.274024733120676274e+02
-1.387139451348477621e+02
-1.477510354119065141e+02
-1.539050341000572928e+02
-1.572044811204645498e+02
-1.582145507614944222e+02
-1.577923291930571281e+02
-1.567884422066667867e+02
-1.558161607660099435e+02
-1.551795836023450761e+02
-1.549637107767770487e+02
-1.551962074488939152e+02
-1.559528550584288098e+02
-1.573246035098642039e+02
-1.592737394320542421e+02
-1.615030321040353556e+02
-1.634633284208205737e+02
-1.645281620045294915e+02
-1.642493409398188362e+02
-1.625624180646070727e+02
-1.598503612613907308e+02
-1.568415720206337767e+02
-1.543679157639296591e+02
-1.530491433058105883e+02
-1.530106420668273586e+02
-1.537427279418946000e+02
-1.541474921237080480e+02
-1.527378874298464950e+02
-1.479083524462936907e+02
-1.381965951594434046e+02
-1.224890313143028635e+02
-1.001673632354760173e+02
-7.121686654982400455e+01
-3.630147077808531009e+01
3.220290192599080115e+00
4.537990642500686533e+01
8.781117046379038982e+01
1.280731653882855028e+02
1.640165433021431056e+02
1.941053423577913009e+02
2.176244546623701410e+02
2.347321032903911373e+02
2.463414804212859508e+02
2.538493924663227688e+02
2.587748488267541802e+02
2.623965025187068250e+02
2.654669317404337789e+02
2.680626341538506949e+02
2.696219724925468881e+02
2.691937354452666682e+02
2.658379866090999144e+02
2.590377360854806739e+02
2.489694205633699937e+02
2.365464229128117779e+02
2.232311035950177427e+02
2.106659809256215965e+02
2.002185570534914802e+02
1.925772087993159118e+02
1.875380521660101749e+02
1.840510496567509335e+02
1.804901918336541087e+02
1.750535470429264819e+02
1.661955799895603718e+02
1.530010880873799692e+02
1.354170348692592256e+02
1.142924828564848383e+02
9.122972565965218905e+01
6.828440226403327529e+01
4.756567893743048359e+01
3.080656425481734573e+01
1.900444800843447268e+01
1.224303006979225472e+01
9.762159544420228485e+00
1.024216970399776905e+01
1.217631104312500590e+01
1.419274871989588682e+01
1.525450827185445490e+01
1.473867227128615198e+01
1.242796834832813424e+01
8.454191200064959943e+00
3.229717180437011059e+00
-2.619880663533026954e+00
-8.343362555357696664e+00
-1.319849732153249278e+01
-1.662206169798606581e+01
-1.837707376124906133e+01
-1.861556442115760035e+01
-1.783925120063733871e+01
-1.678810839985672843e+01
-1.629853170634120829e+01
-1.715580688436961765e+01
-1.995362194732153327e+01
-2.497899169409674158e+01
-3.214696914918793880e+01
-4.100268653133115748e+01
-5.079811036099849275e+01
-6.064340741793762390e+01
-6.971141643123470999e+01
-7.743563953773954722e+01
-8.362595364875330972e+01
-8.846364792248736819e+01
-9.240228803463465113e+01
-9.603633820195676662e+01
-9.998018528169541241e+01
-1.047579672130880084e+02
-1.106928495580561957e+02
-1.178113696536611883e+02
-1.257991061442085368e+02
-1.340353322184816989e+02
-1.417200943564850775e+02
-1.480878202227212341e+02
-1.526525197046601932e+02
-1.553794759326215740e+02
-1.566901729010801034e+02
-1.572857586000237404e+02
-1.578637454113958256e+02
-1.588539671301880674e+02
-1.602943664384613669e+02
-1.619026272907745181e+02
-1.632965580701970509e+02
-1.642321214442020789e+02
-1.647247829468026055e+02
-1.649991821913217791e+02
-1.653127112273045896e+02
-1.657623529485736640e+02
-1.661910324342273668e+02
-1.662580590498104414e+02
-1.656446463793718635e+02
-1.642808782181090805e+02
-1.624617573228769913e+02
-1.607800542369062953e+02
-1.598978477967407912e+02
-1.602421424023265502e+02
-1.617211404692635313e+02
-1.635485453434723695e+02
-1.642493409398188362e+02
-1.618762247355908244e+02
-1.543941159369944103e+02
-1.401374805427489605e+02
-1.182302279458935459e+02
-8.886183211613992228e+01
-5.333267040849852947e+01
-1.383007061672531535e+01
2.702580247444285533e+01
6.674226443648069562e+01
1.034424331568400390e+02
1.361160180551126757e+02
1.645560938433018237e+02
1.890376101177047872e+02
2.099036300515741971e+02
2.272564479407368765e+02
2.408875270579654853e+02
2.504529031978599392e+02
2.557745570009239486e+02
2.570930790729009914e+02
2.551377340505014786e+02
2.509811596051411584e+02
2.457484636731443572e+02
2.403120842880346970e+02
2.351065917077444567e+02
2.301389250228550054e+02
2.251670814962520808e+02
2.199305361560441838e+02
2.143052156053215640e+02
2.083259592861714964e+02
2.021011019735070704e+02
1.956838040653098290e+02
1.889678984915479703e+02
1.816600823223167538e+02
1.733451858390995994e+02
1.636163360079951872e+02
1.522153321395981891e+02
1.391323400695489454e+02
1.246354041916131479e+02
1.092275274942566341e+02
9.355205653681878175e+01
7.827460429407130960e+01
6.396815238161165951e+01
5.103180830779335508e+01
3.967405773879654873e+01
2.996598989580505901e+01
2.192495318519423364e+01
1.556783068476005027e+01
1.090593168124419776e+01
7.907462149297959542e+00
6.470169819725093419e+00
6.419974386624684115e+00
7.522359540511327936e+00
9.489320964524388557e+00
1.198282001035735789e+01
1.463640746995377029e+01
1.711105177916514464e+01
1.916325146949911939e+01
2.067733690499852628e+01
2.164006596768891200e+01
2.208630108090100919e+01
2.206321359687242278e+01
2.163589855669278350e+01
2.091817862210888634e+01
2.008741196352277214e+01
1.935039449276623458e+01
1.887050449298623533e+01
1.870825940749961802e+01
1.881808791494876232e+01
1.908922501671153071e+01
1.938823028073845478e+01
1.958902101378411942e+01
1.960740592186984088e+01
1.943672902576176043e+01
1.914613431111136066e+01
1.881842654086040412e+01
1.845855074473432822e+01
1.793125705320328223e+01
1.696982284174768552e+01
1.527069223165593037e+01
1.266288079659631904e+01
9.299976915305951053e+00
5.780368451852655909e+00
3.101010626769930667e+00
2.408848007102132982e+00
4.605846248524887443e+00
9.944654872922745525e+00
1.777712883210923778e+01
2.656311940916176439e+01
3.414824303334469136e+01
3.824925083170086282e+01
3.705953849322268923e+01
2.984930436764215500e+01
1.736439218020226605e+01
1.803952119563476231e+00
