1.090581089424446581e+01
4.673117903013995544e+01
7.741949149163717436e+01
9.910977292838659025e+01
1.100561057317869000e+02
1.107101467425474226e+02
1.031853579582041505e+02
9.041216374702190706e+01
7.531239985420771177e+01
6.021752663160545183e+01
4.661057447588379432e+01
3.515172594812820961e+01
2.588260699351074123e+01
1.849283042518698750e+01
1.255736279955948476e+01
7.694410141234429901e+00
3.631323486433329251e+00
1.930422664833795210e-01
-2.751605490742242033e+00
-5.338444582348447653e+00
-7.714614843746831596e+00
-1.000030844680276765e+01
-1.223647264993401507e+01
-1.436054800273354637e+01
-1.623743765138233286e+01
-1.774236397390099285e+01
-1.885936575689666128e+01
-1.974125806512677883e+01
-2.069055008147567065e+01
-2.206253492838064645e+01
-2.413381162698592419e+01
-2.699493781441668716e+01
-3.051010098773918600e+01
-3.435432591574542016e+01
-3.810876374864048444e+01
-4.137827376206681151e+01
-4.389474703495926633e+01
-4.558104008537381446e+01
-4.656526335524452520e+01
-4.714408358366166141e+01
-4.769900415927509840e+01
-4.858225110284941906e+01
-5.000811217375022011e+01
-5.199423653408808121e+01
-5.438082266165920231e+01
-5.691720205891576967e+01
-5.936701013276165639e+01
-6.157398377802152822e+01
-6.346220509969801071e+01
-6.499309966569543917e+01
-6.612567189396472145e+01
-6.681097195984847303e+01
-6.701914626346373893e+01
-6.677653884614895219e+01
-6.618776944494827319e+01
-6.542580737386418832e+01
-6.468835105909718663e+01
-6.413905813735497929e+01
-6.386521390127298048e+01
-6.387454525777739889e+01
-6.412645671179943463e+01
-6.457091792892634885e+01
-6.517016708847019402e+01
-6.589777532510196068e+01
-6.672626737688479182e+01
-6.761716959120887793e+01
-6.851974054810204962e+01
-6.937528447336862314e+01
-7.011818760584304755e+01
-7.066427988879483735e+01
-7.088089468425022233e+01
-7.054082623990758805e+01
-6.927537276405782052e+01
-6.655489088323307101e+01
-6.172673518706289997e+01
-5.412315426183171496e+01
-4.322151990609134486e+01
-2.881031058117793009e+01
-1.110198880374159458e+01
9.251982653514932764e+00
3.125293148093400220e+01
5.372379245030039385e+01
7.550193121696787557e+01
9.560190104608790307e+01
1.133118720637182122e+02
1.282144749489560240e+02
1.401474542042932967e+02
1.491360583377961007e+02
1.553357616191755142e+02
1.590151550098745474e+02
1.605807966761560124e+02
1.606102568673965436e+02
1.598419245443133150e+02
1.590870112454713308e+02
1.590718223230952617e+02
1.602614873854133748e+02
1.627365153926407970e+02
1.661781465813256204e+02
1.699721767611325731e+02
1.733892525603799868e+02
1.757737086532300737e+02
1.766833999632818575e+02
1.759530623966352891e+02
1.736801887250200593e+02
1.701460657376803738e+02
1.656916858170355340e+02
1.605791367229913362e+02
1.548847335134320815e+02
1.484745826602978411e+02
1.410879851387667827e+02
1.325041105204440441e+02
1.227220773732644972e+02
1.120720462975546354e+02
1.012032355211813837e+02
9.094955882781552248e+01
8.212475310497336523e+01
7.531987626786337842e+01
7.076383587578374090e+01
6.827878418252046799e+01
6.733313818078681834e+01
6.717261454706766699e+01
6.699601382877187916e+01
6.613611792540989143e+01
6.420327487765035812e+01
6.115324992770431578e+01
5.725991372370272359e+01
5.300305397918361194e+01
4.890593750705757259e+01
4.536851938364561221e+01
4.254434345838608778e+01
4.030190862555261333e+01
3.828640857497553185e+01
3.605686406128305066e+01
3.323960313831344138e+01
2.963716911682648814e+01
2.526206728390419087e+01
2.030273388160118841e+01
1.505097224443635184e+01
9.820857801157870881e+00
4.879513299196581499e+00
4.018072762450870528e-01
-3.544905732413070609e+00
-6.988579315185056373e+00
-1.002481095850481552e+01
-1.278671357637610129e+01
-1.541728688513641998e+01
-1.804326330814839707e+01
-2.075160666992670144e+01
-2.357351192827891850e+01
-2.647855408133544586e+01
-2.937695107964664487e+01
-3.212817356553706816e+01
-3.455855986308878869e+01
-3.649237431310953639e+01
-3.779740988892960729e+01
-3.843935348137939911e+01
-3.852930636686463117e+01
-3.834062306785065743e+01
-3.827496384603281854e+01
-3.877605836831450858e+01
-4.021207592339970915e+01
-4.276169825814744740e+01
-4.634204428431735323e+01
-5.060883122376857557e+01
-5.503900539292358474e+01
-5.907605024253896886e+01
-6.229026028628452138e+01
-6.449568667598730087e+01
-6.578049672753506627e+01
-6.644387916876547706e+01
-6.687220116613221421e+01
-6.740645034698734150e+01
-6.824158382383124888e+01
-6.936798100511779808e+01
-7.054082623990758805e+01
-7.126424960884038740e+01
-7.080049138641332718e+01
-6.823617912112614192e+01
-6.262730746161690831e+01
-5.321357815666301860e+01
-3.965376514296447397e+01
-2.220667298993561189e+01
-1.781567497859391835e+00
2.018267513994643991e+01
4.198771457454567013e+01
6.201381932628130755e+01
7.901972060711547385e+01
9.231888479528093683e+01
1.018001575618061310e+02
1.078180307875128960e+02
1.110126318616505898e+02
1.121241044982477746e+02
1.118496464438268418e+02
1.107666268882375107e+02
1.093201575071010865e+02
1.078519576981772587e+02
1.066323158307563830e+02
1.058584886892353438e+02
1.056107090790820422e+02
1.057972416653164345e+02
1.061401395431833947e+02
1.062362112748191123e+02
1.056833070706762214e+02
1.042164452969922621e+02
1.017830742835124767e+02
9.851814419932836131e+01
9.463704249665167367e+01
9.030616171935088232e+01
8.555355672907538178e+01
8.025401979250921158e+01
7.418561637841446554e+01
6.712626165931141031e+01
5.895001741787531557e+01
4.969436388872072285e+01
3.958893616800724402e+01
2.904567074798687543e+01
1.860813069275413767e+01
8.860227228797430854e+00
3.108673544671169964e-01
-6.712120307572359224e+00
-1.212484539511243042e+01
-1.608870523686822906e+01
-1.895317600481091347e+01
-2.115896116084687861e+01
-2.312516126790921334e+01
-2.514493672759660470e+01
-2.732133823407036033e+01
-2.957706569046290923e+01
-3.174589565230454014e+01
-3.370524630355346574e+01
-3.547804814342453739e+01
-3.724808312391888165e+01
-3.928552030481343849e+01
-4.182904352137254733e+01
-4.498587836718321142e+01
-4.869048737696908802e+01
-5.272903847349446949e+01
-5.680975967792485903e+01
-6.064540068841159837e+01
-6.401547105045544583e+01
-6.679372770874499565e+01
-6.894962194401529132e+01
-7.054082623990758805e+01
-7.170190200911270040e+01
-7.262001114797807588e+01
-7.349057693669989533e+01
-7.446058332930407175e+01
-7.557966195578752888e+01
-7.678014016156930666e+01
-7.789609889165578238e+01
-7.871452647129056857e+01
-7.904044327270062809e+01
-7.875835154006172445e+01
-7.787923916972016514e+01
-7.656817158843011839e+01
-7.514826074417192103e+01
-7.407143008988987276e+01
-7.384119087166800455e+01
-7.488164254013901200e+01
-7.737788826126197250e+01
-8.115165033045792597e+01
-8.564846982661484276e+01
