-3.215859854694284081e+01
-5.828156394945914798e+01
-8.130077768078147926e+01
-9.894618329431571624e+01
-1.102900215510522060e+02
-1.157556181294230413e+02
-1.167424108259113495e+02
-1.150856472667421286e+02
-1.125439959075142298e+02
-1.104309065585271838e+02
-1.094416748637777346e+02
-1.096783515126912363e+02
-1.108239721671925082e+02
-1.123798358574109670e+02
-1.138768354521053681e+02
-1.150023508889686354e+02
-1.156287717716352859e+02
-1.157694664535213320e+02
-1.155083660359974118e+02
-1.149447045211340992e+02
-1.141724055280177197e+02
-1.132878260844378246e+02
-1.124035757532073632e+02
-1.116500731548148764e+02
-1.111656850604707216e+02
-1.110880939665491667e+02
-1.115489923083734141e+02
-1.126564411468161495e+02
-1.144511070681797094e+02
-1.168474523460474757e+02
-1.195928801960610599e+02
-1.222715763496851622e+02
-1.243505181491528049e+02
-1.252409770547169074e+02
-1.243478237263431367e+02
-1.210954823727860514e+02
-1.149399105252709887e+02
-1.053911375655872007e+02
-9.207195440819053545e+01
-7.481953654013365451e+01
-5.380646204249039499e+01
-2.963443777840166149e+01
-3.350790502336129073e+00
2.364293012008417705e+01
4.978373463505467811e+01
7.359536803192591492e+01
9.392472709191089564e+01
1.101056679615877272e+02
1.220160733525046197e+02
1.300275088460931840e+02
1.348740104897399306e+02
1.374781775854340538e+02
1.387687775932656109e+02
1.395164448308177896e+02
1.402138222136789523e+02
1.410287375567437209e+02
1.418491117664531771e+02
1.424102044442753368e+02
1.424591867287708169e+02
1.418912034394664943e+02
1.408027826044407504e+02
1.394481844144207230e+02
1.381273362018982027e+02
1.370561842180336498e+02
1.362645905601235654e+02
1.355460699805288982e+02
1.344676809534551865e+02
1.324424210795068007e+02
1.288569828938116189e+02
1.232270157853059942e+02
1.153338702367579174e+02
1.052982385899108806e+02
9.356679726887716697e+01
8.081633242024713581e+01
6.780685480024617107e+01
5.523281868512030002e+01
4.361924830804489517e+01
3.328419483349274799e+01
2.435477829082739021e+01
1.680492924931637688e+01
1.049087101094742991e+01
5.183624770636519941e+00
6.126494811632356985e-01
-3.471999241854526463e+00
-7.234367712584271359e+00
-1.072040771962626060e+01
-1.389122596525377951e+01
-1.671582494084064763e+01
-1.926945261648641150e+01
-2.176878971178257061e+01
-2.451048031105492697e+01
-2.774129653835181841e+01
-3.153383200804097797e+01
-3.574054830934486660e+01
-4.005389677007732274e+01
-4.414215282091043946e+01
-4.779336042698611919e+01
-5.099995230670521096e+01
-5.394976027591143719e+01
-5.693538440993657446e+01
-6.022952524657949169e+01
-6.398369439667439451e+01
-6.818955180040580899e+01
-7.270630750089610217e+01
-7.732494069331990261e+01
-8.183093397456367768e+01
-8.604497457607430988e+01
-8.984629378899700214e+01
-9.319146759383434642e+01
-9.612807495590718077e+01
-9.878670443333183471e+01
-1.013362613757256838e+02
-1.039077533596661453e+02
-1.065164125250269933e+02
-1.090240338885998597e+02
-1.111729391098368183e+02
-1.126911082859029278e+02
-1.134268168249388111e+02
-1.134441099572493670e+02
-1.130237032487786024e+02
-1.125692409304990065e+02
-1.124767275553179644e+02
-1.130345716968878378e+02
-1.143775879542815233e+02
-1.164708248347332358e+02
-1.190973034899569143e+02
-1.218616913180448336e+02
-1.242506690945976402e+02
-1.257724092307172157e+02
-1.261407337975516327e+02
-1.254197489457371546e+02
-1.240445897223612945e+02
-1.226867233800517027e+02
-1.220027401158365166e+02
-1.223533028412171006e+02
-1.235871895648555920e+02
-1.249626813925518434e+02
-1.252409770547169074e+02
-1.229400682148234267e+02
-1.166851607072395467e+02
-1.055516533620675830e+02
-8.929497127351844199e+01
-6.840310220094336557e+01
-4.397214720198398652e+01
-1.746512726539909366e+01
9.554973307908605662e+00
3.563978478807987216e+01
5.958497922447609341e+01
8.048692387608480203e+01
9.775948937347976653e+01
1.111400735336588212e+02
1.206963383531499403e+02
1.268229569268878265e+02
1.302020255350205105e+02
1.317052126321055994e+02
1.322440558548230740e+02
1.326104448127119895e+02
1.333622497867856396e+02
1.347843374034051180e+02
1.369143263062028666e+02
1.396022645736260870e+02
1.425822284056402225e+02
1.455464149802911038e+02
1.482106979568372935e+02
1.503557906729009233e+02
1.518352405578460207e+02
1.525561226230658463e+02
1.524469523635014809e+02
1.514265323553599387e+02
1.493837991523272990e+02
1.461765611125503597e+02
1.416536046276094680e+02
1.356974171334272228e+02
1.282773023592306743e+02
1.194988979779853651e+02
1.096340402685320896e+02
9.911340089889944238e+01
8.846975420956368907e+01
7.823779741856999692e+01
6.884125455300346630e+01
6.051383971621311986e+01
5.329311791473484305e+01
4.709377838767072433e+01
4.182501403276270935e+01
3.749058231376499606e+01
3.421747368876627604e+01
3.219693991149701162e+01
3.156720938753028705e+01
3.229519210468007628e+01
3.411313574243986579e+01
3.653906452634640800e+01
3.897091916312185589e+01
4.081375601737524761e+01
4.159430812980020420e+01
4.103771873459513131e+01
3.910531414812724194e+01
3.599655688968316269e+01
3.210654273165226869e+01
2.792870232424156995e+01
2.391584059591852807e+01
2.034616636130638412e+01
1.725332762634121053e+01
1.445390164713196057e+01
1.165783829162326768e+01
8.611245021644853281e+00
5.215876199522627488e+00
1.586419213893549340e+00
-1.970994322148792222e+00
-5.052047919840065404e+00
-7.288914701012247477e+00
-8.480672633921056303e+00
-8.674159223546382691e+00
-8.167271568941648852e+00
-7.435223893760625202e+00
-7.008118572343336794e+00
-7.342788308412087517e+00
-8.727030542204714081e+00
-1.123405741752471343e+01
-1.472408394026997414e+01
-1.888351354787376124e+01
-2.329687662602340126e+01
-2.754462567900551306e+01
-3.130570204183488414e+01
-3.443255074967785134e+01
-3.697131602775901627e+01
-3.911922816338758935e+01
-4.113580052586036828e+01
-4.324444024110983520e+01
-4.556441583547636753e+01
-4.809517575831987557e+01
-5.074884928212802038e+01
-5.341039180934352260e+01
-5.600005966539835356e+01
-5.851220910371273476e+01
-6.101195462781436163e+01
-6.359439815247826289e+01
-6.633650402632366649e+01
-6.927374610782915454e+01
-7.240963061625002695e+01
-7.574281373807703233e+01
-7.929568311709859074e+01
-8.313974607927458749e+01
-8.741159498735490274e+01
-9.229611785883535902e+01
-9.794860684424128294e+01
-1.043564208598206591e+02
-1.111886746872374658e+02
-1.177103625562449878e+02
-1.228222555210080742e+02
-1.252409770547169074e+02
-1.237823840387578258e+02
-1.176728341586452444e+02
-1.067934676468378541e+02
-9.177373579091089084e+01
-7.389983288484880575e+01
-5.486941717873229862e+01
-3.646450878619673830e+01
-2.021468306811327764e+01
-7.107482080487329767e+00
2.602554640622336990e+00
9.437591724192555986e+00
1.456679694104343170e+01
