-2.248304600556294730e+01
-4.590862599759758922e+01
-6.604087287265610939e+01
-8.053786973391605386e+01
-8.859019122808213353e+01
-9.092453932861943144e+01
-8.932119218502144520e+01
-8.590800569175041801e+01
-8.252081502189172113e+01
-8.032046109147864854e+01
-7.970874743254701400e+01
-8.047179841409516143e+01
-8.203895323064992340e+01
-8.376108152143450525e+01
-8.514150116372768196e+01
-8.597185649677052766e+01
-8.634277154460741599e+01
-8.653281517548397517e+01
-8.682871398341988822e+01
-8.736710987414022611e+01
-8.807847292981038834e+01
-8.875271558747203926e+01
-8.917469010729591616e+01
-8.924581374944084189e+01
-8.902846446222214638e+01
-8.869960628728654228e+01
-8.845002599814145583e+01
-8.839159442722942117e+01
-8.852093500222071043e+01
-8.874432635918131496e+01
-8.893386309681891078e+01
-8.898148552794778254e+01
-8.882938965786483720e+01
-8.846417750115693934e+01
-8.787313682524920466e+01
-8.697930708116123810e+01
-8.558475427232646382e+01
-8.334698023284606450e+01
-7.979837960119431273e+01
-7.440793519976828918e+01
-6.668127628999414469e+01
-5.628945085246759561e+01
-4.320039594443350239e+01
-2.776857814301674665e+01
-1.073566691470440304e+01
6.881323518785355198e+00
2.399370083847946589e+01
3.967136683048443757e+01
5.331750242255021988e+01
6.473056237773909061e+01
7.404923590755937823e+01
8.162294229775345400e+01
8.786610499986771572e+01
9.314021679639108697e+01
9.768502499952859353e+01
1.016056222909865312e+02
1.049124966607750338e+02
1.075964197183748610e+02
1.097036339113408587e+02
1.113753564042068831e+02
1.128336872164225042e+02
1.143189212335557272e+02
1.159992694005548231e+02
1.178855792101110040e+02
1.197888598855708580e+02
1.213462405635150958e+02
1.221124855016010571e+02
1.216850839294136790e+02
1.198156299050074836e+02
1.164673671330111944e+02
1.118063688904103827e+02
1.061430126899613242e+02
9.985351292532648415e+01
9.330916590312158121e+01
8.682985336384936659e+01
8.066086906255927147e+01
7.495967442188276664e+01
6.978542451793308032e+01
6.510126089463940957e+01
6.080449228718880050e+01
5.678436175617077453e+01
5.298493442713778023e+01
4.944163712744225592e+01
4.627316062617779124e+01
4.363604052213008089e+01
4.166658019336898633e+01
4.043155327690848821e+01
3.989294239586205038e+01
3.988364348950310756e+01
4.010169106025182373e+01
4.014334345179813823e+01
3.958351643801736941e+01
3.807875389685892742e+01
3.544867764911040808e+01
3.170769034402376008e+01
2.704824196726979935e+01
2.179015512507556807e+01
1.630934788474320385e+01
1.096267753591064320e+01
6.030797321003110056e+00
1.690492331506886714e+00
-1.993046971598218420e+00
-5.068993737719218018e+00
-7.695219997836982628e+00
-1.010331777852517732e+01
-1.252527511116385384e+01
-1.510829383044832497e+01
-1.786660047626644143e+01
-2.070244808490689792e+01
-2.348638519784746848e+01
-2.615236718516868564e+01
-2.875560964258480112e+01
-3.146012288437746207e+01
-3.445892576414087927e+01
-3.786541438499252621e+01
-4.162930191144798897e+01
-4.551884836429130843e+01
-4.918252950718647298e+01
-5.226857046014890784e+01
-5.455048527739691622e+01
-5.599995516350683999e+01
-5.677789852135826720e+01
-5.716359743719660003e+01
-5.747261175480704765e+01
-5.800339724965158439e+01
-5.901314727886546052e+01
-6.069521806848560175e+01
-6.314107465227090188e+01
-6.630257806215639960e+01
-6.998590611815349405e+01
-7.389182780037482701e+01
-7.768906509061204702e+01
-8.109222155028240309e+01
-8.391649428646131526e+01
-8.608850161905435527e+01
-8.760368551110410351e+01
-8.844044147612673612e+01
-8.846417750115693934e+01
-8.736644095303053348e+01
-8.467706151683104565e+01
-7.986165685121214608e+01
-7.247825295255026390e+01
-6.233633051370163969e+01
-4.959901114358315510e+01
-3.479364174486030237e+01
-1.872858297107887182e+01
-2.342508310746918454e+00
1.346577162048627763e+01
2.797330059618450804e+01
4.070105607628358513e+01
5.141564703916938583e+01
6.009206362295819304e+01
6.686810404286200082e+01
7.200804881317679929e+01
7.587597991057279501e+01
7.890592431657819361e+01
8.155286313179695412e+01
8.421929623914859064e+01
8.717276860105894798e+01
9.048750322352880460e+01
9.404163575685450382e+01
9.757626241205973372e+01
1.007912585054531007e+02
1.034382114432133477e+02
1.053760839295621281e+02
1.065703065288092404e+02
1.070369995674832069e+02
1.067587055242608614e+02
1.056154215045838782e+02
1.033736629466696257e+02
9.975432072659138782e+01
9.456303329128991209e+01
8.782948909482803401e+01
7.988526634914165925e+01
7.132821269902304095e+01
6.287271743314392580e+01
5.514486715951326801e+01
4.851062613919288680e+01
4.300446625268306633e+01
3.837762316719530986e+01
3.424294083179421477e+01
3.026434194407437062e+01
2.631781385922899119e+01
2.254891553943639693e+01
1.929002305682696061e+01
1.687470732321490274e+01
1.545081463023831603e+01
1.489364477818645582e+01
1.485283143102463832e+01
1.488767577863926483e+01
1.461276940768535226e+01
1.379443632773534212e+01
1.237526748750195615e+01
1.043322208628296721e+01
8.103657184524008628e+00
5.507207087201688722e+00
2.719234271915804690e+00
-2.139352089458399497e-01
-3.235201802509892755e+00
-6.242339313751276819e+00
-9.077875596346819620e+00
-1.154905393659348256e+01
-1.347191141166118200e+01
-1.472549481313616582e+01
-1.530076024705889282e+01
-1.532982408101564076e+01
-1.508203876787948872e+01
-1.491876524162689499e+01
-1.521131739516130921e+01
-1.624069876123919798e+01
-1.810809898064586321e+01
-2.068862202852218246e+01
-2.365066561329824779e+01
-2.653849697592965029e+01
-2.889114686296567314e+01
-3.036349482467885963e+01
-3.082292198052323684e+01
-3.040179562665698754e+01
-2.948682026772834419e+01
-2.863351183329145755e+01
-2.842030592584885440e+01
-2.929212820130528883e+01
-3.145794934435577161e+01
-3.488029890398651389e+01
-3.934107137067646676e+01
-4.452946426241037159e+01
-5.010573557710001324e+01
-5.573602302647400109e+01
-6.112465993119898400e+01
-6.606115446104402622e+01
-7.046360910615889850e+01
-7.438091685275867349e+01
-7.793471007808953743e+01
-8.121983647347693136e+01
-8.420673931123820921e+01
-8.668594888379818997e+01
-8.827233125741383901e+01
-8.846417750115693934e+01
-8.673978160677795302e+01
-8.266789702445218779e+01
-7.600741879968208536e+01
-6.677875603135461802e+01
-5.529867663893119101e+01
-4.217520510713474380e+01
-2.826095932550855139e+01
-1.456403445156847276e+01
-2.118780738497356708e+00
8.166873870538836400e+00
1.564962868570519561e+01
2.003235212082595496e+01
2.137255484258344040e+01
2.003510011015851688e+01
1.661866893160703285e+01
1.187662937718137357e+01
6.640799297259853518e+00
1.746331555204537977e+00
-2.052612802842677553e+00
-4.183058155874128659e+00
-4.355729311449760388e+00
-2.637757109361050567e+00
5.350000439145823350e-01
4.419210074758865403e+00
