-5.081482159099240725e+00
-1.611086745818867527e+01
-2.534757907543513511e+01
-3.147324374221927457e+01
-3.393877258059779933e+01
-3.301156912790589359e+01
-2.960883572727452773e+01
-2.501012458360151669e+01
-2.054394860861432903e+01
-1.731854272861247068e+01
-1.603494151632025222e+01
-1.689625165068978419e+01
-1.962007499791170417e+01
-2.355805062805963246e+01
-2.790368203060022978e+01
-3.193096154732396386e+01
-3.518396434506042425e+01
-3.755371555249280391e+01
-3.922577000888449561e+01
-4.053454921796944177e+01
-4.179210528210251141e+01
-4.315734281804208905e+01
-4.458540506653526592e+01
-4.586380580742443414e+01
-4.671392276786541231e+01
-4.691867477920939677e+01
-4.643199774348950370e+01
-4.543230418666545489e+01
-4.429831384207495404e+01
-4.351098028452942401e+01
-4.351431199638646774e+01
-4.458553703749092278e+01
-4.675894729950503859e+01
-4.982329521348722778e+01
-5.338669350756669019e+01
-5.698528304838178826e+01
-6.020197741218011345e+01
-6.276066137187584815e+01
-6.457246648999836225e+01
-6.572858891090177735e+01
-6.644920048201100826e+01
-6.700903569616701816e+01
-6.766777367663559062e+01
-6.863048511836905163e+01
-7.004397325149705011e+01
-7.200727407061651775e+01
-7.456227997538769614e+01
-7.764973494841498791e+01
-8.105241214910890335e+01
-8.436726629916994114e+01
-8.703466657080404900e+01
-8.842030454303780118e+01
-8.792017039125182976e+01
-8.505304854370183421e+01
-7.951611819477976439e+01
-7.120250827597718057e+01
-6.020317444198813917e+01
-4.681896480486209811e+01
-3.158486704181819604e+01
-1.527652045811955972e+01
1.142350898335815046e+00
1.665080772700661527e+01
3.035418267615951748e+01
4.165553638913256407e+01
5.034656814713360262e+01
5.658771282720090312e+01
6.080316932603780344e+01
6.354959824495911391e+01
6.540522053770025934e+01
6.689104421504276843e+01
6.841800452101792018e+01
7.026058026307673288e+01
7.256267781247544235e+01
7.536880732574763897e+01
7.865570203772796276e+01
8.233712042319436364e+01
8.623411403654357343e+01
9.003388929724010836e+01
9.328034079767219566e+01
9.543072697709614260e+01
9.597980997178713380e+01
9.461356862535917855e+01
9.132672351520156440e+01
8.643866778265426376e+01
8.048147072769317845e+01
7.399737237538768397e+01
6.733509720229704953e+01
6.054038409341745819e+01
5.338923168549779064e+01
4.554087272330542646e+01
3.673531761065979140e+01
2.695147942854458023e+01
1.647075040672424251e+01
5.837660933967020682e+00
-4.250626246547312803e+00
-1.308108385902513859e+01
-2.005527857130307723e+01
-2.479674611731976697e+01
-2.722220083298427440e+01
-2.756151614361237634e+01
-2.631672714051931194e+01
-2.416465083467054953e+01
-2.182526271876836432e+01
-1.993172609800259210e+01
-1.893805680629495924e+01
-1.908175499698216981e+01
-2.039291879671438679e+01
-2.272936096382659343e+01
-2.582643457612962479e+01
-2.936260887077530768e+01
-3.303607192246225566e+01
-3.662976648618301567e+01
-4.003626125354714560e+01
-4.323183949788341351e+01
-4.622256034823632120e+01
-4.900776200761267631e+01
-5.159227078613170647e+01
-5.403410808172016999e+01
-5.647868935805637136e+01
-5.913291560257382429e+01
-6.216996560132663774e+01
-6.560391946155060339e+01
-6.920525312120180672e+01
-7.252338139452845667e+01
-7.503476955414549820e+01
-7.636388907014399763e+01
-7.647369126310248078e+01
-7.572859674587610357e+01
-7.478987764142920014e+01
-7.437477020804929850e+01
-7.496893807156715184e+01
-7.661188604226084919e+01
-7.885637209107602530e+01
-8.092706018883525587e+01
-8.200881999760120777e+01
-8.154492767597631087e+01
-7.944188285480264256e+01
-7.612704918496204698e+01
-7.245183313154076643e+01
-6.946858880777955392e+01
-6.813690554536621846e+01
-6.903539831041631203e+01
-7.216359579627120979e+01
-7.689848929340992356e+01
-8.211500267716289159e+01
-8.641943658678407303e+01
-8.842030454303780118e+01
-8.697496155841274401e+01
-8.137589803217585427e+01
-7.145895024420664754e+01
-5.762657390591824935e+01
-4.078658574411235094e+01
-2.221131608851856853e+01
-3.328750293840040619e+00
1.452548167146530211e+01
3.034198495636360349e+01
4.359245731380273270e+01
5.425689525449242012e+01
6.271448469001242643e+01
6.953800001832337330e+01
7.526932645071896388e+01
8.026024241525041703e+01
8.462883940399362359e+01
8.832375425536946523e+01
9.124069298363434655e+01
9.332622893408249354e+01
9.463061441195465306e+01
9.530954812903495110e+01
9.559956107857696850e+01
9.579140993700539752e+01
9.620574409257362447e+01
9.715453848968350314e+01
9.887204920806937025e+01
1.014242134064146370e+02
1.046326750672076855e+02
1.080531107335397536e+02
1.110269093514668555e+02
1.127998395203555191e+02
1.126852128243435942e+02
1.102394925236768017e+02
1.054053270838641083e+02
9.856612642875980157e+01
9.047146253493072265e+01
8.204280267339730415e+01
7.412626737444023206e+01
6.728272854213321352e+01
6.168247329753642560e+01
5.712579142155709633e+01
5.317389628808746949e+01
4.935227632552062005e+01
4.536616465136494014e+01
4.124692718444882900e+01
3.735860222541192144e+01
3.425320132098755721e+01
3.243895136359199682e+01
3.216336578688505199e+01
3.329585340795541271e+01
3.534597281353610754e+01
3.759969933678093668e+01
3.931452438924689829e+01
3.990032759715968780e+01
3.903124399208544304e+01
3.667088994852841211e+01
3.302901290333659290e+01
2.848474989660774881e+01
2.350491716591185565e+01
1.856889536946037467e+01
1.410337333188617848e+01
1.043130691750977945e+01
7.738011155839673805e+00
6.051774646705634808e+00
5.237841837312934956e+00
5.014658406949021874e+00
5.003491001453722831e+00
4.806987561376438123e+00
4.093900967648029798e+00
2.664208946497460317e+00
4.778106105703212592e-01
-2.360320247874710731e+00
-5.653021311309343488e+00
-9.179164808643403006e+00
-1.274826080455665078e+01
-1.622764593285516810e+01
-1.954931507170462268e+01
-2.270976107147009060e+01
-2.576864188832230695e+01
-2.884369955523818874e+01
-3.209620737432206994e+01
-3.570071268993423530e+01
-3.979449227315969040e+01
-4.441224056708070833e+01
-4.943210081357037922e+01
-5.457374547731298264e+01
-5.947290847819958515e+01
-6.381046091882669202e+01
-6.743420251101844087e+01
-7.041231710244051101e+01
-7.299569982722813677e+01
-7.550972003670216282e+01
-7.821714755982792155e+01
-8.119259169843657276e+01
-8.424065102499990587e+01
-8.688223113452357893e+01
-8.842030454303780118e+01
-8.807386782152752858e+01
-8.514546650802350314e+01
-7.917847405418007156e+01
-7.007039926675862773e+01
-5.812580513886788935e+01
-4.404233350391815094e+01
-2.882572842069248509e+01
-1.363753068089864584e+01
3.982080701311403459e-01
1.237614324675950783e+01
2.172322721706133564e+01
2.822320044382381354e+01
3.197337751373672177e+01
3.330844107766813522e+01
3.270979158339727633e+01
3.070674842365863100e+01
2.778604978108277379e+01
2.434177393377393273e+01
