-1.042328239756267010e+02
-1.087851978526117307e+02
-1.147019271688958213e+02
-1.228602960155994595e+02
-1.331188845500713853e+02
-1.442069988268510770e+02
-1.539071107781594492e+02
-1.594455697088596935e+02
-1.579895489915386975e+02
-1.471618684731597568e+02
-1.254973842167723035e+02
-9.276784627032493802e+01
-5.011026218621005057e+01
7.794105374317439328e-02
5.446705653732666974e+01
1.092898962651629517e+02
1.609125243906769072e+02
2.063685123538257358e+02
2.437400730647874525e+02
2.722979649661369308e+02
2.923778067077998344e+02
3.050525822470826824e+02
3.117234133344398970e+02
3.137639354289623270e+02
3.123123007308493015e+02
3.082293526471775067e+02
3.021690728388729781e+02
2.946733218133045966e+02
2.862191789515918572e+02
2.771961984738214824e+02
2.678397331428992629e+02
2.581695414580605075e+02
2.479771187111604718e+02
2.368837557975778054e+02
2.244636223732784117e+02
2.103953377103205469e+02
1.945843121091079411e+02
1.772057499474888118e+02
1.586542664634719983e+02
1.394267101684577028e+02
1.199894765528472504e+02
1.006866500194397389e+02
8.173010311215718104e+01
6.327399423452438043e+01
4.552490520512380101e+01
2.880929488616422418e+01
1.354298071607667708e+01
1.123350508588103480e-01
-1.126617734519968295e+01
-2.063452600485361543e+01
-2.829574357046503152e+01
-3.474414670540373606e+01
-4.055783507026755075e+01
-4.628357723264750234e+01
-5.233748221574663262e+01
-5.894460113701100568e+01
-6.613153428305061254e+01
-7.376329453006270853e+01
-8.160094655369809402e+01
-8.936516578698262947e+01
-9.680549783291580468e+01
-1.037723649100603609e+02
-1.102726137640463548e+02
-1.164806725746385609e+02
-1.226866193125407847e+02
-1.291841788219586817e+02
-1.361270010513719342e+02
-1.434051265982378141e+02
-1.506051699462460931e+02
-1.570974099652785014e+02
-1.622335206239294507e+02
-1.655726888998438824e+02
-1.670330427252514198e+02
-1.669067100059743609e+02
-1.657462904345898380e+02
-1.641818299499715295e+02
-1.627419548544230850e+02
-1.617378634721023900e+02
-1.612365944703490754e+02
-1.611121684478728753e+02
-1.611354958985791939e+02
-1.610608830117644175e+02
-1.606881559827729973e+02
-1.599043145409166300e+02
-1.587153247653047288e+02
-1.572682532933908988e+02
-1.558522329683138992e+02
-1.548585243274785626e+02
-1.546741349226792863e+02
-1.554928142232714094e+02
-1.570653103547877549e+02
-1.584659157136626959e+02
-1.579895489915386975e+02
-1.532779032555559411e+02
-1.416975834414587325e+02
-1.208935302920852450e+02
-8.936391361727527283e+01
-4.689127809722347706e+01
5.291853895480173264e+00
6.464793434069167688e+01
1.277496369838293901e+02
1.908550492228227995e+02
2.504983376752014124e+02
3.039630394457384455e+02
3.495526369455911890e+02
3.866332763247335151e+02
4.154776661701854437e+02
4.369795767665989388e+02
4.523282764079993967e+02
4.627244098213208190e+02
4.691888096188040436e+02
4.724824552217945097e+02
4.731303037061507553e+02
4.715184568489034405e+02
4.680114290584660921e+02
4.630293732954918937e+02
4.570464409875739875e+02
4.505113245923811292e+02
4.437276686298057484e+02
4.367493804230054479e+02
4.293381737070063764e+02
4.210026397299198493e+02
4.111054448708496238e+02
3.990072835883671587e+02
3.842194297298377705e+02
3.665453855081707388e+02
3.461878562851112520e+02
3.237861654585395854e+02
3.003528294325677734e+02
2.771051873947083095e+02
2.552284682045152522e+02
2.356395286349978733e+02
2.188253200544039032e+02
2.048029273706821130e+02
1.932043496206244413e+02
1.834484746769444996e+02
1.749360559694791846e+02
1.671975907414813776e+02
1.599462650657908966e+02
1.530352028208151864e+02
1.463633376671502617e+02
1.397878803358512982e+02
1.330850319712059502e+02
1.259760231682547271e+02
1.182082531392877200e+02
1.096478325683413573e+02
1.003215327939733186e+02
9.037323611981463500e+01
7.996197181103339346e+01
6.917404840516651632e+01
5.801190638574252034e+01
4.646687469417796024e+01
3.462495818753718879e+01
2.273323956663963941e+01
1.117931237767248831e+01
3.871446370510227553e-01
-9.321513095659696546e+00
-1.783437367219326575e+01
-2.527778392562950671e+01
-3.196269070558253134e+01
-3.828095092239180985e+01
-4.460041692151580150e+01
-5.119404056177381790e+01
-5.821017665501753413e+01
-6.566992679808859634e+01
-7.347549270203845140e+01
-8.142323410327870192e+01
-8.922197023035340635e+01
-9.652244917031561044e+01
-1.029734256622669477e+02
-1.083185665948350902e+02
-1.125203497667431520e+02
-1.158589429987689812e+02
-1.189408336527087044e+02
-1.225772310444993707e+02
-1.275393620697929578e+02
-1.342424239111275313e+02
-1.424394145633654034e+02
-1.510184912008785432e+02
-1.579895489915386975e+02
-1.607088958687482432e+02
-1.563273967490690097e+02
-1.423790629008796600e+02
-1.173676640861882277e+02
-8.118974085537959695e+01
-3.526188419340027735e+01
1.769548809091985220e+01
7.415451416029516452e+01
1.304055589446913075e+02
1.831370410099495416e+02
2.298379175733186628e+02
2.689718348205994971e+02
2.999480227490052471e+02
3.229584504339046021e+02
3.387551992057767052e+02
3.484176549246522541e+02
3.531343203478015766e+02
3.540196873480822433e+02
3.519918461330945547e+02
3.477275793407115998e+02
3.416884772262894785e+02
3.341926475455967420e+02
3.254982201407005959e+02
3.158616637837563985e+02
3.055398799221966328e+02
2.947286995580861912e+02
2.834651110172076187e+02
2.715466450554736184e+02
2.585234148585894900e+02
2.437913839378159651e+02
2.267673315394437452e+02
2.070833381685272627e+02
1.847318399973718215e+02
1.601218836430965666e+02
1.340426944054333660e+02
1.075495819588842750e+02
8.179481775699464663e+01
5.783455882112374979e+01
3.645196475366017808e+01
1.803906587587665200e+01
2.570384991022486076e+00
-1.032252781589161650e+01
-2.120009090644805383e+01
-3.063920014211061726e+01
-3.909072556716268565e+01
-4.681052774487818624e+01
-5.387594264135589839e+01
-6.026849656593742566e+01
-6.597966493052683745e+01
-7.109358350851577768e+01
-7.582046497145439901e+01
-8.047760540426632758e+01
-8.542470432807652969e+01
-9.096568685949257826e+01
-9.724591771249038175e+01
-1.041928604175584780e+02
-1.115418921524454845e+02
-1.189449040637179564e+02
-1.261034716295250746e+02
-1.328474418900349576e+02
-1.391170543494913545e+02
-1.448767330465855423e+02
-1.500372812254124710e+02
-1.544519804037763606e+02
-1.579895489915386975e+02
-1.606243641949954224e+02
-1.624746636373387503e+02
-1.637671538533672901e+02
-1.647625530256303819e+02
-1.656913298818444105e+02
-1.667215750779672589e+02
-1.679490038192849397e+02
-1.693903396113023518e+02
-1.709723146213618463e+02
-1.725224888851722653e+02
-1.737753735987098480e+02
-1.744061904808784504e+02
-1.740956246433285344e+02
-1.726154856964616613e+02
-1.699130686444485150e+02
-1.661646396794531029e+02
-1.617684015012849557e+02
