-3.419160307385627817e+01
-3.782519109417378900e+01
-4.147080757566482134e+01
-4.506594483853972122e+01
-4.851438965557171912e+01
-5.169777847741134735e+01
-5.450235009565405875e+01
-5.685971408923863635e+01
-5.880050776218602238e+01
-6.050566699744467769e+01
-6.232074638827874224e+01
-6.469751864377616357e+01
-6.805981889218054448e+01
-7.264210527871966860e+01
-7.837869294976020740e+01
-8.490336951022396761e+01
-9.166771900349442603e+01
-9.813510209037265497e+01
-1.039767447170221146e+02
-1.091925879955005456e+02
-1.141038723307959231e+02
-1.192130231662866606e+02
-1.249817576428643662e+02
-1.316148622221203084e+02
-1.389386134858324340e+02
-1.464277052363816551e+02
-1.533734733510932529e+02
-1.591265986457833890e+02
-1.633214963926107259e+02
-1.660039098853957569e+02
-1.676190601349227052e+02
-1.688626499927173370e+02
-1.704482697471693200e+02
-1.728826741450018005e+02
-1.763345663283512295e+02
-1.806316429677831650e+02
-1.853618405369532525e+02
-1.900254429460713936e+02
-1.941895416314581553e+02
-1.976139093141746059e+02
-2.003276954281402595e+02
-2.026357392674786695e+02
-2.050313727290483428e+02
-2.080040264443971409e+02
-2.117629778603594559e+02
-2.159439219295370549e+02
-2.193996324424982447e+02
-2.201784347685532737e+02
-2.157542963722226830e+02
-2.034950339734917293e+02
-1.812664458114054469e+02
-1.480106611626364099e+02
-1.041353094251838627e+02
-5.160295417821689057e+01
6.308403241748827384e+00
6.551978624411241015e+01
1.218210277462041802e+02
1.715428480695735800e+02
2.120848773898341904e+02
2.421954574455218676e+02
2.619630505076585223e+02
2.725497620999814785e+02
2.757595558456413869e+02
2.735692759433401307e+02
2.677456111518780517e+02
2.596274203795244375e+02
2.500880232547752087e+02
2.396298410360025457e+02
2.285275244206729610e+02
2.169416276470728917e+02
2.049676689472462670e+02
1.926335659689658826e+02
1.798794144141299682e+02
1.665457437597751493e+02
1.523837353954286300e+02
1.370981128526785824e+02
1.204310680107558369e+02
1.022792416202863990e+02
8.280813444984596572e+01
6.251027034655240300e+01
4.216523622103132141e+01
2.270054390546093970e+01
4.998841670289337458e+00
-1.027873307041540585e+01
-2.279604602572184646e+01
-3.255624455807993201e+01
-3.985029452866248079e+01
-4.517523545307864907e+01
-4.914408302703383669e+01
-5.239285993828129051e+01
-5.548819419523104557e+01
-5.885110855990674139e+01
-6.272259236847754948e+01
-6.718486307974342253e+01
-7.222141419978964905e+01
-7.777676942433635077e+01
-8.378442115468084239e+01
-9.016063622240632469e+01
-9.678898163209274230e+01
-1.035279328291242962e+02
-1.102568759845840560e+02
-1.169424284519607795e+02
-1.236784381453407775e+02
-1.306544294832578146e+02
-1.380483488312078180e+02
-1.458968980749809532e+02
-1.540234990997200271e+02
-1.620727153547720718e+02
-1.696336983658785300e+02
-1.763842173838961571e+02
-1.821845131246640221e+02
-1.870905978308743727e+02
-1.913023284225028533e+02
-1.950801979441394565e+02
-1.986584484695258368e+02
-2.021715970592019573e+02
-2.056071578578728634e+02
-2.087975519679980323e+02
-2.114623002787926396e+02
-2.132994178860951422e+02
-2.141042794862154039e+02
-2.138804313323124120e+02
-2.129080521350244055e+02
-2.117404487918678058e+02
-2.110990493825260614e+02
-2.116493175708135936e+02
-2.136830613929247136e+02
-2.167948214361193493e+02
-2.196813180836400079e+02
-2.201784347685532737e+02
-2.155773900515402772e+02
-2.031616347008743162e+02
-1.808223083046492832e+02
-1.475813126342319777e+02
-1.038809364656677303e+02
-5.157692096297687101e+01
6.340474300397737295e+00
6.621376992054892696e+01
1.242714375657068331e+02
1.771686260375188624e+02
2.224249385246585291e+02
2.586821950775849928e+02
2.857384566996395279e+02
3.043676440983023213e+02
3.159858803715325166e+02
3.222552260621391724e+02
3.247198560173468422e+02
3.245560616413880552e+02
3.224845395978096008e+02
3.188383934694773529e+02
3.137228610999111993e+02
3.071791496735077089e+02
2.992881385248011838e+02
2.901949740325140965e+02
2.800709472016728796e+02
2.690459775184758655e+02
2.571490085567504593e+02
2.442857614129332831e+02
2.302656533278018856e+02
2.148732851918388747e+02
1.979708784916446120e+02
1.796074255681091927e+02
1.600941933430929112e+02
1.400035323158335245e+02
1.200775741891791313e+02
1.010812948758086662e+02
8.366177401010664028e+01
6.826020103523715932e+01
5.508362191634519434e+01
4.411614598257945374e+01
3.514866877324338645e+01
2.781749486195583998e+01
2.165199466116940030e+01
1.613942190351491135e+01
1.081378407671638264e+01
5.353068378159939300e+00
-3.589618769393680964e-01
-6.248200691892069614e+00
-1.214546434828154986e+01
-1.791843836557476521e+01
-2.357781068255437162e+01
-2.931150226042270646e+01
-3.543792342638710124e+01
-4.230200636323418451e+01
-5.015286661598325679e+01
-5.904319347805754603e+01
-6.878484583694294940e+01
-7.898125287115165349e+01
-8.913180004459833583e+01
-9.877308051919607124e+01
-1.076029561329747821e+02
-1.155391293895834224e+02
-1.226935412890841235e+02
-1.292823113301119236e+02
-1.355181018988153312e+02
-1.415339578531453810e+02
-1.473654734586484381e+02
-1.529860554669576516e+02
-1.583655061699008684e+02
-1.635146226057639751e+02
-1.684880038602506147e+02
-1.733394403808449908e+02
-1.780534941164887073e+02
-1.825020639548488361e+02
-1.864767144584602931e+02
-1.898111104958317981e+02
-1.925433742411475748e+02
-1.950175307214462634e+02
-1.978299122479719188e+02
-2.015936658787046838e+02
-2.065824643848657445e+02
-2.123763341342998672e+02
-2.176457002947587114e+02
-2.201784347685532737e+02
-2.171909030521154307e+02
-2.058776807687020494e+02
-1.840675568579754895e+02
-1.508039454814853570e+02
-1.066827450201572276e+02
-5.385221852861175762e+01
4.323064213168606784e+00
6.384188461133887671e+01
1.207425529524865482e+02
1.717220214153506390e+02
2.145729221763997145e+02
2.483589500532322063e+02
2.733114382472791704e+02
2.905069199722622670e+02
3.014463481604917661e+02
3.076667857934824610e+02
3.104742315429095925e+02
3.108225860335829793e+02
3.093135447076675746e+02
3.062710158329522301e+02
3.018452885973283060e+02
2.961125714777608096e+02
2.891447645493732352e+02
2.810322167701233411e+02
2.718578922371123099e+02
2.616470696685155417e+02
2.503337160155298307e+02
2.377734537220584912e+02
2.238020316118779363e+02
2.083131035991914644e+02
1.913228134638486893e+02
1.729995788034839279e+02
1.536599507840512047e+02
1.337503293565488320e+02
1.138309815129776581e+02
9.455653059834885710e+01
7.663071700889571503e+01
6.072033170478655961e+01
4.734022769157365929e+01
3.675016021868775340e+01
2.891204043140795577e+01
2.353162700182357980e+01
2.016587219113903018e+01
1.834591578840674231e+01
1.766699332874689077e+01
1.782603313051198768e+01
1.861893809078548401e+01
1.991876360070568808e+01
