-1.687734470095211492e+01
5.375786002120099738e+01
1.124466361254316951e+02
1.506271591984152280e+02
1.652158321494102893e+02
1.586351700598216610e+02
1.371645549295037654e+02
1.085426605241546554e+02
7.977289434857925698e+01
5.571939599925813980e+01
3.863279444884659597e+01
2.842492580995920548e+01
2.337844988540754798e+01
2.098933880527003026e+01
1.872909649639088059e+01
1.461451999946788760e+01
7.541558773959870621e+00
-2.628126994788090087e+00
-1.521618304520730902e+01
-2.905955779774811276e+01
-4.291775802048018562e+01
-5.581630414131161189e+01
-6.721973424259260810e+01
-7.701741014989335099e+01
-8.539437564362725652e+01
-9.268883576078283681e+01
-9.930077739274203452e+01
-1.056560289988837980e+02
-1.121926951947770021e+02
-1.193336106063383113e+02
-1.274235061452649234e+02
-1.366301830908925297e+02
-1.468325700882279534e+02
-1.575419205870500150e+02
-1.679159552233532793e+02
-1.769104872785419502e+02
-1.835558375876082096e+02
-1.872711926544046150e+02
-1.880913383567709047e+02
-1.867033415719472202e+02
-1.842633599603053938e+02
-1.820580684992261240e+02
-1.811466605119117901e+02
-1.821183979350987556e+02
-1.850283854911853041e+02
-1.894905320029210998e+02
-1.948604995883694926e+02
-2.004332341324964091e+02
-2.055940941927601102e+02
-2.098950964889294823e+02
-2.130715011285298317e+02
-2.150429863451561801e+02
-2.159307842833975428e+02
-2.160777844916836443e+02
-2.160274044308243049e+02
-2.164272969957564783e+02
-2.178628200912297359e+02
-2.206604419162189288e+02
-2.247107833117008227e+02
-2.293476109923935837e+02
-2.333052254753003183e+02
-2.347800426998331034e+02
-2.316288521702153105e+02
-2.217066139000955900e+02
-2.032717507620262154e+02
-1.753255993739468579e+02
-1.377736405558574404e+02
-9.139135077510573524e+01
-3.766618185523273610e+01
2.139859944846331885e+01
8.348207709504976037e+01
1.461546766218276616e+02
2.071008194837348810e+02
2.643231769867269350e+02
3.162824807781034906e+02
3.619498868810293288e+02
4.007877629035601785e+02
4.327005376883984127e+02
4.579921749856683846e+02
4.773370179978898022e+02
4.917411497773389328e+02
5.024593331757615715e+02
5.108397455134966094e+02
5.180979567457515031e+02
5.250729354924698100e+02
5.320602740424147896e+02
5.388014423666652419e+02
5.446300135454629299e+02
5.487013765637718734e+02
5.502184001629289014e+02
5.485967627938986197e+02
5.435420369838318493e+02
5.350243854614481052e+02
5.231604366633525842e+02
5.080552070199918262e+02
4.896913038669516709e+02
4.679426016969375723e+02
4.427321887107124212e+02
4.142784003641210120e+02
3.833134546080913196e+02
3.511453885465406302e+02
3.194836873241267767e+02
2.900569578972310865e+02
2.641711936440173076e+02
2.424096552699288623e+02
2.246061053018189000e+02
2.100689157907933975e+02
1.979034735971974044e+02
1.872612969577966453e+02
1.774323013214555829e+02
1.678153772200795117e+02
1.578728043634273490e+02
1.471608283908007593e+02
1.354473322406390139e+02
1.228364478881063633e+02
1.097908462572331132e+02
9.700093162518226109e+01
8.514732311474615756e+01
7.466479220307166997e+01
6.561079771769794888e+01
5.768716406861217649e+01
5.039197485033136559e+01
4.322128434627194338e+01
3.582038852395920969e+01
2.801339504490762522e+01
1.971204428106221940e+01
1.078504308977412052e+01
9.989743406715376750e-01
-9.910257666088995165e+00
-2.207280806554814490e+01
-3.532910067751402039e+01
-4.917665699605234408e+01
-6.285419684376338978e+01
-7.553291278206680204e+01
-8.654156165515104249e+01
-9.554180951871509819e+01
-1.025980269932469753e+02
-1.081329733717586521e+02
-1.127899737446516326e+02
-1.172280600735449809e+02
-1.218980678523729750e+02
-1.268931554266743831e+02
-1.319742557884019050e+02
-1.367864799745943003e+02
-1.411516982167022718e+02
-1.452573305418862617e+02
-1.496214539109610371e+02
-1.548490010341740515e+02
-1.613085293443551507e+02
-1.688982131501997799e+02
-1.770251401184895315e+02
-1.848163889353986917e+02
-1.914670862603885269e+02
-1.965714971861131914e+02
-2.003009550726074792e+02
-2.033589531467834775e+02
-2.067219348108685324e+02
-2.112450948314307482e+02
-2.172563347225532482e+02
-2.242601776230342523e+02
-2.308374721317080400e+02
-2.347800426998331034e+02
-2.334465353785290347e+02
-2.242682788677674068e+02
-2.052929723901773684e+02
-1.756259637339677226e+02
-1.356514882313990427e+02
-8.697177273852696544e+01
-3.208788728414538127e+01
2.606870728895272293e+01
8.460738296602848152e+01
1.410341722937687621e+02
1.934405950413967901e+02
2.405366238359378031e+02
2.815774473657301087e+02
3.162474462966590636e+02
3.445582428551249450e+02
3.667947085758482899e+02
3.835063543695112003e+02
3.955041801630679856e+02
4.038108666561538485e+02
4.095364593511168323e+02
4.136922310675632843e+02
4.169894061033189701e+02
4.196899490757577951e+02
4.215729310839063828e+02
4.220377646343886227e+02
4.203006289339602972e+02
4.156009974949075740e+02
4.073528889117135350e+02
3.952284945926892306e+02
3.791999805745517733e+02
3.595605819578154296e+02
3.369118539168471216e+02
3.120785604060961305e+02
2.859317237342267504e+02
2.591646849397959613e+02
2.321286191267053312e+02
2.048304776973051275e+02
1.771134660912494780e+02
1.489313263350740897e+02
1.205680462472024033e+02
9.268425736501265533e+01
6.617129853491842084e+01
4.189670674852446552e+01
2.046466008743561105e+01
2.079291565266629505e+00
-1.346876901816612815e+01
-2.671809017011922549e+01
-3.838819421646098817e+01
-4.920030456650300010e+01
-5.971281703642762295e+01
-7.022553464301799409e+01
-8.078448179659474704e+01
-9.127458392339030979e+01
-1.015507419617618297e+02
-1.115461511707606803e+02
-1.213103121261025876e+02
-1.309668514014784648e+02
-1.406308442197195063e+02
-1.503476917304458027e+02
-1.600832130423980288e+02
-1.697423426665144746e+02
-1.791825942534952389e+02
-1.882212310819119239e+02
-1.966578053185540398e+02
-2.043184043601850135e+02
-2.111038048382069405e+02
-2.170199575605317079e+02
-2.221773473133107188e+02
-2.267526958747674257e+02
-2.309200783694686265e+02
-2.347800426998330749e+02
-2.383223492197344626e+02
-2.414391290727280648e+02
-2.439808990457474351e+02
-2.458350527565958714e+02
-2.469982564140405259e+02
-2.476081660727055862e+02
-2.479103743383595884e+02
-2.481666584450289292e+02
-2.485391447317059885e+02
-2.489932450225817888e+02
-2.492580816938656199e+02
-2.488771064271920750e+02
-2.473564792868741335e+02
-2.443624212834583318e+02
-2.398686682354418451e+02
-2.341652278724308189e+02
-2.277166270913492099e+02
-2.209521758000689715e+02
-2.141160644243181821e+02
-2.072693526601339045e+02
-2.004469120436330627e+02
-1.938887310605171592e+02
-1.882258994334942201e+02
-1.845102753761138956e+02
-1.840214752113530494e+02
-1.878620746094022991e+02
-1.964582312643326247e+02
-2.091795086545932065e+02
-2.243009304745172869e+02
