-3.483380586354206088e+01
-3.848693893721156201e+01
-4.199804512345463081e+01
-4.529575471069147596e+01
-4.838368903477395122e+01
-5.137341116162404830e+01
-5.448906598926231482e+01
-5.803107685972616281e+01
-6.230345079161711652e+01
-6.752442319008537197e+01
-7.374890510124822640e+01
-8.082575184946949776e+01
-8.839456957537950643e+01
-9.591158141301630735e+01
-1.026887131581217432e+02
-1.079300491788400365e+02
-1.107596425224062386e+02
-1.102573900195108081e+02
-1.055378319396012046e+02
-9.589813668317739825e+01
-8.102469748989710752e+01
-6.120191684977092450e+01
-3.743549083651961951e+01
-1.140555939081351156e+01
1.478387022461351563e+01
3.900439916043609401e+01
5.952063088150099190e+01
7.528529554914874211e+01
8.603557818027029214e+01
9.220466192423201335e+01
9.472472506837448236e+01
9.480389415977117551e+01
9.372267524261488347e+01
9.265638208797413711e+01
9.252228955561416512e+01
9.386894974735004382e+01
9.683915652047116396e+01
1.012257842457288746e+02
1.066072383238281276e+02
1.125171095503301899e+02
1.185837376981405100e+02
1.245773317811694341e+02
1.303397250710966091e+02
1.356418214678171807e+02
1.400676104227437122e+02
1.430089199317996247e+02
1.437813945852568054e+02
1.418000374087954469e+02
1.367289133262863174e+02
1.285474752567279211e+02
1.175293870750207645e+02
1.041734956080908461e+02
8.913583992112071996e+01
7.318923706392895667e+01
5.720541527910555146e+01
4.213005757694873665e+01
2.891099815472066936e+01
1.835479997691170695e+01
1.093059367696647932e+01
6.591781132902253759e+00
4.710465003792152494e+00
4.192220536896190453e+00
3.764706541677712792e+00
2.346750837858064820e+00
-6.460595835836819845e-01
-5.183207331188249611e+00
-1.072877285357444777e+01
-1.651756523737712001e+01
-2.187072459970598004e+01
-2.642239987012548141e+01
-3.018645909417076467e+01
-3.347192429786112200e+01
-3.671448477866717752e+01
-4.030632036841508636e+01
-4.448256147575293085e+01
-4.928150950605007097e+01
-5.456394360397425203e+01
-6.006880209096756573e+01
-6.548679990767031711e+01
-7.053263986527176144e+01
-7.499362960515324517e+01
-7.874196534861815167e+01
-8.171979447728422485e+01
-8.392361399594031468e+01
-8.540991322418913967e+01
-8.631510130181324314e+01
-8.685190256675490161e+01
-8.724876551369625588e+01
-8.765019718310578867e+01
-8.804737912817223844e+01
-8.829938864574707225e+01
-8.824275707643589328e+01
-8.783366730955368951e+01
-8.725538863854733052e+01
-8.693708635464311385e+01
-8.745639344992098074e+01
-8.934102476157013939e+01
-9.283226453685300328e+01
-9.769754883258002565e+01
-1.031652732214840853e+02
-1.080096150158175021e+02
-1.107596425224062386e+02
-1.099713103117499600e+02
-1.044948147695835132e+02
-9.368427887874017301e+01
-7.751510558478375401e+01
-5.658977798046177554e+01
-3.203550450155397300e+01
-5.328108367484624353e+00
2.190720845432161212e+01
4.808502817680813735e+01
7.183655392159852227e+01
9.217619439138771043e+01
1.086305044457260749e+02
1.212776245581225538e+02
1.306636540698321483e+02
1.376153578701237450e+02
1.430155652716439647e+02
1.476185767315218698e+02
1.519555676029238498e+02
1.563317729223796277e+02
1.608771955547367156e+02
1.656059453547425164e+02
1.704638543974865570e+02
1.753700060961188001e+02
1.802590060381686783e+02
1.851096495095666228e+02
1.899287852953436015e+02
1.946738058522336701e+02
1.991441903480597091e+02
2.029148739096130498e+02
2.053747782643451387e+02
2.058684994462031170e+02
2.038704810350808145e+02
1.991069770452279499e+02
1.915881833601690971e+02
1.815747596086531814e+02
1.695298264367362151e+02
1.560898592224370418e+02
1.420491897865080944e+02
1.283194458907837543e+02
1.158210265759784505e+02
1.053043967934142415e+02
9.716284162885898468e+01
9.132947649851169558e+01
8.731722034416640099e+01
8.438663891356733870e+01
8.176692065053578062e+01
7.884474067053250224e+01
7.526967630988927738e+01
7.096945085954138221e+01
6.609323415358626619e+01
6.090579520584289952e+01
5.565928196330471422e+01
5.048162827651903228e+01
4.532747769101943192e+01
4.002005483684722975e+01
3.436738102928878646e+01
2.828812552990377682e+01
2.187119845419273645e+01
1.533442689208389709e+01
8.911944666163648776e+00
2.741883347955024419e+00
-3.179054590693752402e+00
-8.953333068155792773e+00
-1.468905566003847696e+01
-2.042267119847798540e+01
-2.610665590348214948e+01
-3.165641707578814135e+01
-3.700745032321782446e+01
-4.213503821729887022e+01
-4.702201896737500419e+01
-5.159567553262193940e+01
-5.567918613091882207e+01
-5.900762976379762392e+01
-6.132953437532044916e+01
-6.255851774468320059e+01
-6.289354595291182193e+01
-6.283155637605428012e+01
-6.305675731031318776e+01
-6.426156751474857742e+01
-6.697833528677584525e+01
-7.146860047719037823e+01
-7.767000518521096808e+01
-8.518285139438263798e+01
-9.329027547976974688e+01
-1.010180770689763108e+02
-1.072325238925224937e+02
-1.107596425224062386e+02
-1.105090248111662561e+02
-1.055994451690088738e+02
-9.549682425289202570e+01
-8.016326100551937373e+01
-6.018133546135770473e+01
-3.677936298618121214e+01
-1.169165084196649929e+01
1.313964380880477378e+01
3.592780522762765116e+01
5.534414942583094899e+01
7.067268808498147337e+01
8.180141383188134796e+01
8.909366731599270395e+01
9.320849990374513538e+01
9.493442299153559816e+01
9.507826369328515170e+01
9.441918132863565916e+01
9.370443868601189763e+01
9.364023415901597502e+01
9.483503543378962775e+01
9.769143882643483323e+01
1.022916660032346954e+02
1.083392603674071637e+02
1.151923383649954928e+02
1.219814845365388862e+02
1.277779253400011754e+02
1.317682956290847756e+02
1.333954171364508738e+02
1.324368894449642653e+02
1.290082720179938747e+02
1.234897879004859647e+02
1.163880375874367701e+02
1.081633894402891087e+02
9.907848143196152080e+01
8.913713365873154260e+01
7.816041316913154446e+01
6.598317961192535108e+01
5.268602499193310962e+01
3.875243754834117738e+01
2.507419174458672018e+01
1.279246258431808414e+01
3.020573097582762045e+00
-3.472354760606172874e+00
-6.526793816239788271e+00
-6.720637806233442646e+00
-5.293719974848201559e+00
-3.856077680425460841e+00
-3.951767199146708265e+00
-6.628448469294049517e+00
-1.217802639747259974e+01
-2.014285974189564854e+01
-2.956204727419289213e+01
-3.933151003810549184e+01
-4.852449065097317060e+01
-5.657118599579354168e+01
-6.328286999468896568e+01
-6.877111067017372648e+01
-7.332899144347661036e+01
-7.731889495717139482e+01
-8.108299718734537009e+01
-8.488141290067949285e+01
-8.886204708633334803e+01
-9.305833951210527744e+01
-9.739822517501610832e+01
-1.017047158988845865e+02
-1.056802504097993278e+02
-1.088873008599471177e+02
-1.107596425224062386e+02
-1.106870894720023557e+02
-1.081886253351027136e+02
-1.031273297470681030e+02
-9.586827245819549148e+01
-8.728151687391098790e+01
