-2.662129985918802788e+00
8.081824203685467722e+00
1.736527502571456694e+01
2.402945329721633527e+01
2.744154468802649660e+01
2.757093862003339524e+01
2.490889924423606772e+01
2.027020385112698619e+01
1.454560440671151156e+01
8.475122880231793943e+00
2.497496372065068471e+00
-3.285932359703316763e+00
-9.019139598339840802e+00
-1.490170409212895208e+01
-2.098397428256380692e+01
-2.704932576776459996e+01
-3.264617878135631912e+01
-3.725370454786642682e+01
-4.049643931772114769e+01
-4.230334386380498302e+01
-4.294419097017192399e+01
-4.294398767295984953e+01
-4.292843548703348233e+01
-4.346244835008823060e+01
-4.492275307582342236e+01
-4.742606112988331546e+01
-5.082837041237321785e+01
-5.480362778462765050e+01
-5.898479794106226848e+01
-6.311501988736878843e+01
-6.713839086052752236e+01
-7.118161419580107463e+01
-7.543541189521209844e+01
-8.000241326135443387e+01
-8.479477942772356869e+01
-8.953138293212305143e+01
-9.382744738104173621e+01
-9.732496878808430552e+01
-9.980429611732817818e+01
-1.012432198846053524e+02
-1.018208901298651199e+02
-1.018756933903838870e+02
-1.018244865192385475e+02
-1.020570946525645013e+02
-1.028399380199751647e+02
-1.042721585264543762e+02
-1.063112057391913794e+02
-1.088349714799270913e+02
-1.116810210151673033e+02
-1.146310431645006247e+02
-1.173690337184444559e+02
-1.194815255229457591e+02
-1.205507363483796865e+02
-1.203261963724906849e+02
-1.188930836776435456e+02
-1.167323007409665649e+02
-1.146051125853700938e+02
-1.132771154387983046e+02
-1.131795497438711067e+02
-1.141417819597938887e+02
-1.152997071483588485e+02
-1.152180037931466927e+02
-1.121982360071197462e+02
-1.046971142023229504e+02
-9.174858133674484861e+01
-7.326987405657598629e+01
-5.014907543045592320e+01
-2.407554410900739938e+01
2.831172683657650069e+00
2.846721472976445710e+01
5.113054454827875617e+01
6.975708682725790766e+01
8.397832125861599195e+01
9.402791578341357592e+01
1.005598049786185300e+02
1.044448854837438034e+02
1.065979421036067976e+02
1.078621842180333772e+02
1.089466427098528527e+02
1.103862073930292809e+02
1.125041575628578414e+02
1.153971553226064231e+02
1.189807866175427336e+02
1.230953383811219197e+02
1.276112242559908623e+02
1.324575321909011336e+02
1.375481398714667876e+02
1.426563885166490309e+02
1.473291478786863991e+02
1.509045343233680114e+02
1.526309140961681692e+02
1.518345332509902903e+02
1.480784918102524443e+02
1.412767495973451162e+02
1.317421431471149162e+02
1.201525286196151967e+02
1.074303577620109991e+02
9.455986306522086693e+01
8.240055816213410367e+01
7.156309703343252693e+01
6.237706056271971278e+01
5.492825946827232997e+01
4.911857573510697250e+01
4.471312015541848695e+01
4.136507138684516605e+01
3.863022037677186660e+01
3.599622609371779447e+01
3.294864701738728741e+01
2.907250558699101717e+01
2.415868507907416429e+01
1.827026502697778909e+01
1.173182231017840138e+01
5.029375592902716186e+00
-1.355519880961502110e+00
-7.117250413218528138e+00
-1.222797787903449418e+01
-1.692153808176355057e+01
-2.156985154253689529e+01
-2.651304718172931985e+01
-3.191522450704773206e+01
-3.769417523027554751e+01
-4.354237540380886173e+01
-4.903131467347026273e+01
-5.376732263218291052e+01
-5.754458146243119643e+01
-6.043354010292267731e+01
-6.276340435461787592e+01
-6.500222634686113565e+01
-6.758566829961347366e+01
-7.076813961682850618e+01
-7.455293020585686747e+01
-7.871346036028873527e+01
-8.287876493757735830e+01
-8.664581201048152082e+01
-8.969055723824196491e+01
-9.185703367785473006e+01
-9.320427411053780986e+01
-9.399536807717700526e+01
-9.462950708786853227e+01
-9.554137417358070650e+01
-9.710531697516726979e+01
-9.956946510083537305e+01
-1.030152252127913641e+02
-1.073174220438507973e+02
-1.120875407192003763e+02
-1.166103548778992121e+02
-1.198136533998683859e+02
-1.203261963724906849e+02
-1.166690942550228698e+02
-1.075818920852794065e+02
-9.241427477391886214e+01
-7.145085017388733206e+01
-4.602671756341119647e+01
-1.834952136395535405e+01
8.953362051943354771e+00
3.343682943170962574e+01
5.339412271689311495e+01
6.817656660332117724e+01
7.817675060648770113e+01
8.451242250643964837e+01
8.856113707592652418e+01
9.152916040707532375e+01
9.419107924451714098e+01
9.685071359784724621e+01
9.949041194703177382e+01
1.020118684740545660e+02
1.044441942915722024e+02
1.070261591469221401e+02
1.101433883292736056e+02
1.141653939521694809e+02
1.192564732200689264e+02
1.252417393067105991e+02
1.315953278420925017e+02
1.375670451462355572e+02
1.423905280560528013e+02
1.454680101535503809e+02
1.464436027929068018e+02
1.451536469626409485e+02
1.415242334428768913e+02
1.355092760002145269e+02
1.271187186559909890e+02
1.165221438767096913e+02
1.041680618920198214e+02
9.084209868461843485e+01
7.760426576648661978e+01
6.559957154535402424e+01
5.580203316100445221e+01
4.878901578190995991e+01
4.462848217653453986e+01
4.290545953142649438e+01
4.285258964602022758e+01
4.352300190852440664e+01
4.395934525070431675e+01
4.334251009933924337e+01
4.111853270097775237e+01
3.709622039003438942e+01
3.149070139731204776e+01
2.487668164313051733e+01
1.803232743136284455e+01
1.170584286835274490e+01
6.386348857601139350e+00
2.162707236859774618e+00
-1.288505741361019474e+00
-4.588052224461103279e+00
-8.440371048703278589e+00
-1.337634760942147238e+01
-1.953700331108238686e+01
-2.658416166335520003e+01
-3.377973414149193587e+01
-4.020748499661622333e+01
-4.506091539153491254e+01
-4.790757611541922500e+01
-4.885169611635370757e+01
-4.854010011514944267e+01
-4.799701851527867547e+01
-4.833336037673915797e+01
-5.042835496371682069e+01
-5.469150813697690694e+01
-6.097479928831283758e+01
-6.864557657421740089e+01
-7.678189139180197742e+01
-8.442802579228758475e+01
-9.084342997457606828e+01
-9.568441951764063447e+01
-9.907291879507140209e+01
-1.015307328758790533e+02
-1.037889706199809012e+02
-1.065162648177891214e+02
-1.100390088734346961e+02
-1.141392325884368262e+02
-1.179998061344987406e+02
-1.203261963724906849e+02
-1.196260763760743941e+02
-1.145830154686542954e+02
-1.044213383500042056e+02
-8.914396552891184911e+01
-6.956049270782381200e+01
-4.710673071310089455e+01
-2.354236437478408916e+01
-6.436151934617990733e-01
2.003049102279939220e+01
3.728454878884691226e+01
5.037026285268487413e+01
5.902648692501476546e+01
6.347241998822055109e+01
6.434102315133345940e+01
6.255225639676417870e+01
5.914773492653411324e+01
5.512296869846461789e+01
5.129331729699362086e+01
4.821922050672215221e+01
4.619813828114540399e+01
4.530291592305731996e+01
4.542160986875923356e+01
4.626337616298203415e+01
4.734551736131217581e+01
4.802159205226027439e+01
4.759773120467750829e+01
4.552118983920771456e+01
4.156789432765745573e+01
3.594660021171992526e+01
2.927221772582756643e+01
