-4.043820094527742270e+01
-4.307282554723810364e+01
-4.575697256502767374e+01
-4.854507148496713853e+01
-5.149340701796745634e+01
-5.461771190912902085e+01
-5.784644243184031609e+01
-6.101114380096035461e+01
-6.389742609485556102e+01
-6.633772915535861614e+01
-6.829310789009208804e+01
-6.987475094834458389e+01
-7.129419498099390751e+01
-7.277342173969050521e+01
-7.446278460111267350e+01
-7.640039042219086696e+01
-7.851880972283483118e+01
-8.068649465181120206e+01
-8.276744790092438109e+01
-8.468070629787948178e+01
-8.643547972621266240e+01
-8.812150237419338339e+01
-8.985547771272580064e+01
-9.170729108665332774e+01
-9.363262093429533195e+01
-9.542410187147545741e+01
-9.668277485926449799e+01
-9.681657496016232756e+01
-9.508303709492601286e+01
-9.069320093077367062e+01
-8.297544164170562908e+01
-7.156593033203800758e+01
-5.656234820357168758e+01
-3.857125095958164707e+01
-1.861029813648836040e+01
2.115765573557254697e+00
2.249164683669894416e+01
4.172306615522114015e+01
5.944513363847180898e+01
7.568366378251309357e+01
9.070664157147096773e+01
1.048371204105839212e+02
1.182945663399839020e+02
1.311057471928524478e+02
1.430987678335080204e+02
1.539696943582209201e+02
1.633893202150471780e+02
1.711057979844329111e+02
1.770067444062067352e+02
1.811276894121235443e+02
1.836184354740730669e+02
1.846953559580815067e+02
1.846095193852561920e+02
1.836421966708247169e+02
1.821089514131941769e+02
1.803378944477705090e+02
1.786052613881813045e+02
1.770466739289576594e+02
1.755857685075357040e+02
1.739231532196841385e+02
1.716104095907041369e+02
1.681969899021336232e+02
1.633967860239519041e+02
1.572058182868553331e+02
1.499260569762345199e+02
1.420933985472931340e+02
1.343431806750223245e+02
1.272630924055337971e+02
1.212797223163203881e+02
1.166030477742056632e+02
1.132243876509701010e+02
1.109454355464633863e+02
1.094185502976960009e+02
1.081962277613531285e+02
1.068021146779621944e+02
1.048293360769199154e+02
1.020474111092871965e+02
9.847765029223947408e+01
9.439568784414630898e+01
9.024342421899194733e+01
8.647497828494999794e+01
8.339964576434964272e+01
8.108893788863491636e+01
7.937768503300053169e+01
7.793914761149989090e+01
7.638724439298863444e+01
7.436809046608979656e+01
7.162898843089405432e+01
6.806502990026767463e+01
6.373393296512344364e+01
5.882309117666707010e+01
5.357148517601348203e+01
4.818104200195917741e+01
4.276341932717336647e+01
3.734526170924706889e+01
3.191961566643649562e+01
2.651111934168870476e+01
2.122257427507200234e+01
1.624160630773661040e+01
1.180405641441723219e+01
8.131107437857259868e+00
5.366183176645975550e+00
3.526384572944735396e+00
2.466956171407169052e+00
1.861675221098693100e+00
1.225863269029964897e+00
1.599653059852101933e-02
-2.198776488834283782e+00
-5.561750001369240692e+00
-9.849518338990407074e+00
-1.454828083120327875e+01
-1.905806001251387727e+01
-2.292293734491913426e+01
-2.597464284702259363e+01
-2.833350448021961654e+01
-3.029139258687217762e+01
-3.215301736113929110e+01
-3.411361417858917378e+01
-3.621722055340151769e+01
-3.839517255776154059e+01
-4.054786899830985192e+01
-4.261825079136747263e+01
-4.461972047775093131e+01
-4.661522368656706306e+01
-4.867416626813982816e+01
-5.083885778353366902e+01
-5.311344539480236904e+01
-5.546781483360815912e+01
-5.784421793318514915e+01
-6.016170224235496278e+01
-6.232138698667684196e+01
-6.422030816204615178e+01
-6.578050335796913828e+01
-6.698919488627701924e+01
-6.793033969910392500e+01
-6.878322716762356492e+01
-6.978070395819526084e+01
-7.114514791484135969e+01
-7.302781453044507032e+01
-7.546456218794175186e+01
-7.835535293508057464e+01
-8.148345526897020363e+01
-8.458517905980930607e+01
-8.744865338084102291e+01
-8.998674555193170477e+01
-9.222893088988998045e+01
-9.421850426068074569e+01
-9.586209916639246842e+01
-9.681657496016232756e+01
-9.648273430256013228e+01
-9.411534935845108407e+01
-8.900104427793449702e+01
-8.063417884262591429e+01
-6.883856060204050209e+01
-5.381085557727861612e+01
-3.608749491092746808e+01
-1.645677808273772769e+01
4.155495120994995517e+00
2.480621459716132193e+01
4.465060217229836326e+01
6.304213600158409747e+01
7.959419575509073752e+01
9.417860793335273684e+01
1.068592024651869536e+02
1.177916875634818581e+02
1.271341761963355736e+02
1.349976949447491279e+02
1.414409602339081005e+02
1.464958754237875667e+02
1.502029316602085487e+02
1.526371847300330273e+02
1.539152670495095094e+02
1.541863687018003191e+02
1.536156958057791542e+02
1.523671323192366458e+02
1.505890699241735433e+02
1.484044137075719618e+02
1.459012816151089851e+02
1.431182939875324678e+02
1.400219790902157229e+02
1.364834600146889443e+02
1.322698180718904268e+02
1.270657989498440514e+02
1.205375771258640327e+02
1.124423203272197043e+02
1.027624509371874382e+02
9.180569943263007815e+01
8.019991535044250952e+01
6.875530536292215800e+01
5.824125490461423738e+01
4.917206332870505037e+01
4.168731818202570594e+01
3.556786258705967896e+01
3.037518596210359334e+01
2.565284127674246406e+01
2.110035608144315944e+01
1.664699926283273612e+01
1.241075726087420250e+01
8.586602329308071546e+00
5.328724540323783287e+00
2.671319513298090698e+00
4.997483137932121622e-01
-1.435291991751423524e+00
-3.469188783359662409e+00
-5.945053262203089162e+00
-9.116374489319952090e+00
-1.306044158217825135e+01
-1.764486143600990786e+01
-2.257150999809098479e+01
-2.747838884232610823e+01
-3.204779864139751311e+01
-3.607899787260206637e+01
-3.952061511298365559e+01
-4.247986426001668292e+01
-4.521336822375754139e+01
-4.808394640843870604e+01
-5.147132947770118960e+01
-5.565194283067508252e+01
-6.069007391085396819e+01
-6.638987842770214343e+01
-7.233740220405722710e+01
-7.802318847348281849e+01
-8.300074539175882649e+01
-8.701984637129353928e+01
-9.007976636980521334e+01
-9.237703512628100100e+01
-9.417134377857036043e+01
-9.564148665416846029e+01
-9.681657496016232756e+01
-9.762463614764020292e+01
-9.802152020525343801e+01
-9.810479047064505664e+01
-9.812625237832234859e+01
-9.838617076857850918e+01
-9.906985421955886295e+01
-1.001216917934722659e+02
-1.012288570091136961e+02
-1.019292872658819249e+02
-1.017986298083845895e+02
-1.006307497855115827e+02
-9.852174129526285640e+01
-9.581019681370048602e+01
-9.290490938444568769e+01
-9.009829905273035422e+01
-8.746990165549959784e+01
-8.492377768080199019e+01
-8.232237061128060418e+01
-7.963184910461819754e+01
-7.700138047642241190e+01
-7.474390749658526545e+01
-7.323530903034182415e+01
-7.277710399957891241e+01
-7.347119051522791722e+01
-7.514423367221014871e+01
-7.734420026209782861e+01
-7.941440408115595062e+01
-8.063031684926532705e+01
-8.036569269122593084e+01
-7.824602104259662383e+01
-7.425193110230510740e+01
-6.874752663324674984e+01
-6.242314664233909838e+01
