-2.254203289458932602e+01
4.048085371567555057e+01
9.215542521318332092e+01
1.244501909537580957e+02
1.346350530371121863e+02
1.253271945661472557e+02
1.028768747520589102e+02
7.494714844774202334e+01
4.822947730717694981e+01
2.696751257174958027e+01
1.253863359837366431e+01
3.947445206114238658e+00
-1.158276633141881007e+00
-5.388206811392137752e+00
-1.076437713902780757e+01
-1.829859668855105070e+01
-2.799156152935165665e+01
-3.912857256716525711e+01
-5.069482440350839170e+01
-6.175433693708033900e+01
-7.169891602269191822e+01
-8.033821203397843647e+01
-8.785209486394113299e+01
-9.465920281260753200e+01
-1.012624419722960454e+02
-1.081135088875692816e+02
-1.155171199894004417e+02
-1.235893493077127943e+02
-1.322794283169025107e+02
-1.414412062852079544e+02
-1.509110628881597904e+02
-1.605441838953248634e+02
-1.701915181067915910e+02
-1.796450524856185780e+02
-1.886078312733130815e+02
-1.967367598855854567e+02
-2.037618326702225318e+02
-2.096296096580470305e+02
-2.145878435727631199e+02
-2.191451989966983547e+02
-2.238983055494626626e+02
-2.292885322482734978e+02
-2.353959750465706122e+02
-2.418697067466179647e+02
-2.480327660231012317e+02
-2.531225216104403728e+02
-2.565711493022922696e+02
-2.582167595710934052e+02
-2.583674668627615461e+02
-2.577069669683666575e+02
-2.570942662721643046e+02
-2.573330890039733845e+02
-2.589695671501865490e+02
-2.621551228907786708e+02
-2.666036944016271946e+02
-2.716652026588462263e+02
-2.765131180210959201e+02
-2.804022626523570807e+02
-2.829122000876030825e+02
-2.840834828161407586e+02
-2.843941505441173376e+02
-2.845898397207805601e+02
-2.854371187489787189e+02
-2.874953223361105188e+02
-2.909864543310680460e+02
-2.957875500789890566e+02
-3.015051453003870847e+02
-3.075580591649537610e+02
-3.132093588443808585e+02
-3.175383093999839161e+02
-3.193978198959438828e+02
-3.174250952226752815e+02
-3.101461533901944563e+02
-2.961635318058956727e+02
-2.743812391846346372e+02
-2.442163686383613026e+02
-2.057587829462628974e+02
-1.598516889403117602e+02
-1.080734939748001295e+02
-5.261262536123537359e+01
3.955099277170845085e+00
5.896056773488075464e+01
1.099708034027686949e+02
1.551047366088330648e+02
1.932680413508612958e+02
2.242394673443941997e+02
2.485831302263039220e+02
2.674282514068525529e+02
2.821988131671092788e+02
2.943631390767305902e+02
3.052340395012182057e+02
3.158254896954651372e+02
3.267685911952085007e+02
3.382884289669214581e+02
3.502383542201406499e+02
3.621874644244003321e+02
3.735561074953482716e+02
3.837792335083277067e+02
3.924533350155605831e+02
3.994136427805499352e+02
4.047088560297547701e+02
4.084822204461811452e+02
4.108080561254787426e+02
4.115518405783118396e+02
4.103136552358323001e+02
4.064856990174496900e+02
3.994120230328209686e+02
3.885942971874964087e+02
3.738653900321525043e+02
3.554690637078506370e+02
3.340259287160606050e+02
3.104084688997053831e+02
2.855782771682004295e+02
2.604473249606658101e+02
2.358046706325988282e+02
2.123100668688434780e+02
1.905194070839071401e+02
1.708926863614881029e+02
1.537517242299920781e+02
1.391956431867899369e+02
1.270213519956593302e+02
1.167072015380891230e+02
1.074947472373952309e+02
9.855886073938496850e+01
8.921067976731836779e+01
7.905597825572463933e+01
6.804893889152131692e+01
5.642688252996067177e+01
4.455776333063664651e+01
3.276084888138004203e+01
2.116971886505356082e+01
9.695797466926947550e+00
-1.885768134191080136e+00
-1.376603216266132890e+01
-2.594070049324356120e+01
-3.815399698484186786e+01
-4.998295198088852231e+01
-6.101274827307773307e+01
-7.101186408904564473e+01
-8.003404436876731154e+01
-8.841595007424810149e+01
-9.667212606752863735e+01
-1.053172802124429239e+02
-1.146784064829715817e+02
-1.247753427027426198e+02
-1.353228086442575488e+02
-1.458499631183231315e+02
-1.558816945373565659e+02
-1.651052009278273545e+02
-1.734575456449792341e+02
-1.811042455762249119e+02
-1.883241602935274557e+02
-1.953581736598171119e+02
-2.022974474923025809e+02
-2.090642364165455263e+02
-2.154835536185499905e+02
-2.213936051182618883e+02
-2.267293256193636921e+02
-2.315393862306671622e+02
-2.359409380368073244e+02
-2.400510311481036183e+02
-2.439403574096194234e+02
-2.476314043854712281e+02
-2.511275796283151749e+02
-2.544417334156947277e+02
-2.576057546717598825e+02
-2.606696804432975796e+02
-2.637085798776880665e+02
-2.668385997458969427e+02
-2.702201669511479736e+02
-2.740252425899918762e+02
-2.783744227082337943e+02
-2.832839779257419082e+02
-2.886650179359604067e+02
-2.943746610164196795e+02
-3.002667308402395179e+02
-3.061773007520060332e+02
-3.118206301155186679e+02
-3.166312274779593849e+02
-3.196300962830003982e+02
-3.193978198959438828e+02
-3.142012329277518461e+02
-3.022618480524395750e+02
-2.821056597499117515e+02
-2.529142660494671304e+02
-2.147965578796235491e+02
-1.689048888576861032e+02
-1.173397126968714588e+02
-6.284028870937464717e+01
-8.333805047894003337e+00
4.353283546535838866e+01
9.075680723519600690e+01
1.321645127540133444e+02
1.674055280452009811e+02
1.967951927090959430e+02
2.210787178733108647e+02
2.411973374614272814e+02
2.581152195377514431e+02
2.727225388956610459e+02
2.857896388788932427e+02
2.979345125656819846e+02
3.095856349576168896e+02
3.209541526725795393e+02
3.320437002159400777e+02
3.427090194581310811e+02
3.527415761625775872e+02
3.619409795767409150e+02
3.701419762093261738e+02
3.771981594672204210e+02
3.829473332861016388e+02
3.871819331701864826e+02
3.896330832299175313e+02
3.899711761772863952e+02
3.878297299512694849e+02
3.828561058098359240e+02
3.747793338253381989e+02
3.634767796093286734e+02
3.490255570674221985e+02
3.317297670014044684e+02
3.121113808339010234e+02
2.908540101324542775e+02
2.687093361249114309e+02
2.464014426371188335e+02
2.245679855160707632e+02
2.037544575699168092e+02
1.844456998496882534e+02
1.670949373797615181e+02
1.521064113835963383e+02
1.397487773986152320e+02
1.300191230850515467e+02
1.225251231012262849e+02
1.164758800044643579e+02
1.108400840471360596e+02
1.046433436729020343e+02
9.728512505823263723e+01
8.872796662666253553e+01
7.947182613018159714e+01
7.033368209154072304e+01
6.214021589786859323e+01
5.546536347039705106e+01
5.050160534187660488e+01
4.707772982491804470e+01
4.477446628501660797e+01
4.307110501722296902e+01
4.147408175323123913e+01
3.960725335684052340e+01
3.726522648922581737e+01
3.444166369465457933e+01
3.134241655466764342e+01
2.837726006585895533e+01
2.610568600883400947e+01
2.511261030087111124e+01
2.581586830130291688e+01
2.824582335821006751e+01
3.187063301987031494e+01
3.555409564884157447e+01
3.771172451927876068e+01
3.666958129189033855e+01
3.114961072335030678e+01
2.073915456635004162e+01
6.174221101794479694e+00
-1.070829682595190491e+01
