-4.002803243502175690e+01
-4.653000148135745917e+01
-5.196003683713145449e+01
-5.522443808422060840e+01
-5.513266205042586421e+01
-5.051006309871759470e+01
-4.041872105553882477e+01
-2.441213843524687732e+01
-2.721096238840239323e+00
2.370711102717794461e+01
5.333132022498782021e+01
8.425679946597145431e+01
1.145204519561733321e+02
1.423532552469761754e+02
1.663785407157303098e+02
1.857324738923592236e+02
2.001053985656569125e+02
2.097018627049884572e+02
2.151225449846078277e+02
2.171931530325973370e+02
2.167890885937964072e+02
2.147058837450538533e+02
2.115967835210025783e+02
2.079606465321496671e+02
2.041454558502493626e+02
2.003454301126362509e+02
1.965960372874295103e+02
1.927883317466335313e+02
1.887222124424503704e+02
1.841979670017977355e+02
1.791150428640694940e+02
1.735276095029904582e+02
1.676201417820024631e+02
1.616097691734540263e+02
1.556242050961766665e+02
1.496139153955733434e+02
1.433336011514159054e+02
1.363957246188472539e+02
1.283772024840670269e+02
1.189488227788415600e+02
1.079906031621416957e+02
9.565848650443555812e+01
8.238174510094395941e+01
6.879252466742607908e+01
5.561043365839390162e+01
4.351590772323258705e+01
3.304149416665951833e+01
2.449687807741065981e+01
1.793403343025006791e+01
1.315794719809535351e+01
9.786650876560873513e+00
7.351603451984509263e+00
5.411517307891055673e+00
3.645514123023013475e+00
1.900514542615372449e+00
1.835334122189635764e-01
-1.396010650869031977e+00
-2.713696952492702152e+00
-3.712317589542639240e+00
-4.443271818117597860e+00
-5.052556132463571714e+00
-5.726422205685359756e+00
-6.628774816964490668e+00
-7.858831761968374963e+00
-9.441698559636868993e+00
-1.134770780896470654e+01
-1.352380392816085219e+01
-1.591366236674026169e+01
-1.844692438465704498e+01
-2.099748192284207704e+01
-2.334218502358842073e+01
-2.517048197325381409e+01
-2.617305517255939407e+01
-2.617954439543954237e+01
-2.527136861033469017e+01
-2.380591299811853645e+01
-2.233842784502835599e+01
-2.147133406013734458e+01
-2.167649423076250770e+01
-2.314183646121346527e+01
-2.569906641444015349e+01
-2.887226129375822836e+01
-3.203659464990053607e+01
-3.462391204964366409e+01
-3.629658352966580992e+01
-3.703278057042915350e+01
-3.709826662184853774e+01
-3.691371598931631581e+01
-3.686914154502858310e+01
-3.716908497844126202e+01
-3.777879377454048893e+01
-3.848363025916161462e+01
-3.901504480372213379e+01
-3.917745572039278557e+01
-3.893257463858044787e+01
-3.842767934761356230e+01
-3.796416586754962452e+01
-3.790376529038174169e+01
-3.853158172840608131e+01
-3.993218766227938943e+01
-4.194364033867007890e+01
-4.421206812373803530e+01
-4.631154219598494137e+01
-4.787061037042268197e+01
-4.866484878947774462e+01
-4.866181317311099974e+01
-4.801902410524935760e+01
-4.704374019316844624e+01
-4.613017249955069587e+01
-4.568407365727451008e+01
-4.603001117262871844e+01
-4.730223835552327216e+01
-4.935447864897793124e+01
-5.175019464314731010e+01
-5.387307083324411394e+01
-5.513266205042586421e+01
-5.517923521396518538e+01
-5.403060395399290883e+01
-5.205876345187054710e+01
-4.984809608181464569e+01
-4.798900614914043672e+01
-4.688976744499275640e+01
-4.667545902330381580e+01
-4.720380495989741121e+01
-4.817956710345262650e+01
-4.931098583392208923e+01
-5.043603962360053572e+01
-5.156033931944887172e+01
-5.279139571927656505e+01
-5.420283901881342103e+01
-5.568427281015195263e+01
-5.682295339777897425e+01
-5.684840759026636192e+01
-5.466708287848005909e+01
-4.900820680084993342e+01
-3.867605396645141980e+01
-2.285962666332564197e+01
-1.409854189687578696e+00
2.501506916434883010e+01
5.499891399642483236e+01
8.660642781871035822e+01
1.177439405953132052e+02
1.465402501738743979e+02
1.716481219724896050e+02
1.923948644470407885e+02
2.087565077971435130e+02
2.211837154855731455e+02
2.303494076537050148e+02
2.369016026891792421e+02
2.412923671330922275e+02
2.437264869161195975e+02
2.442352094223531935e+02
2.428337435483542777e+02
2.396838016818336428e+02
2.351791971256885745e+02
2.299092918301791997e+02
2.245117343718308689e+02
2.194758252097624052e+02
2.149827981730255146e+02
2.108580644117210170e+02
2.066628975142406262e+02
2.018892365210080015e+02
1.961726291169466663e+02
1.894282061680728759e+02
1.818497842674640026e+02
1.737796876412518543e+02
1.655221802119115466e+02
1.571975000308310939e+02
1.487038010290273746e+02
1.397944063526873038e+02
1.302239944640091380e+02
1.198931123405440928e+02
1.089303162844445438e+02
9.768342086325840512e+01
8.662559122366772613e+01
7.620912409449839231e+01
6.672392960778262250e+01
5.822961985956772679e+01
5.060322354131892553e+01
4.367703900406932860e+01
3.737904271389867006e+01
3.178555527917137269e+01
2.705694786167550703e+01
2.330248024711228183e+01
2.045800920874284756e+01
1.824720702916659576e+01
1.624973560005932782e+01
1.404247612240987308e+01
1.134127443853140349e+01
8.076289163773248347e+00
4.379889103967325781e+00
5.155283567454773674e-01
-3.205840609852767642e+00
-6.492961400644450265e+00
-9.126461375595503966e+00
-1.101009634374905488e+01
-1.221770590564105774e+01
-1.300521474821588086e+01
-1.375676723137146951e+01
-1.487161686151165796e+01
-1.664091636826111298e+01
-1.917175030738707164e+01
-2.238503899656367224e+01
-2.607238018930534196e+01
-2.997502042522515353e+01
-3.385353219522269086e+01
-3.753313855927090259e+01
-4.092065247581223986e+01
-4.399469526966239386e+01
-4.677644002337120099e+01
-4.929291635035320240e+01
-5.154734295828167490e+01
-5.350968314974280560e+01
-5.513266205042586421e+01
-5.638617794146582440e+01
-5.729350664194353726e+01
-5.794795609282720505e+01
-5.848945188101635040e+01
-5.903427574271232459e+01
-5.958064359130988663e+01
-5.994414463220756062e+01
-5.978488656999251560e+01
-5.875043511651883676e+01
-5.668266094713699488e+01
-5.377456864393502656e+01
-5.057277746942485663e+01
-4.780538603379272899e+01
-4.611573694463748296e+01
-4.583094626946524386e+01
-4.686370140489945868e+01
-4.877060314940473518e+01
-5.092472593408305670e+01
-5.272832695428596139e+01
-5.378859779149987475e+01
-5.399951886526307021e+01
-5.351281086330862991e+01
-5.262682710951479947e+01
-5.165216008795366065e+01
-5.081070295431237582e+01
-5.019451116422017378e+01
-4.977586220623263102e+01
-4.944378902220526584e+01
-4.904809676830489451e+01
-4.844574124421200167e+01
-4.755133046811374697e+01
-4.638562286315944050e+01
-4.509743615469233191e+01
-4.392516224528741020e+01
-4.308733321498564095e+01
-4.264357172291138909e+01
-4.240671782298939263e+01
-4.197311838332382905e+01
-4.087470300046435057e+01
-3.878820076174005038e+01
-3.570681389107249970e+01
-3.199855380640919478e+01
-2.832515244336677540e+01
-2.544931325311318915e+01
-2.399547397354266209e+01
-2.424167154722404405e+01
-2.601037402136955379e+01
-2.869938272819610958e+01
