-6.372092196190534708e+01
-6.363907087204911051e+01
-5.998029249151969111e+01
-5.005330227023451783e+01
-3.254420978462917446e+01
-7.666612279479807057e+00
2.307126830024830610e+01
5.733517008987625729e+01
9.249034208553973713e+01
1.260533016141115752e+02
1.560110839835132310e+02
1.809972543274671750e+02
2.003320549604219991e+02
2.139464235740293532e+02
2.222314906723367471e+02
2.258719401315233313e+02
2.257088288268760152e+02
2.226398556617696158e+02
2.175383944187796033e+02
2.111774729553249017e+02
2.041632089181426863e+02
1.968902674160044342e+02
1.895294007049994605e+02
1.820535733439240005e+02
1.743043124672672661e+02
1.660898790157117730e+02
1.572960735730321176e+02
1.479836844804766542e+02
1.384400647540511500e+02
1.291495740489879722e+02
1.206676583188223617e+02
1.134313443369286745e+02
1.075836324619199047e+02
1.028924356842728685e+02
9.880285242913096511e+01
9.460298443441192262e+01
8.963702754072537005e+01
8.348258872981831757e+01
7.603284402109881057e+01
6.747998025561439306e+01
5.824609078470712831e+01
4.891262513499293618e+01
4.016252940530807081e+01
3.271107001087366939e+01
2.719872809418783532e+01
2.405397929237079779e+01
2.337306864087078395e+01
2.487247395249595172e+01
2.794161436960335010e+01
3.178238565912710101e+01
3.559387426711214886e+01
3.875215736598695315e+01
4.093724560857885564e+01
4.216471025403618000e+01
4.269946728825897253e+01
4.287687100215241287e+01
4.291039134642590369e+01
4.277846641262338068e+01
4.223870116992363677e+01
4.094968818098168128e+01
3.863529780009294257e+01
3.522128652242032132e+01
3.089678092101971174e+01
2.608291773808174696e+01
2.132038480311074835e+01
1.711684351386412217e+01
1.381125783516720418e+01
1.149923515147445485e+01
1.003078753946252633e+01
9.064133310371806473e+00
8.147601381250691333e+00
6.805334482956499897e+00
4.616198633622566661e+00
1.285211074178103985e+00
-3.296383735887246758e+00
-9.011365398104651092e+00
-1.550339269047581325e+01
-2.219741652352978178e+01
-2.836999636473059638e+01
-3.328306235443577066e+01
-3.636403283379753759e+01
-3.737701489387146125e+01
-3.651864977624479991e+01
-3.439674248075172613e+01
-3.188985647352518527e+01
-2.992230897211132401e+01
-2.921658234911937768e+01
-3.009796747723078170e+01
-3.241362931648478707e+01
-3.559214022112091413e+01
-3.882535106307962280e+01
-4.131602167540253845e+01
-4.251193451889740516e+01
-4.225095849433395756e+01
-4.077351967889079276e+01
-3.860593836299932491e+01
-3.636396435591620957e+01
-3.455697902469901805e+01
-3.347144907559479066e+01
-3.316655952569580279e+01
-3.354855508152311927e+01
-3.445302286816712467e+01
-3.568581863287700173e+01
-3.702877787352906580e+01
-3.825039526290291292e+01
-3.914723310238149168e+01
-3.960394460174387632e+01
-3.963836950493883649e+01
-3.940332727420003778e+01
-3.913300644802841077e+01
-3.904272297897271926e+01
-3.922107717328630372e+01
-3.957571372261600118e+01
-3.987293957615858631e+01
-3.985121926653788194e+01
-3.934254866540729267e+01
-3.834161738147922449e+01
-3.700328179484569091e+01
-3.558645082309244856e+01
-3.437742390200679665e+01
-3.361910079549876684e+01
-3.345662986864951449e+01
-3.390031285245997594e+01
-3.481072928647762410e+01
-3.592105718981879647e+01
-3.690943489368433461e+01
-3.751336600651261222e+01
-3.765323931822176462e+01
-3.751844397809549037e+01
-3.756938420520863531e+01
-3.842601530803484877e+01
-4.065488713157186851e+01
-4.451718150894120640e+01
-4.976944168829126625e+01
-5.559899067054087141e+01
-6.072673782649025043e+01
-6.363907087204910340e+01
-6.286160722883428775e+01
-5.719625595811089624e+01
-4.588998716588949378e+01
-2.873229488196751902e+01
-6.078892052146770197e+00
2.120748771144866396e+01
5.189616260648986668e+01
8.457559033521042124e+01
1.178335027427059600e+02
1.503805185815583627e+02
1.811031837491777878e+02
2.090721408413895972e+02
2.335441229121614697e+02
2.539763398642068069e+02
2.700432814356490780e+02
2.816388257112603810e+02
2.888627125219844061e+02
2.920052018773176314e+02
2.915386858247623536e+02
2.881064054020745289e+02
2.824845882250359637e+02
2.754976665867642396e+02
2.678878954748175261e+02
2.601725150998225899e+02
2.525463821713929349e+02
2.448841434716438243e+02
2.368562860722183814e+02
2.281190672201002485e+02
2.185024902674215355e+02
2.081191942930889809e+02
1.973468667091752877e+02
1.866888203423125674e+02
1.765759452071414444e+02
1.672067699392922577e+02
1.585011681478413266e+02
1.501763332642809985e+02
1.418902941872399310e+02
1.333793168285978652e+02
1.245392858012635742e+02
1.154412179432466843e+02
1.063024210235315223e+02
9.744125745970910657e+01
8.922690296631681406e+01
8.201968592482077725e+01
7.610306616312087158e+01
7.162559802561150946e+01
6.857577072660642159e+01
6.679817033347922006e+01
6.603882915163688949e+01
6.599475910577248783e+01
6.634710079242157121e+01
6.677748898022510105e+01
6.698486098020865143e+01
6.671778053535659581e+01
6.581680502979467917e+01
6.424065749326665298e+01
6.205178796341731839e+01
5.936529612263922218e+01
5.629324216618454102e+01
5.291497317348077445e+01
4.927724123595019989e+01
4.540668479517109546e+01
4.132124725770523810e+01
3.704180980688974500e+01
3.260599973657092221e+01
2.807355785662639391e+01
2.350913697189385587e+01
1.894596816549280760e+01
1.435756829519201894e+01
9.666849302562694035e+00
4.793285485945496305e+00
-2.964281032021354179e-01
-5.575236703127115945e+00
-1.099030393112438020e+01
-1.651553796094856708e+01
-2.217867640804358942e+01
-2.803952055308221247e+01
-3.412729371677978918e+01
-4.036731380251255530e+01
-4.653707474279580936e+01
-5.228625070185721313e+01
-5.722567777334353423e+01
-6.104964575519174730e+01
-6.363907087204910340e+01
-6.511264044160944309e+01
-6.581822271292833193e+01
-6.626127716105831666e+01
-6.696821960232298920e+01
-6.830992309917138527e+01
-7.035286162847872049e+01
-7.281752217909715341e+01
-7.517900399952327462e+01
-7.686921207789019661e+01
-7.748930630578479395e+01
-7.694565901857828294e+01
-7.546561026822568863e+01
-7.349903061140709326e+01
-7.155270668478954121e+01
-7.002857357250144332e+01
-6.913276347164760693e+01
-6.888769364001933582e+01
-6.922564563743867438e+01
-7.009375952494016815e+01
-7.148931114459219316e+01
-7.339002092553381829e+01
-7.562701712735923820e+01
-7.780686837598071293e+01
-7.936613817529325843e+01
-7.974861805387942582e+01
-7.861364715829975580e+01
-7.597737466937510931e+01
-7.223923903167462868e+01
-6.809827244521396494e+01
-6.439366085581671939e+01
-6.191319268388059527e+01
-6.120353925351290769e+01
-6.240167925278525729e+01
-6.511407199612250452e+01
-6.839723370177361517e+01
-7.089862068957702945e+01
-7.117030223084222484e+01
-6.808832790598802376e+01
-6.124468514197050695e+01
-5.116376357027478861e+01
-3.924202725930037161e+01
