9.580187811854708357e+00
-4.243335001856556943e+01
-8.784508807523802432e+01
-1.218822780013793192e+02
-1.426548362051367178e+02
-1.512152197968746918e+02
-1.507561910701357135e+02
-1.453949139629227147e+02
-1.390061532207827497e+02
-1.344102483502182110e+02
-1.330197599218712128e+02
-1.348891254772285038e+02
-1.390300321144374038e+02
-1.438426906031249928e+02
-1.475401089698501949e+02
-1.484851192220545784e+02
-1.454044932949684892e+02
-1.374805683811870836e+02
-1.243460439495195544e+02
-1.060269287219080923e+02
-8.288752489996961970e+01
-5.561480723435546736e+01
-2.523801424278199335e+01
6.860717832444808373e+00
3.900142879433558818e+01
6.936593724734257194e+01
9.626041836335927826e+01
1.184255761419194357e+02
1.352936539379016949e+02
1.470871780502397712e+02
1.547045680681936801e+02
1.594208646215596161e+02
1.625071811537962390e+02
1.649042627864177746e+02
1.670575585230829745e+02
1.689461790076257159e+02
1.702555824864842577e+02
1.705984097737282355e+02
1.696980384992954782e+02
1.674933407207665823e+02
1.641612263908745035e+02
1.600674777308764476e+02
1.556582005980752683e+02
1.513122804386588030e+02
1.471938006017194027e+02
1.431603222510009630e+02
1.387777949132427580e+02
1.334539473243224563e+02
1.266440841932804915e+02
1.180438094466916255e+02
1.076907490184911609e+02
9.594482118885466093e+01
8.337302945634321816e+01
7.060254333915176517e+01
5.820833958905279815e+01
4.666532423721604772e+01
3.634329641928812293e+01
2.749923855252365712e+01
2.024330714155719591e+01
1.449506954000940517e+01
9.967793275357866634e+00
6.211014058283311101e+00
2.716182495448586032e+00
-9.403960554151886697e-01
-4.966357157901400754e+00
-9.286261321700241211e+00
-1.357099690411192228e+01
-1.736014894892188565e+01
-2.023809692339852262e+01
-2.200463939343213582e+01
-2.278368772917825069e+01
-2.303344829995401000e+01
-2.344993876337991523e+01
-2.478706166794229659e+01
-2.764408555341791995e+01
-3.228618570261578924e+01
-3.855862056919752945e+01
-4.592776939812814163e+01
-5.363720299095756161e+01
-6.092163339139199252e+01
-6.720113669765436271e+01
-7.219374985221422492e+01
-7.592582306386671576e+01
-7.866494463897008416e+01
-8.082420686911008545e+01
-8.287462093507856764e+01
-8.527164392107141566e+01
-8.838211269850107499e+01
-9.240063984862607072e+01
-9.726613299336574414e+01
-1.026189742993057905e+02
-1.078519580842634724e+02
-1.122781067837240556e+02
-1.153731229322301459e+02
-1.169915189720111357e+02
-1.174494782084248214e+02
-1.174263389282793639e+02
-1.177233788700488617e+02
-1.189792316873512306e+02
-1.214518131615169807e+02
-1.249471405304818035e+02
-1.289213430923494172e+02
-1.327150053805104619e+02
-1.358195572964621363e+02
-1.380565597591923961e+02
-1.395934004547419818e+02
-1.408046403766426238e+02
-1.420653627327812956e+02
-1.435851084263591133e+02
-1.453514402736850570e+02
-1.471837685115018530e+02
-1.488434672430099965e+02
-1.501314087785679305e+02
-1.509323826195445690e+02
-1.512152197968746918e+02
-1.510252838751336242e+02
-1.504869611109398306e+02
-1.497902802302630789e+02
-1.491148336487823087e+02
-1.484727819578190804e+02
-1.475180962599162342e+02
-1.454244380395420251e+02
-1.409330281998865644e+02
-1.326089908080527664e+02
-1.192512570596031480e+02
-1.003169780594781457e+02
-7.618737084085735489e+01
-4.814932764660633069e+01
-1.808631126275274426e+01
1.199773452480382119e+01
4.043184955516986179e+01
6.615161887345986713e+01
8.873496440641783067e+01
1.082453551005260692e+02
1.249877443401121866e+02
1.392882315617676738e+02
1.513729152141165173e+02
1.613663788040736904e+02
1.693765689516590385e+02
1.755989694842277800e+02
1.803717055542432490e+02
1.841437882553811960e+02
1.873654572532473992e+02
1.903500033453385356e+02
1.931729832442188126e+02
1.956619698005011116e+02
1.974913125821285576e+02
1.983425203738271989e+02
1.980490627239613275e+02
1.966489865428308121e+02
1.943240317524317220e+02
1.912713768055502896e+02
1.875867170826467145e+02
1.832171224272190102e+02
1.779901112991555010e+02
1.716833754910467746e+02
1.640944035315586689e+02
1.550930544479226967e+02
1.446650673243193239e+02
1.329582398709776214e+02
1.203230743317564588e+02
1.073147575976906722e+02
9.462151020616819608e+01
8.291946343589363266e+01
7.270609687054879089e+01
6.418830461153159206e+01
5.727140506189677893e+01
5.163653187105852993e+01
4.685600450723772070e+01
4.250081443936114312e+01
3.822004395608983174e+01
3.379055321570579906e+01
2.913953599124815952e+01
2.434006824595419971e+01
1.957920943424997162e+01
1.510401541668297298e+01
1.115813475667963317e+01
7.921930162315428348e+00
5.464453577272472273e+00
3.715300105632817207e+00
2.466597492949576420e+00
1.408369832258440368e+00
1.852443425460972293e-01
-1.542910027788378713e+00
-4.043590050742890796e+00
-7.458032780709070941e+00
-1.176011089407621313e+01
-1.674336720020450997e+01
-2.204404743866776784e+01
-2.719860006989234691e+01
-3.173521530126154389e+01
-3.529545965440920696e+01
-3.775684226022718093e+01
-3.929827710312019917e+01
-4.035722143664403205e+01
-4.148062881729585882e+01
-4.313436397894367502e+01
-4.555737229244775932e+01
-4.871527289002955996e+01
-5.235583887688302696e+01
-5.613224458181633025e+01
-5.974441378749773435e+01
-6.304429546222591796e+01
-6.606245546193426321e+01
-6.895193957284195108e+01
-7.189380910918669088e+01
-7.502447091831066928e+01
-7.841064080720650509e+01
-8.205162183489115080e+01
-8.587839402225658603e+01
-8.974337065999208107e+01
-9.341958839992450692e+01
-9.663542165974382669e+01
-9.915686078142320525e+01
-1.008930367786306448e+02
-1.019660937837106758e+02
-1.026953011087713179e+02
-1.035005865119662758e+02
-1.047825070493887267e+02
-1.068385561000455652e+02
-1.098357257300834107e+02
-1.138171127720119387e+02
-1.187093065399096048e+02
-1.243202198203833575e+02
-1.303450115867944419e+02
-1.363947677629531086e+02
-1.420305438247141296e+02
-1.467688691363992177e+02
-1.500515404843757779e+02
-1.512152197968746918e+02
-1.495116928005978139e+02
-1.442049094852634425e+02
-1.347241571709353991e+02
-1.208155463789804998e+02
-1.026335628769644472e+02
-8.075023670025416322e+01
-5.610056759373559743e+01
-2.989737596540399167e+01
-3.532092307008500853e+00
2.154777270656490629e+01
4.400050143261238134e+01
6.278323840009505830e+01
7.732871942802927379e+01
8.763631318384581448e+01
9.422586178019417957e+01
9.795470173813220072e+01
9.975678236791861764e+01
1.003944884260884010e+02
1.003008155732419908e+02
9.954621706036249407e+01
9.792190277885117666e+01
9.510432667929022443e+01
9.084769570773148928e+01
8.514236857294916661e+01
7.829066491806283068e+01
7.088611320584074349e+01
6.371118903298447833e+01
5.757598387547970731e+01
5.311875041183471780e+01
5.060087439457632286e+01
4.976024572154669556e+01
4.981071651801246958e+01
