7.051160468315052299e+01
-3.701538629916430523e+01
-1.302297108856477905e+02
-1.989282968721885538e+02
-2.394062781441199661e+02
-2.545687820630500084e+02
-2.520063898237570186e+02
-2.410465223175320091e+02
-2.299201984851318059e+02
-2.238660601041453617e+02
-2.244853811585954588e+02
-2.301912025333396343e+02
-2.373156870596747297e+02
-2.414028717533962833e+02
-2.383448559132485514e+02
-2.251839081498916073e+02
-2.005243543216711544e+02
-1.645806633649822857e+02
-1.189463133739238003e+02
-6.619340777120493158e+01
-9.405605311365832222e+00
4.827147328721979136e+01
1.039936731071041578e+02
1.554496830697638643e+02
2.009540104134183593e+02
2.394369408623915376e+02
2.703861599800036402e+02
2.937841300253596160e+02
3.100598653382529619e+02
3.200507781630525415e+02
3.249537181617610031e+02
3.262343842410566594e+02
3.254704722409320539e+02
3.241341576887007250e+02
3.233602307221780165e+02
3.237666035606505375e+02
3.253779323111629083e+02
3.276707871408342498e+02
3.297390938203938049e+02
3.305646558522895475e+02
3.293392235340191974e+02
3.257297693307506279e+02
3.199650721534796958e+02
3.126877783348359117e+02
3.046298787381156217e+02
2.962609281604002263e+02
2.875746928724693134e+02
2.781107752476675046e+02
2.671898820372191494e+02
2.542395570376580451e+02
2.390514311668891878e+02
2.218553724308558515e+02
2.032004505414243454e+02
1.837400860962907245e+02
1.640566615592513813e+02
1.446042388865086536e+02
1.257509295131464171e+02
1.078457393817187295e+02
9.124614796179247378e+01
7.628699904183807234e+01
6.320848347589819838e+01
5.208083902241009611e+01
4.276595647063902561e+01
3.493718595843289876e+01
2.814681135309619364e+01
2.191101625494284733e+01
1.578535741515786839e+01
9.413349973626599976e+00
2.537790630928361324e+00
-5.017579771592039606e+00
-1.336310569187939379e+01
-2.252347975420870085e+01
-3.239262331466377276e+01
-4.271308745456781253e+01
-5.312558119379689714e+01
-6.328772812227471434e+01
-7.301042688267622793e+01
-8.233838000906729349e+01
-9.152100679377375059e+01
-1.008743200062566245e+02
-1.105953599647327223e+02
-1.206177430136551862e+02
-1.305699462911557873e+02
-1.398440337733370313e+02
-1.477478956939928025e+02
-1.537085877995558860e+02
-1.574861812466970719e+02
-1.593289488242270124e+02
-1.599827677677643010e+02
-1.605044285013562160e+02
-1.619210473167655948e+02
-1.648708379962264701e+02
-1.693848435681284741e+02
-1.749035864397569355e+02
-1.805119603029808673e+02
-1.852844490577447232e+02
-1.885974677784892037e+02
-1.902948175971422415e+02
-1.906718277395780774e+02
-1.903257519921634753e+02
-1.899511138293682677e+02
-1.901416957123519751e+02
-1.912437081162675838e+02
-1.933027929477136979e+02
-1.961298514384488954e+02
-1.994615355649873436e+02
-2.031388375767429011e+02
-2.072107614522442987e+02
-2.119035825151345023e+02
-2.174648124847557540e+02
-2.239616048354092470e+02
-2.311417002413778903e+02
-2.384273346404325764e+02
-2.450423561612738581e+02
-2.502232189384059211e+02
-2.534430725409786191e+02
-2.545687820630500084e+02
-2.538857871605499668e+02
-2.519804498612973305e+02
-2.495375437736008450e+02
-2.471494339182031297e+02
-2.452205738481613935e+02
-2.439950635115827424e+02
-2.436607707657553874e+02
-2.444314057730465493e+02
-2.465150307417598867e+02
-2.499477758607050930e+02
-2.543642564088398217e+02
-2.588296721648313223e+02
-2.618383336607045067e+02
-2.615067385868323981e+02
-2.559050361350782623e+02
-2.434214337441550526e+02
-2.230526817175812369e+02
-1.945505325561733514e+02
-1.584154857392269378e+02
-1.157916836731274799e+02
-6.834098863721622763e+01
-1.813642412415504523e+01
3.245552891184985356e+01
8.096912870396776896e+01
1.251330749818600623e+02
1.632033338732545644e+02
1.942250119155382038e+02
2.181309219617358224e+02
2.356443893937920393e+02
2.480157002182415908e+02
2.566665915075383282e+02
2.628448555195166136e+02
2.673941018634995999e+02
2.707047261358195556e+02
2.728352565048958240e+02
2.737189989416392564e+02
2.733450343331847989e+02
2.718358572063499423e+02
2.694072813636864794e+02
2.662519718575032357e+02
2.624165239446564328e+02
2.577402768432289690e+02
2.518953526200321278e+02
2.445203205821115091e+02
2.353908805151199033e+02
2.245448509823496579e+02
2.122964843144236511e+02
1.991307775130370317e+02
1.855267696019822949e+02
1.717882312048791960e+02
1.579572696495349078e+02
1.438556371416570983e+02
1.292392295250982954e+02
1.139884839154436520e+02
9.823994484927632698e+01
8.240501101568193576e+01
6.708235393042838268e+01
5.291351302211045038e+01
4.044668850897539869e+01
3.005788295355101525e+01
2.193443000212009508e+01
1.608591280799785750e+01
1.234973714713362369e+01
1.039493234741567562e+01
9.750194974200027787e+00
9.869172849023840399e+00
1.022273038672193479e+01
1.039289833240714245e+01
1.012977503562726866e+01
9.335191598009714653e+00
7.980277710667422753e+00
6.017634478629695138e+00
3.350466914020884701e+00
-1.332953122934270596e-01
-4.507545610501630051e+00
-9.790663797539458812e+00
-1.598653741973416231e+01
-2.315340482672480960e+01
-3.143130277416992513e+01
-4.097116171387420991e+01
-5.177656771968275251e+01
-6.354232911330178979e+01
-7.559152728799813303e+01
-8.696683567610185150e+01
-9.666206450171868880e+01
-1.039225784941434938e+02
-1.085107958171174971e+02
-1.108292539902137008e+02
-1.118294481259470672e+02
-1.127154691078076354e+02
-1.145474703231151494e+02
-1.178999720188339921e+02
-1.227007058636810228e+02
-1.282977960955461754e+02
-1.337255212767656474e+02
-1.380763083529105302e+02
-1.408398187407048567e+02
-1.420677998406651454e+02
-1.422977912351741452e+02
-1.422908880763975219e+02
-1.427242740048579037e+02
-1.439742172215729283e+02
-1.460539533869177831e+02
-1.486925638822317524e+02
-1.514927345369938791e+02
-1.540924900322241911e+02
-1.562708432596359955e+02
-1.579722140992621746e+02
-1.592692988470006981e+02
-1.603163995729025260e+02
-1.613373669313694450e+02
-1.626435119358714303e+02
-1.646331417627561109e+02
-1.677373369156862566e+02
-1.723336663823232584e+02
-1.786799066879816280e+02
-1.868861757064740914e+02
-1.968928017085451927e+02
-2.084172649592250934e+02
-2.208725847937332389e+02
-2.332882781014515388e+02
-2.442686041164883477e+02
-2.520302507767060263e+02
-2.545687820630500084e+02
-2.499698728029395625e+02
-2.368094637619963692e+02
-2.145279310488571411e+02
-1.836535725238787222e+02
-1.457928066658835178e+02
-1.033855571589740805e+02
-5.931227737217420071e+01
-1.648744806413855102e+01
2.244579476970729104e+01
5.528267092168728425e+01
8.033655520086206536e+01
9.652700683786264335e+01
1.035387883503115916e+02
1.020168773771380302e+02
9.366289278937333052e+01
8.107739401423697245e+01
6.727971582142804152e+01
5.498513269646744561e+01
4.585359631453623308e+01
3.999114314065209896e+01
3.594590890409311612e+01
