1.606920097690744953e+01
3.115012047576759091e+00
-9.291543155373187091e+00
-2.073158125215497449e+01
-3.098160797978065517e+01
-3.998989788898026632e+01
-4.779515627317618254e+01
-5.443525311390563104e+01
-5.987988313758286552e+01
-6.399670675029278755e+01
-6.654401226256965174e+01
-6.718352828452435688e+01
-6.551872716055589763e+01
-6.116748989693370220e+01
-5.386533616370798683e+01
-4.357925082675097173e+01
-3.060286071303128708e+01
-1.559882051108486678e+01
4.448838708097340167e-01
1.636052100054594760e+01
3.102488691382031050e+01
4.359242934938522751e+01
5.364406583510437088e+01
6.118647664702692879e+01
6.651098482058135630e+01
6.999612270058085528e+01
7.195852401037697632e+01
7.260738654799510527e+01
7.208174103417863421e+01
7.050768577262223857e+01
6.802412761801201668e+01
6.476722210645533551e+01
6.084393570657849182e+01
5.633481648686379373e+01
5.133186443518343367e+01
4.597125937910809768e+01
4.041658640551835191e+01
3.479335380584817017e+01
2.912218016568799328e+01
2.330408022899788278e+01
1.717723557330139883e+01
1.061873443910249293e+01
3.638041445015689490e+00
-3.584337246463599413e+00
-1.072907296465898064e+01
-1.742337279967565067e+01
-2.334089894745586946e+01
-2.827721919681221507e+01
-3.217737634110095968e+01
-3.511389412719786662e+01
-3.723530529969232816e+01
-3.871809762225456097e+01
-3.974490969679580132e+01
-4.050415571630800571e+01
-4.118983867633895812e+01
-4.198904605104476673e+01
-4.306058954801713412e+01
-4.451240081359272693e+01
-4.638035597865716397e+01
-4.861140450413819991e+01
-5.106368621115209550e+01
-5.354075479327183018e+01
-5.585891206381624841e+01
-5.791553664137571644e+01
-5.971527261825585242e+01
-6.133610644289007041e+01
-6.285699366542681332e+01
-6.429191266213473455e+01
-6.556990801016380033e+01
-6.657093833331110488e+01
-6.719012489041429603e+01
-6.738576898315238850e+01
-6.718352828452435688e+01
-6.664220644262036330e+01
-6.580712775800463987e+01
-6.467913978612313031e+01
-6.322467653829705370e+01
-6.143094043500180135e+01
-5.937429704091622540e+01
-5.724671201044748869e+01
-5.530592755399458582e+01
-5.376975155057765932e+01
-5.271644404039010112e+01
-5.204791649318185165e+01
-5.152949852378392848e+01
-5.087569207658384585e+01
-4.983467434735045032e+01
-4.823644758192799742e+01
-4.599196443425835668e+01
-4.305018596583523305e+01
-3.933522362566770880e+01
-3.469306154668762332e+01
-2.887325934222449320e+01
-2.155958916637636946e+01
-1.244776087598457792e+01
-1.349017364364822669e+00
1.171555817245778286e+01
2.646474436814499498e+01
4.237143532869144025e+01
5.873689152311433048e+01
7.479411164765815556e+01
8.980315736651458280e+01
1.031213718022421801e+02
1.142549260173611856e+02
1.229021950283577809e+02
1.289856743644615449e+02
1.326553281215663560e+02
1.342504976831108365e+02
1.342296332181295782e+02
1.330919003564119691e+02
1.313045460851341204e+02
1.292340635311734047e+02
1.270836574334473141e+02
1.248572160024764486e+02
1.223756673168542477e+02
1.193547909542400731e+02
1.155235793366583152e+02
1.107392138668408847e+02
1.050565470540640973e+02
9.873390419313250277e+01
9.218119372997142591e+01
8.586705475894859774e+01
8.020541820101070130e+01
7.544683723472067527e+01
7.160426912978012126e+01
6.844079452596926672e+01
6.553393304088461946e+01
6.240731060531283703e+01
5.869241456921335498e+01
5.426346959862048891e+01
4.928887219243364370e+01
4.417063633104132236e+01
3.939382485418964563e+01
3.535447262367073051e+01
3.224292312834563745e+01
3.002051800112308655e+01
2.846999002367982712e+01
2.726682110047215701e+01
2.603136089516803509e+01
2.436238934863015260e+01
2.188194420145150332e+01
1.831205405447288470e+01
1.356804977866441675e+01
7.824136395446046777e+00
1.505789728675388517e+00
-4.810422384613332270e+00
-1.056687841755606172e+01
-1.540463047955248044e+01
-1.928409912385865965e+01
-2.250191009348939986e+01
-2.559491126681508888e+01
-2.915460868918418669e+01
-3.360478565804271511e+01
-3.901742376316924776e+01
-4.503865142279121869e+01
-5.095969412119231379e+01
-5.591627065739855595e+01
-5.915765641998210356e+01
-6.030177987933996064e+01
-5.948685150443623115e+01
-5.735430727019151220e+01
-5.485910488437609445e+01
-5.297800749400306586e+01
-5.242840202326827637e+01
-5.349325153849612491e+01
-5.599033276237605605e+01
-5.936596602894098851e+01
-6.286058996091925621e+01
-6.568826359263734105e+01
-6.718352828452435688e+01
-6.688336878212152214e+01
-6.452746209536485367e+01
-5.998841038037942042e+01
-5.317737219907462531e+01
-4.399337632113440577e+01
-3.236101445544179001e+01
-1.834274040471822786e+01
-2.262056802931873278e+00
1.523608485522855105e+01
3.323327113762661611e+01
5.069306268501591006e+01
6.667657336330415774e+01
8.054073133646022598e+01
9.204416256718486977e+01
1.013261405707488194e+02
1.087813301050481698e+02
1.148906105496567704e+02
1.200683805305015994e+02
1.245617370500500840e+02
1.284093856784438685e+02
1.314531236885484304e+02
1.333946273112794643e+02
1.338930777718161949e+02
1.326887384564413424e+02
1.297160668594191009e+02
1.251604246833914686e+02
1.194305405809804057e+02
1.130523285217125533e+02
1.065164530851267415e+02
1.001269142538088914e+02
9.390501524126511868e+01
8.759400138796804924e+01
8.077465033004405370e+01
7.305598173044415944e+01
6.427597272670547568e+01
5.464342965772495830e+01
4.476438254704088138e+01
3.552283985369740549e+01
2.783442370558980983e+01
2.235260134715591818e+01
1.924389618544322644e+01
1.812819728517924034e+01
1.820994577058710462e+01
1.854442589248590423e+01
1.832940747625519151e+01
1.710809963254493482e+01
1.481739634827199303e+01
1.169343824630512785e+01
8.110498896265728064e+00
4.440357272449550585e+00
9.788597154890306129e-01
-2.066792460656896591e+00
-4.567351983155911732e+00
-6.474006369997291621e+00
-7.844241970023649202e+00
-8.868438561165397971e+00
-9.862575517498328281e+00
-1.121049221706659438e+01
-1.326848033494285062e+01
-1.626281525058987398e+01
-2.021206777839512370e+01
-2.489909774224117456e+01
-2.990619539565548735e+01
-3.470757637727442102e+01
-3.879335581750807194e+01
-4.179372925124928173e+01
-4.357996200493556671e+01
-4.432195085757551567e+01
-4.447655429612429145e+01
-4.468586640877495597e+01
-4.559554690474884353e+01
-4.764650912676680150e+01
-5.091674204390510283e+01
-5.507639292526621944e+01
-5.947746315661247252e+01
-6.334979639926595496e+01
-6.603600305927815839e+01
-6.718352828452435688e+01
-6.682864632537362581e+01
-6.535016647070780493e+01
-6.332284598820683641e+01
-6.133545915404987170e+01
-5.983693978453664641e+01
-5.904452805665255966e+01
-5.891962332887443665e+01
-5.920597121768518889e+01
-5.952033532969856822e+01
-5.947406969655126829e+01
-5.878929726958678259e+01
-5.737242917596711322e+01
-5.532721155888714293e+01
-5.291481756359684141e+01
