1.751159465796133077e+02
7.615189943764460168e+01
-1.031103400205373077e+01
-7.487648487885434179e+01
-1.133836915695832204e+02
-1.271509397959772514e+02
-1.216579873228754423e+02
-1.043985254793417425e+02
-8.272366696992531843e+01
-6.227613256814132114e+01
-4.627383674925960122e+01
-3.559184742027571247e+01
-2.939016213342921446e+01
-2.595758907752028222e+01
-2.347524576809263408e+01
-2.051745414576819826e+01
-1.625178310521701519e+01
-1.041028826043230993e+01
-3.145160881415648646e+00
5.133888980177118810e+00
1.388494081012100878e+01
2.251192243631160750e+01
3.041887625798884187e+01
3.707151713937375348e+01
4.207854922909520212e+01
4.527558699526397845e+01
4.677509369733890310e+01
4.695053176975227416e+01
4.635027857303639109e+01
4.557103577636701175e+01
4.513889781139113211e+01
4.543327654422201078e+01
4.665414177381389038e+01
4.880982155139876966e+01
5.171396543902595511e+01
5.500856438518795244e+01
5.823426339242637084e+01
6.093723048369663786e+01
6.276837984021946681e+01
6.353520828699588208e+01
6.320556178360888566e+01
6.189737452273932661e+01
5.988769570035033496e+01
5.764010085969282216e+01
5.581187424001426223e+01
5.519791565042530124e+01
5.660604427049608489e+01
6.070240130419201563e+01
6.787653502893239477e+01
7.815831171129086385e+01
9.120146132326551935e+01
1.063388859197952456e+02
1.227028263182307910e+02
1.393831328768889364e+02
1.555747591281643736e+02
1.706604491786557674e+02
1.842052951761164081e+02
1.958928652267451298e+02
2.054636363913070909e+02
2.126993942220672125e+02
2.174553430002430332e+02
2.197143646478846790e+02
2.196333793099013292e+02
2.175543347785430228e+02
2.139590128629608330e+02
2.093683308156331009e+02
2.042183676612535237e+02
1.987614902719650445e+02
1.930277229067283997e+02
1.868549686243843553e+02
1.799759203063252926e+02
1.721342353355693149e+02
1.631915683088271862e+02
1.531905155170189232e+02
1.423589432658600060e+02
1.310640992516892993e+02
1.197358400784587218e+02
1.087777773977648792e+02
9.848562691545875225e+01
8.899908927604144537e+01
8.031143728371986867e+01
7.233425845734051052e+01
6.498081297927498667e+01
5.822204406045697311e+01
5.208939695932152603e+01
4.662996734675380850e+01
4.184493294509636740e+01
3.764727630246123624e+01
3.385422803434867944e+01
3.020404749617500784e+01
2.638405890117849850e+01
2.207520673827953317e+01
1.702527819032939860e+01
1.113733453389486705e+01
4.524095347140720591e+00
-2.521697665594005322e+00
-9.642905866835238982e+00
-1.656219051951643451e+01
-2.317350588931472544e+01
-2.952616911094892060e+01
-3.570838940055654120e+01
-4.170262312550244843e+01
-4.731320358962626926e+01
-5.222818208807390761e+01
-5.619002054389190448e+01
-5.917475343322340109e+01
-6.146910853272937914e+01
-6.359336484843525028e+01
-6.610513829598180280e+01
-6.938295464633910115e+01
-7.349244370936600035e+01
-7.818733222700471686e+01
-8.303142788872962399e+01
-8.758158099878697556e+01
-9.155472681501098009e+01
-9.491400788757010787e+01
-9.784881245499761349e+01
-1.006749874917263838e+02
-1.037112759591579021e+02
-1.071779299233132008e+02
-1.111324325844160086e+02
-1.154376993106041311e+02
-1.197583963666401843e+02
-1.235848572533797949e+02
-1.262808907891144656e+02
-1.271509397959772372e+02
-1.255300824698700666e+02
-1.208996720910010794e+02
-1.130055731501536371e+02
-1.019390496383504114e+02
-8.814354975639379575e+01
-7.234515280422506578e+01
-5.543594496855118336e+01
-3.834691640559029224e+01
-2.193838286494533918e+01
-6.925112424080580809e+00
6.159365101627827244e+00
1.697057106791191927e+01
2.535266712221657315e+01
3.134015342200723353e+01
3.515309527311870852e+01
3.716828148695579870e+01
3.785612155775847043e+01
3.768766427811741693e+01
3.703182421121751133e+01
3.607658156536972882e+01
3.480703276108091160e+01
3.305014939239619309e+01
3.056582736809262713e+01
2.714788400376923505e+01
2.270265902911333455e+01
1.728565566207802817e+01
1.108658448769548954e+01
4.364286914844697662e+00
-2.644805254601166666e+00
-9.798703330301883341e+00
-1.706002297877428475e+01
-2.443790138680365231e+01
-3.189850341392028099e+01
-3.929815094562010813e+01
-4.637357017138741355e+01
-5.278720567356555904e+01
-5.820102486500896788e+01
-6.235110801037590278e+01
-6.510751083938615125e+01
-6.651515398086635855e+01
-6.681410059308703353e+01
-6.642969181469705120e+01
-6.591429292543460861e+01
-6.583233716241943512e+01
-6.661270288337186685e+01
-6.842255072984308129e+01
-7.111858377768746209e+01
-7.430436083330003783e+01
-7.748069398171649880e+01
-8.023479817390355606e+01
-8.239043127835149960e+01
-8.405392278328622524e+01
-8.553855767761488949e+01
-8.720857574230598175e+01
-8.932343198048187105e+01
-9.195816800858631268e+01
-9.502523185051958876e+01
-9.835997750194513856e+01
-1.018015879755517261e+02
-1.052226286270695823e+02
-1.085107052584518215e+02
-1.115382940944904391e+02
-1.141488501991114646e+02
-1.161638463332156448e+02
-1.174104811699021269e+02
-1.177774300244391128e+02
-1.172950237798561659e+02
-1.162035597795182156e+02
-1.149544659261366064e+02
-1.141120176934900599e+02
-1.141758419538512470e+02
-1.153926570518660526e+02
-1.176448350634346696e+02
-1.204807879238999959e+02
-1.232870187940052773e+02
-1.255217114275319688e+02
-1.268900997876838659e+02
-1.273786623995380580e+02
-1.271509397959772372e+02
-1.263739009962172446e+02
-1.250526293198732617e+02
-1.229276133469037973e+02
-1.194600301977623786e+02
-1.139219694421565947e+02
-1.055864551459838907e+02
-9.397273883560242780e+01
-7.906841324388904013e+01
-6.144669209922592046e+01
-4.223014650961953009e+01
-2.290438540170865522e+01
-5.030306798534688539e+00
1.007309229592261346e+01
2.159651019763748536e+01
2.938481597520360822e+01
3.391114944769635997e+01
3.608512631231143075e+01
3.695430006738698125e+01
3.739187062732899847e+01
3.786930273731940133e+01
3.838913504234693619e+01
3.859870978276613585e+01
3.803018431965807622e+01
3.635099915225615064e+01
3.350480021805793740e+01
2.968646638085854761e+01
2.518694018965982195e+01
2.020528517212598274e+01
1.472675354990808216e+01
8.520510292508134853e+00
1.251585007051083664e+00
-7.347582436317551924e+00
-1.732587470908881500e+01
-2.845280182024924187e+01
-4.027352983048906765e+01
-5.224275753296156211e+01
-6.385787467165963704e+01
-7.472084425364144522e+01
-8.451470491097828130e+01
-9.294084731644316832e+01
-9.968572245569033896e+01
-1.044636777125828928e+02
-1.071343439660510057e+02
-1.078429795292399689e+02
-1.071062797085056388e+02
-1.057800703508629283e+02
-1.048908464288250855e+02
-1.053669470484610144e+02
-1.077480354063901871e+02
-1.119707593870340361e+02
-1.173139772423109548e+02
-1.225414126639614665e+02
-1.262216582433295855e+02
-1.271509397959772230e+02
-1.247589217782008291e+02
-1.193556606203733992e+02
-1.121045855736761609e+02
