-5.962358847274741969e+00
-6.882557247915322307e+01
-1.230163027910526665e+02
-1.622093191193447979e+02
-1.837455528495114550e+02
-1.886587088002004293e+02
-1.805677282887659203e+02
-1.640585045174577203e+02
-1.432291525789744355e+02
-1.208420388326342305e+02
-9.818814223209629688e+01
-7.548942767696914302e+01
-5.252598498878901268e+01
-2.918238557406784750e+01
-5.724875311595901906e+00
1.721974934746074837e+01
3.888835042633950678e+01
5.866441420401319817e+01
7.628993881421281742e+01
9.192570751516240080e+01
1.060463360682908274e+02
1.192250093554851844e+02
1.319075112786242698e+02
1.442756252627860647e+02
1.562536369040446687e+02
1.676360592168401809e+02
1.782495557956895027e+02
1.880512511660757582e+02
1.971180672831410732e+02
2.055559675041035348e+02
2.133968681418811286e+02
2.205356302896420857e+02
2.267212186861048338e+02
2.315911200261884346e+02
2.347322242102065672e+02
2.357530818593563708e+02
2.343539714081171610e+02
2.303809426191892840e+02
2.238510141280787593e+02
2.149423243268562373e+02
2.039545323937039427e+02
1.912559939582038453e+02
1.772406754831616240e+02
1.623150617504180389e+02
1.469186771182515940e+02
1.315548005154269049e+02
1.167891533670085238e+02
1.031850158984048562e+02
9.118443119525987584e+01
8.098981108729520884e+01
7.251218673628480360e+01
6.542029665181074449e+01
5.927354087068765409e+01
5.368309355372020519e+01
4.843115487198750202e+01
4.349231539021880621e+01
3.894878614947620576e+01
3.485671611691829241e+01
3.115681027648109591e+01
2.769269224945675489e+01
2.432356496228862142e+01
2.105273256297711981e+01
1.808574485478837346e+01
1.577954819573172784e+01
1.450812161604512163e+01
1.450919421493625627e+01
1.577658450956077907e+01
1.803750892975765296e+01
2.082302401017671656e+01
2.360869940813316958e+01
2.597137028563202321e+01
2.768943447898318766e+01
2.873303810811376735e+01
2.915033707974403399e+01
2.892116878221261089e+01
2.787287613257709751e+01
2.571771047867460780e+01
2.219802981403986664e+01
1.725633573505282570e+01
1.112636228918390557e+01
4.286845897087395940e+00
-2.699297829472019572e+00
-9.378052638394606788e+00
-1.554376199865964026e+01
-2.127929128915260293e+01
-2.689698947480793123e+01
-3.280846817993544562e+01
-3.936700075581008207e+01
-4.673917164971756222e+01
-5.485957416428468036e+01
-6.348748958609681381e+01
-7.233251390245449386e+01
-8.118438499539642805e+01
-8.998942012178096661e+01
-9.884809263703579063e+01
-1.079414975092772693e+02
-1.174177065835369831e+02
-1.272816282285901934e+02
-1.373303881743250088e+02
-1.471587560793519458e+02
-1.562348989618604946e+02
-1.640248719762778080e+02
-1.701269106021591142e+02
-1.743693483710308954e+02
-1.768384720808118686e+02
-1.778340140493411639e+02
-1.777819898872583337e+02
-1.771445496288362165e+02
-1.763508508259738790e+02
-1.757517463130269846e+02
-1.755935600859856436e+02
-1.760099690228915108e+02
-1.770310765744204105e+02
-1.786012255318105701e+02
-1.805932551073292984e+02
-1.828142734727276775e+02
-1.850107137216677415e+02
-1.868893569113728574e+02
-1.881689887465208244e+02
-1.886587088002004293e+02
-1.883292590517206690e+02
-1.873271540146086522e+02
-1.859016600497100455e+02
-1.842616398456887339e+02
-1.824176658740899484e+02
-1.800715243538529080e+02
-1.766005779037943739e+02
-1.711565918987341206e+02
-1.628551141647638758e+02
-1.509890853989105608e+02
-1.351910266166740371e+02
-1.154998958535320810e+02
-9.233618243643874735e+01
-6.642039598315388105e+01
-3.867107214825013273e+01
-1.009838520919704763e+01
1.830506965924958251e+01
4.566893253661145025e+01
7.132773163101241209e+01
9.487009783785531170e+01
1.161560814289839527e+02
1.353030596377497830e+02
1.526301582696177377e+02
1.685564008180502071e+02
1.834766422923133291e+02
1.976640836471755165e+02
2.112369699068647151e+02
2.241879086003892212e+02
2.364453923850911963e+02
2.479355143990403576e+02
2.586232450769384741e+02
2.685256167153381739e+02
2.777010635582894906e+02
2.862220340504541127e+02
2.941317547712972100e+02
3.013860214478903572e+02
3.077930385963784374e+02
3.129760208214822796e+02
3.163842113370981224e+02
3.173681693432554312e+02
3.153166216507993340e+02
3.098285268596044943e+02
3.008731692824849233e+02
2.888823724473294874e+02
2.747303809598704447e+02
2.595910115928111850e+02
2.447058648655211641e+02
2.311272557380284240e+02
2.195032672947829724e+02
2.099620980223090498e+02
2.021366844783810848e+02
1.953345688011854122e+02
1.887984982927421242e+02
1.819533030851848991e+02
1.745352135386177110e+02
1.665583628554605298e+02
1.581583924798095779e+02
1.494159979906073374e+02
1.402640774899900862e+02
1.305187843129338603e+02
1.199934597164900367e+02
1.086130446929272608e+02
9.646299338381626853e+01
8.375566940100570434e+01
7.074556562786536063e+01
5.764927195567431539e+01
4.461459926132285148e+01
3.174388713073543755e+01
1.913955592415480567e+01
6.933475631428356323e+00
-4.713846794540170748e+00
-1.562977900521230978e+01
-2.564271773947219302e+01
-3.459174086256735592e+01
-4.234754684193841001e+01
-4.884977404754692998e+01
-5.414075579118344450e+01
-5.836232016257547883e+01
-6.169869447042394484e+01
-6.428828587850840393e+01
-6.615938604886251539e+01
-6.723776090024789198e+01
-6.742700935921031657e+01
-6.671258595303699224e+01
-6.522804267791036636e+01
-6.325262317009892854e+01
-6.115286248590446405e+01
-5.930428421863569355e+01
-5.802231579103062842e+01
-5.751072044140614992e+01
-5.782786272216828394e+01
-5.888033756350894521e+01
-6.045467630408111148e+01
-6.227765067731355231e+01
-6.407837931636515805e+01
-6.563405993649971037e+01
-6.680037178676893461e+01
-6.753049458424590057e+01
-6.787645552405942340e+01
-6.796729519442618539e+01
-6.797524058269223701e+01
-6.809082254925264976e+01
-6.851497545765272434e+01
-6.945565261265355161e+01
-7.111257248623395810e+01
-7.364905795883625217e+01
-7.716458940268792333e+01
-8.167789601625796081e+01
-8.711551742868263659e+01
-9.329794664460901288e+01
-9.993127944382028716e+01
-1.066267260526660436e+02
-1.129618041075993631e+02
-1.185693565299290952e+02
-1.232200885934928749e+02
-1.268698885108142633e+02
-1.296657483060192817e+02
-1.319204625743533938e+02
-1.340657120934402542e+02
-1.365864768814008698e+02
-1.399422443134852756e+02
-1.444876277946959817e+02
-1.504000674960596200e+02
-1.576097207588516653e+02
-1.657311963069698493e+02
-1.740236297353064003e+02
-1.814259755555724212e+02
-1.866989284690710349e+02
-1.886587088002004293e+02
-1.864430874950570001e+02
-1.797288887814945895e+02
-1.688243187394470795e+02
-1.545911118548098102e+02
-1.382140613273741394e+02
-1.209036230486952377e+02
-1.036418664201742530e+02
-8.704487678058546862e+01
-7.135241879650975250e+01
-5.651400301096016676e+01
-4.232746336877022486e+01
-2.858136085771014834e+01
-1.514691049081420715e+01
