4.841843956842317453e+01
1.553148876515554377e+02
2.462315459567344078e+02
3.093935061293802846e+02
3.399611770469476824e+02
3.402050381960751793e+02
3.176064933185555219e+02
2.819393185753036732e+02
2.424474530688262064e+02
2.058934353605687306e+02
1.757797087885682288e+02
1.526299608975252511e+02
1.349529393942801505e+02
1.204225841559035075e+02
1.068763154363358723e+02
9.290419980291530067e+01
7.799837101414205165e+01
6.237780852400763365e+01
4.665933495461909786e+01
3.152725852846167953e+01
1.750156480418385030e+01
4.842834998908465138e+00
-6.426954524014089287e+00
-1.644523425600416644e+01
-2.542607841247777145e+01
-3.359822035339943369e+01
-4.116256319442986467e+01
-4.826533142452672109e+01
-5.499076074382323043e+01
-6.137683034470430954e+01
-6.745079284247100304e+01
-7.327591124777796949e+01
-7.899095159544010869e+01
-8.480908507637587945e+01
-9.094663974281158403e+01
-9.749312944229671984e+01
-1.042888736735147148e+02
-1.108973641526118570e+02
-1.167221967714877593e+02
-1.212413912211598443e+02
-1.242587339166864098e+02
-1.260461035813867596e+02
-1.272940324292340506e+02
-1.288802831826357078e+02
-1.315533383487071433e+02
-1.356611469917101829e+02
-1.410287440381293038e+02
-1.470251883052247877e+02
-1.527863448629478285e+02
-1.575015358723141787e+02
-1.606559689717517756e+02
-1.621531110505946458e+02
-1.622993317770726378e+02
-1.616860596292525543e+02
-1.610299793834086302e+02
-1.610240710965884148e+02
-1.622240753950194119e+02
-1.649663540907080517e+02
-1.693027456557850599e+02
-1.749546579637669197e+02
-1.813174105843517339e+02
-1.875540336045132790e+02
-1.927845332732293286e+02
-1.963163672234565524e+02
-1.978227762427175378e+02
-1.973995421503319392e+02
-1.954985520601572944e+02
-1.927851737828700038e+02
-1.899701716660903230e+02
-1.876556062884852167e+02
-1.862309374810850784e+02
-1.858477443085157859e+02
-1.864732367927327914e+02
-1.879826339083755613e+02
-1.902264195436075624e+02
-1.930206413080405241e+02
-1.960467799477779351e+02
-1.986884757069727243e+02
-1.998690842387119062e+02
-1.979837995760435660e+02
-1.910147519870646136e+02
-1.768542224639857352e+02
-1.537679324190930004e+02
-1.208607551195928238e+02
-7.839013544012543377e+01
-2.781123152319336356e+01
2.847433679329008882e+01
8.758246620737011767e+01
1.466571517513170306e+02
2.032619290214713033e+02
2.555715857091595069e+02
3.023919066185704310e+02
3.430942399864866843e+02
3.775375358891297992e+02
4.059971774850207566e+02
4.290796090908831957e+02
4.476008207854656007e+02
4.624342579149750350e+02
4.743591512609905294e+02
4.839423442334327206e+02
4.914731382259932388e+02
4.969604608811770845e+02
5.001938055146275133e+02
5.008534367269194831e+02
4.986378428474581028e+02
4.933713682009651507e+02
4.850651046020172430e+02
4.739223593339490321e+02
4.602951710804281902e+02
4.446051405387577233e+02
4.272490185087501686e+02
4.085218330735900167e+02
3.885928003230080776e+02
3.675488911688779012e+02
3.454886381352470721e+02
3.226251913969412044e+02
2.993524565074495172e+02
2.762401312120806551e+02
2.539477542696521084e+02
2.330774593371488095e+02
2.140111909923614917e+02
1.967924061161270401e+02
1.811074613981515427e+02
1.663919976123125082e+02
1.520356618729036882e+02
1.376066470289278811e+02
1.229992338288497251e+02
1.084403493850787470e+02
9.435929829373344546e+01
8.118836689185903310e+01
6.918489048494711824e+01
5.834144778403303633e+01
4.840344359956523590e+01
3.897205899964181697e+01
2.965002631334915861e+01
2.018176733255430122e+01
1.053928378152534151e+01
9.191365952819694485e-01
-8.348862865600352734e+00
-1.694162648374037872e+01
-2.467284451332034223e+01
-3.156177988493044495e+01
-3.781788431062392419e+01
-4.375810309213412097e+01
-4.970435369169265982e+01
-5.590813534075138591e+01
-6.251922544298483331e+01
-6.958497549504474478e+01
-7.706078263618246638e+01
-8.482518724045564795e+01
-9.270291133072618095e+01
-1.004983529749697198e+02
-1.080374207172491481e+02
-1.152079231874244556e+02
-1.219763502983084038e+02
-1.283586386176355063e+02
-1.343532718528400665e+02
-1.398860316024463941e+02
-1.448192798310918192e+02
-1.490313815607126458e+02
-1.525144918305134638e+02
-1.554241480048594326e+02
-1.580539992843470145e+02
-1.607632400474424230e+02
-1.639037083047534793e+02
-1.677685573987940870e+02
-1.725452205410502984e+02
-1.782401912733969311e+02
-1.845666786212796069e+02
-1.908267341952663969e+02
-1.958420116339089532e+02
-1.979837995760435660e+02
-1.953395616375357235e+02
-1.860295297946391884e+02
-1.686340270210640711e+02
-1.426019648650105864e+02
-1.084802499300278100e+02
-6.786328036224830385e+01
-2.308069125236576724e+01
2.326366754350011945e+01
6.876351919531350632e+01
1.115794772005725548e+02
1.506328763943715785e+02
1.855975277889348831e+02
2.167158929516989758e+02
2.445130364445430189e+02
2.695034991050331428e+02
2.919760918360673827e+02
3.119080091474511960e+02
3.290160788806189203e+02
3.429098921030080760e+02
3.532787192118161101e+02
3.600332882355468769e+02
3.633434996469304679e+02
3.635597562108966372e+02
3.610573879873859937e+02
3.560749696060039469e+02
3.486165566508274196e+02
3.384601072641716542e+02
3.252730950036957438e+02
3.087972783990722405e+02
2.890406887761849362e+02
2.664120657446260338e+02
2.417484237165313630e+02
2.162121008369622643e+02
1.910682895359666986e+02
1.674019728819081081e+02
1.458753228398017825e+02
1.266200062360404957e+02
1.092944558468392842e+02
9.326371230016899005e+01
7.782731762163369638e+01
6.242755092236191672e+01
4.679012653563830781e+01
3.096854209077830689e+01
1.528415648093027812e+01
1.842331858524630661e-01
-1.392520051516316570e+01
-2.680003733326860882e+01
-3.838659710740532205e+01
-4.876820590786037002e+01
-5.808821445979159392e+01
-6.651279024465831924e+01
-7.425411047524244168e+01
-8.161647696494341631e+01
-8.899829078856187436e+01
-9.680399250388589394e+01
-1.052810126788690326e+02
-1.143607893541571059e+02
-1.236052406735904157e+02
-1.323180939479957203e+02
-1.397957119326317468e+02
-1.456154091884062041e+02
-1.498334513285051628e+02
-1.530017059799160677e+02
-1.559921439676970181e+02
-1.597010940271873949e+02
-1.647465890359606249e+02
-1.712581334789891514e+02
-1.788134224113502739e+02
-1.865302233303669937e+02
-1.932827995095278766e+02
-1.979837995760435660e+02
-1.998615788137825291e+02
-1.986696709947962063e+02
-1.947796046390723177e+02
-1.891251745297122397e+02
-1.829953080990883336e+02
-1.777204268339442592e+02
-1.743424651096567288e+02
-1.733688358210105491e+02
-1.746812755623727469e+02
-1.776232417079969537e+02
-1.812387378622185850e+02
-1.845876101929831918e+02
-1.870356609577819427e+02
-1.884280992015058871e+02
-1.890907095092344434e+02
-1.896472797455845694e+02
-1.907019800418975706e+02
-1.925156766758969695e+02
-1.948545090063190912e+02
