6.740914164214248672e+01
-3.167651127583074810e+01
-1.192044852209574515e+02
-1.862534367898295784e+02
-2.284570036730164304e+02
-2.464797322872351231e+02
-2.451137362706212741e+02
-2.314358455918082029e+02
-2.126961974247302294e+02
-1.945868641948736411e+02
-1.803146034114701877e+02
-1.705810216732353126e+02
-1.642769041801279002e+02
-1.595147877180138778e+02
-1.545930154870482909e+02
-1.485964162341103645e+02
-1.415336521518444783e+02
-1.340942637666989299e+02
-1.272100963309674455e+02
-1.216189022974319300e+02
-1.175810094523524754e+02
-1.148223915739961001e+02
-1.126899057247256906e+02
-1.104266250832457956e+02
-1.074372432422491670e+02
-1.034414477992548029e+02
-9.849125017447173036e+01
-9.289681381762480328e+01
-8.711674875757051950e+01
-8.163822629613798654e+01
-7.685326580870756175e+01
-7.295157243360091570e+01
-6.986701595414558597e+01
-6.730551288800381826e+01
-6.485450654211959431e+01
-6.214471300018482225e+01
-5.900672398182030065e+01
-5.554998538034294597e+01
-5.211450283708921916e+01
-4.910864045853628568e+01
-4.681016129264529013e+01
-4.522630017621526122e+01
-4.407377608588495832e+01
-4.288077166861876321e+01
-4.116443794653750388e+01
-3.861284738073530320e+01
-3.519848892162715970e+01
-3.117720903009265498e+01
-2.698332980997156483e+01
-2.308647907473178407e+01
-1.988397611547128463e+01
-1.765908891118533575e+01
-1.657898997122481433e+01
-1.667922353008961522e+01
-1.779546177450816913e+01
-1.943977496270520078e+01
-2.065748015490711964e+01
-1.993484081481594217e+01
-1.524637648659728484e+01
-4.307481151401958641e+00
1.497948038124715708e+01
4.399657417265329684e+01
8.297004004652120557e+01
1.307735910390418326e+02
1.850505874829368906e+02
2.426270178153253596e+02
3.001027088765977169e+02
3.544646301817593894e+02
4.035658308112116401e+02
4.463570507566230390e+02
4.828395242052231424e+02
5.137938549770690315e+02
5.403889578948314920e+02
5.637784175349023599e+02
5.847731566676791317e+02
6.036561114056914903e+02
6.201733932822083943e+02
6.336929138608221592e+02
6.434728198143627651e+02
6.489452034478683800e+02
6.499158039220212686e+02
6.466167719333949435e+02
6.396120039678368130e+02
6.296105550359984591e+02
6.172641336173493301e+02
6.030075568995837330e+02
5.869744904828032759e+02
5.690099382058075435e+02
5.487959676271357239e+02
5.260785639221587644e+02
5.009254299260829839e+02
4.738959922121991895e+02
4.460209928387945411e+02
4.185792947185880166e+02
3.927623771349631170e+02
3.693591857258641085e+02
3.485665819463463322e+02
3.299778962998365159e+02
3.127519285130783828e+02
2.959127793822168542e+02
2.786809536994745713e+02
2.607151571311036378e+02
2.421765052418268738e+02
2.236054141869228147e+02
2.056820223866120330e+02
1.889755320642970844e+02
1.737689867726026023e+02
1.600034517479064959e+02
1.473433498230555188e+02
1.353265815309870845e+02
1.235353098650199968e+02
1.117220643840207117e+02
9.985417122771229970e+01
8.807659602377086117e+01
7.661764454669028623e+01
6.567257995896544287e+01
5.530556612739637501e+01
4.541019499793100067e+01
3.575399133835770726e+01
2.609582524048373386e+01
1.631824271111135261e+01
6.494107322172936847e+00
-3.161020381010217761e+00
-1.242716152738782398e+01
-2.122715393200508061e+01
-2.969828874477192926e+01
-3.815087041276350988e+01
-4.693828562046456909e+01
-5.630443711284013375e+01
-6.627487857927650339e+01
-7.662548676643189083e+01
-8.692695633822432910e+01
-9.664541233522257357e+01
-1.052733008553429102e+02
-1.124604839912118450e+02
-1.181169354408224592e+02
-1.224675450714583462e+02
-1.260458363594046887e+02
-1.296140606038896124e+02
-1.340080660371501438e+02
-1.399342430760653997e+02
-1.477715852995412718e+02
-1.574338694797336586e+02
-1.683347647002343308e+02
-1.794845498571841347e+02
-1.897164252849467232e+02
-1.979859977495298438e+02
-2.036455849227987471e+02
-2.066063227181827244e+02
-2.073554612153351684e+02
-2.068465474124282935e+02
-2.062975694485943166e+02
-2.069287845478076235e+02
-2.096764301601233740e+02
-2.149369682159551473e+02
-2.224062772733423401e+02
-2.310603700167874592e+02
-2.392844927438109437e+02
-2.451137362706212741e+02
-2.465176478037991785e+02
-2.416606388454844421e+02
-2.291066064486667244e+02
-2.079775259895272086e+02
-1.780901795601726008e+02
-1.400615498677775861e+02
-9.533133566920187718e+01
-4.604562259999691776e+01
5.213995098020170360e+00
5.581445842084595199e+01
1.034824685262132249e+02
1.466370449538173091e+02
1.845489812455388119e+02
2.172822252897424562e+02
2.454477035554618283e+02
2.698661729639056830e+02
2.912606142672269698e+02
3.100712133928170715e+02
3.264222510004485684e+02
3.402031408738058644e+02
3.511894296186380870e+02
3.591368229162837906e+02
3.638191946277679563e+02
3.650238852725349830e+02
3.625395131147276970e+02
3.561642102150171922e+02
3.457422861382335668e+02
3.312282424690126845e+02
3.127753060040065520e+02
2.908275910328075042e+02
2.661656657286745258e+02
2.398551280064331195e+02
2.130934094613300545e+02
1.870043296266656796e+02
1.624492535365583592e+02
1.399062799079305250e+02
1.194411658905527247e+02
1.007700231761760108e+02
8.339238698997169763e+01
6.675899559483504220e+01
5.043789397496817628e+01
3.424425639838793245e+01
1.829460356877837057e+01
2.951229207147349598e+00
-1.134304587155018140e+01
-2.428258042570337949e+01
-3.586446808256192753e+01
-4.640441785474705227e+01
-5.638595064845279126e+01
-6.623049727297642164e+01
-7.611912179873354489e+01
-8.594857889589484046e+01
-9.541929795838494499e+01
-1.041970523508544062e+02
-1.120781685773249308e+02
-1.190997125643244203e+02
-1.255582938313478110e+02
-1.319323512963999292e+02
-1.387366240361880045e+02
-1.463620188544911116e+02
-1.549584047966145590e+02
-1.643965288789935926e+02
-1.743070001373464208e+02
-1.841639493776202130e+02
-1.933792864338091988e+02
-2.013966453968346286e+02
-2.077956524827127964e+02
-2.124073095274346770e+02
-2.154002660398862758e+02
-2.172722711265502085e+02
-2.187169202086386690e+02
-2.204132241539322763e+02
-2.228345292113035612e+02
-2.261513578016359247e+02
-2.302357374821239091e+02
-2.347238507527213187e+02
-2.390939286493073155e+02
-2.427485500702898662e+02
-2.451137362706212741e+02
-2.457614127320873649e+02
-2.445361700716758833e+02
-2.416424283514305955e+02
-2.376443456121079976e+02
-2.333591815105740466e+02
-2.296714017061649429e+02
-2.273258355357196763e+02
-2.267569407171266676e+02
-2.279937703728719782e+02
-2.306629960998502611e+02
-2.340884018006330507e+02
-2.374509486757589229e+02
-2.399529424893282226e+02
-2.409458232776851219e+02
-2.400187498977780649e+02
-2.370683674580388924e+02
-2.323609053943071956e+02
-2.265653225613350230e+02
-2.207048895601177776e+02
-2.159746062140876290e+02
-2.134240397385554502e+02
-2.135940075417602486e+02
-2.162631909278993021e+02
-2.204468616945618180e+02
