-5.624030103022727900e+01
-3.630220081638523766e+01
-2.145520168461663246e+01
-1.517470715554978256e+01
-1.836565646852541533e+01
-2.940580544957258269e+01
-4.501767677571243098e+01
-6.152123541943728924e+01
-7.598617769099139707e+01
-8.693900065307484226e+01
-9.448337534793516568e+01
-9.989834673503663964e+01
-1.049342700148457084e+02
-1.110868596740552050e+02
-1.190898681305177433e+02
-1.287570220621627755e+02
-1.391646997406705282e+02
-1.490489328345119020e+02
-1.572434612539032628e+02
-1.630155202122227251e+02
-1.662200364667407939e+02
-1.672552705071941546e+02
-1.668611642370310904e+02
-1.658515699018290661e+02
-1.648863766853273489e+02
-1.643512577073893226e+02
-1.643471981781454758e+02
-1.647521852169242038e+02
-1.653234929254754206e+02
-1.658236771103080684e+02
-1.661397419948561947e+02
-1.663434605092470520e+02
-1.666567237494426195e+02
-1.673406679261277077e+02
-1.685746136199518332e+02
-1.703884507967976560e+02
-1.726654232933012167e+02
-1.751881434308272958e+02
-1.776961844409952676e+02
-1.799460695279090601e+02
-1.817751207910517337e+02
-1.831566304169643615e+02
-1.842182959073664961e+02
-1.852020770965588667e+02
-1.863679250758319483e+02
-1.878701097460246388e+02
-1.896561716792982395e+02
-1.914478446923972683e+02
-1.928433290919800527e+02
-1.935240240682767876e+02
-1.934815238527340000e+02
-1.931481273814973179e+02
-1.933453386348022320e+02
-1.950443454504002432e+02
-1.990109478446210005e+02
-2.054449391155054343e+02
-2.137213512696116027e+02
-2.223214813730134267e+02
-2.290085564996388143e+02
-2.312393794264910127e+02
-2.267146815445997277e+02
-2.139003665985005966e+02
-1.923475935338283307e+02
-1.627162473720009928e+02
-1.265262671856593499e+02
-8.575364376519586074e+01
-4.240842245890424067e+01
1.799297192174588389e+00
4.563955248668812459e+01
8.836258548224526521e+01
1.295440369242466545e+02
1.688554343389163819e+02
2.058672926460092754e+02
2.399717304524224062e+02
2.704533920684141890e+02
2.966703437372283361e+02
3.182585407111921540e+02
3.352642531826557502e+02
3.481469644796990224e+02
3.576634905086114600e+02
3.646961483886607880e+02
3.700855946050108969e+02
3.744871042375775687e+02
3.782418543188729245e+02
3.812719156247836736e+02
3.830421561585325207e+02
3.826382278215902488e+02
3.789743826635576056e+02
3.710937029632943904e+02
3.584847927260434517e+02
3.413205586446129018e+02
3.205287952035697572e+02
2.976421368054811296e+02
2.744464193530543525e+02
2.525235886790200652e+02
2.328328394016251082e+02
2.154744086602627249e+02
1.997308167946850688e+02
1.843849311499937755e+02
1.682036180543088335e+02
1.504057159262162315e+02
1.309410869836999041e+02
1.104840144833564466e+02
9.015290201678303106e+01
7.107200297642260978e+01
5.395502706395124193e+01
3.888398163155051179e+01
2.536964506981384915e+01
1.264720817052045732e+01
5.481387718896968408e-02
-1.267874027758121969e+01
-2.535105103303005336e+01
-3.742194653966828355e+01
-4.828423687323746094e+01
-5.753203843267330342e+01
-6.511112381155898277e+01
-7.131526321276561475e+01
-7.667072388783250858e+01
-8.178020533840700068e+01
-8.717641493044177992e+01
-9.320229358485002535e+01
-9.992697110977354669e+01
-1.071217236325390729e+02
-1.143248558663682104e+02
-1.209979203919886857e+02
-1.267307436481030720e+02
-1.314168589092480772e+02
-1.353168143674751320e+02
-1.389661989358909580e+02
-1.429601555727003586e+02
-1.477179452965607709e+02
-1.533458645904114803e+02
-1.596554706140360622e+02
-1.663018111687329963e+02
-1.729506853141834313e+02
-1.793898422056754498e+02
-1.855418248098376353e+02
-1.913852354212116893e+02
-1.968355970597634439e+02
-2.016673141627672123e+02
-2.055478249964501458e+02
-2.081864362453715387e+02
-2.095105421172561080e+02
-2.097491574103962932e+02
-2.093662929438268918e+02
-2.088925846623614291e+02
-2.087630976941458982e+02
-2.092462371648178703e+02
-2.104777197990896696e+02
-2.125446283046645988e+02
-2.155282622517336506e+02
-2.194305153600531355e+02
-2.239793627856668365e+02
-2.283950994000346384e+02
-2.312393794264910127e+02
-2.304455728952960101e+02
-2.235770377513728988e+02
-2.083030968258338191e+02
-1.829992458435492608e+02
-1.472867582581077670e+02
-1.022946531790104814e+02
-5.051008701311695859e+01
4.752550767730376435e+00
6.008120885474566819e+01
1.126467424720302830e+02
1.606271348726717179e+02
2.032818115896242546e+02
2.407183467778525880e+02
2.735009579009600884e+02
3.022840146182768990e+02
3.275973609187595912e+02
3.498000535852529538e+02
3.691274586352636788e+02
3.857348549757857654e+02
3.996845717245913647e+02
4.108894655695753499e+02
4.190675227037664854e+02
4.237619210245024988e+02
4.244499107837206111e+02
4.207214684630239390e+02
4.124670925320457400e+02
3.999924803553075208e+02
3.840011797240904343e+02
3.654517626528889878e+02
3.453608999061187887e+02
3.246429537827731338e+02
3.040407123642753504e+02
2.841387385187824748e+02
2.654055549081961658e+02
2.482110841061006568e+02
2.327984557562918724e+02
2.192231508259865222e+02
2.072945845329560086e+02
1.965676826702660094e+02
1.864254088985788655e+02
1.762527834254881611e+02
1.656408812236850281e+02
1.545189407731277242e+02
1.431328650987023252e+02
1.318676493895048907e+02
1.210031668803956677e+02
1.105355828462597430e+02
1.001608997697438639e+02
8.942975948652203044e+01
7.799874003950625934e+01
6.585930646281073564e+01
5.343147375776996455e+01
4.146575843900626523e+01
3.078749759068748659e+01
2.199784082081208325e+01
1.526706307293770593e+01
1.030030766972318723e+01
6.457466438564999578e+00
2.942354472498381668e+00
-1.010779676839334229e+00
-5.973199810021984746e+00
-1.218509163776401394e+01
-1.948346674577724968e+01
-2.735088843803339387e+01
-3.510598170858691702e+01
-4.218250339174221608e+01
-4.837731050652340059e+01
-5.393807154869276133e+01
-5.943450495089670937e+01
-6.547787223027148684e+01
-7.243671307720407526e+01
-8.028141000647985948e+01
-8.860052059491549414e+01
-9.674669200624761345e+01
-1.040399966776600280e+02
-1.099684261336208522e+02
-1.143401135855009159e+02
-1.173471073909151698e+02
-1.195154594793318665e+02
-1.215535975273274971e+02
-1.241513331823258142e+02
-1.277978005044991932e+02
-1.326733152096749677e+02
-1.386403760260539002e+02
-1.453234429422801952e+02
-1.522357162970195361e+02
-1.589006244329570166e+02
-1.649366938619731968e+02
-1.701120871339891494e+02
-1.743934349318096793e+02
-1.779907074357826389e+02
-1.813610453375236773e+02
-1.851302322312284900e+02
-1.899312944674040580e+02
-1.962021056816742544e+02
-2.039910129822939950e+02
-2.128023770506944174e+02
-2.215081380474172761e+02
-2.283713405922802053e+02
-2.312393794264910127e+02
-2.279177546267785317e+02
-2.166366329528885046e+02
-1.964548267369968357e+02
-1.674771325269162503e+02
-1.308610648337158295e+02
-8.866630971507854042e+01
-4.360899570724390628e+01
