-5.741033958548809579e+01
-1.321617419145304098e+02
-1.971177283279209291e+02
-2.452185105195786434e+02
-2.738176533627908498e+02
-2.846978603149302671e+02
-2.827570084774695260e+02
-2.741054743473989106e+02
-2.643101714607410031e+02
-2.572445217915494027e+02
-2.546816188505364948e+02
-2.565226564919032626e+02
-2.614167793231857786e+02
-2.675019963661985685e+02
-2.730564879111516348e+02
-2.769424654098991141e+02
-2.787997682763774492e+02
-2.789949157799351838e+02
-2.783766597228762407e+02
-2.779348033980726882e+02
-2.784747162915218723e+02
-2.803908548530246208e+02
-2.835772403481076935e+02
-2.874799471836655584e+02
-2.912711086980702930e+02
-2.940935808140277459e+02
-2.953003018140101403e+02
-2.946127490389454238e+02
-2.921547166876670758e+02
-2.883683506796126039e+02
-2.838643502307741073e+02
-2.792685418993863777e+02
-2.750967059696492925e+02
-2.716593266820984809e+02
-2.690096721494595613e+02
-2.669737217449936679e+02
-2.652742449909703168e+02
-2.636920904451210390e+02
-2.621777352059355053e+02
-2.608728412292390431e+02
-2.600669430955337020e+02
-2.601260860842107832e+02
-2.613880025215751743e+02
-2.639888218206772308e+02
-2.676239629948281618e+02
-2.713269894442329928e+02
-2.733938804941391822e+02
-2.715350201175714346e+02
-2.632367309699347402e+02
-2.462362447498331619e+02
-2.189932596735246193e+02
-1.810531778845510757e+02
-1.332197450442203603e+02
-7.749291509797023991e+01
-1.677975737056518923e+01
4.556473635613775741e+01
1.062726168778842748e+02
1.626516708040563515e+02
2.128995208764605991e+02
2.561585536838597363e+02
2.923265749381120031e+02
3.217443508006808770e+02
3.449228725892481293e+02
3.624207936994656620e+02
3.748732443072952378e+02
3.830779763866489702e+02
3.880145840009291192e+02
3.907159322527913901e+02
3.920068304388226466e+02
3.922291300289103333e+02
3.911199855203731772e+02
3.879540551324046191e+02
3.819206610208263442e+02
3.725665817502634809e+02
3.600827849858696936e+02
3.452816499940049653e+02
3.292609218894576770e+02
3.129047417728156688e+02
2.964587970369673258e+02
2.793925475024436764e+02
2.606298386499922231e+02
2.390538601676041708e+02
2.140676504591952209e+02
1.859740854095492182e+02
1.560190124341073954e+02
1.260745684072002177e+02
9.808345496451147483e+01
7.348690437227539007e+01
5.286230401987120331e+01
3.588954237530268188e+01
2.161164021411232739e+01
8.846867329525501589e+00
-3.409496986304578314e+00
-1.571144664945880542e+01
-2.807584397615836025e+01
-4.008918711968823345e+01
-5.115926554123419123e+01
-6.081498534896795150e+01
-6.894140875028764981e+01
-7.586987439500833830e+01
-8.230653231526298441e+01
-8.913703272615975948e+01
-9.717050548081681427e+01
-1.068948990624773216e+02
-1.183193399790476974e+02
-1.309632763714816690e+02
-1.440031718742410192e+02
-1.565244860996418765e+02
-1.677880294532586447e+02
-1.774244453986058829e+02
-1.855051141481421269e+02
-1.924775129945640799e+02
-1.989871746845811629e+02
-2.056409784003157597e+02
-2.127946128474603711e+02
-2.204495034254905192e+02
-2.283018995129654627e+02
-2.359108982833912194e+02
-2.428911706188320920e+02
-2.490365421030653579e+02
-2.543382750944561224e+02
-2.589279292350710193e+02
-2.630040670139916301e+02
-2.667833860130041899e+02
-2.704737344900124185e+02
-2.742403003451557879e+02
-2.781495623498495888e+02
-2.821109928576716470e+02
-2.858582791458251791e+02
-2.890010402351919083e+02
-2.911442815833355553e+02
-2.920372428564232337e+02
-2.916903639748222190e+02
-2.904022538104884461e+02
-2.886785609206390291e+02
-2.870814000639837218e+02
-2.860762434230473445e+02
-2.859277827715950480e+02
-2.866668706717190389e+02
-2.881295286337405059e+02
-2.900440117269764073e+02
-2.921093464448902068e+02
-2.940025388682876155e+02
-2.952932453331712281e+02
-2.953003018140101403e+02
-2.929546303084260330e+02
-2.867419178096358792e+02
-2.747963221154319626e+02
-2.551842987460047709e+02
-2.263395460691422159e+02
-1.875193621244770270e+02
-1.391126805896805649e+02
-8.268051908335304745e+01
-2.072381743015596101e+01
4.372347118749885908e+01
1.075420169450909214e+02
1.679089976305860716e+02
2.225639464519418311e+02
2.699607452582702081e+02
3.093311059578251729e+02
3.406700344894944124e+02
3.646306077169955415e+02
3.823256203326243963e+02
3.950733428876609992e+02
4.041512760102347102e+02
4.106138345377473229e+02
4.151998694187444698e+02
4.183214192107125200e+02
4.201025358010651303e+02
4.204415204323071862e+02
4.190916039554753070e+02
4.157608665363458158e+02
4.102117926317900469e+02
4.023270586537952340e+02
3.921311537667301650e+02
3.797942290042092282e+02
3.656423086910029383e+02
3.501528410042440100e+02
3.338883094324352214e+02
3.173572924653719838e+02
3.008583543106796583e+02
2.843930680576596046e+02
2.677057976896839477e+02
2.504424619847523559e+02
2.323585106794183730e+02
2.134823832481561681e+02
1.941665722925678779e+02
1.750144713623070061e+02
1.567237147953027545e+02
1.399136431884444391e+02
1.250015893107952678e+02
1.121670460777848177e+02
1.014067799563521675e+02
9.264705577249416990e+01
8.584736913415397908e+01
8.101842130608454795e+01
7.811136412317659961e+01
7.682032768009355550e+01
7.642485684252271483e+01
7.580837730573158240e+01
7.370567721514080972e+01
6.911067534786204192e+01
6.167874365112325563e+01
5.192939425963420774e+01
4.112522387083537723e+01
3.085349033859893808e+01
2.248119500109453028e+01
1.670483909886245044e+01
1.335843190674921388e+01
1.152934191773534778e+01
9.916327414126708817e+00
7.281210125213245732e+00
2.822248995013715955e+00
-3.653759088747669637e+00
-1.178885135242888538e+01
-2.089946521479749464e+01
-3.025941515471713217e+01
-3.932779166259267356e+01
-4.785003386007228698e+01
-5.582601508920660649e+01
-6.339590619261836935e+01
-7.071280306410820060e+01
-7.785265907574157040e+01
-8.478527465461944246e+01
-9.141028636265274088e+01
-9.763965990608076595e+01
-1.034833604107745657e+02
-1.090912154953747972e+02
-1.147304058855399944e+02
-1.207107304388587465e+02
-1.272879117668339291e+02
-1.345818036267334037e+02
-1.425468012763393801e+02
-1.510207334337039242e+02
-1.598488392838756624e+02
-1.690338957354005629e+02
-1.788292715158656279e+02
-1.897058057453773756e+02
-2.021842839246827168e+02
-2.165874580104944584e+02
-2.327936676008100108e+02
-2.500684668044897876e+02
-2.670240019185267215e+02
-2.817203771904715950e+02
-2.918958649371045908e+02
-2.953003018140101403e+02
-2.900888086688191265e+02
-2.751987585058599848e+02
-2.506102706871654391e+02
-2.174118198154168908e+02
-1.776506526405208319e+02
-1.340130962402052148e+02
-8.942624823201521167e+01
-4.668160230169522151e+01
-8.152558181966490736e+00
2.437082286183223445e+01
4.975529757249034901e+01
6.755706834903222102e+01
7.804287493626237904e+01
8.217724536407781954e+01
8.153201207585966870e+01
7.810938509887411385e+01
