-3.888751129545728702e+01
2.271999272193317552e+02
4.553849211176617473e+02
6.184080520944651198e+02
7.060595099160584596e+02
7.253343219307511163e+02
6.953730291671175792e+02
6.399689173294224247e+02
5.805705221867441423e+02
5.317481763637501899e+02
4.997676473161461672e+02
4.837901257230426495e+02
4.785865762039435367e+02
4.775511305852157875e+02
4.750853405713137931e+02
4.678930457792779407e+02
4.551791036641520805e+02
4.380571563263606549e+02
4.185977550173834061e+02
3.989114911442001699e+02
3.805234744988173361e+02
3.641267236376904179e+02
3.496617573554875662e+02
3.365906100826873057e+02
3.242193438655182831e+02
3.119567971791590253e+02
2.994534235434442166e+02
2.866190423286737996e+02
2.735559651410018205e+02
2.604577752161229682e+02
2.475170519361914785e+02
2.348670855608340844e+02
2.225634426341845256e+02
2.105972937589671119e+02
1.989253414687663337e+02
1.875005393714458819e+02
1.762922807440589565e+02
1.652920906587771697e+02
1.545080170598434961e+02
1.439548648286552748e+02
1.336467756619716170e+02
1.235948635045016175e+02
1.138086132028945485e+02
1.042975833823275025e+02
9.507024915113261443e+01
8.612927196602399249e+01
7.746571041292921223e+01
6.905657374553524619e+01
6.086917053139365663e+01
5.287218490767453716e+01
4.504934187672887447e+01
3.740926555018391753e+01
2.998596814364199048e+01
2.282827900959753720e+01
1.598190678633613970e+01
9.471766446522629224e+00
3.292271939183187612e+00
-2.590341865915981145e+00
-8.224924228804340487e+00
-1.365749242006398489e+01
-1.891636370497458586e+01
-2.400623361504056774e+01
-2.891234648956606179e+01
-3.361117178219272006e+01
-3.808187855892042961e+01
-4.231405764061989316e+01
-4.631006874977897070e+01
-5.008296984267747121e+01
-5.365213412397167758e+01
-5.703849979636672884e+01
-6.026059053026238388e+01
-6.333163380965791589e+01
-6.625767957766022676e+01
-6.903672962966987825e+01
-7.165932320224258945e+01
-7.411120395694698004e+01
-7.637817918484252289e+01
-7.845220076016983057e+01
-8.033659183719467478e+01
-8.204798102801109394e+01
-8.361347445591104588e+01
-8.506355983597597969e+01
-8.642311004204077562e+01
-8.770384119838836057e+01
-8.890140368752022937e+01
-8.999877898727770287e+01
-9.097500906348622607e+01
-9.181557683430156658e+01
-9.251972230618466142e+01
-9.310162852376065246e+01
-9.358567726480792714e+01
-9.399853330714176991e+01
-9.436143618600141281e+01
-9.468528028987987000e+01
-9.496974316839607866e+01
-9.520629628533913547e+01
-9.538370539970290451e+01
-9.549401093526462603e+01
-9.553710388481805182e+01
-9.552254754573674234e+01
-9.546794529335504365e+01
-9.539403665607456162e+01
-9.531792536266277693e+01
-9.524699577951068363e+01
-9.517632861899659247e+01
-9.509117689345778501e+01
-9.497374147812629985e+01
-9.481150562967452800e+01
-9.460382548177989293e+01
-9.436423683195144463e+01
-9.411753294728914909e+01
-9.389274335296111929e+01
-9.371488628761584039e+01
-9.359870395543551069e+01
-9.354641111101624062e+01
-9.354966888613877529e+01
-9.359430214337555753e+01
-9.366515529383458727e+01
-9.374861042656674215e+01
-9.383213358392310965e+01
-9.390276920840429398e+01
-9.394764626627757309e+01
-9.395808462269913264e+01
-9.393566395889534704e+01
-9.389601629922299253e+01
-9.386650384586614848e+01
-9.387757347153583964e+01
-9.395167716633061161e+01
-9.409505010276680537e+01
-9.429589891212492603e+01
-9.452948800464089629e+01
-9.476784818398571986e+01
-9.499006402853532904e+01
-9.518887054413271187e+01
-9.537104524033753705e+01
-9.555215191951060660e+01
-9.574869834320230666e+01
-9.597125825340313554e+01
-9.622082206217609723e+01
-9.648883716209944339e+01
-9.676007476093599280e+01
-9.701689179893011783e+01
-9.724337521129280049e+01
-9.742799725745037165e+01
-9.756397285364057836e+01
-9.764764408854112787e+01
-9.767626690146664714e+01
-9.764664897347266503e+01
-9.755518940362517810e+01
-9.739877718861528422e+01
-9.717541928539054652e+01
-9.688371719344377198e+01
-9.652126488685247807e+01
-9.608297626420475979e+01
-9.556046294206980463e+01
-9.494286423200858849e+01
-9.421871759803948976e+01
-9.337811531779296104e+01
-9.241442366483600779e+01
-9.132491996831178938e+01
-9.010985788687190734e+01
-8.876996014293264636e+01
-8.730309077148589836e+01
-8.570138673052119316e+01
-8.395000500734491311e+01
-8.202789618895052115e+01
-7.991016094925086577e+01
-7.757124878520191658e+01
-7.498863698573281056e+01
-7.214689167732679209e+01
-6.904135884006431922e+01
-6.567963650012821120e+01
-6.207895174435917340e+01
-5.825933687250511639e+01
-5.423489369240170532e+01
-5.000658424243529510e+01
-4.555929484133459795e+01
-4.086418131689544708e+01
-3.588537996875242442e+01
-3.058857055507228750e+01
-2.494827784666933823e+01
-1.895168262432231288e+01
-1.259841216690601939e+01
-5.897013584245856421e+00
1.140738194431100361e+00
8.506192031809554521e+00
1.619873591963160209e+01
2.422706747530926918e+01
3.260595784261293062e+01
4.135025303193972235e+01
5.046988211901587107e+01
5.996924776256837930e+01
6.985181765082232630e+01
8.012791086772979554e+01
9.082170724363069780e+01
1.019723893903482832e+02
1.136247999122703192e+02
1.258086108439691344e+02
1.385116964505136252e+02
1.516603751053618510e+02
1.651224765064559108e+02
1.787455034794789128e+02
1.924298025943300559e+02
2.062172936112610273e+02
2.203571508297590924e+02
2.353020016265564891e+02
2.516001790214894527e+02
2.696815164777562472e+02
2.895776065794113379e+02
3.106582368998969628e+02
3.314878218992386110e+02
3.498946175888830226e+02
3.632931514888541074e+02
3.692128094923319850e+02
3.658914375179322747e+02
3.527391757816018867e+02
3.305056888848808967e+02
3.010940210548741902e+02
2.671023036268372834e+02
2.312639201307019903e+02
1.959577975876322000e+02
1.628958081274054450e+02
1.330153054158615191e+02
1.065472998830453690e+02
8.320240247871923600e+01
6.240864892227743610e+01
4.353898335934366770e+01
2.608179303273628591e+01
9.734158409529667821e+00
-5.579928976641820526e+00
-1.975682068306250727e+01
-3.261217655801932835e+01
-4.399969650564597146e+01
-5.389924733007117652e+01
-6.243519879579365295e+01
-6.982322876371260634e+01
-7.627324399916217601e+01
-8.188342578612261491e+01
-8.656182563773735694e+01
-9.001330251527143389e+01
-9.181557683430156658e+01
-9.157185962559661618e+01
-8.908532575539757659e+01
-8.447995623014331557e+01
-7.821040974815821301e+01
-7.094962229978126800e+01
-6.338517579312612327e+01
-5.597804997935713800e+01
-4.875025873100935314e+01
-4.117632148527538050e+01
-3.224517860341825326e+01
-2.072731485024623055e+01
-5.633273549527793023e+00
1.321350551528460926e+01
3.464578510841863590e+01
5.589002058723828270e+01
7.280212325592840727e+01
8.071862541936329194e+01
7.581449875958435314e+01
5.658569296823799277e+01
2.487243613092857331e+01
-1.414228238047729747e+01
