-1.902309363123046282e+01
-1.866521702691053264e+01
-1.849771881518787353e+01
-1.867044500671912388e+01
-1.927625215205592468e+01
-2.035248832530590235e+01
-2.191218901906456651e+01
-2.398959018663631682e+01
-2.666725959242317501e+01
-3.005203307387890632e+01
-3.419352224981332000e+01
-3.898821521994521788e+01
-4.414593145846635736e+01
-4.926769093972577451e+01
-5.400379948465928237e+01
-5.819657091244013714e+01
-6.192046879537350179e+01
-6.540335368134549299e+01
-6.888699387220425763e+01
-7.251208180565768657e+01
-7.628748361747494755e+01
-8.015273613752162873e+01
-8.408942890885597876e+01
-8.819966729543811823e+01
-9.268054699358187065e+01
-9.769439622989249017e+01
-1.032185294257896970e+02
-1.089861352236365377e+02
-1.145763490964565818e+02
-1.196129848944201797e+02
-1.239572664255447876e+02
-1.277832122289327828e+02
-1.314966070480741109e+02
-1.355408044269551056e+02
-1.401796756486023128e+02
-1.453553161360754302e+02
-1.506890425059022789e+02
-1.556291305092217669e+02
-1.596743283672938958e+02
-1.625687175396293469e+02
-1.643914410075638557e+02
-1.655179671135338992e+02
-1.664657240500259263e+02
-1.676613473942516066e+02
-1.692017779225526510e+02
-1.707103631191509976e+02
-1.713710254623520370e+02
-1.701490552298100738e+02
-1.661144101472200418e+02
-1.587286624448772443e+02
-1.479741760445818670e+02
-1.342824760267447175e+02
-1.183135178164580452e+02
-1.007042872694582201e+02
-8.191309369887808600e+01
-6.222361888288325105e+01
-4.187168138985317256e+01
-2.118630209772186035e+01
-6.437561350131453253e-01
1.919463158987087326e+01
3.781332719503873818e+01
5.486594264128852672e+01
7.023759522245934761e+01
8.403178669781117094e+01
9.649676645475845760e+01
1.079221436264795244e+02
1.185389869747591547e+02
1.284473326444210670e+02
1.375832293680748819e+02
1.457316883856372840e+02
1.525882240126790350e+02
1.578606978881240650e+02
1.613847295493536365e+02
1.632092318876073307e+02
1.636057093730497911e+02
1.629774632511671371e+02
1.616927017167933514e+02
1.599162799039406764e+02
1.575326143976308799e+02
1.542111413615699291e+02
1.495796176857897137e+02
1.434041921272694253e+02
1.356880447119585256e+02
1.266735863628519496e+02
1.167881212670855291e+02
1.065668693548600601e+02
9.655514724497103884e+01
8.718775599903131024e+01
7.867423602594078602e+01
7.094324538679143188e+01
6.368490205806574522e+01
5.648589396387045980e+01
4.901218087782114452e+01
4.117719911416945422e+01
3.323259168791722828e+01
2.572825355410666148e+01
1.932772982254373417e+01
1.453974317867553623e+01
1.148554197048615144e+01
9.804975854270127300e+00
8.725660999567219633e+00
7.249387118857439916e+00
4.390959926954195680e+00
-5.786781642135263581e-01
-7.921941618458543388e+00
-1.730726725227641793e+01
-2.783044462410086695e+01
-3.822473344797788997e+01
-4.722386009359298242e+01
-5.395602874183941111e+01
-5.821407648593454098e+01
-6.049804555029366782e+01
-6.182988890692502082e+01
-6.342680086771557058e+01
-6.634555357233955419e+01
-7.119063924652841990e+01
-7.795494705827664461e+01
-8.603951109182166590e+01
-9.445502049326024974e+01
-1.021453136483888215e+02
-1.083282577737098507e+02
-1.127455602990975763e+02
-1.157418407303185717e+02
-1.181399766030026086e+02
-1.209434849523804871e+02
-1.249705559078843464e+02
-1.305681587901793534e+02
-1.375236231530171267e+02
-1.451933905781403666e+02
-1.527653853507488577e+02
-1.595209331187812154e+02
-1.649815966682274961e+02
-1.688961402152079074e+02
-1.711046839002537752e+02
-1.713710254623520370e+02
-1.692780371210197359e+02
-1.642411864326409159e+02
-1.556360504728515082e+02
-1.429834055256867487e+02
-1.261185772471848736e+02
-1.052957186362306743e+02
-8.121420998233895716e+01
-5.496714898001566496e+01
-2.790635321205189001e+01
-1.429902545974504946e+00
2.326505048526352226e+01
4.539038336201407731e+01
6.466552361442342090e+01
8.127546854161450085e+01
9.571453980839449116e+01
1.085869693269557530e+02
1.204403552532663042e+02
1.316728254690448239e+02
1.425103515864190058e+02
1.530273360657528201e+02
1.631855650939865541e+02
1.728774890691614701e+02
1.819626693757617204e+02
1.902820328445967277e+02
1.976391683909897949e+02
2.037576760905404853e+02
2.082469977684673665e+02
2.106210691587990311e+02
2.104015351401581313e+02
2.072933482337496400e+02
2.013639428892327885e+02
1.931320287664719899e+02
1.835063097826437115e+02
1.735846359877136820e+02
1.643795470207137726e+02
1.565535864043509378e+02
1.502422331280368724e+02
1.450280663505132850e+02
1.400965983400799075e+02
1.345402908310138628e+02
1.277029230128142530e+02
1.194222168624388729e+02
1.100694176002919136e+02
1.003789988709205545e+02
9.115130116826561846e+01
8.295423098805869699e+01
7.594125743249269078e+01
6.985099735878290517e+01
6.417444570569915641e+01
5.840242537859324301e+01
5.223817636540275089e+01
4.568984303142590875e+01
3.901905088690497792e+01
3.258324145889685042e+01
2.664997615312402601e+01
2.126271662419816266e+01
1.620107391847864875e+01
1.103683760796609192e+01
5.264131845895821726e+00
-1.532704608532075241e+00
-9.527354118215885848e+00
-1.857558599370499763e+01
-2.825145722404123205e+01
-3.798338087653205974e+01
-4.723003943458257226e+01
-5.562015371709615863e+01
-6.300900985668100418e+01
-6.945885864619950212e+01
-7.518728818388984791e+01
-8.051697083477182559e+01
-8.581993869089036764e+01
-9.143519713072723221e+01
-9.757299241175405768e+01
-1.042558755978896983e+02
-1.113342653781112830e+02
-1.185659355785927858e+02
-1.257134301393399767e+02
-1.326114386931669458e+02
-1.391785053096246543e+02
-1.453805827502287684e+02
-1.511799554458303874e+02
-1.565028469788587984e+02
-1.612360368492149973e+02
-1.652419890026505698e+02
-1.683752899697157090e+02
-1.704822429981417997e+02
-1.713710254623520370e+02
-1.707619816554648935e+02
-1.682545210436050809e+02
-1.633500058837441884e+02
-1.555423967138438570e+02
-1.444527937788995189e+02
-1.299614400030899901e+02
-1.122866134807385095e+02
-9.197706527367213880e+01
-6.982306875532438539e+01
-4.672927485003140902e+01
-2.359848913113977886e+01
-1.244995747902887473e+00
1.967830331802724686e+01
3.875615101768032389e+01
5.587222445239918045e+01
7.120311581000460421e+01
8.510863301121744939e+01
9.794875701876159724e+01
1.099167078018849679e+02
1.209725493072876930e+02
1.308986296824371038e+02
1.394304178031630101e+02
1.463866498576496724e+02
1.517376443157429833e+02
1.555912062876151936e+02
1.581158832051747538e+02
1.594473987533110915e+02
1.596315623709208467e+02
1.586365820020327249e+02
1.564203518829517350e+02
1.529948468745368757e+02
1.484273152989906919e+02
1.427629328931981263e+02
1.359159885371586256e+02
1.276116099931410588e+02
1.174411288044171755e+02
1.050342612532895714e+02
9.028633126930714070e+01
7.353802567543063162e+01
5.560628082093175806e+01
