1.964295297696184548e+02
4.328242971581562415e+01
-9.026208885160696127e+01
-1.895873852177263075e+02
-2.483650803904251347e+02
-2.689474819044864375e+02
-2.602245395199224163e+02
-2.341066637289986829e+02
-2.020176772367509557e+02
-1.724365740626855086e+02
-1.499021127349211611e+02
-1.353111439719443752e+02
-1.270141863494768586e+02
-1.221701794160859436e+02
-1.179557152685056280e+02
-1.123976618194012644e+02
-1.047379093918672197e+02
-9.534544705994181868e+01
-8.529161842231803803e+01
-7.578857244564454732e+01
-6.770849633602699669e+01
-6.132989397710872481e+01
-5.633944805228296104e+01
-5.202364089268613156e+01
-4.755221833370239892e+01
-4.226818679775180954e+01
-3.591221313711486118e+01
-2.871286034044294411e+01
-2.130123798565901438e+01
-1.447510029323797198e+01
-8.905058724348066335e+00
-4.896756194691420205e+00
-2.293707781409750623e+00
-5.542185638799139724e-01
1.019324666598549811e+00
2.976519381634489037e+00
5.461950219547418328e+00
8.126418383969337356e+00
1.026185649306097503e+01
1.110911828744713148e+01
1.020308409223042645e+01
7.604545670064936758e+00
3.925661636165756363e+00
1.521261563692348773e-01
-2.645627386173998730e+00
-3.579324638753803356e+00
-2.081276768891569873e+00
2.115979721281547654e+00
9.105693020419550976e+00
1.894165620586969112e+01
3.170373102750573935e+01
4.747300184305186121e+01
6.623946292183441642e+01
8.777883983867070583e+01
1.115435606809188869e+02
1.366279406439832655e+02
1.618615017899599025e+02
1.860297852217670425e+02
2.081398508414168873e+02
2.276038800055430329e+02
2.442585060032558317e+02
2.582413946726643417e+02
2.698235642486122856e+02
2.792893097228533179e+02
2.868914140542090649e+02
2.928548754856387291e+02
2.973912750512519665e+02
3.007015328330269313e+02
3.029620421408036464e+02
3.043032790210163512e+02
3.048025989837194061e+02
3.045122454610657314e+02
3.035156685636109160e+02
3.019647775473750926e+02
3.000433958213481560e+02
2.978544159332828940e+02
2.952999200647098519e+02
2.920428182756035653e+02
2.875860665842840831e+02
2.814327767715351456e+02
2.732529536445448457e+02
2.629894995000948938e+02
2.508696894812387939e+02
2.373347271842833095e+02
2.229409709605991452e+02
2.082893633994594609e+02
1.939944576149378577e+02
1.806535919461673814e+02
1.687719167940282432e+02
1.586435428020890868e+02
1.502429951075142753e+02
1.431990315937985088e+02
1.368835692296828483e+02
1.305773575895834426e+02
1.236320707680472140e+02
1.155727277439152942e+02
1.061452275998054375e+02
9.534613700076923237e+01
8.344568649605589883e+01
7.096811603545151570e+01
5.858688131889694262e+01
4.693775204561562475e+01
3.640865872882670828e+01
2.699272606166922017e+01
1.827948400260094175e+01
9.606691172151746727e+00
3.152164547708968811e-01
-1.000987658948994152e+01
-2.141966011922391999e+01
-3.363790944787190540e+01
-4.620454456595440007e+01
-5.863344780771583942e+01
-7.051079199423917032e+01
-8.152123893585579140e+01
-9.144627863868115014e+01
-1.001896353924744432e+02
-1.078414335606051395e+02
-1.147299723535069376e+02
-1.213859661167037558e+02
-1.283912334764626735e+02
-1.361662499942070497e+02
-1.447988198687502859e+02
-1.539990812275867427e+02
-1.632073356846162824e+02
-1.718159712913509338e+02
-1.794196152388722396e+02
-1.859939012265992915e+02
-1.919271675645443622e+02
-1.978846513943768173e+02
-2.045529367388731714e+02
-2.123642672687331299e+02
-2.213132985358743383e+02
-2.309462869225481825e+02
-2.405290127395417414e+02
-2.493103663209917329e+02
-2.567448083024229959e+02
-2.625622213146381227e+02
-2.666672949649151860e+02
-2.689474819044864375e+02
-2.691086871673220458e+02
-2.666333492252450696e+02
-2.608901505137173444e+02
-2.513488971744385196e+02
-2.378007167398518504e+02
-2.204918658548295696e+02
-2.001340578598061200e+02
-1.778032856692471739e+02
-1.547611143229535742e+02
-1.322433823114832308e+02
-1.112659910556033225e+02
-9.248742129481549057e+01
-7.614961777083362904e+01
-6.210381196953420613e+01
-4.991187252022056242e+01
-3.899403732241367493e+01
-2.878232886134385637e+01
-1.884665699880908107e+01
-8.978995830101993647e+00
7.699303673273618642e-01
1.011126382389284117e+01
1.860358359978521037e+01
2.578780677603666049e+01
3.132732191293112578e+01
3.510394572971526372e+01
3.724187451497832058e+01
3.805941782050084043e+01
3.796768177536679900e+01
3.734695023785133117e+01
3.643589504558400449e+01
3.526522621451385930e+01
3.365735168352847495e+01
3.129725201904210508e+01
2.785772508350638077e+01
2.313850787784107865e+01
1.716388173590090105e+01
1.019365629821049879e+01
2.642517163188614404e+00
-5.049300082614962548e+00
-1.252811066805030293e+01
-1.957549886692362406e+01
-2.609536311838456868e+01
-3.207676447421822274e+01
-3.756789002127543142e+01
-4.267074903559228005e+01
-4.754381755216884642e+01
-5.239078732271869399e+01
-5.741940334071443885e+01
-6.277551992531352454e+01
-6.848323301593931944e+01
-7.443107905620954057e+01
-8.042245280361717619e+01
-8.626527258075245186e+01
-9.184577993385113359e+01
-9.714373804454146466e+01
-1.021911092968035462e+02
-1.070132879383024544e+02
-1.115968597624843284e+02
-1.159086634728815994e+02
-1.199597255462128231e+02
-1.238710481043780192e+02
-1.278805662214499961e+02
-1.322617574806183427e+02
-1.371909528915540761e+02
-1.426463660064542864e+02
-1.484079824499387712e+02
-1.541657659779087339e+02
-1.596765751634787307e+02
-1.648776238136593406e+02
-1.698872054972509602e+02
-1.748924235222175696e+02
-1.799935593721769465e+02
-1.850947042033057528e+02
-1.898949937843005387e+02
-1.939847170824667728e+02
-1.970170406642913292e+02
-1.989019583147655794e+02
-1.999436363674667518e+02
-2.008386270474232447e+02
-2.025016801637324591e+02
-2.057733109196306600e+02
-2.111286295347574935e+02
-2.185052225793321554e+02
-2.273107307569542570e+02
-2.366001468077870697e+02
-2.453568517810483343e+02
-2.527801250615720505e+02
-2.584814683574714422e+02
-2.625237230424232280e+02
-2.652921239950020436e+02
-2.672478497415044671e+02
-2.686587060908225340e+02
-2.694077742630531702e+02
-2.689474819044864375e+02
-2.664142184818724672e+02
-2.608706501509315672e+02
-2.516070317590585432e+02
-2.384097409885437173e+02
-2.217048159135836158e+02
-2.025187755837338273e+02
-1.822635451610353527e+02
-1.624189242070815169e+02
-1.442193416590413335e+02
-1.284357400798844822e+02
-1.152944794934280566e+02
-1.045261544413782389e+02
-9.551336279614781688e+01
-8.750611462816840458e+01
-7.986997487892620029e+01
-7.230981458903157488e+01
-6.499362516539129331e+01
-5.851784438765082541e+01
-5.371053760016575040e+01
-5.133452158640544383e+01
-5.179326708561407600e+01
-5.493764296257053559e+01
-6.003209748720009031e+01
-6.589308013028772848e+01
-7.117464372953368468e+01
-7.473939343076200714e+01
-7.601409928588233811e+01
-7.520634903241557367e+01
-7.327915445327352018e+01
