-1.338638665004464201e+01
-1.979688891969124143e+01
-2.620912019347978728e+01
-3.249622584079481413e+01
-3.837065564739096857e+01
-4.347134700894834225e+01
-4.753064302021176246e+01
-5.052413093775169273e+01
-5.271072479868129790e+01
-5.453548332738905202e+01
-5.644958251989827858e+01
-5.873964023698539449e+01
-6.143976515951263906e+01
-6.435833414015104381e+01
-6.720572113572819717e+01
-6.975699816645169449e+01
-7.195243335901798787e+01
-7.387284135821155928e+01
-7.561766935258808076e+01
-7.718747542314162047e+01
-7.846535192210365040e+01
-7.931540051519036183e+01
-7.973705113128202981e+01
-7.998166093050906511e+01
-8.055517237846621015e+01
-8.208220108318249686e+01
-8.507670585619179349e+01
-8.972130881838458549e+01
-9.576288038716806739e+01
-1.025762087250077599e+02
-1.093639895645089553e+02
-1.154003494578994093e+02
-1.202149477659024228e+02
-1.236524100115459390e+02
-1.258089702952045172e+02
-1.269137859834832653e+02
-1.272434302456967430e+02
-1.271133260563667449e+02
-1.269143017778169451e+02
-1.271196001933255388e+02
-1.282073893519158219e+02
-1.305059079647618887e+02
-1.340312179353313127e+02
-1.384109141473412592e+02
-1.429519539829365726e+02
-1.468383623743116289e+02
-1.493822532803567356e+02
-1.502328082255055222e+02
-1.494720848867946472e+02
-1.475711270291316453e+02
-1.452230129983057338e+02
-1.431022384996227856e+02
-1.416198445993313726e+02
-1.407465073610835873e+02
-1.399570955221025201e+02
-1.383127678735299924e+02
-1.346535809250588613e+02
-1.278451340386804844e+02
-1.170191990205186272e+02
-1.017631798764723641e+02
-8.222716713488654250e+01
-5.912378452460357892e+01
-3.360959081867228804e+01
-7.068731130362493786e+00
1.914230504430045698e+01
4.391086226462978459e+01
6.648533444883918264e+01
8.648215379132389558e+01
1.038168785837970489e+02
1.186075167831570241e+02
1.310868195091683788e+02
1.415450978686664598e+02
1.503082048949563614e+02
1.577317679884923223e+02
1.641796831135964396e+02
1.699731091027296372e+02
1.753313258153984862e+02
1.803406910390801841e+02
1.849691712323382831e+02
1.891113995465395874e+02
1.926292984123735721e+02
1.953610537563164371e+02
1.971031000316918664e+02
1.975995263968005702e+02
1.965721853072967633e+02
1.937937952188803479e+02
1.891736243548379832e+02
1.828135900013910202e+02
1.750047443682736059e+02
1.661620049862797543e+02
1.567242671841712820e+02
1.470623155950879664e+02
1.374322683590049223e+02
1.279886455246949168e+02
1.188341914507410451e+02
1.100586835265626462e+02
1.017378863083718272e+02
9.391219837131028214e+01
8.658458183400685471e+01
7.974679855398679251e+01
7.340602933502145788e+01
6.758619033571646639e+01
6.230974190318227812e+01
5.758263328014650995e+01
5.338806090262502124e+01
4.967281593440010568e+01
4.631850574632576922e+01
4.311814295333828539e+01
3.978449451729538566e+01
3.598824269882036475e+01
3.139681678773430917e+01
2.569423458481740852e+01
1.859884182857794599e+01
9.915987738751143254e+00
-3.603795559920968117e-01
-1.193147897230814181e+01
-2.413027814424897599e+01
-3.597240462340069911e+01
-4.634221384445338288e+01
-5.427741346694884328e+01
-5.926241883143978839e+01
-6.141828782413692522e+01
-6.150677359930530486e+01
-6.073840962904465357e+01
-6.045149325020020115e+01
-6.177158540274291454e+01
-6.535245047805544516e+01
-7.125407897807014024e+01
-7.896820133786988549e+01
-8.757584702332545135e+01
-9.600021013898694378e+01
-1.032897814341418439e+02
-1.088498433695173446e+02
-1.125568250565824542e+02
-1.147356613187146763e+02
-1.160292234535845353e+02
-1.172134151384910297e+02
-1.190058567255019568e+02
-1.219026804700231423e+02
-1.260742753420670113e+02
-1.313403354851760412e+02
-1.372112209367655282e+02
-1.429531659225187923e+02
-1.476449181481892481e+02
-1.502328082255055222e+02
-1.496180203095521222e+02
-1.448016924349624333e+02
-1.350827937984649054e+02
-1.202653037345730240e+02
-1.007979620013605029e+02
-7.776184611139726144e+01
-5.267052743999762754e+01
-2.714057305562428013e+01
-2.558730443653303155e+00
2.013602761374846040e+01
4.050700139412180079e+01
5.853564954628960493e+01
7.446081439186662010e+01
8.860546966876380282e+01
1.012421953759324680e+02
1.125310868182945683e+02
1.225395422691596963e+02
1.313190122355095752e+02
1.389803433638664956e+02
1.457032023964593463e+02
1.516549103601068111e+02
1.568631066492828836e+02
1.611340024315925916e+02
1.640909288464793008e+02
1.653352391056593831e+02
1.646550895431309698e+02
1.621763110154347487e+02
1.583784770908619635e+02
1.539672199194552036e+02
1.496601597338531064e+02
1.459730136072701896e+02
1.430758230104477207e+02
1.407497005347354389e+02
1.384443634700774055e+02
1.354249327845120945e+02
1.309855702750259923e+02
1.246850780322150882e+02
1.165378735273466191e+02
1.070917817810610302e+02
9.734583054687301740e+01
8.850253840682600526e+01
8.160745119226022837e+01
7.718915921849358597e+01
7.504155315001703741e+01
7.425509619639704795e+01
7.350556770449162514e+01
7.149098875543320730e+01
6.733865836617411560e+01
6.082951088443802945e+01
5.238797386002737966e+01
4.289035771938096531e+01
3.339122285331409046e+01
2.485375277778382497e+01
1.793690291258212000e+01
1.286914586102124325e+01
9.428208800442117621e+00
7.033875744798406160e+00
4.933622539520748695e+00
2.423529494295786346e+00
-9.748066311570549036e-01
-5.440085195571555232e+00
-1.088061695785722804e+01
-1.701710177102003740e+01
-2.346590760176178136e+01
-2.980759217802092564e+01
-3.565993799490600225e+01
-4.076885558754890582e+01
-4.508801510168599691e+01
-4.878885779647303167e+01
-5.217280618404745951e+01
-5.552637897143018364e+01
-5.899977959024016627e+01
-6.256930169632252614e+01
-6.609329777228066405e+01
-6.942745094271941753e+01
-7.254029856205561089e+01
-7.557080579082693816e+01
-7.880139729010421945e+01
-8.256723501270151644e+01
-8.715474114683030393e+01
-9.273891169288724257e+01
-9.937399409414838658e+01
-1.070097455297739515e+02
-1.154851018173613681e+02
-1.244712756307920074e+02
-1.333898570704103577e+02
-1.413772195164789309e+02
-1.473583122738723148e+02
-1.502328082255055222e+02
-1.491150513546458285e+02
-1.435464915251325806e+02
-1.336137426696469106e+02
-1.199382925822155244e+02
-1.035429773755689808e+02
-8.563505248722047725e+01
-6.736441324234951367e+01
-4.961734852110843974e+01
-3.289926977894135973e+01
-1.734230262508915388e+01
-2.834476283809628683e+00
1.078472106678793807e+01
2.354533127042698482e+01
3.524778677843243457e+01
4.546480132578592759e+01
5.363463883498820906e+01
5.921576940940148859e+01
6.185440703972247434e+01
6.151234652627910293e+01
5.851791883926247806e+01
5.352349356657981616e+01
4.737684116255745437e+01
4.094515355938426637e+01
3.494787405897621113e+01
2.983732716779636718e+01
2.573693502811416067e+01
2.243751068199404131e+01
1.945625945950033753e+01
