-5.700633696703800268e+01
1.686452921410952399e+01
7.806405742943427128e+01
1.176552751273402180e+02
1.325781030292534695e+02
1.256327349068587296e+02
1.036604186394629608e+02
7.494424091253098652e+01
4.685875134353619842e+01
2.439391883724643151e+01
9.689628874358049870e+00
2.370371580041691573e+00
3.348970299850151378e-01
6.783859815481676492e-01
5.170201700343497464e-01
-2.410641975827360284e+00
-9.400870065202411752e+00
-2.068163789148415077e+01
-3.552191066475835157e+01
-5.253162166751842932e+01
-7.009832454817296821e+01
-8.684180223864829884e+01
-1.019422033865530750e+02
-1.152526868431279752e+02
-1.272006246924459418e+02
-1.385465032557290499e+02
-1.500888129089738641e+02
-1.623927153929433871e+02
-1.755971827645076075e+02
-1.893353412921866550e+02
-2.027934364287004030e+02
-2.149189563725130654e+02
-2.247447205244343138e+02
-2.317309648360933920e+02
-2.359875873679239362e+02
-2.382695058457246660e+02
-2.397384032706824826e+02
-2.415960439767185335e+02
-2.447461807602163333e+02
-2.496076562016163507e+02
-2.561145273132149782e+02
-2.638572125686699792e+02
-2.722777783753800804e+02
-2.808306074680054394e+02
-2.890421287818763858e+02
-2.964503140602611779e+02
-3.024657365172075743e+02
-3.062273282464237241e+02
-3.065073534575281542e+02
-3.016952404845538922e+02
-2.898960563031423021e+02
-2.691840844986571710e+02
-2.380090066231128105e+02
-1.956755821173060212e+02
-1.427562213529997450e+02
-8.127808864678449652e+01
-1.456889500059205034e+01
5.324172058182867318e+01
1.179275024951377020e+02
1.758583368573609675e+02
2.244848668370150619e+02
2.625170686359850265e+02
2.898113176933472914e+02
3.070612591821184196e+02
3.154188166983650490e+02
3.161675818789647678e+02
3.105464630815062037e+02
2.997620519273405080e+02
2.851291554757377753e+02
2.681957225080851686e+02
2.507130470476171240e+02
2.344054350771437214e+02
2.206059851953937141e+02
2.098986734236748930e+02
2.019271702106055670e+02
1.954893927680784600e+02
1.889258342050225394e+02
1.806663208775326837e+02
1.697085347718281128e+02
1.558308049020751298e+02
1.394839973274522436e+02
1.214721853406840921e+02
1.026061313298778828e+02
8.346327868077324297e+01
6.428829941164926254e+01
4.501199781574153747e+01
2.536615389049156022e+01
5.076676542708369766e+00
-1.590538985969975272e+01
-3.721028428141520550e+01
-5.798383751816869136e+01
-7.701346008886615380e+01
-9.303588501542898825e+01
-1.051236332376462173e+02
-1.129940376855013113e+02
-1.171156835905594704e+02
-1.185850394717180052e+02
-1.188460970827632366e+02
-1.193691947133867473e+02
-1.213788763062404712e+02
-1.256630007358942436e+02
-1.324626405606023809e+02
-1.414561802322369033e+02
-1.518743427908123067e+02
-1.627556049969058449e+02
-1.732674076185106742e+02
-1.829556236739617248e+02
-1.918191605994259987e+02
-2.002104374038970604e+02
-2.086376195784056335e+02
-2.175459216609905582e+02
-2.271289284205514605e+02
-2.372176480407509302e+02
-2.472972011756963013e+02
-2.566636044935725636e+02
-2.646631494827298070e+02
-2.709103320469740765e+02
-2.753954303078110684e+02
-2.784559014139327360e+02
-2.806505856048376017e+02
-2.826005683549459491e+02
-2.848404379994465216e+02
-2.876954436471167469e+02
-2.911993852882268357e+02
-2.950838572671739826e+02
-2.988622593503245639e+02
-3.019917721588212203e+02
-3.040583732311334302e+02
-3.049255869180231571e+02
-3.048039940199693092e+02
-3.042100774888785963e+02
-3.037988821664030183e+02
-3.040937425106141632e+02
-3.051812370444507110e+02
-3.064585898707684350e+02
-3.065073534575281542e+02
-3.031391532669172193e+02
-2.936326483006396302e+02
-2.751507306863869644e+02
-2.452862288881382824e+02
-2.026297021144806365e+02
-1.472228946386053963e+02
-8.077427329817015789e+01
-6.564922467728964151e+00
7.094910281921718820e+01
1.467548094612228624e+02
2.159962430584570257e+02
2.746604361977745725e+02
3.201236050161013509e+02
3.514549350162322412e+02
3.694077110044162282e+02
3.761045052395777475e+02
3.745137623478733531e+02
3.678603267512039565e+02
3.590892900071442568e+02
3.504514101047784038e+02
3.432549457500599033e+02
3.378323603008009854e+02
3.337454706759177157e+02
3.301711249021711296e+02
3.263216171427347945e+02
3.217348097351231786e+02
3.163376380821829912e+02
3.102994736743727344e+02
3.037867446826023183e+02
2.967613176704723514e+02
2.889208067105918190e+02
2.797925082885831216e+02
2.689213452265894944e+02
2.560662124923525766e+02
2.413255555253149680e+02
2.251394715683968570e+02
2.081681910261713995e+02
1.911094636642964986e+02
1.745482412226032807e+02
1.589134529956637607e+02
1.445634530074955819e+02
1.319525905239897554e+02
1.217734014051937095e+02
1.149622393011639900e+02
1.125171831683000221e+02
1.151722362426261412e+02
1.230445769451131355e+02
1.353887133934916562e+02
1.505577634258268631e+02
1.662092980836964387e+02
1.797177489095915348e+02
1.886812934562246085e+02
1.913631392162081966e+02
1.869156347953451700e+02
1.753112578782477726e+02
1.570219734458542007e+02
1.325978960979653607e+02
1.023468374598645880e+02
6.627682729368811465e+01
2.434349348366568933e+01
-2.309984468478049280e+01
-7.484947294827844644e+01
-1.286080457103878985e+02
-1.810859904417191615e+02
-2.284467367614025761e+02
-2.669626831797593809e+02
-2.936830342477283580e+02
-3.069298052979202680e+02
-3.065073534575281542e+02
-2.936077475837577708e+02
-2.704957862397801591e+02
-2.401192322241533930e+02
-2.057688083502894756e+02
-1.708220894327342876e+02
-1.385191607301248382e+02
-1.117013289987510802e+02
-9.249733500372454387e+01
-8.201180420784879743e+01
-8.010668488831410627e+01
-8.535986582031119951e+01
-9.525981709946788101e+01
-1.066554168498289243e+02
-1.164044062371153245e+02
-1.220628194498951871e+02
-1.223963603735144829e+02
-1.175294903983465247e+02
-1.086690213169437413e+02
-9.748974946851348022e+01
-8.539380979112783621e+01
-7.290985870881127084e+01
-5.945362857816965629e+01
-4.353129565657283706e+01
-2.328535381698154083e+01
2.851576874812138840e+00
3.564444973421046825e+01
7.482853049374661225e+01
1.191566558788018568e+02
1.666037927780272128e+02
2.146073810026804267e+02
2.603020664843858185e+02
3.007952511718569326e+02
3.335417045023873470e+02
3.567888068816689611e+02
3.699520484573320687e+02
3.737508223416322721e+02
3.700179864441379323e+02
3.612269272688627098e+02
3.498814179158617890e+02
3.379558503901054110e+02
3.265482749621906464e+02
3.158272051393331594e+02
3.052607842542420258e+02
2.940503098481816551e+02
2.816376626835759680e+02
2.681060869065793213e+02
2.542869280581599583e+02
2.414743311375653150e+02
2.308216366318253563e+02
2.226591616067269968e+02
2.160410566185836956e+02
2.087648723333870748e+02
1.979380893886596482e+02
1.809497284070764067e+02
1.565151265486547913e+02
1.253770559056866034e+02
9.032638040116117395e+01
