-4.182295247170514330e+01
-8.074047887973887327e+01
-1.146942224076712193e+02
-1.401060542582183359e+02
-1.556589123119722728e+02
-1.623393278978648482e+02
-1.627777966701862340e+02
-1.602304937457278697e+02
-1.575890222847384905e+02
-1.567106514148172778e+02
-1.582014932955624431e+02
-1.616192001701255379e+02
-1.659386687449685382e+02
-1.700747765485339187e+02
-1.732830143133293177e+02
-1.753386392648872061e+02
-1.764905875183778221e+02
-1.772604351711721336e+02
-1.781867116774052135e+02
-1.796036190444277736e+02
-1.815110670990281392e+02
-1.835590177429601511e+02
-1.851399965846754583e+02
-1.855576244352133983e+02
-1.842188931379989754e+02
-1.807938966809633996e+02
-1.753034302212491298e+02
-1.681216035405379614e+02
-1.599023870195359791e+02
-1.514520690906134632e+02
-1.435782090666243107e+02
-1.369502154523295872e+02
-1.320044982127412823e+02
-1.289171075481966682e+02
-1.276474219229220779e+02
-1.280302843933893655e+02
-1.298735024734439207e+02
-1.330150797123226596e+02
-1.373092409540351753e+02
-1.425344330567958195e+02
-1.482461333227921045e+02
-1.536285559183660325e+02
-1.574186173267063396e+02
-1.579653665966397966e+02
-1.534454228910386178e+02
-1.421976082958506424e+02
-1.230927413845178080e+02
-9.583368638220829894e+01
-6.109322197953203926e+01
-2.044398860506608528e+01
2.389754132466099179e+01
6.943291390272601404e+01
1.137484759568353638e+02
1.548059531006068710e+02
1.911158478219771837e+02
2.217906420342137039e+02
2.465002324023977849e+02
2.653655649364189912e+02
2.788304288439286438e+02
2.875443712732256927e+02
2.922705234273549877e+02
2.938097372364433113e+02
2.929245172508379937e+02
2.902597951080869052e+02
2.862774683429393008e+02
2.812277377781894074e+02
2.751692299160175139e+02
2.680326785265260696e+02
2.597091572334140324e+02
2.501351431485869909e+02
2.393442976950609875e+02
2.274662429374449175e+02
2.146768642827674967e+02
2.011288865336602782e+02
1.868989669761643313e+02
1.719758693019533666e+02
1.562939739146965223e+02
1.397986919246243076e+02
1.225204998612497604e+02
1.046331060897747562e+02
8.647826417124002774e+01
6.855213855583011195e+01
5.145782575104374956e+01
3.582881324980998272e+01
2.222566914106651126e+01
1.101717748446296952e+01
2.276566240382063011e+00
-4.264551677015316677e+00
-9.172763283903249132e+00
-1.318102912161791451e+01
-1.700706374185943304e+01
-2.118131510097382986e+01
-2.593958516198100739e+01
-3.121293628918007101e+01
-3.671622035006969043e+01
-4.210190124922085886e+01
-4.711770310798057437e+01
-5.170224478440346161e+01
-5.598309725449308161e+01
-6.019385910482012036e+01
-6.456674121752222106e+01
-6.925644247002971099e+01
-7.431502050274033877e+01
-7.970061221876960644e+01
-8.529431048739240850e+01
-9.091644575551005403e+01
-9.635113059566658933e+01
-1.013882984438962609e+02
-1.058784279147103291e+02
-1.097814101526218877e+02
-1.131886018105477945e+02
-1.163053007245895714e+02
-1.193933644545960107e+02
-1.226882470018503284e+02
-1.263191786990001333e+02
-1.302662025437932698e+02
-1.343754571226828887e+02
-1.384288267216991528e+02
-1.422379196312786860e+02
-1.457178312271966547e+02
-1.489044434641314751e+02
-1.519106944932096042e+02
-1.548527867840132899e+02
-1.577903252639678726e+02
-1.607078893307754868e+02
-1.635375153425134442e+02
-1.662040132608006502e+02
-1.686727824409021252e+02
-1.709831685784852198e+02
-1.732532893362846949e+02
-1.756457886096550851e+02
-1.782883680970829801e+02
-1.811509816355203952e+02
-1.839002406492943749e+02
-1.857770192932318309e+02
-1.855576244352133983e+02
-1.816479687759391481e+02
-1.723235686852621882e+02
-1.560771521480818365e+02
-1.319887912837646979e+02
-1.000116117603344037e+02
-6.108134134602920540e+01
-1.701136836355103910e+01
2.979221490187185495e+01
7.670660115924751210e+01
1.212612376841355086e+02
1.614291787039029771e+02
1.958065366403170628e+02
2.236748304711404671e+02
2.449608492977266110e+02
2.601207606653588300e+02
2.699811052478449938e+02
2.755677079306283304e+02
2.779429516421741937e+02
2.780607617548706685e+02
2.766495664730764474e+02
2.741434476766820012e+02
2.706836918703644983e+02
2.661969348708438474e+02
2.605275431108685780e+02
2.535761980631206711e+02
2.453908691659940189e+02
2.361769747473026655e+02
2.262293825053204159e+02
2.158207386247648571e+02
2.050957616618939880e+02
1.940166312341508785e+02
1.823829596856128603e+02
1.699188560023020784e+02
1.563929287737704215e+02
1.417269100863753408e+02
1.260568457342946260e+02
1.097308353489653285e+02
9.325055468521627233e+01
7.718117648193990021e+01
6.205863639941591714e+01
4.831608052510976847e+01
3.624131647851072557e+01
2.596805447052883054e+01
1.749315329356524984e+01
1.070283688572137848e+01
5.393283772478379312e+00
1.285636397417865950e+00
-1.954464260618469673e+00
-4.688572782942859618e+00
-7.274264840434261359e+00
-1.003614528247319448e+01
-1.323617690788719159e+01
-1.703987349291891462e+01
-2.148556018602050699e+01
-2.647503914992724106e+01
-3.180187909065004703e+01
-3.721516861590610148e+01
-4.249401490840160278e+01
-4.750025155970566715e+01
-5.219250125781324812e+01
-5.661027341410039071e+01
-6.084835404859545349e+01
-6.503334875852205244e+01
-6.930157101680266862e+01
-7.377355658232328040e+01
-7.852401109262649470e+01
-8.355266769738112487e+01
-8.876900815781735332e+01
-9.400544517371606901e+01
-9.906210464827614715e+01
-1.037663762099708009e+02
-1.080188300529028993e+02
-1.118065658067936567e+02
-1.151885153711997418e+02
-1.182734324297514235e+02
-1.212067755825682980e+02
-1.241639197880682843e+02
-1.273321543867655237e+02
-1.308673341816637219e+02
-1.348327675915847976e+02
-1.391507844575882586e+02
-1.436010654008394738e+02
-1.478800008637464600e+02
-1.517060153538690770e+02
-1.549342577143465007e+02
-1.576377569296710703e+02
-1.601180253838354304e+02
-1.628237487503772059e+02
-1.661857308543371516e+02
-1.704150360847104650e+02
-1.753339359557007811e+02
-1.802934189476379174e+02
-1.841891626777106126e+02
-1.855576244352133983e+02
-1.827356875183172633e+02
-1.740825538911443289e+02
-1.582580566537039601e+02
-1.345195179685469782e+02
-1.029651520241961151e+02
-6.464456685338141995e+01
-2.148420611898776045e+01
2.397095477973139666e+01
6.893734937437869803e+01
1.107938246146448904e+02
1.474103208641893730e+02
1.773544068270446985e+02
1.999701423349476102e+02
2.153440544583242797e+02
2.241752464460531371e+02
2.275703178045825439e+02
2.267975941290749802e+02
2.230501686414253300e+02
2.172683916497219911e+02
2.100549330937003845e+02
2.016876168527572588e+02
1.922097294833759804e+02
1.815640354952746520e+02
1.697340911366948433e+02
1.568556188053032656e+02
1.432622247332173799e+02
1.294456836946980047e+02
1.159422070495899817e+02
1.031837284260165859e+02
9.136277573506015415e+01
8.035700565439671550e+01
6.975116327346712808e+01
