-6.580913424997419270e+01
-9.378230712868743524e+01
-1.198900623338045932e+02
-1.428346712568125554e+02
-1.621598790069673441e+02
-1.782122433018711263e+02
-1.918413807190561329e+02
-2.040096888948672813e+02
-2.154734722921777745e+02
-2.266325108760089506e+02
-2.375608112436039505e+02
-2.481596895582346747e+02
-2.583428049476477781e+02
-2.681723930920828138e+02
-2.778922875085061150e+02
-2.878308608799821400e+02
-2.981820402576254310e+02
-3.087167775924208399e+02
-3.185142350075800550e+02
-3.258127206804275602e+02
-3.280585303889397437e+02
-3.221843782030149441e+02
-3.050935906157798172e+02
-2.742699469034558888e+02
-2.283803071230668422e+02
-1.677094908044219892e+02
-9.429351462143868901e+01
-1.169830371337201669e+01
7.550792864307157970e+01
1.624592221854283878e+02
2.447077373453322195e+02
3.187966357013472702e+02
3.825787800260643507e+02
4.352342034191831885e+02
4.770211886614721948e+02
5.088724598110723605e+02
5.319804206389477486e+02
5.474894828133169540e+02
5.563513216876624483e+02
5.593312591328395911e+02
5.571042235725287810e+02
5.503623470281327172e+02
5.398732942492817983e+02
5.264622539540081334e+02
5.109252789655593574e+02
4.939108638394314994e+02
4.758223158844190834e+02
4.567835551502263343e+02
4.366759835844913482e+02
4.152173095621744210e+02
3.920425816138773598e+02
3.667667875715168861e+02
3.390352434206902785e+02
3.085820314768399157e+02
2.753141214628989246e+02
2.394208508189655049e+02
2.014759908264469743e+02
1.624694046851153644e+02
1.237103400790819734e+02
8.659939765423352753e+01
5.234241012619332167e+01
2.172340126834902918e+01
-4.970658018922968324e+00
-2.786190907352946056e+01
-4.730312979014778563e+01
-6.371260519745807471e+01
-7.749096958116291489e+01
-8.902166328121327865e+01
-9.870873325320353331e+01
-1.070023153282004245e+02
-1.143892622893156954e+02
-1.213541067868209780e+02
-1.283284951131025196e+02
-1.356475280844133522e+02
-1.435240005451521483e+02
-1.520411072346926744e+02
-1.611588035577547942e+02
-1.707309262696877852e+02
-1.805320116442036920e+02
-1.902923677344254543e+02
-1.997428238734991623e+02
-2.086720154632343736e+02
-2.169869397806579343e+02
-2.247467441327100346e+02
-2.321347050892650827e+02
-2.393611761886659224e+02
-2.465370549126100173e+02
-2.535848226394683138e+02
-2.602369035288771215e+02
-2.661245252317044105e+02
-2.709202458883242457e+02
-2.744802656341876741e+02
-2.769345137125540646e+02
-2.786895879465091639e+02
-2.803385083532799058e+02
-2.825027478598429980e+02
-2.856569397504088101e+02
-2.899963910092758397e+02
-2.953928073585688594e+02
-3.014465128856267597e+02
-3.076042150913434625e+02
-3.132940688245319620e+02
-3.180413636414967300e+02
-3.215525992556510460e+02
-3.237699827629034530e+02
-3.248936127396269740e+02
-3.253530237569705719e+02
-3.256989675976878971e+02
-3.263971590684110993e+02
-3.275443575261954834e+02
-3.285753804541387240e+02
-3.280585303889397437e+02
-3.236743861674075333e+02
-3.124400380453792536e+02
-2.911745161975971996e+02
-2.571248069004810759e+02
-2.086010792952984048e+02
-1.454523419374803836e+02
-6.924959063224932265e+01
1.688454218736536205e+01
1.087661172050403309e+02
2.018302809247755363e+02
2.918127218673938046e+02
3.752583546194196060e+02
4.497706461055784075e+02
5.140233417844248152e+02
5.676233729295142894e+02
6.109155009284070275e+02
6.447790006293262195e+02
6.704239889901429024e+02
6.891780860095052503e+02
7.022694644510402213e+02
7.106447957691291322e+02
7.148816107674297200e+02
7.152361088885562594e+02
7.118052512738158839e+02
7.047169249935200241e+02
6.942518751089555735e+02
6.808538142677143696e+02
6.650487390082953425e+02
6.473278749449846146e+02
6.280503916700195077e+02
6.074029940471971258e+02
5.854194267872974251e+02
5.620318499152589311e+02
5.371225370947765896e+02
5.105689121123839413e+02
4.822977090983187054e+02
4.523576792904703439e+02
4.209937442311856444e+02
3.886914498498331341e+02
3.561709498283703397e+02
3.243272314123237265e+02
2.941249595615669250e+02
2.664651493140231082e+02
2.420464271224292929e+02
2.212424749269062545e+02
2.040178160149210100e+02
1.899124414515685544e+02
1.781251011930202139e+02
1.676965355792141281e+02
1.577480757248575856e+02
1.476974210128010725e+02
1.373704500583478989e+02
1.269589709025767803e+02
1.168352047995792731e+02
1.073030222541839294e+02
9.840171332003239968e+01
8.985005213697992588e+01
8.114184616638389969e+01
7.173067974531922175e+01
6.121324316200286830e+01
4.943876350955837040e+01
3.651394545085916832e+01
2.272082099202384597e+01
8.403231566694358889e+00
-6.115709865717946059e+00
-2.055558671214319588e+01
-3.465758093807482965e+01
-4.816194279853667126e+01
-6.081526410786167958e+01
-7.241362930751176918e+01
-8.286784667737327936e+01
-9.226483879832110802e+01
-1.008933156316044801e+02
-1.092074356233280810e+02
-1.177250477048430639e+02
-1.268921847062463257e+02
-1.369715418735658545e+02
-1.480054245212020874e+02
-1.598615867603043625e+02
-1.723227171385902921e+02
-1.851643321091464713e+02
-1.981927671604886996e+02
-2.112546546599012913e+02
-2.242407237545347130e+02
-2.370891595388984570e+02
-2.497818118760404786e+02
-2.623327450852402194e+02
-2.747698102426197124e+02
-2.870945796775866938e+02
-2.991948867114395512e+02
-3.106982156162092679e+02
-3.207897666997854458e+02
-3.280585303889397437e+02
-3.304579227067975467e+02
-3.254568602289400019e+02
-3.104106419051865942e+02
-2.830807844722875757e+02
-2.421725979447949157e+02
-1.877421706423124306e+02
-1.213622973171774788e+02
-4.600428334166204536e+01
3.433988645714727994e+01
1.152166470806774043e+02
1.923374748890566082e+02
2.621447479423711684e+02
3.221990627185189169e+02
3.713109724356013999e+02
4.094087560262858005e+02
4.372129242285737973e+02
4.558443790931186754e+02
4.664935305394172929e+02
4.702223355942633702e+02
4.679004595547610847e+02
4.602325730337259984e+02
4.478259191786335691e+02
4.312609390158864926e+02
4.111455941348149850e+02
3.881449564636550349e+02
3.629785647967416935e+02
3.363747777321559624e+02
3.089750388933636032e+02
2.812002731226407377e+02
2.531234469086366516e+02
2.244165667175691397e+02
1.944297469550965616e+02
1.624058974608298058e+02
1.277641527988839414e+02
9.034384475115683699e+01
5.051614627137016100e+01
9.133045269633839780e+00
-3.264481131632098254e+01
-7.356020291690285262e+01
-1.124395911509714381e+02
-1.483098310556495392e+02
-1.804582215492129649e+02
-2.084621790728345729e+02
-2.322124227464917681e+02
-2.519313726095127492e+02
-2.681585912630054622e+02
-2.816636835053720915e+02
-2.932729185600817345e+02
-3.036463985085684953e+02
-3.130808963761298287e+02
-3.214122875765093568e+02
-3.280585303889397437e+02
-3.322065574352063777e+02
-3.331123590731491504e+02
-3.304389265553650716e+02
-3.245069677250880886e+02
-3.163242946181248385e+02
