-1.258852307282643466e+02
-1.544906560176268044e+02
-1.819473495183437421e+02
-2.073476403251527245e+02
-2.297993526762825240e+02
-2.482256257235947885e+02
-2.611231972475490011e+02
-2.664440587725359819e+02
-2.617325060382943320e+02
-2.445462163530015687e+02
-2.130650631773975761e+02
-1.666958583089736976e+02
-1.064560797251047006e+02
-3.498573210782211618e+01
4.382462639658666603e+01
1.254568879003800816e+02
2.054364603277134620e+02
2.798822084548791054e+02
3.458584613179756388e+02
4.015319208974798357e+02
4.461667718235052007e+02
4.799857062503042471e+02
5.039202704452961825e+02
5.192940528144155223e+02
5.275139447071998120e+02
5.298535463509422243e+02
5.273753093828054261e+02
5.209669824597017396e+02
5.114115645134882016e+02
4.994112133430106724e+02
4.855380815316273129e+02
4.701442363591447702e+02
4.532932487165592192e+02
4.347706601432719253e+02
4.141946318741443633e+02
3.911926654098082281e+02
3.655650784395232336e+02
3.373589168655074673e+02
3.068310180956873410e+02
2.743434264538827279e+02
2.402637182073930830e+02
2.049291488649483597e+02
1.686940518250626155e+02
1.320312491560518708e+02
9.561785696747529073e+01
6.033117496059284690e+01
2.712869570792937424e+01
-3.137466596108090755e+00
-2.987622495155852675e+01
-5.281300918355536567e+01
-7.194970293831674724e+01
-8.749322044985066782e+01
-9.981329061237283895e+01
-1.094376206161709462e+02
-1.170466656722225594e+02
-1.234252866031786482e+02
-1.293553022609526124e+02
-1.354688477633399373e+02
-1.421154486111515212e+02
-1.493105752135711555e+02
-1.568064853259202209e+02
-1.642587402803961538e+02
-1.714014473009470407e+02
-1.781433589758564722e+02
-1.845550882329254421e+02
-1.907849408522505144e+02
-1.969699558944350599e+02
-2.031889532376406464e+02
-2.094576373388434831e+02
-2.157305038234819676e+02
-2.218820122020488270e+02
-2.276830124283316650e+02
-2.328192346695496440e+02
-2.369778914145094291e+02
-2.399737417390955443e+02
-2.418499056401195730e+02
-2.428997942878438607e+02
-2.435982640690740482e+02
-2.444703788248796172e+02
-2.459482241485298459e+02
-2.482673968734339951e+02
-2.514326498245170569e+02
-2.552432157876916108e+02
-2.593417974967816235e+02
-2.632640696423580380e+02
-2.665025516457158119e+02
-2.686131913515505971e+02
-2.693616136775278846e+02
-2.688549164548011845e+02
-2.675794406765236317e+02
-2.662865034102968593e+02
-2.657234531134598683e+02
-2.662693647687743805e+02
-2.675820329768588977e+02
-2.683790141613972651e+02
-2.664440587725359819e+02
-2.588750940607051234e+02
-2.425118535368139874e+02
-2.144473295609167849e+02
-1.725351121887744057e+02
-1.158271558796417366e+02
-4.487841355106826313e+01
3.815608847434424433e+01
1.296966268902870070e+02
2.251964989791542280e+02
3.198038983793668990e+02
4.090740258696106366e+02
4.895554510067594833e+02
5.591161874527440432e+02
6.169613742587421257e+02
6.633915946204190277e+02
6.994195455417711855e+02
7.263782040457500671e+02
7.456208639688982203e+02
7.583575952168453114e+02
7.656184464490637538e+02
7.682958974905128571e+02
7.672040000046347359e+02
7.631021791850846512e+02
7.566643564381922715e+02
7.484106352281505679e+02
7.386383901495665896e+02
7.273899776845008773e+02
7.144817530022853589e+02
6.995919243363490523e+02
6.823710480317920428e+02
6.625262114528406983e+02
6.398537282674016069e+02
6.142374123581112144e+02
5.856558959856347428e+02
5.542313317024933212e+02
5.203126719221488656e+02
4.845513846295629605e+02
4.479194990931362099e+02
4.116411032620767401e+02
3.770451036109888037e+02
3.453758026001762573e+02
3.176033844097678411e+02
2.942697987553036683e+02
2.754035385951674471e+02
2.605311117955225768e+02
2.487884965139599274e+02
2.391048206526293143e+02
2.304154051031816266e+02
2.218595123051077849e+02
2.129162134915089837e+02
2.034372256468263060e+02
1.935634783016091944e+02
1.835559327828642608e+02
1.736078607846729369e+02
1.637160943643841051e+02
1.536631817467984433e+02
1.431085458281405636e+02
1.317354926335702032e+02
1.193832541696396419e+02
1.061101194955305118e+02
9.216584956360188130e+01
7.788764318064610848e+01
6.356906032033447218e+01
4.937013319097647468e+01
3.531802125142112914e+01
2.139146150954050540e+01
7.627187604151004052e+00
-5.823735690211350402e+00
-1.872511191000216968e+01
-3.085601590359527790e+01
-4.213210690849444973e+01
-5.268503361872222968e+01
-6.285465810937245124e+01
-7.309414322725649527e+01
-8.383458748305196195e+01
-9.536891498256113664e+01
-1.077883818973187999e+02
-1.209696535679872227e+02
-1.345960576385978129e+02
-1.482049801478232780e+02
-1.612662078168625612e+02
-1.732956068399066112e+02
-1.839901701804288905e+02
-1.933456900254971060e+02
-2.017061966371879294e+02
-2.097063452039608364e+02
-2.180986862950858836e+02
-2.274907760234608531e+02
-2.380417544379773744e+02
-2.491845336686551491e+02
-2.594475606252033799e+02
-2.664440587725359819e+02
-2.670745579524026994e+02
-2.579528873491638024e+02
-2.360164258086359155e+02
-1.992000358168772891e+02
-1.469941965601439620e+02
-8.070910303109894812e+01
-3.356876238512768396e+00
8.080264020488573351e+01
1.669117887020933040e+02
2.502013005405746924e+02
3.265877067456154350e+02
3.931010234010809086e+02
4.480945198607820430e+02
4.912173207332654670e+02
5.231713752484006363e+02
5.453254460375562758e+02
5.592968361030441429e+02
5.666106124791427874e+02
5.685035675013212995e+02
5.658818076804197972e+02
5.593937034362179475e+02
5.495529318015674107e+02
5.368424140578390507e+02
5.217516789310641343e+02
5.047384642334849900e+02
4.861421843760071511e+02
4.660976844419541862e+02
4.444953448791941355e+02
4.210121903121835771e+02
3.952126154280854280e+02
3.666958649754093926e+02
3.352501020701971015e+02
3.009661609973160239e+02
2.642787774264510290e+02
2.259318505868038471e+02
1.868858116155236928e+02
1.481915986817033968e+02
1.108558643532733186e+02
7.572089311184822691e+01
4.337678991686937024e+01
1.411513536459438001e+01
-1.206991888794656376e+01
-3.542877204647901834e+01
-5.635783334411369339e+01
-7.527827653940765629e+01
-9.252615903493560268e+01
-1.082884077270903447e+02
-1.226093987677957955e+02
-1.354697506094291271e+02
-1.469042865952743568e+02
-1.570998186291280945e+02
-1.664208113046619530e+02
-1.753514651787057801e+02
-1.843840483381005697e+02
-1.938960169913213463e+02
-2.040481022420834165e+02
-2.147286211470818102e+02
-2.255705530603821387e+02
-2.360526292836793232e+02
-2.456540590297427684e+02
-2.539969645729539707e+02
-2.609169714193736809e+02
-2.664440587725359819e+02
-2.707185714308909610e+02
-2.738921555672690147e+02
-2.760687022938923860e+02
-2.773182125599068968e+02
-2.777437838229901672e+02
-2.775338851475078172e+02
-2.769415573250989837e+02
-2.761992456059824690e+02
-2.754352850802210924e+02
-2.746484362996119444e+02
-2.737399669558944311e+02
