-2.385606204832842536e+01
-4.635159197510089513e+01
-6.618547916643524331e+01
-8.134943747800514302e+01
-9.087012830351655168e+01
-9.490500175439952102e+01
-9.454041531754018024e+01
-9.139208865371234936e+01
-8.713121674523338811e+01
-8.305129077857439768e+01
-7.977254236519937081e+01
-7.715004455427305174e+01
-7.439607514866970917e+01
-7.036114577457877317e+01
-6.387694339372413310e+01
-5.406460896728576415e+01
-4.054281196059154979e+01
-2.351557996236983783e+01
-3.756025816361965752e+00
1.749299070448302018e+01
3.869592323162978431e+01
5.827429757201276317e+01
7.489178723678861616e+01
8.769625875256605241e+01
9.643549371479015520e+01
1.014127898846313229e+02
1.033194315169580619e+02
1.030213561528530448e+02
1.013696396044716153e+02
9.907173261119966412e+01
9.663088195650372825e+01
9.434309080545625648e+01
9.232947314566135333e+01
9.057619699360924415e+01
8.895941010469070420e+01
8.724828710050155678e+01
8.509763340992374481e+01
8.205457979549429126e+01
7.760748188463789177e+01
7.129578442766184310e+01
6.287401273144320157e+01
5.248373037446285139e+01
4.075281880017590908e+01
2.874190483244045424e+01
1.770958130082863846e+01
8.754958214418081752e+00
2.472179595822913356e+00
-1.235179604828827493e+00
-3.099372294441710807e+00
-4.222724075030044766e+00
-5.717326899557980013e+00
-8.389793756724479579e+00
-1.257120598076747697e+01
-1.812005819575724530e+01
-2.455941228818153732e+01
-3.127701743301432202e+01
-3.771927847908725795e+01
-4.352635862288199320e+01
-4.857558342387403627e+01
-5.293073644930107235e+01
-5.673621834273921394e+01
-6.012366583580054424e+01
-6.318410256101794431e+01
-6.600197647587548033e+01
-6.869298843210201255e+01
-7.138413499842603471e+01
-7.412814181871058850e+01
-7.681412697893752295e+01
-7.916161732942900642e+01
-8.083344360435306442e+01
-8.161017448896809867e+01
-8.151456877288731562e+01
-8.080390418545148634e+01
-7.983362008858560444e+01
-7.887594302179289230e+01
-7.800175503372504693e+01
-7.708623697344121695e+01
-7.591323748487174328e+01
-7.429913832870977330e+01
-7.217076385366037528e+01
-6.957994821020997733e+01
-6.666930171593675425e+01
-6.361488519597767777e+01
-6.057993348326081673e+01
-5.771048667366120810e+01
-5.517275018302919420e+01
-5.319402606612990780e+01
-5.206263867645182586e+01
-5.207270394320954665e+01
-5.343578956001884706e+01
-5.619702249478564227e+01
-6.019009268486460940e+01
-6.505643719125035318e+01
-7.033513176075852869e+01
-7.559235226511682981e+01
-8.052296721693612369e+01
-8.496427432482848019e+01
-8.881870482439916259e+01
-9.193667113031766291e+01
-9.401537665787364517e+01
-9.454041531754018024e+01
-9.278294826358612113e+01
-8.787530102157145961e+01
-7.898530920519694121e+01
-6.556851972057337719e+01
-4.761965442839088780e+01
-2.581256609967891080e+01
-1.441533181526025942e+00
2.384974070805542823e+01
4.847735329838863549e+01
7.132386567702069158e+01
9.197866218745701872e+01
1.106941106734186206e+02
1.280631117085688118e+02
1.445694548379925664e+02
1.602332886081398442e+02
1.745236033978442265e+02
1.865758135237990984e+02
1.956036965927961546e+02
2.012942431542228121e+02
2.039793898275305253e+02
2.045037876435839621e+02
2.038765256842632141e+02
2.028929064128194852e+02
2.018923517711714908e+02
2.007227206745638171e+02
1.988822304000273107e+02
1.957561106555624235e+02
1.908620923094071600e+02
1.840415878539803600e+02
1.755565695275176381e+02
1.660711760934109407e+02
1.565204209479331325e+02
1.478961333842918293e+02
1.410010606148624106e+02
1.362331513669606693e+02
1.334676120751256576e+02
1.320893223521683524e+02
1.311743528774476886e+02
1.297515139110967084e+02
1.270475961919291450e+02
1.226494849378026970e+02
1.165617832388892765e+02
1.091612483954719863e+02
1.010580760704692977e+02
9.289510806396648945e+01
8.514521212925390614e+01
7.797721698855175987e+01
7.123919696229808096e+01
6.456252230574463624e+01
5.753803864709360028e+01
4.988546536400932752e+01
4.155287780640085060e+01
3.272998419119300451e+01
2.379304379033368733e+01
1.520389950671463097e+01
7.385999332512611204e+00
6.149120542119987931e-01
-5.032359706768602337e+00
-9.653312433116063573e+00
-1.345076374885876902e+01
-1.666386046219714245e+01
-1.951765853408453921e+01
-2.217915022674834802e+01
-2.471025410325952976e+01
-2.703465755247763980e+01
-2.895261848187574572e+01
-3.022873087840412154e+01
-3.074142765011437461e+01
-3.063227959486638952e+01
-3.036552208417795384e+01
-3.063848217678268782e+01
-3.215586177138550283e+01
-3.534633690375258652e+01
-4.013207710247479554e+01
-4.585762334630867088e+01
-5.143741626480377249e+01
-5.569365762902729955e+01
-5.776579030076482013e+01
-5.743531579314674218e+01
-5.524767937363816372e+01
-5.239306290582666747e+01
-5.038118744955184525e+01
-5.059755214484182773e+01
-5.386901431512950467e+01
-6.018389778870782436e+01
-6.867439882975794774e+01
-7.787058662183558511e+01
-8.611943268505262949e+01
-9.199417198005214402e+01
-9.454041531754018024e+01
-9.330629198115958900e+01
-8.822047754935998398e+01
-7.943646442512276451e+01
-6.722790431926456733e+01
-5.194975462324366333e+01
-3.403355118286893344e+01
-1.398571069207596906e+01
7.614359131176794193e+00
3.010107508061761905e+01
5.269325121862347316e+01
7.447978683537927225e+01
9.446378106770950467e+01
1.116820764760590521e+02
1.253730126891293111e+02
1.351336658985485428e+02
1.410070638269203869e+02
1.434673171046001698e+02
1.433046985928376671e+02
1.414358740444203022e+02
1.386803897530784866e+02
1.355622705639478340e+02
1.322069692455705763e+02
1.283834577096600356e+02
1.236798537817421249e+02
1.177368415988505177e+02
1.104460120188552992e+02
1.020490322368506497e+02
9.311113200627150377e+01
8.437647258866381605e+01
7.655217357152270097e+01
7.009752395631977606e+01
6.509072930681655578e+01
6.121372783132483875e+01
5.785981200989243689e+01
5.433567268785198934e+01
5.009567947504571350e+01
4.492392064634353943e+01
3.899246647292500256e+01
3.277560787517286656e+01
2.685800726956700757e+01
2.170662250733860432e+01
1.748206015000132751e+01
1.395851633269333547e+01
1.059285284889064371e+01
6.719736982996204588e+00
1.782641512590727118e+00
-4.503758395072985365e+00
-1.211184341217701999e+01
-2.075678366721683688e+01
-2.998355348799962883e+01
-3.923173259228518361e+01
-4.787365812317308666e+01
-5.526345824400587503e+01
-6.083674658568662608e+01
-6.426156303265527470e+01
-6.558863189948101535e+01
-6.532374904153125783e+01
-6.436640887016176293e+01
-6.381092522503952580e+01
-6.466133136065330689e+01
-6.754611759410485661e+01
-7.251816466451789722e+01
-7.899199343115473937e+01
-8.582644654288827724e+01
-9.152862472018337314e+01
-9.454041531754018024e+01
-9.356134186738442793e+01
-8.785144157026371659e+01
-7.745075488387644214e+01
-6.325504333298582793e+01
-4.690317170179891804e+01
