1.267978092631920006e+01
-3.221760993815642848e+00
-1.835219649223090599e+01
-3.218788234401166903e+01
-4.451998310954554938e+01
-5.541708809362707910e+01
-6.507229392541697166e+01
-7.360438386990027482e+01
-8.089063067383939654e+01
-8.649655204348722748e+01
-8.973424391051285909e+01
-8.982548948184268056e+01
-8.609736918179424947e+01
-7.813414357078683281e+01
-6.585073346322775478e+01
-4.950063361866599365e+01
-2.964768177237525038e+01
-7.116763679111528518e+00
1.707884463142496045e+01
4.183662872194133797e+01
6.608695878222644637e+01
8.893167423979080866e+01
1.097790444248037858e+02
1.284246592097507005e+02
1.450165757748073361e+02
1.598856137788185663e+02
1.732981984516569582e+02
1.852448646749181762e+02
1.953741527169394203e+02
2.031187862404787836e+02
2.079682886485016411e+02
2.097603870703907205e+02
2.088328995088555757e+02
2.059308277425447784e+02
2.018945148611608715e+02
1.972909507286578616e+02
1.921926926506534699e+02
1.862223180994864151e+02
1.788267870896508498e+02
1.696283410450774340e+02
1.586783727851611161e+02
1.465065523360453597e+02
1.339605095446174801e+02
1.219265443813630156e+02
1.110687036048543206e+02
1.016959087153159231e+02
9.378414304692476833e+01
8.709758949797983973e+01
8.131554854985576242e+01
7.609846591082455802e+01
7.109656069973614478e+01
6.596112071306552593e+01
6.040867963897888160e+01
5.432073873148044640e+01
4.780377795735257251e+01
4.114379127582198947e+01
3.466014188870297374e+01
2.853660152130225569e+01
2.272605461462884335e+01
1.698021455044040096e+01
1.098649351652960604e+01
4.543958540277319713e+00
-2.307761242112519540e+00
-9.276619848026108173e+00
-1.593803705636497625e+01
-2.192472253765127732e+01
-2.707730014958225695e+01
-3.147285393910600249e+01
-3.533642980655203303e+01
-3.891416320651046590e+01
-4.238018379279752423e+01
-4.578959529728095390e+01
-4.905840285998023376e+01
-5.197241359881773803e+01
-5.424853972400278224e+01
-5.564943393040131525e+01
-5.610557183907228307e+01
-5.577978614150109138e+01
-5.503941343004498776e+01
-5.435232134379862146e+01
-5.415398015800869302e+01
-5.472903663370668426e+01
-5.613044158510076898e+01
-5.815189970796789964e+01
-6.037991265485382542e+01
-6.234175249728126289e+01
-6.370746236558754561e+01
-6.444351928842645805e+01
-6.482843320678959742e+01
-6.532727664721069516e+01
-6.640367646807671065e+01
-6.836009176958410194e+01
-7.125444468138994125e+01
-7.489803294781752641e+01
-7.891844416169662679e+01
-8.285607353326676616e+01
-8.625155310004485898e+01
-8.869317418683091603e+01
-8.982548948184268056e+01
-8.934118335261534583e+01
-8.697034529216075782e+01
-8.246396473954848716e+01
-7.556877715686323427e+01
-6.601457492834697405e+01
-5.355342953022417873e+01
-3.807426729206028426e+01
-1.976031875210319555e+01
8.010216818153637064e-01
2.264107186913722103e+01
4.456736648456197258e+01
6.537405437591782231e+01
8.402171514317632273e+01
9.976555098594857895e+01
1.122494755880236852e+02
1.215570827698109326e+02
1.281714712654440405e+02
1.328151871035561840e+02
1.362152742048664891e+02
1.388968289106343263e+02
1.410966490049462436e+02
1.428139626506641662e+02
1.439341644602040731e+02
1.443337339509042181e+02
1.439147417852001922e+02
1.425849689510115468e+02
1.402384344163986611e+02
1.367761264805528754e+02
1.321602871138401554e+02
1.264635653377405617e+02
1.198819406732857402e+02
1.127109116896187686e+02
1.053034744902986688e+02
9.802315293599006907e+01
9.119239042176201337e+01
8.503374249914156735e+01
7.961113211462347294e+01
7.479343647139214113e+01
7.026582135052001377e+01
6.559305849754693440e+01
6.031115277035894451e+01
5.401836933066042690e+01
4.645198798523667705e+01
3.754799613920732781e+01
2.748116599306659680e+01
1.667998837909133769e+01
5.801988148929540401e+00
-4.353254836748508438e+00
-1.299895729492326524e+01
-1.954834010750437301e+01
-2.376879075238613837e+01
-2.584044649531760030e+01
-2.628653260618117571e+01
-2.578981142189613962e+01
-2.495988857226601709e+01
-2.414172863886684439e+01
-2.333437988345791325e+01
-2.223727212428754285e+01
-2.040165352412276079e+01
-1.744993921788462288e+01
-1.330904944772189324e+01
-8.371185968406122058e+00
-3.481564071100113011e+00
2.932100815653306825e-01
2.043896828313255920e+00
1.368494072169561981e+00
-1.483580116292820605e+00
-5.737418317271858470e+00
-1.040769553030371597e+01
-1.464622205961549639e+01
-1.799526482447187448e+01
-2.049517671073012792e+01
-2.263937792347923406e+01
-2.518488089413879294e+01
-2.886242643560773757e+01
-3.408818910579076800e+01
-4.079983621073429845e+01
-4.848736902063057386e+01
-5.639538261421873955e+01
-6.379413574241903007e+01
-7.019073328691615643e+01
-7.539612936776298113e+01
-7.945705146971479849e+01
-8.253726556477994336e+01
-8.483291105206836846e+01
-8.654442429480404542e+01
-8.786740406761138900e+01
-8.895370980674299233e+01
-8.982548948184268056e+01
-9.026564115441297531e+01
-8.973651935377637301e+01
-8.738742634663539377e+01
-8.219597626024693682e+01
-7.324043753666543921e+01
-6.002560295918311795e+01
-4.272335152561024074e+01
-2.220067189888477088e+01
1.910091974321659336e-01
2.296284135147589467e+01
4.480504031889854843e+01
6.474796986433204893e+01
8.215381235515755520e+01
9.662133064365644941e+01
1.079090261240778403e+02
1.159334202016142257e+02
1.208197348663148318e+02
1.229230170181110537e+02
1.227467622960911910e+02
1.207647637889615737e+02
1.172327778240314018e+02
1.120915974698760635e+02
1.050136530593693465e+02
9.557749170201557831e+01
8.350161929472663758e+01
6.884437609980847128e+01
5.209162808504746067e+01
3.410901133386897044e+01
1.599839458840414608e+01
-1.073751867024387963e+00
-1.602924142252093986e+01
-2.800979411905653649e+01
-3.650744741631723400e+01
-4.148933731143122827e+01
-4.346859724968877003e+01
-4.346054579746893154e+01
-4.279511090894548886e+01
-4.281052562108050097e+01
-4.450830977086950213e+01
-4.828120192702010627e+01
-5.380888537463313526e+01
-6.015781743401208814e+01
-6.605591560386575622e+01
-7.026439775666312926e+01
-7.194352103537403309e+01
-7.090878232478445398e+01
-6.770058775655147087e+01
-6.344035323669885429e+01
-5.950994330849239589e+01
-5.715241131888319615e+01
-5.712951962266153316e+01
-5.955998577539492800e+01
-6.398580816006271732e+01
-6.960564153675804278e+01
-7.554612431856305932e+01
-8.105232236360487263e+01
-8.554647465991055810e+01
-8.858836774429096295e+01
-8.982548948184268056e+01
-8.900855333865852970e+01
-8.607677055026016433e+01
-8.124994246320173374e+01
-7.505656059547190750e+01
-6.826978915569873152e+01
-6.176596470572449249e+01
-5.633875340685800381e+01
-5.251204217907961436e+01
-5.040723635930071822e+01
-4.972104938372649485e+01
-4.983996290938981133e+01
-5.006267726960697928e+01
-4.985165048046955150e+01
-4.901634170520446787e+01
-4.774997568892192135e+01
