-3.698271601871091718e+00
-1.357591175416232261e+02
-2.503533513418537382e+02
-3.348967271078170711e+02
-3.847177850422435199e+02
-4.031277085870243013e+02
-3.990610501152527263e+02
-3.835590915881152227e+02
-3.664520529309652375e+02
-3.541942300818694207e+02
-3.492146406278044424e+02
-3.505971188143944914e+02
-3.555500633112749824e+02
-3.610143431819236639e+02
-3.648586439848198779e+02
-3.663651019642672395e+02
-3.660192893972861157e+02
-3.648685986522459075e+02
-3.638204286850332778e+02
-3.631986201600986419e+02
-3.626970897617276250e+02
-3.616532344823095286e+02
-3.594314581081595747e+02
-3.557218726624087708e+02
-3.506676846429289185e+02
-3.448276764767001623e+02
-3.390079635768043431e+02
-3.340060692527546280e+02
-3.303499994785966578e+02
-3.281486996086838985e+02
-3.271307620702411896e+02
-3.268487285936540729e+02
-3.269456472020480078e+02
-3.273613021868314377e+02
-3.283778020852717532e+02
-3.304439135015177271e+02
-3.337806903055022190e+02
-3.378659170787370272e+02
-3.409922693442732680e+02
-3.401271211151000102e+02
-3.312199158190098274e+02
-3.099317735763629571e+02
-2.725965773739588940e+02
-2.171477875538637363e+02
-1.437707915174725599e+02
-5.512297763366319714e+01
4.393249460071218238e+01
1.470235423674599531e+02
2.472481496644215042e+02
3.382321386037417028e+02
4.150482854670411257e+02
4.748128575532773539e+02
5.168635504373048661e+02
5.425359723308183675e+02
5.546439036618877481e+02
5.568044846801140011e+02
5.527371714173866621e+02
5.456350846061970969e+02
5.377008197288932934e+02
5.299506547638141001e+02
5.223531314300375925e+02
5.142442046203948394e+02
5.048269583877408309e+02
4.935382551828969326e+02
4.801730255013042665e+02
4.648033406669825922e+02
4.476130429584996477e+02
4.287713347320344042e+02
4.084129304474406581e+02
3.867013563952518780e+02
3.638785575884365926e+02
3.402120982437412522e+02
3.158409657628849914e+02
2.906187108437800362e+02
2.640779952025025068e+02
2.355714222991144027e+02
2.045346215583334981e+02
1.707526593897481462e+02
1.345238488700042865e+02
9.667430548940262724e+01
5.843692423818899329e+01
2.124358520003878326e+01
-1.351665129036669732e+01
-4.472687686937359075e+01
-7.170335366658724752e+01
-9.422642180204283591e+01
-1.124222570537626069e+02
-1.265591627495015956e+02
-1.368737369556712906e+02
-1.435163871847612427e+02
-1.466337878589889954e+02
-1.465428276749356371e+02
-1.439083465279227312e+02
-1.398149908324735691e+02
-1.356557115563504681e+02
-1.328600080230586684e+02
-1.325827195566211572e+02
-1.354787477402413174e+02
-1.416107577728716365e+02
-1.504717155424621353e+02
-1.611044407158376259e+02
-1.723202866662825272e+02
-1.829950660778864631e+02
-1.923604491926931530e+02
-2.001806724592942714e+02
-2.067490277883991894e+02
-2.127242515066591011e+02
-2.188901661365664495e+02
-2.259292445736927277e+02
-2.342623486231106256e+02
-2.439603870351475337e+02
-2.547156126783531249e+02
-2.658757488672921454e+02
-2.765659801498367187e+02
-2.859165470094480384e+02
-2.933582054513135517e+02
-2.988714206008164638e+02
-3.030509724132690508e+02
-3.069220743833816414e+02
-3.115726676207217452e+02
-3.177588626552185360e+02
-3.256480324797471440e+02
-3.347944375487870161e+02
-3.443303240057637709e+02
-3.532594210719322518e+02
-3.607193343108120871e+02
-3.661363783695372831e+02
-3.692724027438654844e+02
-3.702068387126904554e+02
-3.692982630488671134e+02
-3.671438423552350514e+02
-3.645325994204703193e+02
-3.623892672495279044e+02
-3.617065485536609231e+02
-3.634349860200251783e+02
-3.682699706550521341e+02
-3.763041000787546864e+02
-3.866003247185266218e+02
-3.968259420675223623e+02
-4.031277085870243013e+02
-4.004171408998681159e+02
-3.831526661106469192e+02
-3.465364581075359069e+02
-2.878413314829998626e+02
-2.074522357172824059e+02
-1.092405585613322216e+02
-9.365030903639848248e-02
1.112952076275888089e+02
2.160451435738985140e+02
3.067008649911427369e+02
3.784750454011223155e+02
4.298634555926067833e+02
4.625105576862342218e+02
4.803715674773765159e+02
4.884092214514436705e+02
4.912147500044463868e+02
4.919718142988631939e+02
4.920543648767449554e+02
4.913049827894230930e+02
4.887826171657140435e+02
4.836174030747613983e+02
4.756283250963433602e+02
4.655091798372163794e+02
4.545764089463828554e+02
4.442272795918664769e+02
4.353454859359804914e+02
4.278973578720804198e+02
4.208830636711616648e+02
4.126644708509110160e+02
4.015334161669537139e+02
3.862810879123365453e+02
3.665393027423000376e+02
3.427838991754974245e+02
3.160467875471689467e+02
2.874951805899844999e+02
2.580660764340291280e+02
2.282897637627690983e+02
1.983253444771920329e+02
1.681304909369473819e+02
1.376613049763690526e+02
1.070388843361862143e+02
7.666187787516319929e+01
4.724925802615830150e+01
1.978812126213007616e+01
-4.618235371939022116e+00
-2.495629863123286185e+01
-4.048768578004567331e+01
-5.086389540239238727e+01
-5.616671201599251617e+01
-5.689221753712828900e+01
-5.388911618060333808e+01
-4.824948941626152532e+01
-4.115604007700997613e+01
-3.371833324251357311e+01
-2.684822945469393574e+01
-2.119864263833324003e+01
-1.714649999527232893e+01
-1.479522080916328264e+01
-1.400580574691284852e+01
-1.448692612257326928e+01
-1.594593854638625530e+01
-1.824228481483032382e+01
-2.145113981603480724e+01
-2.578432839214515226e+01
-3.140834873826600671e+01
-3.827404186653389928e+01
-4.606866534732951379e+01
-5.431693827400328445e+01
-6.255565390159971884e+01
-7.047167325018648398e+01
-7.794826013668509290e+01
-8.504132476280406649e+01
-9.193173810731639151e+01
-9.887298891492901021e+01
-1.061232469795528033e+02
-1.138538993979483962e+02
-1.220601662945166339e+02
-1.305255554026729214e+02
-1.388785422452857006e+02
-1.467346162153919238e+02
-1.538682694446924302e+02
-1.603327782374544483e+02
-1.664612621446431717e+02
-1.727420211075901477e+02
-1.796296649166538657e+02
-1.873821944977499641e+02
-1.959872523092504366e+02
-2.051881175083429696e+02
-2.145788990163580650e+02
-2.237203307308062676e+02
-2.322304693070115889e+02
-2.398324754001327506e+02
-2.463895885637092533e+02
-2.519879871451824442e+02
-2.570938652181395128e+02
-2.627120375399545082e+02
-2.703831393748117193e+02
-2.818710249627650910e+02
-2.985356987306568044e+02
-3.205722009377703898e+02
-3.463967405501731491e+02
-3.724275583021766352e+02
-3.933880823375799878e+02
-4.031277085870243013e+02
-3.958386737412810135e+02
-3.674340626540814014e+02
-3.167514441047036371e+02
-2.462180964012531206e+02
-1.617195984453496465e+02
-7.164693020231460707e+01
1.464159506975360969e+01
8.854681899850308469e+01
1.437401602814478281e+02
1.771569708412716011e+02
1.893067245705674111e+02
1.838741316991635415e+02
1.667119833376021063e+02
1.444290276049034958e+02
1.228475210782907965e+02
1.056539905471387470e+02
9.360122829333819539e+01
8.458695046042619481e+01
