-4.048069835469213018e+01
-2.882043413929300613e+01
-1.935533697717724166e+01
-1.367103312088907074e+01
-1.237609191027455324e+01
-1.511039056488425736e+01
-2.084123688530181795e+01
-2.827315122342066545e+01
-3.620719600579889175e+01
-4.375926694072473566e+01
-5.043100749635031832e+01
-5.607790199036725198e+01
-6.082267438927789982e+01
-6.494205175685016229e+01
-6.874361126779285769e+01
-7.245538339794427429e+01
-7.615932964642051672e+01
-7.979243560763298149e+01
-8.321164462710243015e+01
-8.628754912881107941e+01
-8.897893347762069993e+01
-9.135302181296428614e+01
-9.354584960673331295e+01
-9.568898063146430388e+01
-9.784704396141412985e+01
-1.000035249031055997e+02
-1.021001192370180348e+02
-1.040955383823162634e+02
-1.059940397410794759e+02
-1.078209002117942106e+02
-1.095715705962332009e+02
-1.111879293032238394e+02
-1.125919009852001693e+02
-1.137531645758888033e+02
-1.147331904654684109e+02
-1.156631105292731831e+02
-1.166623899847870121e+02
-1.177488151156847067e+02
-1.187978868209778938e+02
-1.195788659984016107e+02
-1.198493211228757360e+02
-1.194616302081243902e+02
-1.184396949025975090e+02
-1.170097179043355737e+02
-1.155851615405535711e+02
-1.147008510582735994e+02
-1.148824553064092981e+02
-1.164428928144508149e+02
-1.192209961378143532e+02
-1.223232214861418470e+02
-1.239822225425188549e+02
-1.216593719754378355e+02
-1.124533862450610116e+02
-9.375503767197159277e+01
-6.397392845579653908e+01
-2.311387965689920776e+01
2.699333437296521510e+01
8.288663494580374902e+01
1.400679443468129648e+02
1.938355207689765507e+02
2.401462652482236422e+02
2.763029773694671576e+02
3.013219378625564104e+02
3.159196009280243516e+02
3.221451776567064371e+02
3.227680299545459093e+02
3.205881436938535671e+02
3.178494564561358402e+02
3.158904188462644242e+02
3.150847318882754280e+02
3.150406006698830197e+02
3.149617115622154415e+02
3.140399322058763119e+02
3.117581833282281423e+02
3.080288394831438268e+02
3.031542694066918102e+02
2.976470676640723241e+02
2.919815685514315078e+02
2.863663771033466219e+02
2.806239388179166099e+02
2.742285131128958255e+02
2.664907626635759925e+02
2.568097496064295910e+02
2.448799338231146407e+02
2.307674712382598727e+02
2.148432632969981455e+02
1.976303573238100455e+02
1.796447941798329566e+02
1.612830089764669310e+02
1.427764784379221510e+02
1.242209835967159819e+02
1.056761590925285361e+02
8.730008221165502391e+01
6.945104231565329655e+01
5.269169635876022539e+01
3.767892364973533859e+01
2.498564323761528527e+01
1.493852219954777638e+01
7.544750095445621696e+00
2.526924100889992530e+00
-5.751044415712200930e-01
-2.297467332434173670e+00
-3.177685028224601638e+00
-3.713834857002026979e+00
-4.341016401941132585e+00
-5.406338813928606157e+00
-7.130603850430134116e+00
-9.562551842861282125e+00
-1.255538489848495942e+01
-1.580604039657622195e+01
-1.897460082898994926e+01
-2.184957834518502295e+01
-2.448195624800941061e+01
-2.721116107513168458e+01
-3.055218601713590942e+01
-3.498316649916397125e+01
-4.073179026160113381e+01
-4.766845101040293287e+01
-5.535916030800422050e+01
-6.324083537619819140e+01
-7.081364675905749095e+01
-7.774712846542038847e+01
-8.386808662909433565e+01
-8.908386222367883533e+01
-9.332588323617304127e+01
-9.655675647257285732e+01
-9.881782867755768507e+01
-1.002644529788595094e+02
-1.011569716679374551e+02
-1.018144968206219119e+02
-1.025586544268340958e+02
-1.036650064798143660e+02
-1.053214211754483642e+02
-1.075913596705232465e+02
-1.103948703396050917e+02
-1.135241938870607612e+02
-1.166908057773256076e+02
-1.195797016859083044e+02
-1.218938415337933918e+02
-1.233984512043107600e+02
-1.239822225425188549e+02
-1.237208249001274680e+02
-1.228898907253970094e+02
-1.218847761932216258e+02
-1.210660854388496546e+02
-1.206178960231200676e+02
-1.205053056691515394e+02
-1.205504477506047749e+02
-1.205758286910695745e+02
-1.205387139858013086e+02
-1.205924216419971629e+02
-1.210389555559222856e+02
-1.221779434807798452e+02
-1.240956458642918392e+02
-1.264511923505509685e+02
-1.283091880828687579e+02
-1.280685828364402141e+02
-1.235544264500576048e+02
-1.123351606299332559e+02
-9.226527955363609124e+01
-6.214270458810315745e+01
-2.227110263398537171e+01
2.530509836549756741e+01
7.703869263204541085e+01
1.285623870000042643e+02
1.756038468583078611e+02
2.148279404193698952e+02
2.443546431401938150e+02
2.638588028251239166e+02
2.743165450639864957e+02
2.775472286472312362e+02
2.757059323554754542e+02
2.708472448641761048e+02
2.646341445961678005e+02
2.582120811293302722e+02
2.522193105176261270e+02
2.468807421806426987e+02
2.421358412921121612e+02
2.377620600098886996e+02
2.334664831690485585e+02
2.289403039605371930e+02
2.238953283818168529e+02
2.181001746238788996e+02
2.114077778005781738e+02
2.037553793117997998e+02
1.951388810250770121e+02
1.855811478878882497e+02
1.751027704468064883e+02
1.636861958457048445e+02
1.512315765387486124e+02
1.375294760630014252e+02
1.222889081784454390e+02
1.052385514032693692e+02
8.627529214606715868e+01
6.559867870790972688e+01
4.376696172967484699e+01
2.164013197814244904e+01
2.204745758914228304e-01
-1.955699778200069971e+01
-3.700860080842983280e+01
-5.179186264860572919e+01
-6.387214687878393704e+01
-7.339464456671441894e+01
-8.053742638108396079e+01
-8.543032710516095563e+01
-8.818457965686707212e+01
-8.900423644899628073e+01
-8.828790946859291466e+01
-8.663009050582665793e+01
-8.470284647608445994e+01
-8.308568663299529078e+01
-8.214339013320672223e+01
-8.200982799798573808e+01
-8.266447026192611247e+01
-8.404218011966290192e+01
-8.611569475232448667e+01
-8.891955435374623562e+01
-9.251739326514810102e+01
-9.693224622277929825e+01
-1.020642809582146242e+02
-1.076275203722540681e+02
-1.131458433737101075e+02
-1.180356061535842116e+02
-1.217583999227392439e+02
-1.239822225425188549e+02
-1.246795110585082114e+02
-1.241203183139340638e+02
-1.227669484882083566e+02
-1.211218001504076227e+02
-1.196030437713414614e+02
-1.185017468736042616e+02
-1.180151866080919802e+02
-1.182997072738743896e+02
-1.194824144067412419e+02
-1.216093664500074567e+02
-1.245564567799253979e+02
-1.279595140230520087e+02
-1.312174566512946967e+02
-1.335891668601783522e+02
-1.343616882059007764e+02
-1.330369567209803279e+02
-1.294753622708439593e+02
-1.239471123781766551e+02
-1.170728900271692936e+02
-1.096709257847792713e+02
-1.025566504202465410e+02
-9.636124099822117728e+01
-9.143452382436521475e+01
-8.785744555490460073e+01
-8.552745059918461834e+01
-8.424820488790425088e+01
-8.377750727496861316e+01
-8.383639527604206876e+01
-8.411499637025640652e+01
-8.430398951980242828e+01
-8.414774699252586743e+01
-8.349290237988370222e+01
-8.231138742509931205e+01
-8.069066776093362137e+01
-7.879023766923107530e+01
-7.677559409706327642e+01
-7.476551891960910723e+01
