-7.286837188457704428e+01
-1.004733462158338568e+02
-1.247899570337899178e+02
-1.434129545719590055e+02
-1.554123012232345218e+02
-1.613900538103110023e+02
-1.630620418655020671e+02
-1.625694408404081059e+02
-1.617937353275981422e+02
-1.619074890236047395e+02
-1.632665282034891447e+02
-1.655963405666146286e+02
-1.683205283953147102e+02
-1.708679453291004222e+02
-1.728642920623365740e+02
-1.741999740376048464e+02
-1.750099605340464564e+02
-1.755985246535578881e+02
-1.763277857636859949e+02
-1.774894718959391753e+02
-1.791939224118251843e+02
-1.813255666156755126e+02
-1.836055619790274420e+02
-1.857501823476317213e+02
-1.876398075796731462e+02
-1.893794180407762724e+02
-1.911783441735915687e+02
-1.930803707627789834e+02
-1.946699584052246337e+02
-1.949116113349938644e+02
-1.922277218143701418e+02
-1.848103533445283517e+02
-1.710591752013284861e+02
-1.500007546473333093e+02
-1.215772284550710509e+02
-8.674894176398223067e+01
-4.739444830799916275e+01
-6.016681806749723194e+00
3.469207271166570905e+01
7.231427939963529639e+01
1.050666449283329342e+02
1.319736726085929774e+02
1.528617696327297608e+02
1.682323291020590830e+02
1.790645888996367603e+02
1.865725571043660693e+02
1.919420966838705453e+02
1.961017798534143992e+02
1.995925162000976911e+02
2.025710701823944646e+02
2.049275609602830173e+02
2.064496194778017752e+02
2.069517913883011033e+02
2.063189156684970840e+02
2.044707114644103854e+02
2.013005710011417477e+02
1.966423489252152024e+02
1.902855231288517643e+02
1.820297822037789501e+02
1.717591527539262302e+02
1.595086759335752618e+02
1.454958074967628647e+02
1.301101945123005237e+02
1.138834871346530804e+02
9.746121770264602446e+01
8.156998529447085389e+01
6.694951412226369314e+01
5.423139910889078408e+01
4.378880720086138467e+01
3.561789028327966378e+01
2.931451971575631887e+01
2.417857452632896553e+01
1.942466321534959661e+01
1.442339586460924750e+01
8.872354820119955576e+00
2.823632967690457463e+00
-3.434002586795495304e+00
-9.566482962219138741e+00
-1.535785969417095309e+01
-2.077824188747388234e+01
-2.595890743334315687e+01
-3.112611597775057604e+01
-3.653903132090167816e+01
-4.244048979315032000e+01
-4.900839779304608612e+01
-5.630317326480686546e+01
-6.422357805974762357e+01
-7.249408959526499530e+01
-8.070825054465039727e+01
-8.843717904192514823e+01
-9.537526428631758790e+01
-1.014563529922831009e+02
-1.068731338609731409e+02
-1.119832530414562513e+02
-1.171499966048728965e+02
-1.225928119699638330e+02
-1.283055410205319049e+02
-1.340677052743453146e+02
-1.395430081487546374e+02
-1.444225729192492054e+02
-1.485421402607463222e+02
-1.519185965156279678e+02
-1.547063816689857561e+02
-1.571128685930353299e+02
-1.593074315695926941e+02
-1.613462669957359878e+02
-1.631422237193117439e+02
-1.645117906919538484e+02
-1.652974482152137341e+02
-1.655078958174247248e+02
-1.653925221365040557e+02
-1.654001518458364330e+02
-1.660422456515908323e+02
-1.677322864916063168e+02
-1.706696272633983256e+02
-1.747914966940546435e+02
-1.797763367730289303e+02
-1.850732429339738587e+02
-1.899462631510351116e+02
-1.935329650672013884e+02
-1.949116113349938644e+02
-1.931610852785626662e+02
-1.874022273283491700e+02
-1.768322576942679802e+02
-1.607831620186487100e+02
-1.388241791767454458e+02
-1.108905425746127520e+02
-7.738958230008603323e+01
-3.923997758411407233e+01
2.170202636898567405e+00
4.509793845926893141e+01
8.761502620088144511e+01
1.278073613683065162e+02
1.639716888202617326e+02
1.947898466004507156e+02
2.194762573466125275e+02
2.378822363393692285e+02
2.505118316588059599e+02
2.584058285152211738e+02
2.628999931394697569e+02
2.653263234718460239e+02
2.667567311257556639e+02
2.678672333540129102e+02
2.689415066096485702e+02
2.699722945766112616e+02
2.707898283327136824e+02
2.711549246652659804e+02
2.707885349233873740e+02
2.693520361566144175e+02
2.664232715410812489e+02
2.615144502867078700e+02
2.541505634520943033e+02
2.439924629338974569e+02
2.309658298478294398e+02
2.153471541724482279e+02
1.977621348267507244e+02
1.790842142566854989e+02
1.602752501261906275e+02
1.422414625400878947e+02
1.257523539908143988e+02
1.114139950653087112e+02
9.965176504997201334e+01
9.066437180067812562e+01
8.435098544005691679e+01
8.025827832079168900e+01
7.760883014570309513e+01
7.543670904094045682e+01
7.278891310499324163e+01
6.890781559764610620e+01
6.333297154917324434e+01
5.592581098992177857e+01
4.685663864354383179e+01
3.657152687654387080e+01
2.572238608717331232e+01
1.504628632664371679e+01
5.211439704112958538e+00
-3.332300949701110682e+00
-1.046174845702870826e+01
-1.641657883253252237e+01
-2.174019968465493946e+01
-2.712571421416462414e+01
-3.320468884533880782e+01
-4.034384117851977436e+01
-4.851561858299577068e+01
-5.728769619433811044e+01
-6.594508574968841685e+01
-7.372069568683966168e+01
-8.006893258188398477e+01
-8.488512365187193609e+01
-8.857334535088322980e+01
-9.191624321954041932e+01
-9.579179606922193102e+01
-1.008587260422373930e+02
-1.073392500657137845e+02
-1.149667861874750940e+02
-1.230875686883555886e+02
-1.308576303702125472e+02
-1.374745505273810124e+02
-1.424009750187996417e+02
-1.455358421469800874e+02
-1.472694699075410654e+02
-1.483664340323624344e+02
-1.496890199353649962e+02
-1.518729577495278136e+02
-1.551189171085056842e+02
-1.592121445615046582e+02
-1.637489346898517510e+02
-1.684207678415043574e+02
-1.731739387580403218e+02
-1.781437476162604128e+02
-1.833975032012504585e+02
-1.886250905650340428e+02
-1.929413981399576699e+02
-1.949116113349938644e+02
-1.928079834721867485e+02
-1.850045425747003947e+02
-1.703685652383318541e+02
-1.485339990909842811e+02
-1.200067862579111591e+02
-8.610370298882331497e+01
-4.874901154728419783e+01
-1.016812538122756848e+01
2.745862047142558637e+01
6.230159890111831089e+01
9.308050639274991056e+01
1.191305393578442562e+02
1.403499581749871936e+02
1.570644523085841797e+02
1.698515824432600709e+02
1.793667459531995121e+02
1.862020576116667030e+02
1.907983390800244194e+02
1.934228769066047846e+02
1.942156569158926800e+02
1.932870746047716182e+02
1.908257339868043232e+02
1.871629065671017713e+02
1.827537012402511323e+02
1.780699675425590556e+02
1.734411343381960080e+02
1.689101394501292930e+02
1.641750626790661443e+02
1.586537025886582057e+02
1.516525270570361670e+02
1.425757823431143549e+02
1.311020093080661013e+02
1.172848534727361738e+02
1.015728747101386915e+02
8.475509650268364226e+01
6.783115485485097906e+01
5.181530803055234458e+01
3.752259837619630645e+01
2.541689825944511583e+01
1.558867221507678202e+01
7.875006946417599352e+00
2.063899558067962658e+00
-1.922935450208193231e+00
-3.969973191463509465e+00
-3.872008509047443425e+00
-1.554400136712644098e+00
2.713908876500774170e+00
8.250384163567165530e+00
