-7.277763456950765431e+01
-1.223138278300617543e+02
-1.678588744765394267e+02
-2.062280941102724796e+02
-2.356922861245347462e+02
-2.560884312653773804e+02
-2.685748684977572225e+02
-2.752001348505963279e+02
-2.784150943382025503e+02
-2.806050958136977442e+02
-2.836974939170610810e+02
-2.889007342890602672e+02
-2.966231636849490201e+02
-3.065774557184569744e+02
-3.180147348334734829e+02
-3.299962625616112177e+02
-3.416218988305280391e+02
-3.521756842502813925e+02
-3.611909286012952407e+02
-3.684611846144043170e+02
-3.740247317949358035e+02
-3.781351172747724831e+02
-3.812115336233684957e+02
-3.837554790239163935e+02
-3.862300778910262125e+02
-3.889185756865875874e+02
-3.918037909395922043e+02
-3.945326322727087245e+02
-3.965207094666693024e+02
-3.971906285159259369e+02
-3.962552277012054560e+02
-3.939188632242845642e+02
-3.909084874518491688e+02
-3.883323583789443774e+02
-3.874345712168449154e+02
-3.893216186909854173e+02
-3.946933654757617660e+02
-4.035722951989829426e+02
-4.150357615831621274e+02
-4.270128992745349592e+02
-4.362694781371509976e+02
-4.387047542181853146e+02
-4.299789940693055428e+02
-4.063242236583346880e+02
-3.652842016474752427e+02
-3.061633156509822129e+02
-2.301065430479420684e+02
-1.398791066545185231e+02
-3.947731697860122324e+01
6.632453097088327354e+01
1.724423324823224277e+02
2.739507006115213130e+02
3.665400115916173718e+02
4.469294053012015411e+02
5.131726793939903928e+02
5.647766483111379330e+02
6.025692861660199924e+02
6.283203384610116018e+02
6.442158454962002452e+02
6.523611831105863530e+02
6.544705381874042587e+02
6.517982807772091292e+02
6.452524258910807475e+02
6.355666463919822036e+02
6.234086114079775598e+02
6.093581972868703360e+02
5.937770862891509296e+02
5.766610059782835833e+02
5.575687253743686824e+02
5.356693150528863043e+02
5.099007668481011706e+02
4.792220806426782929e+02
4.429377592535906274e+02
4.010339629459989510e+02
3.544067822425116105e+02
3.048606564118320534e+02
2.548410069447992896e+02
2.069779332980575077e+02
1.635816406933955136e+02
1.262281132959162449e+02
9.552567747333982595e+01
7.108996415648321943e+01
5.171305788935387682e+01
3.570052827424855479e+01
2.132847380730886755e+01
7.313495960729991197e+00
-6.869440817583527092e+00
-2.096981800068308388e+01
-3.427360168180162958e+01
-4.610552441957238301e+01
-5.627666405911078584e+01
-6.526387033917343672e+01
-7.405647693493853012e+01
-8.377843540585379856e+01
-9.529196472797249839e+01
-1.089652038476321678e+02
-1.246701751870656238e+02
-1.419471868448934799e+02
-1.602022509258410423e+02
-1.788303657923885908e+02
-1.972531641143509660e+02
-2.149406935285574320e+02
-2.314823389108450726e+02
-2.466953998792872653e+02
-2.606923994692417637e+02
-2.738310013610339411e+02
-2.865351079932203788e+02
-2.990510342155947114e+02
-3.112459821131629951e+02
-3.225515962664613312e+02
-3.321069335369058422e+02
-3.390781790213627573e+02
-3.430478782331983325e+02
-3.443085586062208563e+02
-3.439124517669898751e+02
-3.434321003921314741e+02
-3.445118642058658338e+02
-3.483600945998392149e+02
-3.553368257891401640e+02
-3.647679120069831242e+02
-3.750732959974460528e+02
-3.842183516205336673e+02
-3.903856199052422085e+02
-3.926562286795132763e+02
-3.914432894033514003e+02
-3.884788322435019268e+02
-3.863108912802937311e+02
-3.874520094368769492e+02
-3.934584727326491134e+02
-4.042527591630903885e+02
-4.179033521356057008e+02
-4.308883805727548406e+02
-4.387047542181853146e+02
-4.366324965057190184e+02
-4.205070008616787618e+02
-3.874040471014550349e+02
-3.361521396659537686e+02
-2.675705105951510632e+02
-1.843471378905311724e+02
-9.056014946814245548e+01
9.021839250517889042e+00
1.096450619870236238e+02
2.071062026189307232e+02
2.980600843290002331e+02
3.801303597552317228e+02
4.518705596002880611e+02
5.126129372147789809e+02
5.622524591818021236e+02
6.010326360208890719e+02
6.294030567400911877e+02
6.479972279763370580e+02
6.577275337659081060e+02
6.599188723098370701e+02
6.563503041125402433e+02
6.490974119331522161e+02
6.401642606661579293e+02
6.310045473230104562e+02
6.221007268228729572e+02
6.127778433236410365e+02
6.013704608957544906e+02
5.857361362837159504e+02
5.639567844506639176e+02
5.349727202414076146e+02
4.989172144893743734e+02
4.570547726492767993e+02
4.113985826024292578e+02
3.641958361192374696e+02
3.174752120695704320e+02
2.727788513459049113e+02
2.311146063867956002e+02
1.930915514019588386e+02
1.591379874334044189e+02
1.296628847184155120e+02
1.050516646301725814e+02
8.549269683262158992e+01
7.074821301692267639e+01
6.002520134237865790e+01
5.203889835967885347e+01
4.525046735790824215e+01
3.818355212769593976e+01
2.971315579320563671e+01
1.925144807760896626e+01
6.794205038284293785e+00
-7.179095205883644581e+00
-2.193459456834140653e+01
-3.679367864374744101e+01
-5.143267251508895299e+01
-6.605155103501954272e+01
-8.130503304019477184e+01
-9.798056279021621151e+01
-1.165500616976367496e+02
-1.368179837402282146e+02
-1.578533934546725277e+02
-1.782476560581337708e+02
-1.965814044946150716e+02
-2.119016599951483499e+02
-2.240209672162332879e+02
-2.335293296649957711e+02
-2.415279412179378653e+02
-2.492108344891104821e+02
-2.574722853827005906e+02
-2.666709906992038555e+02
-2.765881023345964422e+02
-2.865539384847871247e+02
-2.956984395912701871e+02
-3.032634362551885943e+02
-3.088914065308749741e+02
-3.128008435857846621e+02
-3.157840835620134499e+02
-3.190097220686284345e+02
-3.236714673501442121e+02
-3.305929800410876851e+02
-3.399424060895173625e+02
-3.511821775979345830e+02
-3.632753033781520458e+02
-3.750535725579599671e+02
-3.855963808375132658e+02
-3.944854030019336619e+02
-4.018627179024475140e+02
-4.082966721258478060e+02
-4.145156822683983933e+02
-4.210793356076443956e+02
-4.280379632222789610e+02
-4.346309895170066397e+02
-4.390992484704444792e+02
-4.387047542181853146e+02
-4.300304790664139318e+02
-4.095577420018659609e+02
-3.744036126058226728e+02
-3.230065761375614102e+02
-2.555541627502933579e+02
-1.740591765870637175e+02
-8.212046526071988239e+01
1.553921268709671644e+01
1.136706846977225354e+02
2.071440963793753554e+02
2.915366085302077295e+02
3.635617623877184883e+02
4.212939079163372753e+02
4.642051397565805360e+02
4.930593865917221024e+02
5.096941468195349216e+02
5.166973809972694198e+02
5.169879369954561525e+02
5.133390621428723080e+02
5.079264949483596752e+02
5.020074758839636502e+02
4.958232786456119925e+02
4.887585698231787319e+02
4.797030805441820007e+02
4.674863791879614610e+02
4.512377841593792027e+02
4.305723771551650430e+02
4.055923630050163524e+02
3.767700518426417489e+02
3.448011365125878456e+02
3.104815935330400976e+02
2.746113432918189119e+02
2.379072261214060973e+02
2.009214922963327297e+02
1.639879377557930127e+02
1.272347084579161418e+02
