-7.257442227686368597e+00
-4.692647219038263984e+01
-8.142937334870435961e+01
-1.070123432380952693e+02
-1.221795506820446775e+02
-1.276962900847001237e+02
-1.259273003980922994e+02
-1.199052149738708550e+02
-1.125015260893604392e+02
-1.059022349540557713e+02
-1.014064550828932028e+02
-9.945665650804983215e+01
-9.979502746088274989e+01
-1.016826974623854909e+02
-1.041560178333181170e+02
-1.062941166660033190e+02
-1.074503755683855815e+02
-1.073923222821266421e+02
-1.063139933027147634e+02
-1.047210245809199307e+02
-1.032260160010541199e+02
-1.023191046017995376e+02
-1.021870215279408427e+02
-1.026403633790623644e+02
-1.031788272094110965e+02
-1.031819335006987757e+02
-1.021634507194457484e+02
-9.999193112225104585e+01
-9.698340231341738615e+01
-9.381781096601127956e+01
-9.129556890647758394e+01
-9.001055592983274778e+01
-9.005552988059253039e+01
-9.087801922646342234e+01
-9.135524935849052497e+01
-9.006961510342409838e+01
-8.568785958959793447e+01
-7.731734263645367378e+01
-6.473361112143204821e+01
-4.842223493626718778e+01
-2.943392126253462493e+01
-9.103727165071092031e+00
1.127602394418893894e+01
3.072636892796331765e+01
4.871787769418632053e+01
6.515120539738188654e+01
8.022058407977633010e+01
9.423197873863175289e+01
1.074460913969878249e+02
1.199896288439442031e+02
1.318414467016270919e+02
1.428702848283940057e+02
1.528923888707461742e+02
1.617304094955873097e+02
1.692691266094050775e+02
1.754994707310249282e+02
1.805297695424424660e+02
1.845473776362281910e+02
1.877384876222110393e+02
1.901994652503346970e+02
1.918821102539159824e+02
1.926015297218509090e+02
1.921036766945103409e+02
1.901598247571409956e+02
1.866483655352341202e+02
1.815984886967468128e+02
1.751861551540784490e+02
1.676827464810065180e+02
1.593703552856633223e+02
1.504570591706055325e+02
1.410343062230979285e+02
1.311007291662748457e+02
1.206400639740398901e+02
1.097142317141699550e+02
9.853424551322289915e+01
8.748746859576863244e+01
7.710771634921204054e+01
6.797911618801484224e+01
6.058579204073935642e+01
5.515477921077761181e+01
5.155777542777950373e+01
4.931556982467622419e+01
4.770314111080374175e+01
4.591891534469176861e+01
4.327053661713149779e+01
3.932796810770698670e+01
3.399955816837522349e+01
2.750963835145952530e+01
2.029317588816979168e+01
1.285285954121236429e+01
5.632661245601575217e+00
-1.054050793264469377e+00
-7.037715134538956363e+00
-1.227162677027940418e+01
-1.680352659526088388e+01
-2.074944175301492777e+01
-2.426696723169433056e+01
-2.752583572353429275e+01
-3.067865603529534013e+01
-3.383674336896524437e+01
-3.705539019792495026e+01
-4.033092469649948697e+01
-4.360921383991887978e+01
-4.680473502396719709e+01
-4.983135273621111594e+01
-5.264271827311860363e+01
-5.526606488870062606e+01
-5.780285768334165653e+01
-6.038543060946157937e+01
-6.311166860296637537e+01
-6.599493102562544777e+01
-6.895132186472203273e+01
-7.182278970916657101e+01
-7.442224429922650586e+01
-7.658663602067532850e+01
-7.822736961195813876e+01
-7.936671251681049455e+01
-8.014788653837091204e+01
-8.081586445454840373e+01
-8.167708796135741522e+01
-8.304288795248837118e+01
-8.515744606594849131e+01
-8.812939280783128027e+01
-9.190516629386956993e+01
-9.630382176487373158e+01
-1.010894093751795850e+02
-1.060357740840006073e+02
-1.109534640311505314e+02
-1.156743102148417535e+02
-1.200085451386498363e+02
-1.237001954552945193e+02
-1.264043784590527792e+02
-1.276962900847001237e+02
-1.271100347395630337e+02
-1.242016717951615732e+02
-1.186267175842756245e+02
-1.102151392596356061e+02
-9.902603896758712665e+01
-8.536998168770689688e+01
-6.979163229754783515e+01
-5.300588096440689867e+01
-3.578587053063167644e+01
-1.882168287322308586e+01
-2.595023036045418507e+00
1.267940012872011657e+01
2.702413218244423021e+01
4.060186994360042689e+01
5.359917135814986011e+01
6.614109985292679994e+01
7.826530444429637612e+01
8.994517959681930108e+01
1.011218933737086303e+02
1.117160032106892658e+02
1.216295497479617893e+02
1.307652551998537263e+02
1.390569628512583336e+02
1.464696232065213621e+02
1.529430981463542025e+02
1.583134724716663300e+02
1.622858736546481282e+02
1.645085363773596896e+02
1.647257449995930756e+02
1.629260163872677367e+02
1.593982388191769246e+02
1.546604152444094211e+02
1.492915998104386119e+02
1.437393347841048694e+02
1.381816879669682407e+02
1.324977998536346320e+02
1.263528340790701492e+02
1.193573823912872882e+02
1.112419420582096592e+02
1.019906817304366342e+02
9.189054174613819725e+01
8.147393787750583272e+01
7.137129637352056477e+01
6.212928875967634212e+01
5.406913535635952428e+01
4.724332391011299137e+01
4.150153626506707383e+01
3.662154160046284090e+01
3.243144200005076527e+01
2.886035738217408664e+01
2.589541452688953171e+01
2.347548734254572622e+01
2.139344497945176116e+01
1.928102166068695311e+01
1.670434953080780716e+01
1.333183541651657222e+01
9.094080117240807226e+00
4.258513692845440346e+00
-6.236330777247687251e-01
-4.893412149276587186e+00
-8.029411834948586346e+00
-9.869286851530020499e+00
-1.070827267048620968e+01
-1.121470849385149471e+01
-1.217647487875118273e+01
-1.417117457697478500e+01
-1.730098263745233567e+01
-2.112037539313376300e+01
-2.480524675518326916e+01
-2.749904358254229919e+01
-2.868765218553136620e+01
-2.844497823219407096e+01
-2.745076575767743066e+01
-2.677326258735145714e+01
-2.749510327857105807e+01
-3.031743687484895489e+01
-3.528975362246360703e+01
-4.177226391695576524e+01
-4.864872883806448556e+01
-5.470371102410743447e+01
-5.901479694767606077e+01
-6.122025649650606738e+01
-6.158676989454714601e+01
-6.087884166840076006e+01
-6.009440623716039909e+01
-6.016388254241375222e+01
-6.170358745924117017e+01
-6.488293143096086624e+01
-6.943137458879709811e+01
-7.477522350775136317e+01
-8.024864868942751173e+01
-8.529225486912869769e+01
-8.957014865398609516e+01
-9.299293548917948726e+01
-9.568041816189727911e+01
-9.790170143521407908e+01
-1.000068168653750433e+02
-1.023481982408879816e+02
-1.051963063356940893e+02
-1.086675287144728230e+02
-1.126857214312275914e+02
-1.169859083088367129e+02
-1.211508866769942188e+02
-1.246677183483138691e+02
-1.270027665900732785e+02
-1.276962900847001237e+02
-1.264561616631249734e+02
-1.232094070066002445e+02
-1.180803935770315576e+02
-1.113021789374704014e+02
-1.031065108494504017e+02
-9.365550361821308911e+01
-8.306135858842930020e+01
-7.149222647766788441e+01
-5.930688933376348615e+01
-4.713364381937824277e+01
-3.583046194432640164e+01
-2.632283066686779449e+01
-1.937574366069840437e+01
-1.538275019200639449e+01
-1.423976173522335387e+01
-1.533342026023494498e+01
-1.764054959850194138e+01
-1.991938513514556419e+01
-2.096556926666870169e+01
-1.989162179802579544e+01
-1.636789643299942654e+01
-1.074999160010237276e+01
-4.028483775584284388e+00
