-1.897775892580938262e+01
-8.703872656480579906e+01
-1.463800217694536911e+02
-1.907769755155472922e+02
-2.179568123706015967e+02
-2.296542120040257373e+02
-2.304630484968873816e+02
-2.261055197814982023e+02
-2.217677633305739278e+02
-2.209512398555571906e+02
-2.250201600008371656e+02
-2.333833333799152570e+02
-2.440912478422640675e+02
-2.545787714909468491e+02
-2.623200959046077401e+02
-2.652552346215358625e+02
-2.619722717849800233e+02
-2.517333445587868255e+02
-2.344505588204505955e+02
-2.106511918114720174e+02
-1.813950857108598598e+02
-1.480974178933120982e+02
-1.122737921756007751e+02
-7.529331664756331577e+01
-3.822673455628207506e+01
-1.813816128967278729e+00
3.348797131970018626e+01
6.742613695891027703e+01
9.987527064296823198e+01
1.307601921123744546e+02
1.599795919045922403e+02
1.873461514405654214e+02
2.125715157718412058e+02
2.353202198276898116e+02
2.553308650944788099e+02
2.725553889226122237e+02
2.872285452629243423e+02
2.997976245263025703e+02
3.107205842655852166e+02
3.202254391948541752e+02
3.281575805847331253e+02
3.340044827859925931e+02
3.370966283567855157e+02
3.368859672711547546e+02
3.331586168213961514e+02
3.260809032961840330e+02
3.160802181419625754e+02
3.036522937494597727e+02
2.892069431180275956e+02
2.730156427818257612e+02
2.552530462926662835e+02
2.360781027443088362e+02
2.156961954956690874e+02
1.943706567601880124e+02
1.723907416493733251e+02
1.500359768153544451e+02
1.275842768258409876e+02
1.053785855243302194e+02
8.390752757485481084e+01
6.381774599520277036e+01
4.580364185813891709e+01
3.040447799980284316e+01
1.781331747874465421e+01
7.802555968484883309e+00
-2.041574081930139783e-01
-6.971432809420957888e+00
-1.329322826687959136e+01
-1.988504925488492958e+01
-2.730886914027365009e+01
-3.588793924530735069e+01
-4.561402007723315677e+01
-5.611317752431574490e+01
-6.674173244834165075e+01
-7.681337485545665800e+01
-8.586737830288844009e+01
-9.384643936476773263e+01
-1.010906938688982848e+02
-1.081496174350118764e+02
-1.155096198348716570e+02
-1.233755548490103138e+02
-1.316066107277379160e+02
-1.398186471450220836e+02
-1.475842633997806388e+02
-1.546308252705391055e+02
-1.609529621189051340e+02
-1.667954893948637505e+02
-1.725128446001250495e+02
-1.783664550318835893e+02
-1.843615673345856578e+02
-1.902171112399757931e+02
-1.954930409903629709e+02
-1.998069832757140603e+02
-2.030234344548690899e+02
-2.053264049041453063e+02
-2.071596718093213951e+02
-2.090822450672129094e+02
-2.116077501291116789e+02
-2.150807424864544828e+02
-2.196161482872104216e+02
-2.251055807329763923e+02
-2.312728194288218049e+02
-2.377396728084541735e+02
-2.440609892182333169e+02
-2.497203136343779590e+02
-2.541282476841551272e+02
-2.566873747667011685e+02
-2.569504312458174127e+02
-2.548250281694321586e+02
-2.507275318025147328e+02
-2.455990217852432238e+02
-2.407526264503933930e+02
-2.375827628524927206e+02
-2.372073899258664937e+02
-2.401302983233843804e+02
-2.460063192038237503e+02
-2.535760583051506956e+02
-2.608100755058266031e+02
-2.652552346215358625e+02
-2.645086552366664705e+02
-2.566897769307861381e+02
-2.407795148055798222e+02
-2.167535179330263873e+02
-1.855128592028103753e+02
-1.486641137853603425e+02
-1.082079870629436158e+02
-6.618857624482087942e+01
-2.436476592141568887e+01
1.601763016904737214e+01
5.428850802506845241e+01
9.024819057314671511e+01
1.239665276129748577e+02
1.555892332083415397e+02
1.852181287305734827e+02
2.128694095130167341e+02
2.384790248376483532e+02
2.619258988631878537e+02
2.830603285868156718e+02
3.017402858255430829e+02
3.178825257773930844e+02
3.315230231738320299e+02
3.428611799510159699e+02
3.522507752646619110e+02
3.601087610343108736e+02
3.667464904906473748e+02
3.721804572640594415e+02
3.760172735518539184e+02
3.774882967877128976e+02
3.756339054073288253e+02
3.695613096406296449e+02
3.586796903917841064e+02
3.428553430165094369e+02
3.224787567124145085e+02
2.984492922945639748e+02
2.720679584864757317e+02
2.448325557620150619e+02
2.181759154116739410e+02
1.932364936582760038e+02
1.707407984306380229e+02
1.510077441597854886e+02
1.340215648828532551e+02
1.195177864670825443e+02
1.070692372582748817e+02
9.618608088282256574e+01
8.642617441508913601e+01
7.747752515549888130e+01
6.916939262112579456e+01
6.140677471754270300e+01
5.407208847041643196e+01
4.695400370964976844e+01
3.973973034361790724e+01
3.207192136499504187e+01
2.364678475688803161e+01
1.431843703249797528e+01
4.173608472019362026e+00
-6.453618555333250129e+00
-1.704588044921757017e+01
-2.703796036997644592e+01
-3.597868376479621588e+01
-4.365363713371485943e+01
-5.012158647917300414e+01
-5.566511865739643383e+01
-6.069444633546419965e+01
-6.564401348162542149e+01
-7.088272189895812403e+01
-7.665466545910294371e+01
-8.306958760455894719e+01
-9.013901125949662685e+01
-9.781482087167842110e+01
-1.059794040807981617e+02
-1.143832599453015320e+02
-1.225930846578837645e+02
-1.300354933627780269e+02
-1.361634362838237280e+02
-1.406763321328546681e+02
-1.436790196787717946e+02
-1.457036964017136427e+02
-1.475904315491582679e+02
-1.502677853501630807e+02
-1.544952387427381382e+02
-1.606408815958959337e+02
-1.685649621003726963e+02
-1.776529341774258910e+02
-1.869951517341573606e+02
-1.956565255811654822e+02
-2.029403892833483951e+02
-2.085523772960987685e+02
-2.126151922305570565e+02
-2.155482913086952408e+02
-2.178782995790899690e+02
-2.200677825204101907e+02
-2.224321883642330135e+02
-2.251615748393761578e+02
-2.284025219306502095e+02
-2.323238936948652906e+02
-2.371053674863315166e+02
-2.428346769427199661e+02
-2.493477078864005705e+02
-2.560756667479284943e+02
-2.619728469365282990e+02
-2.655829157368896745e+02
-2.652552346215358625e+02
-2.594613049881126585e+02
-2.471186399015666382e+02
-2.278260141981833726e+02
-2.019479006979283611e+02
-1.705395421255230985e+02
-1.351508238082166713e+02
-9.756504585883389780e+01
-5.952212263421255756e+01
-2.247058129067998067e+01
1.260237573160396884e+01
4.522077410382323848e+01
7.533996844078640720e+01
1.031682066340991213e+02
1.289539186737513319e+02
1.528192866221590975e+02
1.747085677039496545e+02
1.944716226610181593e+02
2.120304256132319267e+02
2.275185853902551969e+02
2.412922852108481493e+02
2.537943616341277391e+02
2.653527181962216446e+02
2.760324586384293752e+02
2.856113701291915277e+02
2.936582848116843252e+02
2.996403589734434263e+02
3.030009318024991103e+02
3.032007037313327373e+02
2.997483430984343613e+02
2.922409693711842920e+02
2.804123877189653626e+02
2.641841127413126173e+02
2.437363965753880279e+02
2.196235465649063201e+02
1.929092326530674200e+02
1.652132800596696995e+02
1.385255461840247335e+02
1.147282435214697216e+02
9.495458373189534029e+01
7.907863498975733307e+01
6.564326221431917929e+01
