-1.964542303809339074e+01
-5.206534725568270261e+01
-8.073512909333035736e+01
-1.028409297214226967e+02
-1.169550680738828703e+02
-1.230185756925581444e+02
-1.219329885809622880e+02
-1.150263127169645827e+02
-1.036256797957944400e+02
-8.885282076796679007e+01
-7.163152457749640689e+01
-5.279847974638567365e+01
-3.317894278109621098e+01
-1.354652254224326668e+01
5.507790370132319424e+00
2.369575412643598611e+01
4.104135814063336340e+01
5.774978591155307583e+01
7.399466748590633358e+01
8.973473590795320831e+01
1.046566488577851288e+02
1.182732631419221008e+02
1.301289569526171022e+02
1.400125436850662766e+02
1.480717433901179731e+02
1.547663600842248570e+02
1.606767841938527965e+02
1.662609429258964155e+02
1.716805424217450877e+02
1.767771357284153169e+02
1.811947412285761629e+02
1.845707981900098389e+02
1.866913468916921772e+02
1.875343144480289084e+02
1.871878648945971406e+02
1.856981872596601875e+02
1.829345852284645844e+02
1.785403358426626710e+02
1.719889147358699688e+02
1.627263568279779236e+02
1.503653673146623078e+02
1.348891567214171801e+02
1.168060482452741411e+02
9.718122648048503720e+01
7.749278828951337061e+01
5.932531608316898541e+01
4.398978432689022355e+01
3.219704245980891244e+01
2.389484486650043138e+01
1.831873793494689551e+01
1.423477655289545041e+01
1.029639650553280461e+01
5.414395492747802408e+00
-9.566920548986224127e-01
-8.694844389574502230e+00
-1.709631374719303665e+01
-2.515531299951743804e+01
-3.194004347579022607e+01
-3.691816730031500526e+01
-4.010994895998920384e+01
-4.203059083248670902e+01
-4.347086479894478117e+01
-4.521585455497844208e+01
-4.780584428400722885e+01
-5.141164024949752331e+01
-5.584779399334919248e+01
-6.069940066480399565e+01
-6.550335395362702684e+01
-6.991266404163260972e+01
-7.378720775612339366e+01
-7.718853762675411190e+01
-8.029501006624231252e+01
-8.328116163600333266e+01
-8.621381144121174600e+01
-8.901091497721495216e+01
-9.148990046367214291e+01
-9.349297837134952260e+01
-9.502703917163889002e+01
-9.633101174273183176e+01
-9.781145746572542521e+01
-9.985747064119314587e+01
-1.026201353234385607e+02
-1.058773531082405839e+02
-1.090736965281102471e+02
-1.115341530948672357e+02
-1.127534016644918324e+02
-1.126231878944274740e+02
-1.114984626929087312e+02
-1.100827781839949182e+02
-1.091866216720955549e+02
-1.094511908677245060e+02
-1.111309037058203018e+02
-1.140015947012724808e+02
-1.174225386089175487e+02
-1.205377248677304607e+02
-1.225568728486863250e+02
-1.230185756925581444e+02
-1.219317640803542275e+02
-1.197377119657104032e+02
-1.171179675642324725e+02
-1.147419850348941992e+02
-1.130601893999739644e+02
-1.122063873655097694e+02
-1.120199281732434287e+02
-1.121605732464246472e+02
-1.122660203485207120e+02
-1.120933220372078409e+02
-1.115994575736692838e+02
-1.109447733718083526e+02
-1.104220618622494356e+02
-1.103184475220439964e+02
-1.107295222837329476e+02
-1.113789818794277124e+02
-1.115277843654489942e+02
-1.100450710319424417e+02
-1.056513055945458035e+02
-9.726575274861050957e+01
-8.433642857672400339e+01
-6.702677786245293134e+01
-4.618771910728855801e+01
-2.313364929956702554e+01
6.866915531999389088e-01
2.401753498016444155e+01
4.604028166972661040e+01
6.648119464227588082e+01
8.555267196674071783e+01
1.037422047620042491e+02
1.215258525443967415e+02
1.391201859081901375e+02
1.563659393286435488e+02
1.727730503565001072e+02
1.876891604745670179e+02
2.005139908388123899e+02
2.108816975123366433e+02
2.187610690535785238e+02
2.244584859760832956e+02
2.285351860896725498e+02
2.316631583819007005e+02
2.344508883782137332e+02
2.372810104067595489e+02
2.402077645425533206e+02
2.429456122894999339e+02
2.449461437346129173e+02
2.455329690102477684e+02
2.440563631385297185e+02
2.400326298959117821e+02
2.332393399470507802e+02
2.237505987328088395e+02
2.119169472908344574e+02
1.983098001766353491e+02
1.836508064642776503e+02
1.687379775859250230e+02
1.543707060208593020e+02
1.412665104305271484e+02
1.299610612995915346e+02
1.207008851353089369e+02
1.133672020826112998e+02
1.074813762654573281e+02
1.023184826242090537e+02
9.710742240199907371e+01
9.125496537633050309e+01
8.451951753577957049e+01
7.707693289027957917e+01
6.945136523288799424e+01
6.232371123765224752e+01
5.627712149339366476e+01
5.157288112645522915e+01
4.804245698443975243e+01
4.513423158060194140e+01
4.209702696235923725e+01
3.823925773217040103e+01
3.317616048376099513e+01
2.697412926821875345e+01
2.013138840803792107e+01
1.339525284231869406e+01
7.486263968614681019e+00
2.844910614506979130e+00
-4.928597643351722013e-01
-2.850097696789845259e+00
-4.733951566509119857e+00
-6.623525879758911827e+00
-8.812877394686285726e+00
-1.136168855776623587e+01
-1.415244487795339268e+01
-1.701017316691444137e+01
-1.982268952756002989e+01
-2.260775094353667214e+01
-2.550355611690513058e+01
-2.869820378363026236e+01
-3.234084451245750813e+01
-3.647695082746378148e+01
-4.102766644340179880e+01
-4.580770078284591307e+01
-5.056392162695671288e+01
-5.502097876873303051e+01
-5.893000456366932838e+01
-6.211738798728659106e+01
-6.452243645707940800e+01
-6.621091649764210274e+01
-6.736520457414796681e+01
-6.826470381896272954e+01
-6.926047997204588569e+01
-7.072700016554708213e+01
-7.297708952652489245e+01
-7.616083134430341772e+01
-8.019718053106713285e+01
-8.477559107604099609e+01
-8.942946804542755501e+01
-9.365973791586628749e+01
-9.708027929200760298e+01
-9.954755817654042005e+01
-1.012236509102138768e+02
-1.025296236206683744e+02
-1.039902009044093489e+02
-1.060307564470492991e+02
-1.088197149314059402e+02
-1.122227095120991294e+02
-1.158650851140829872e+02
-1.192411403551075892e+02
-1.218048871531840547e+02
-1.230185756925581444e+02
-1.223750819001476913e+02
-1.194178189795726865e+02
-1.137685908965524106e+02
-1.051650442029494883e+02
-9.350979633146418735e+01
-7.892961486179723352e+01
-6.182582756009215075e+01
-4.287660825162785017e+01
-2.295542540688535382e+01
-2.973210985205794188e+00
1.629298510107127385e+01
3.430774200195517665e+01
5.078958564585081348e+01
6.565935344863741818e+01
7.897937587527260916e+01
9.090940338133687249e+01
1.016657960602444177e+02
1.114638878409767671e+02
1.204492625512507118e+02
1.286491734929384165e+02
1.359758368401274424e+02
1.422885631571087401e+02
1.474858604515596880e+02
1.515724900921895255e+02
1.546518708124035584e+02
1.568364545411290010e+02
1.581219805280904893e+02
1.582975626295631741e+02
1.569477113272557176e+02
1.535601866420034298e+02
1.477062533720567217e+02
1.392236819749936672e+02
1.283269129912802669e+02
1.156036578764553582e+02
1.019110722559888558e+02
8.821712445744618947e+01
7.542760223116859208e+01
6.421711381535624241e+01
5.487597062855812879e+01
4.720889229048626845e+01
4.055097211896530496e+01
