-1.206357031574979288e+01
-2.391465932164139474e+01
-3.407013171900433690e+01
-4.125576999990558136e+01
-4.496489999820212802e+01
-4.556343115925785980e+01
-4.413872890158447149e+01
-4.213653895445624187e+01
-4.090636320552016514e+01
-4.131245511989646957e+01
-4.354127062299401985e+01
-4.715121441583167439e+01
-5.131192258475526558e+01
-5.512396480551649347e+01
-5.791176900260636273e+01
-5.941574838592177343e+01
-5.984671401422926351e+01
-5.980046828902362677e+01
-6.006205300981901019e+01
-6.135412529011144045e+01
-6.410206038821512209e+01
-6.829381700640850283e+01
-7.348886251410068837e+01
-7.897167178130685272e+01
-8.397949329061404455e+01
-8.790840719672665671e+01
-9.043275117478833636e+01
-9.152726178470499008e+01
-9.141768638423398841e+01
-9.049256907178479992e+01
-8.919642550767174782e+01
-8.791204210580829681e+01
-8.684597666394907378e+01
-8.595104245212259286e+01
-8.492218070694683263e+01
-8.327138176941225822e+01
-8.044716349584477655e+01
-7.595113912366106490e+01
-6.942295027506006022e+01
-6.068897355113323044e+01
-4.978057391447414659e+01
-3.692619625071685618e+01
-2.251689324910183387e+01
-7.045499960200089618e+00
8.970155554895018923e+00
2.505913183627554375e+01
4.084725748346272667e+01
5.608404584460028275e+01
7.065471940956891217e+01
8.457567304774050854e+01
9.795636856533104719e+01
1.109141534881570692e+02
1.234593515087203599e+02
1.354066331896702877e+02
1.463778565881080453e+02
1.559178240035220711e+02
1.636722761390316236e+02
1.695363000653160839e+02
1.737020784235513133e+02
1.765908419142642174e+02
1.787034964995741007e+02
1.804520551976386855e+02
1.820388361660006922e+02
1.834279097652956239e+02
1.844080747333045451e+02
1.847052917443120919e+02
1.840919435637883907e+02
1.824588262646813064e+02
1.798403362693141503e+02
1.763980355409099730e+02
1.723729705415960325e+02
1.680206412795146207e+02
1.635507278685496999e+02
1.590998408730743563e+02
1.547510825728330133e+02
1.505785858391581087e+02
1.466715608851628758e+02
1.431102879948971918e+02
1.399113153885278962e+02
1.369876896441830922e+02
1.341586107573560298e+02
1.312077733613065789e+02
1.279634346235036872e+02
1.243689781316899854e+02
1.205191580743315001e+02
1.166448666537951198e+02
1.130429141290294126e+02
1.099690070066725127e+02
1.075306938832246715e+02
1.056218219424648055e+02
1.039308274189260715e+02
1.020327701632277950e+02
9.953889665112237140e+01
9.624266843499773927e+01
9.219634070425769323e+01
8.768621457077567527e+01
8.312276956234856584e+01
7.889422999448707685e+01
7.523914609391762554e+01
7.218106917007168022e+01
6.954478355740991447e+01
6.704418155916440014e+01
6.440302774881158143e+01
6.145559592115358072e+01
5.818662766641193684e+01
5.470323074748505832e+01
5.116541077953163352e+01
4.771888013586867316e+01
4.446490241103784058e+01
4.147199823981203792e+01
3.880313754162584416e+01
3.652438959044349076e+01
3.468498192468858576e+01
3.329029584224493021e+01
3.229328400010108169e+01
3.160448020631843491e+01
3.110173664838275442e+01
3.063048957208987133e+01
3.000526482517088311e+01
2.902771230417895154e+01
2.752599689388321380e+01
2.540775208441428745e+01
2.270872468306571079e+01
1.961315102071928607e+01
1.642620212215123487e+01
1.349727973811273785e+01
1.111738460454636623e+01
9.428625193136170424e+00
8.380478050238913568e+00
7.750264266773704946e+00
7.222718853666222572e+00
6.499704706356375539e+00
5.393362071729939089e+00
3.858952775157654003e+00
1.955469401265652607e+00
-2.337114785840839204e-01
-2.664684682802395344e+00
-5.341011429723977244e+00
-8.264642610472392903e+00
-1.136538005354423575e+01
-1.445924560895633704e+01
-1.727172820695119526e+01
-1.952747149614697264e+01
-2.107253145017701002e+01
-2.197374969823609092e+01
-2.254069257239952151e+01
-2.324436596811310096e+01
-2.455620169870061886e+01
-2.677372909203567986e+01
-2.990827945306506308e+01
-3.368138769901699447e+01
-3.762788607830465537e+01
-4.125814287498513977e+01
-4.421146782682336607e+01
-4.634720520974745739e+01
-4.775631869827518017e+01
-4.871045636469020224e+01
-4.958148411447832871e+01
-5.075765697805402965e+01
-5.256198987065741335e+01
-5.516807040743884727e+01
-5.852661176025866041e+01
-6.234556132290940411e+01
-6.616536653882424446e+01
-6.952161571736543522e+01
-7.212610233159408324e+01
-7.397920374113935793e+01
-7.536442079246940295e+01
-7.673321474211397231e+01
-7.852691645937228770e+01
-8.099552376034409917e+01
-8.406925199359039880e+01
-8.732296385949389617e+01
-9.004846258457196484e+01
-9.141768638423398841e+01
-9.068736940134806446e+01
-8.737791501381344972e+01
-8.137112357478309832e+01
-7.290513288778006995e+01
-6.248151459410402708e+01
-5.072139811177417812e+01
-3.821674659301908861e+01
-2.542003421565718213e+01
-1.259841500172662876e+01
1.441674670563664051e-01
1.279191563027520218e+01
2.532217626088481310e+01
3.763960179815606466e+01
4.958012426285768726e+01
6.098033959087385369e+01
7.175742379532974269e+01
8.193563134448861263e+01
9.159598164579998070e+01
1.007785055644495458e+02
1.093917096955838559e+02
1.171752601150484310e+02
1.237380268558298297e+02
1.286689621758110889e+02
1.316917740700398554e+02
1.328049688451816621e+02
1.323341176464825537e+02
1.308514861889157999e+02
1.289889933101034103e+02
1.272339870984181687e+02
1.258004460348485054e+02
1.246133034773242230e+02
1.233796833644925783e+02
1.216907784471922298e+02
1.191097045906873859e+02
1.152343239128450421e+02
1.097529149236164017e+02
1.025151525328665372e+02
9.361733432975360358e+01
8.346573620236638646e+01
7.276361079764606643e+01
6.238567406205932286e+01
5.315667276985540468e+01
4.560995489515792656e+01
3.982773412685406100e+01
3.543536013667596052e+01
3.175353515866279963e+01
2.804424334865927904e+01
2.375148278760269704e+01
1.864822337055495893e+01
1.284692080394972180e+01
6.689723310900436815e+00
5.796252812005917576e-01
-5.173617833273837618e+00
-1.043973897705325982e+01
-1.527021331263654425e+01
-1.983343973414179473e+01
-2.431979043116925965e+01
-2.885712524484626940e+01
-3.346316836387745042e+01
-3.804051693886461294e+01
-4.241000990722146469e+01
-4.637528846382978998e+01
-4.980062406646080575e+01
-5.267039121872321061e+01
-5.510032954370124969e+01
-5.729150833124177922e+01
-5.944498755663660461e+01
-6.167505757675074562e+01
-6.396291471231343451e+01
-6.617689535692721847e+01
-6.815397855932047833e+01
-6.980388640001564227e+01
-7.118110496839165080e+01
-7.248480020265095902e+01
-7.398540203087027578e+01
-7.591447039654981666e+01
-7.836871301593326677e+01
-8.126610768451349998e+01
-8.436383648764484633e+01
-8.732089667756041251e+01
-8.977606869487750885e+01
-9.141768638423398841e+01
-9.203649313409687238e+01
-9.156131018668870070e+01
-9.007364220178163805e+01
-8.779475659466595516e+01
-8.504782486349228066e+01
