-3.312269515126827457e+01
-8.100553236646953792e+01
-1.231174075021479126e+02
-1.550962267289967542e+02
-1.747475648776298556e+02
-1.820717178976027242e+02
-1.786975904662676555e+02
-1.670987248274626893e+02
-1.499125539430687013e+02
-1.295081067816140603e+02
-1.077852169356048648e+02
-8.611291957752996495e+01
-6.532936287651112650e+01
-4.578193616599860860e+01
-2.742313764572893930e+01
-9.966575902459851477e+00
6.929699451990281034e+00
2.350657643917954687e+01
3.981394665101939268e+01
5.569302172329894063e+01
7.081071747639472846e+01
8.472407897678515099e+01
9.696445935913686753e+01
1.071356998603895363e+02
1.150099510106123830e+02
1.205911287438036368e+02
1.241182969869374801e+02
1.260043138228004409e+02
1.267342085961767850e+02
1.267645181207522853e+02
1.264590992347351062e+02
1.260694509941111505e+02
1.257367418305600211e+02
1.254887383663762535e+02
1.252329706141711370e+02
1.247709998365779427e+02
1.238458382050654052e+02
1.222033404063030559e+02
1.196363426740266505e+02
1.159951261022340816e+02
1.111718933598278340e+02
1.050853244003133966e+02
9.769446037433179697e+01
8.905274730604156730e+01
7.937960292864175926e+01
6.910131045721642806e+01
5.881990670922104414e+01
4.920844782512222082e+01
4.087065877258481805e+01
3.420996471499831415e+01
2.933420708690133694e+01
2.600887603839850470e+01
2.367459706521816543e+01
2.154613370432452513e+01
1.878975212295939201e+01
1.473750372465133296e+01
9.070652255771904038e+00
1.912436864221064070e+00
-6.198743730210608760e+00
-1.445308421303779767e+01
-2.199749491055203876e+01
-2.818431652418588129e+01
-3.276066862647218159e+01
-3.593619644245828226e+01
-3.831125317293033561e+01
-4.069264288649691963e+01
-4.385575005157868134e+01
-4.833002366259541560e+01
-5.428133434414691294e+01
-6.152857549824650363e+01
-6.967580869777351893e+01
-7.829664043874372226e+01
-8.709306156594294634e+01
-9.596565625779069819e+01
-1.049717213649525007e+02
-1.142041998285426843e+02
-1.236668587931671652e+02
-1.332131887270213042e+02
-1.425640603975261627e+02
-1.513716827328277361e+02
-1.592896350326449237e+02
-1.660290178684291504e+02
-1.713989862335866121e+02
-1.753339913482039663e+02
-1.779069094402945552e+02
-1.793237078069536494e+02
-1.798943492849240613e+02
-1.799806246690373257e+02
-1.799321993900931034e+02
-1.800254021741137080e+02
-1.804123922572710512e+02
-1.810857512519614829e+02
-1.818733948970088079e+02
-1.824854379311431671e+02
-1.826170630222888178e+02
-1.820717178976027242e+02
-1.808393673605011998e+02
-1.790804565289370203e+02
-1.770251170591332652e+02
-1.748522832594648548e+02
-1.726221799552635900e+02
-1.702949805872018487e+02
-1.678107286808067045e+02
-1.651687311110734413e+02
-1.624493694361650000e+02
-1.597601457217399172e+02
-1.571314491149969683e+02
-1.544092688852117874e+02
-1.511868100016734502e+02
-1.467971166103165217e+02
-1.403709588551634511e+02
-1.309585618678992773e+02
-1.177121631292417874e+02
-1.001077641388472443e+02
-7.814742151866383324e+01
-5.245961208976190449e+01
-2.423540758096076786e+01
4.999622375038804023e+00
3.370458860591598693e+01
6.061770720929262524e+01
8.492817599624719094e+01
1.062974309244985989e+02
1.247739338760869288e+02
1.406731128230705963e+02
1.544726176687288444e+02
1.667326351080072868e+02
1.780198209714730808e+02
1.888075928889528541e+02
1.993527499224547910e+02
2.095932116889791530e+02
2.191342697656662040e+02
2.273642268625046086e+02
2.336774540595643259e+02
2.377199414745962258e+02
2.395450169181085016e+02
2.395989737651175631e+02
2.385430575563870264e+02
2.370105308154478223e+02
2.354277742804440834e+02
2.339739173289038376e+02
2.326622631790278604e+02
2.314654389821064058e+02
2.304009965466215419e+02
2.295305178921092022e+02
2.288774651721419104e+02
2.283153600141228594e+02
2.274988269919007564e+02
2.258905743403439033e+02
2.228852995235463936e+02
2.179813973261938997e+02
2.109325779231988349e+02
2.018239713190977227e+02
1.910465557588649119e+02
1.791822320613301542e+02
1.668534641333091031e+02
1.546124114767274307e+02
1.429158012995123670e+02
1.321655351143585051e+02
1.227490794049951148e+02
1.150272470862633583e+02
1.092685295808735333e+02
1.055711696573868892e+02
1.038226477158384711e+02
1.037270011282184328e+02
1.048961255632326441e+02
1.069616847949718874e+02
1.096410846994977817e+02
1.127125221711654461e+02
1.159143090612996474e+02
1.188336407476286922e+02
1.208511099338582966e+02
1.211697216988619346e+02
1.189169282438627562e+02
1.132881277619607800e+02
1.037001130203987316e+02
8.993066721460948543e+01
7.222350540800670160e+01
5.133287627408068232e+01
2.847656996732817092e+01
5.174180806842464619e+00
-1.701753643937507832e+01
-3.680674028650265939e+01
-5.340463860829112264e+01
-6.661383757596942701e+01
-7.674416649964489068e+01
-8.440514597392969165e+01
-9.026528097942090767e+01
-9.486725809495882800e+01
-9.855688349684211857e+01
-1.015347127434577317e+02
-1.039860917617104121e+02
-1.062119464557084143e+02
-1.086872939100156543e+02
-1.120101992786147207e+02
-1.167523537600038424e+02
-1.232685344094358868e+02
-1.315465732595299073e+02
-1.411636839648840294e+02
-1.513655755538602534e+02
-1.612314540121599578e+02
-1.698577665563070127e+02
-1.764998675284480214e+02
-1.806498925786926009e+02
-1.820717178976027242e+02
-1.808247689537432734e+02
-1.772826004614285296e+02
-1.721163788503871501e+02
-1.662012794313690733e+02
-1.604315322345711934e+02
-1.554799820763084313e+02
-1.515749059767413485e+02
-1.483724906269455062e+02
-1.449828789594151885e+02
-1.401674433028061628e+02
-1.326678060952186229e+02
-1.215685642769943513e+02
-1.065671185006315227e+02
-8.804894159248766528e+01
-6.693990051123611806e+01
-4.439891773932085073e+01
-2.147983147536440640e+01
1.109092626115142366e+00
2.308298714392535089e+01
4.450474136894769117e+01
6.560568742524900188e+01
8.656443727759241824e+01
1.073103955949804487e+02
1.274151961650892986e+02
1.461134825048487755e+02
1.624546156511656250e+02
1.755423581938678694e+02
1.847879373108965240e+02
1.900937325716229793e+02
1.919034536588592061e+02
1.910995747946415406e+02
1.887850785458993244e+02
1.860250016425532920e+02
1.836261262745395015e+02
1.820075351120888740e+02
1.811779028795478723e+02
1.808019043176775824e+02
1.803192958118741842e+02
1.790803693062811419e+02
1.764729012483655879e+02
1.720256819067295169e+02
1.654768794505440326e+02
1.567970232933038517e+02
1.461643661845455142e+02
1.339059527982219606e+02
1.204314424440613465e+02
1.061863216509102159e+02
9.163534979349103082e+01
7.726823861881987909e+01
6.360897201109808918e+01
5.120988093210931424e+01
4.062110110281315656e+01
3.233916376779112056e+01
2.674053346201680981e+01
2.399762528506582271e+01
2.398137037437784258e+01
2.618663648243716580e+01
2.974367522987533619e+01
