9.642802674680101660e+00
3.603029328652334584e+01
5.829717145496537967e+01
7.352201797964464447e+01
8.069977313162620192e+01
8.070731531839142292e+01
7.568429437782529590e+01
6.817309440676902454e+01
6.034812344223608704e+01
5.353863517155837570e+01
4.811053571808276530e+01
4.366173234195387920e+01
3.940595822758908895e+01
3.458129221547701349e+01
2.874087114334682624e+01
2.186025578125428837e+01
1.428612460634255044e+01
6.602994543364003377e+00
-5.112398796447036320e-01
-6.411454284341752796e+00
-1.059899952091581810e+01
-1.283132846318385667e+01
-1.321053307615305883e+01
-1.220903425285842658e+01
-1.059441514318881339e+01
-9.252897399324879757e+00
-8.959745141393767653e+00
-1.017436750243134114e+01
-1.293506070158526455e+01
-1.689754944816957050e+01
-2.150847683352038331e+01
-2.624247452514125811e+01
-3.079536079667389714e+01
-3.515226934054207675e+01
-3.952433367871107350e+01
-4.421079791038663132e+01
-4.945395310759496965e+01
-5.532823780558531723e+01
-6.168191765593715559e+01
-6.814379862866712756e+01
-7.420218263597524810e+01
-7.934391199717532572e+01
-8.321292556974609056e+01
-8.572884879957464932e+01
-8.711641199853406192e+01
-8.783720561944242888e+01
-8.845712285727039159e+01
-8.949586416625713525e+01
-9.129655870861500944e+01
-9.394743795235461903e+01
-9.727938146282464515e+01
-1.009367848269698982e+02
-1.044872561351549791e+02
-1.075261855852445763e+02
-1.097488294979138317e+02
-1.109844892953111213e+02
-1.111967072629924047e+02
-1.104487279131564179e+02
-1.088269193836981259e+02
-1.063224621593473529e+02
-1.027006815778315314e+02
-9.742267789610114903e+01
-8.968860620472062806e+01
-7.862296206802136567e+01
-6.354615760645134515e+01
-4.422868565813190855e+01
-2.103211578364717838e+01
5.111922857799907405e+00
3.287831135362951329e+01
6.082477058860835939e+01
8.767447932533522703e+01
1.125037097008755893e+02
1.347742382763911451e+02
1.542283897812002351e+02
1.707359103477464259e+02
1.842006515165402334e+02
1.945859635007033148e+02
2.020315204665687361e+02
2.069680819472139319e+02
2.101290415980823809e+02
2.124092984405727407e+02
2.146088830902622249e+02
2.171762005820751256e+02
2.200787822737530632e+02
2.228619296242077894e+02
2.248588540313538715e+02
2.254567908610155200e+02
2.243190402722926819e+02
2.214893965020907558e+02
2.173482581075465987e+02
2.124466832897326185e+02
2.072953061167982582e+02
2.021966775200381221e+02
1.971769525980522531e+02
1.920238523960967996e+02
1.863993705765365689e+02
1.799774775171756573e+02
1.725610100548922787e+02
1.641501301559402179e+02
1.549503231342959850e+02
1.453175060004734291e+02
1.356545234442287438e+02
1.262981499784153669e+02
1.174471506903017541e+02
1.091610937919236619e+02
1.014173511011159405e+02
9.418449898919487850e+01
8.747334613759969102e+01
8.134668787453188088e+01
7.588610780343144313e+01
7.113086217281613699e+01
6.702343420380039163e+01
6.340219521756369403e+01
6.005543588628361107e+01
5.680339190221367573e+01
5.354625917099562571e+01
5.023917651089646341e+01
4.681563051668991449e+01
4.312579731925009696e+01
3.894580806620213309e+01
3.406105329082237176e+01
2.838055733726923080e+01
2.202914572756763789e+01
1.537609108948126391e+01
8.972951611765743962e+00
3.395840381139784370e+00
-9.684241055472000426e-01
-4.104905930436245853e+00
-6.425586084704889345e+00
-8.652859778425622039e+00
-1.157443108896802642e+01
-1.577513532898565529e+01
-2.144759559796895587e+01
-2.833035510955284053e+01
-3.577270154308133954e+01
-4.290405353050132931e+01
-4.887210514449704135e+01
-5.309096796356389802e+01
-5.542124840810203068e+01
-5.621180175214539076e+01
-5.617842374533951499e+01
-5.616231371725754684e+01
-5.686190149027153495e+01
-5.863491060189063830e+01
-6.142974660343311655e+01
-6.485686314719097822e+01
-6.837044540912857826e+01
-7.149740363598682791e+01
-7.402852256432809952e+01
-7.609610152446408904e+01
-7.811096195710864265e+01
-8.059242508619418288e+01
-8.396198492604428054e+01
-8.837327382272086140e+01
-9.362934352651426195e+01
-9.920735986064671863e+01
-1.043754723924332524e+02
-1.083527814598897265e+02
-1.104487279131564179e+02
-1.101367917430707593e+02
-1.070583476649433265e+02
-1.009894607518188394e+02
-9.180958711273531492e+01
-7.950058958066134096e+01
-6.417916939676449317e+01
-4.613829510640665887e+01
-2.586019987547393129e+01
-3.980425137175217287e+00
1.877928278235717130e+01
4.166722104064002252e+01
6.392237109424512909e+01
8.477728325479921523e+01
1.034831714199987829e+02
1.193777287676582262e+02
1.319819859044125963e+02
1.410952288640593224e+02
1.468545307769289820e+02
1.497263576180424138e+02
1.504101556565270243e+02
1.496673231283819518e+02
1.481328518017219835e+02
1.461944684725552293e+02
1.440037802447586444e+02
1.416083152396723790e+02
1.391105822345745082e+02
1.367425443287746134e+02
1.348092741242605257e+02
1.335457696414461566e+02
1.329750807454577455e+02
1.328376079343593688e+02
1.326152599084595636e+02
1.316350745015837447e+02
1.292149251836002009e+02
1.248077549961414832e+02
1.181081636610054346e+02
1.091006103916987229e+02
9.804521478408869939e+01
8.541021421941880476e+01
7.176922598619400162e+01
5.769037338530840486e+01
4.365029082188491572e+01
2.999869081340828814e+01
1.697684324664282229e+01
4.767915198700045210e+00
-6.456205279982103917e+00
-1.651943542300606893e+01
-2.526215158589345222e+01
-3.258215260034860705e+01
-3.847557986336305902e+01
-4.306551915640236672e+01
-4.661244292595286254e+01
-4.949789782400604565e+01
-5.217066555592148802e+01
-5.505707689416094297e+01
-5.846122909690590319e+01
-6.249703908256192619e+01
-6.708393361482552564e+01
-7.200206155914362682e+01
-7.697003514166286209e+01
-8.171212374696480651e+01
-8.601456083502768024e+01
-8.978380530379493507e+01
-9.309023064266587255e+01
-9.614908363083394249e+01
-9.921041688445740192e+01
-1.023976326961043526e+02
-1.055890419289860347e+02
-1.084247126734964866e+02
-1.104487279131564179e+02
-1.113194166529272024e+02
-1.109845706254329230e+02
-1.097342822291927291e+02
-1.080987610695154331e+02
-1.066348197862738090e+02
-1.057061723979209944e+02
-1.053639741540556116e+02
-1.053711498786126697e+02
-1.053367544466080830e+02
-1.048865980822380806e+02
-1.038022021837106763e+02
-1.020861824409463168e+02
-9.993792207235584613e+01
-9.765251493824062834e+01
-9.549136277256273786e+01
-9.359100387791370679e+01
-9.195132436388868769e+01
-9.048815093148121491e+01
-8.909529735449814325e+01
-8.766937489752950796e+01
-8.609483717536255654e+01
-8.422907240715967703e+01
-8.193537923200300099e+01
-7.917502482753307902e+01
-7.611228878567783340e+01
-7.315727554844477254e+01
-7.089873243781653400e+01
-6.994277040988723115e+01
-7.072803828576232377e+01
-7.339883981433538906e+01
-7.777904453033507082e+01
-8.343103734909459490e+01
-8.975049979714306403e+01
