-3.536176519051233669e+01
-6.438435975102929376e+01
-9.064377331307701979e+01
-1.122552478053378451e+02
-1.286277358622548945e+02
-1.403730575578274511e+02
-1.487641285710291754e+02
-1.550298109831509805e+02
-1.597922484980655895e+02
-1.628330004919089617e+02
-1.632141582325699289e+02
-1.596560218338154300e+02
-1.510085321038349377e+02
-1.366523792435627911e+02
-1.167201216858984907e+02
-9.210550607215613184e+01
-6.429114774313121927e+01
-3.506133864025319724e+01
-6.187720631357553458e+00
2.082653113491897301e+01
4.489596447620949959e+01
6.540099786518565850e+01
8.217001619954881164e+01
9.542271886946170412e+01
1.056824098693023188e+02
1.136613051399257586e+02
1.201320138208183721e+02
1.258012738814061890e+02
1.311978527582781169e+02
1.365875195349189255e+02
1.419345126081307455e+02
1.469297348008311985e+02
1.510936676518287243e+02
1.539372574445523014e+02
1.551351287483965109e+02
1.546494827123407845e+02
1.527531344134305868e+02
1.499328914407669515e+02
1.466992471580937547e+02
1.433727920286328583e+02
1.399368388062070778e+02
1.360176360103483830e+02
1.309942022987013956e+02
1.241915096530196081e+02
1.150949163955654058e+02
1.035307601118045824e+02
8.977255948360283355e+01
7.454517970672648630e+01
5.891060212848861966e+01
4.404248504156113597e+01
3.094078112599378727e+01
2.018009837097304882e+01
1.178948553212440942e+01
5.314058680398392909e+00
3.340606471331852845e-02
-4.754268401196725335e+00
-9.499744617743029806e+00
-1.431181161823268688e+01
-1.902467275741660302e+01
-2.336258134847606627e+01
-2.710700986133683799e+01
-3.020133661536002023e+01
-3.278427435918779054e+01
-3.517064944779227886e+01
-3.778875772673409728e+01
-4.107644145515575929e+01
-4.535457194961860949e+01
-5.071706620366965268e+01
-5.697806587848946691e+01
-6.369921254238942510e+01
-7.029390217707398847e+01
-7.617846887980927306e+01
-8.091969906297651960e+01
-8.432742186187340394e+01
-8.646922499603635970e+01
-8.762753707819300075e+01
-8.824305800268061262e+01
-8.887104875504090273e+01
-9.013812172638664322e+01
-9.266723322438868138e+01
-9.695070655594771836e+01
-1.031815948267365712e+02
-1.110942487378250263e+02
-1.199029020047364043e+02
-1.284231222286928187e+02
-1.353848026992799305e+02
-1.398305367461120738e+02
-1.414258542239352607e+02
-1.405483975280691027e+02
-1.381426760141818590e+02
-1.354317139358090287e+02
-1.336022323603206985e+02
-1.335440670523157678e+02
-1.356809572896942768e+02
-1.399048602348688917e+02
-1.456172668361967908e+02
-1.518767457287596869e+02
-1.576357022703187738e+02
-1.620156376832893272e+02
-1.645368478596115835e+02
-1.652148304894368493e+02
-1.644829005273923030e+02
-1.629859441251098531e+02
-1.613559721797472264e+02
-1.600711170057393531e+02
-1.594247996492527761e+02
-1.595522241408990283e+02
-1.604314151604076244e+02
-1.618100416533298187e+02
-1.630833068606906124e+02
-1.632141582325699289e+02
-1.607972057152105663e+02
-1.543061324567562451e+02
-1.424649927619629750e+02
-1.246110066965018461e+02
-1.009166976509233962e+02
-7.239950610979576595e+01
-4.072240846763534705e+01
-7.849365188620442524e+00
2.434398666649297382e+01
5.439676903955307807e+01
8.144475701505909626e+01
1.052271348051527866e+02
1.259435033056461748e+02
1.440270962844697920e+02
1.599158443482927794e+02
1.738925722783156402e+02
1.860335669193726460e+02
1.962648773018824784e+02
2.044931272826764541e+02
2.107546213433991227e+02
2.153124611689125345e+02
2.186428306636044567e+02
2.213059952201339229e+02
2.237697923076628115e+02
2.262811449447625591e+02
2.288367161994430887e+02
2.312337277058826714e+02
2.331489790387729215e+02
2.342072489661051122e+02
2.340271054587993547e+02
2.322493968371981339e+02
2.285596837464290445e+02
2.227167011202930098e+02
2.145975902596805440e+02
2.042615282547545519e+02
1.920124010328691213e+02
1.784215936440076007e+02
1.642758539386319399e+02
1.504476235389432190e+02
1.377256811743358185e+02
1.266640659083499543e+02
1.174956067746805246e+02
1.101257783154457712e+02
1.041943232392485044e+02
9.917789965661502549e+01
9.450801148754894143e+01
8.968883754581904100e+01
8.440531716964177633e+01
7.860120841021461047e+01
7.248908884022003463e+01
6.645828308192713507e+01
6.089074558039678919e+01
5.595721238975659872e+01
5.149813481313385211e+01
4.706608364077004580e+01
4.212679352988639891e+01
3.632439202043542537e+01
2.967135946492279075e+01
2.256354608856572597e+01
1.561918408189954022e+01
9.430263763516794739e+00
4.346478400570873646e+00
3.811754723172455783e-01
-2.739818454524964864e+00
-5.433783017853073716e+00
-8.102099182284533185e+00
-1.102492683773134985e+01
-1.433205970892615255e+01
-1.802452081681170171e+01
-2.200636599887922529e+01
-2.611197210283215497e+01
-3.014309055126808801e+01
-3.392364869021054830e+01
-3.735350089332074219e+01
-4.043561048378573730e+01
-4.326979339576487860e+01
-4.602362149138591008e+01
-4.889401347118837293e+01
-5.207000035910004954e+01
-5.570229611007685833e+01
-5.987611882156728882e+01
-6.458192427544145175e+01
-6.969527393955684147e+01
-7.499157654601333434e+01
-8.020783452216653586e+01
-8.513188987233989735e+01
-8.967875590988620615e+01
-9.391489614655118601e+01
-9.801325610099632968e+01
-1.021613949587072057e+02
-1.064817999484344568e+02
-1.110193624762865454e+02
-1.157971017689910411e+02
-1.208846515439474274e+02
-1.264163969511159848e+02
-1.325352741337930524e+02
-1.392828998897380472e+02
-1.464733067518569101e+02
-1.535757821978426421e+02
-1.596261871010284210e+02
-1.632141582325699289e+02
-1.626264322519975849e+02
-1.561973811313938825e+02
-1.428070287425014726e+02
-1.223428314174429943e+02
-9.590463077550570858e+01
-6.562299944845786115e+01
-3.413167357801252422e+01
-3.892253131344602934e+00
2.336825219514309993e+01
4.691044528372132305e+01
6.687938165645297772e+01
8.394711241737282137e+01
9.888031313754800067e+01
1.122045581926447397e+02
1.240676623616854641e+02
1.343078226104055375e+02
1.426477928890975022e+02
1.489006285437173744e+02
1.530949843459771955e+02
1.554864986480212679e+02
1.564796942146883794e+02
1.565116738776387137e+02
1.559435187110319134e+02
1.549922218682207244e+02
1.537269074090852428e+02
1.521327444572046943e+02
1.502100016720767144e+02
1.480519394393178914e+02
1.458548841251484305e+02
1.438432810306031229e+02
1.421260688987983087e+02
1.405395549534373458e+02
1.385608328206800479e+02
1.353608101226880081e+02
1.300049592294053582e+02
1.217419246589656723e+02
1.102784230365578395e+02
9.593287318929522201e+01
7.959733769836091710e+01
6.251932270266087244e+01
4.600433215341205084e+01
3.116954176209408089e+01
1.882319333822476892e+01
9.458390665572830258e+00
3.304447613359126734e+00
3.820004088897057670e-01
5.266174795246207907e-01
3.369445275202849643e+00
8.300667262237189092e+00
1.447309293288096477e+01
