1.038784786384842960e+02
-4.083393119048425035e+01
-1.610186937163759069e+02
-2.388648970720897182e+02
-2.673874050785472605e+02
-2.507401431288620870e+02
-2.012212723768666933e+02
-1.345949310810520103e+02
-6.553821905016526728e+01
-4.509174731024209848e+00
4.345467938213533898e+01
7.820541876254655733e+01
1.028545705744984673e+02
1.218002005171724988e+02
1.390470456192417714e+02
1.571957968307560236e+02
1.771783957985437041e+02
1.985684811468647126e+02
2.201717120909335392e+02
2.406162639684696103e+02
2.587692918656174470e+02
2.739250720249436881e+02
2.857961962739504429e+02
2.943829189871796643e+02
2.998090402037870490e+02
3.022023515564629861e+02
3.016619344630470323e+02
2.982999475544131087e+02
2.923008986428325784e+02
2.839397904115978122e+02
2.735419262059454013e+02
2.614144060596585746e+02
2.477970836176252760e+02
2.328662443950130410e+02
2.167944597167305290e+02
1.998370503540641039e+02
1.823915444060361892e+02
1.649829340233187338e+02
1.481710040420641690e+02
1.324261285727691870e+02
1.180361259578048276e+02
1.050800502562503027e+02
9.346003994197248232e+01
8.295285998694674845e+01
7.324926994727439933e+01
6.398336094943072538e+01
5.477933089819432411e+01
4.533170155435981030e+01
3.549742024918417371e+01
2.535067033900856615e+01
1.515970448303452756e+01
5.284880593617542033e+00
-3.960725949471934015e+00
-1.242945187126044360e+01
-2.019122127621687923e+01
-2.750728734476068382e+01
-3.474314244660646267e+01
-4.225417213554489848e+01
-5.028213280683674213e+01
-5.889637919274254330e+01
-6.799563784675814304e+01
-7.735910121505810366e+01
-8.672073279682660996e+01
-9.584512000108357199e+01
-1.045885595628023879e+02
-1.129248649494139443e+02
-1.209197184632920283e+02
-1.286654867408916232e+02
-1.362197063233842300e+02
-1.435883413474620909e+02
-1.507546557470749349e+02
-1.577140374718773330e+02
-1.644737830196209245e+02
-1.710150479392233365e+02
-1.772550796236563428e+02
-1.830510928567167923e+02
-1.882495323712216475e+02
-1.927495497485372198e+02
-1.965537532503136617e+02
-1.998004311629218819e+02
-2.027689681043037240e+02
-2.058346147975823897e+02
-2.093612472378860900e+02
-2.135621599257284231e+02
-2.183883437923541919e+02
-2.234969375992858716e+02
-2.283224980459413018e+02
-2.322393469160847701e+02
-2.347711704485332405e+02
-2.357788754057846461e+02
-2.355506419178172166e+02
-2.347432065968292534e+02
-2.341831374738049760e+02
-2.346046896265765156e+02
-2.364308274498572189e+02
-2.396741691334557913e+02
-2.439712643394995553e+02
-2.487114170374513833e+02
-2.532028485275318417e+02
-2.568305187047523646e+02
-2.591841938565364671e+02
-2.601505711134764169e+02
-2.599584123481042752e+02
-2.591536786385764231e+02
-2.584838142026288779e+02
-2.586888002179375690e+02
-2.602206295347602918e+02
-2.629447777353163929e+02
-2.659211498558971698e+02
-2.673874050785472605e+02
-2.650242069603087884e+02
-2.564659075477511010e+02
-2.398984492326890461e+02
-2.145403992798994466e+02
-1.808524812154890355e+02
-1.404291852071839912e+02
-9.563348788551063251e+01
-4.910160275515993078e+01
-3.260696190809873940e+00
4.002207369333295617e+01
7.959599640679387278e+01
1.149945076376480984e+02
1.462743891960441829e+02
1.738065192176988489e+02
1.980872920729125894e+02
2.196128653579947070e+02
2.388236698328439047e+02
2.560919467441282222e+02
2.717098977899153738e+02
2.858582270733601263e+02
2.985789574428180231e+02
3.097942327802524005e+02
3.193785878754055148e+02
3.272428246705794663e+02
3.333790059271335053e+02
3.378509119450869775e+02
3.407476191949906479e+02
3.421240088884713373e+02
3.419469412407905793e+02
3.400655225637891590e+02
3.362209499076386692e+02
3.300982616610248215e+02
3.214065831359177992e+02
3.099656582953738848e+02
2.957770034385265490e+02
2.790661814921801351e+02
2.602918514764969586e+02
2.401197483308523317e+02
2.193590369035177332e+02
1.988643149535965620e+02
1.794167564802942820e+02
1.616035855498215881e+02
1.457196962753529590e+02
1.317244846649790020e+02
1.192859066202542238e+02
1.079129670969699930e+02
9.713025713781661352e+01
8.662316503261382650e+01
7.630073214603966392e+01
6.626595779387710650e+01
5.671867968108760749e+01
4.783238674033005111e+01
3.965022330423384744e+01
3.203921886778417161e+01
2.472114563557190792e+01
1.736676102907681241e+01
9.710615873867666892e+00
1.632025139557818250e+00
-6.833078683027054012e+00
-1.553970625291303165e+01
-2.429495655581631652e+01
-3.289614036694251809e+01
-4.115157973737940011e+01
-4.891303853317199923e+01
-5.612712367972593341e+01
-6.287373246166966112e+01
-6.934687945279875976e+01
-7.576629706550590981e+01
-8.226326613062309434e+01
-8.881090101071099241e+01
-9.524179557597645385e+01
-1.013411567745686881e+02
-1.069635751662864180e+02
-1.121125850067169267e+02
-1.169419808953864077e+02
-1.216796320891104557e+02
-1.265164678383108878e+02
-1.315166752508472428e+02
-1.365858864385262166e+02
-1.415048396095577345e+02
-1.460130093637538948e+02
-1.499083332148981071e+02
-1.531185454044749576e+02
-1.557108436787543724e+02
-1.578406629982281970e+02
-1.596748548244560766e+02
-1.613340600417556345e+02
-1.628803859587865475e+02
-1.643500420968629498e+02
-1.658124307446729233e+02
-1.674240720202166983e+02
-1.694380595556316109e+02
-1.721445216735100985e+02
-1.757594853437565803e+02
-1.803184816514939826e+02
-1.856310145706597723e+02
-1.913155012058817022e+02
-1.968978514246776399e+02
-2.019414495672326950e+02
-2.061727466711095076e+02
-2.095673260544457150e+02
-2.123706863665717322e+02
-2.150439803188926362e+02
-2.181414115341892739e+02
-2.221473369156302056e+02
-2.273268546572572575e+02
-2.336495983194525650e+02
-2.408103635292492868e+02
-2.483104547071983177e+02
-2.555290748491848660e+02
-2.617346683750254215e+02
-2.660440822024881982e+02
-2.673874050785472605e+02
-2.645474080550844747e+02
-2.563124513807414360e+02
-2.417236800888873631e+02
-2.203379693314508643e+02
-1.924050532019864193e+02
-1.588872511283086055e+02
-1.213115325132709756e+02
-8.150406190157495701e+01
-4.129577591670125969e+01
-2.287992439340374773e+00
3.427423682926978898e+01
6.752997630523786654e+01
9.697289038458117716e+01
1.224012024776440910e+02
1.438628435052814609e+02
1.615975415921544140e+02
1.759756310321691331e+02
1.874359790973624627e+02
1.964280311320821113e+02
2.033665825324415550e+02
2.086097834670168254e+02
2.124613473522361176e+02
2.151767700783427983e+02
2.169401493030694041e+02
2.177922172886899261e+02
2.175290462149789619e+02
2.156312975353800425e+02
2.112952075991228185e+02
2.036035121961185439e+02
1.918138860121371181e+02
1.756876193972967712e+02
1.557540429325740661e+02
1.334085094122015107e+02
1.107667932851980765e+02
9.024734218251542472e+01
7.393563392730516171e+01
6.289769239454368233e+01
5.670482109587857167e+01
5.342807580849917315e+01
