9.216169452300899678e+00
1.520793046020102395e+02
2.726089054409317214e+02
3.547020501074121057e+02
3.923092742291708532e+02
3.895444646776655873e+02
3.577295772929669511e+02
3.110040913786965007e+02
2.622141033553976968e+02
2.202326426843313811e+02
1.890847734449507129e+02
1.685939117960499516e+02
1.559052201464497784e+02
1.471950734513929717e+02
1.390495867038947040e+02
1.292591311571497954e+02
1.170187345878399583e+02
1.026838050635632982e+02
8.729406209008509165e+01
7.206543142113294209e+01
5.799132801894446487e+01
4.562197218378717878e+01
3.502494443029522841e+01
2.588304331304509631e+01
1.766386041639079707e+01
9.801024155064229859e+00
1.846317113477645933e+00
-6.433047248755137559e+00
-1.502835844838301682e+01
-2.373714549103446814e+01
-3.226549749544101076e+01
-4.034350656259742607e+01
-4.780406327619682827e+01
-5.459251588554913326e+01
-6.071114797970324162e+01
-6.613371269379959472e+01
-7.073254860203664407e+01
-7.424658076025067999e+01
-7.629745546095372788e+01
-7.644469112327168148e+01
-7.426265831089165204e+01
-6.942194141424513987e+01
-6.176326987220751619e+01
-5.135794553439548338e+01
-3.854688760413117166e+01
-2.394167622829537123e+01
-8.367417652609447032e+00
7.258997788745332969e+00
2.209271918358225761e+01
3.551819726755924478e+01
4.724711058696076549e+01
5.732481817993667050e+01
6.604516492249119608e+01
7.380277677993970542e+01
8.093260395500662696e+01
8.759375787918979483e+01
9.374129275016201746e+01
9.919467659112987690e+01
1.037690470868681132e+02
1.074064843066180117e+02
1.102451367892911946e+02
1.125951415745094835e+02
1.148364256524563700e+02
1.172893163854532190e+02
1.201141675010273104e+02
1.232709447573501933e+02
1.265355432908192910e+02
1.295509302646021581e+02
1.318934874671963087e+02
1.331451469700699590e+02
1.329670450532871371e+02
1.311681144089994291e+02
1.277568045664210956e+02
1.229614660205310486e+02
1.172082076174679344e+02
1.110544864737999688e+02
1.050898397477098456e+02
9.982594923715768687e+01
9.560103179347133562e+01
9.252078316978513328e+01
9.045347452982068148e+01
8.908443135397679669e+01
8.801229961764208554e+01
8.685246828313523793e+01
8.531899607341142655e+01
8.327635240301799513e+01
8.076173254707717319e+01
7.797190331744043590e+01
7.520426710710873408e+01
7.275590828802333476e+01
7.080992422554498944e+01
6.935436969550890751e+01
6.817131508930347650e+01
6.690535525000321115e+01
6.518769645470396767e+01
6.276868383428396214e+01
5.960896491726699509e+01
5.590013375436728182e+01
5.201636659250849704e+01
4.841837776259073678e+01
4.553521634127204720e+01
4.364976074199294942e+01
4.281521761658801495e+01
4.282576268080347859e+01
4.325166561096840212e+01
4.353273907670396881e+01
4.310924787754041887e+01
4.155962723760307398e+01
3.871162615429003040e+01
3.469945019933404495e+01
2.995252953423253217e+01
2.511516995608419833e+01
2.090656924810128103e+01
1.794320780966577189e+01
1.656536686049918217e+01
1.672498585783640124e+01
1.798266537199386761e+01
1.962285729990583150e+01
2.084980986237849265e+01
2.100082366790761768e+01
1.971569490255761536e+01
1.701898163553443766e+01
1.329489793260625419e+01
9.164152032317410601e+00
5.302380378580494380e+00
2.254481901192953330e+00
2.920585160182582740e-01
-6.536478378490784280e-01
-9.612522783031138829e-01
-1.184181546963010589e+00
-1.839340306852385254e+00
-3.194982347406977397e+00
-5.157747802673597448e+00
-7.327239956625589912e+00
-9.202025120888507104e+00
-1.043434131505846807e+01
-1.100525823351973997e+01
-1.124421292072172207e+01
-1.170123531565626251e+01
-1.293922559319913290e+01
-1.532863736746802630e+01
-1.891183191714915068e+01
-2.337486104279630439e+01
-2.813099537365241076e+01
-3.249228075462526988e+01
-3.588428868036385211e+01
-3.804015897729325957e+01
-3.910081476201428075e+01
-3.957174261196324494e+01
-4.014749978933581076e+01
-4.147797657979155872e+01
-4.397247558809498003e+01
-4.770925344053799222e+01
-5.246219842976927339e+01
-5.780490281171616118e+01
-6.323023631677966705e+01
-6.823679078801060882e+01
-7.236776600315913299e+01
-7.521921607273502275e+01
-7.644469112327168148e+01
-7.577011835120102035e+01
-7.301234431372816402e+01
-6.808848001051647714e+01
-6.101252419579211050e+01
-5.189448387202588719e+01
-4.095599970161908487e+01
-2.855246654377393867e+01
-1.517133317885498656e+01
-1.385446842356270025e+00
1.222752405043319612e+01
2.516448234299851805e+01
3.704542821792956886e+01
4.762676120234524291e+01
5.679349186885884393e+01
6.454324778828598141e+01
7.096377944282779993e+01
7.620059982844797730e+01
8.041900621309819996e+01
8.377636089897829663e+01
8.641859484260031365e+01
8.849407987307370149e+01
9.015778872649133291e+01
9.154443420889546701e+01
9.272078132847028087e+01
9.365351824077485787e+01
9.422112975501113397e+01
9.426470656943972415e+01
9.364800035088408947e+01
9.229733955513239607e+01
9.020471351668692250e+01
8.739235030784882952e+01
8.385679336098979775e+01
7.952753112609795494e+01
7.427209201920933879e+01
6.795399892209903214e+01
6.051962844649030160e+01
5.207225072553900702e+01
4.289441786322904449e+01
3.340405002018410130e+01
2.406318228976622464e+01
1.527766230595231889e+01
7.318779603962191516e+00
2.799653194840772130e-01
-5.925585085393660023e+00
-1.152110690512537161e+01
-1.678131739891064456e+01
-2.193115154005307232e+01
-2.706639143721753271e+01
-3.213003527710100826e+01
-3.695671247700872897e+01
-4.136655969286393031e+01
-4.526365435729587006e+01
-4.868928476408521533e+01
-5.180374878400570537e+01
-5.480996279601396992e+01
-5.786395565459748980e+01
-6.101969920086592936e+01
-6.422661860475155038e+01
-6.736303227332558663e+01
-7.027767419609648414e+01
-7.282515020348080270e+01
-7.489604221853994659e+01
-7.644469112327168148e+01
-7.751281590360454743e+01
-7.824043953716686417e+01
-7.884934269962110420e+01
-7.958818650021285634e+01
-8.064877426323482723e+01
-8.208631174846084377e+01
-8.378278940848258571e+01
-8.547572723007625939e+01
-8.684344298952962049e+01
-8.760902894041791455e+01
-8.761639554287354770e+01
-8.685090994226015937e+01
-8.541057993137272319e+01
-8.345551171301664795e+01
-8.116100612856473617e+01
-7.868428215783909252e+01
-7.614410337784585181e+01
-7.361242922157985902e+01
-7.112175982095629934e+01
-6.869104095572114943e+01
-6.636063316409499180e+01
-6.421100899719913002e+01
-6.234006898088807702e+01
-6.079697469814372823e+01
-5.949638034999141212e+01
-5.814427062651733991e+01
-5.620218199824721950e+01
-5.292147638313142011e+01
-4.748926490041665716e+01
-3.931133434354456568e+01
-2.839692064569270258e+01
-1.572685444517106390e+01
-3.427190714481014311e+00
5.422655391107610967e+00
7.424966284557910967e+00
-1.484767026775131171e-01
-1.829946646862532589e+01
-4.559402192170804113e+01
-7.819002248688498469e+01
