3.675473193025437624e+00
5.737978200429823872e+00
7.123510275957738003e+00
7.353735029273869017e+00
6.243460041531118776e+00
3.911392244725302447e+00
6.989551513101961433e-01
-2.959072278841133219e+00
-6.658546721016497472e+00
-1.010699605998589590e+01
-1.315336910862875186e+01
-1.578061919390786727e+01
-1.807951701630789998e+01
-2.021286488052377095e+01
-2.237055472770865094e+01
-2.471765007652402346e+01
-2.734613079722521078e+01
-3.024473388897954251e+01
-3.329664234014483526e+01
-3.630712893024121968e+01
-3.905693868068843955e+01
-4.137063016212429289e+01
-4.317993808933885447e+01
-4.455553430826146410e+01
-4.568707885910564670e+01
-4.681296648047307229e+01
-4.812628817517989432e+01
-4.969863874955989758e+01
-5.145833252821296355e+01
-5.323223913211427316e+01
-5.482633668653114967e+01
-5.610344238843961051e+01
-5.702597813997711995e+01
-5.765518400424564049e+01
-5.811953792628946758e+01
-5.857375788150666551e+01
-5.916288402422020454e+01
-5.999193749673622023e+01
-6.109760940612125779e+01
-6.243147469221670320e+01
-6.387576133459638328e+01
-6.529825275317681132e+01
-6.661958067665011640e+01
-6.784938236815696655e+01
-6.906754973898041783e+01
-7.036589728251095721e+01
-7.179058719829106394e+01
-7.331781054105316286e+01
-7.486558622067968827e+01
-7.632212959607068115e+01
-7.757225768849468750e+01
-7.851769315099572566e+01
-7.909685378131538869e+01
-7.930745911716877572e+01
-7.922503347495033665e+01
-7.900261280020454535e+01
-7.884087079576735846e+01
-7.893123082027469195e+01
-7.938856265324679384e+01
-8.020065639990943396e+01
-8.122289726595576553e+01
-8.222850094360883588e+01
-8.299416057898382348e+01
-8.338384275254981048e+01
-8.340122614988823102e+01
-8.319766849498817862e+01
-8.303296105968607321e+01
-8.319574761840250687e+01
-8.390546424979920914e+01
-8.522931151420512208e+01
-8.704415182239702631e+01
-8.905318761599856714e+01
-9.084126734706275386e+01
-9.193743404762314242e+01
-9.186051870341393055e+01
-9.014629034643780869e+01
-8.637236839502185148e+01
-8.019742708229453854e+01
-7.141830482517276835e+01
-6.003208658322481739e+01
-4.627846653405060096e+01
-3.063815928500120123e+01
-1.377761312897477808e+01
3.548271227857339838e+00
2.060650903099414677e+01
3.677706501448515297e+01
5.160519204007229632e+01
6.481707372227050712e+01
7.631473142465348758e+01
8.616361485130843789e+01
9.457256340994273103e+01
1.018545159393667063e+02
1.083598460152225442e+02
1.143941565284015667e+02
1.201526512456278368e+02
1.257007847618059060e+02
1.310023344331856663e+02
1.359665021901209059e+02
1.404825272043451889e+02
1.444323963197354601e+02
1.476946654070908949e+02
1.501562432861788636e+02
1.517359678358450310e+02
1.524081925021094435e+02
1.522098255238973081e+02
1.512232557862046463e+02
1.495412583527387653e+02
1.472264010882696823e+02
1.442752727746112100e+02
1.405974419364753487e+02
1.360252678373375090e+02
1.303706182269338001e+02
1.235239363316559178e+02
1.155580400164431438e+02
1.067809654699114645e+02
9.769949994854422926e+01
8.890037580031381026e+01
8.089804597491617244e+01
7.400809502447805244e+01
6.828442665357553665e+01
6.353024481178812266e+01
5.937332345805955214e+01
5.538335299627966180e+01
5.120031359925808090e+01
4.663832215716854535e+01
4.173027731779061611e+01
3.669285850748947553e+01
3.182418977557146178e+01
2.738021477898428913e+01
2.348358065553467711e+01
2.009584152580975314e+01
1.704991536586242162e+01
1.411717412512405367e+01
1.108029750297959559e+01
7.791249883472460169e+00
4.202239712793033988e+00
3.654833980655927683e-01
-3.590924715100339615e+00
-7.494824734921338383e+00
-1.115778116813108234e+01
-1.440198746216638703e+01
-1.709769879267193105e+01
-1.921263699559727200e+01
-2.085307387059447848e+01
-2.226323140159789915e+01
-2.376246203450286032e+01
-2.563427004944987075e+01
-2.801261915527548396e+01
-3.081695708286076751e+01
-3.376804702218829135e+01
-3.648509173815023132e+01
-3.863001095233369142e+01
-4.003865934896678880e+01
-4.078142580667101669e+01
-4.113263324522234399e+01
-4.147283157635845185e+01
-4.216741016582786017e+01
-4.345657581401669489e+01
-4.538018639829984124e+01
-4.775907995471992962e+01
-5.024773916385356642e+01
-5.244860558934907147e+01
-5.404947044732625727e+01
-5.493392186936770827e+01
-5.522512184154093262e+01
-5.524498809161907786e+01
-5.539744651682596555e+01
-5.601452460673033329e+01
-5.722716955512111525e+01
-5.891818484175671955e+01
-6.077686228892171982e+01
-6.242715635600050916e+01
-6.357260315352438340e+01
-6.410065982710345622e+01
-6.411103145030016037e+01
-6.386677514678287082e+01
-6.369747640340644068e+01
-6.389567469616380890e+01
-6.463980802680309523e+01
-6.595921986137228998e+01
-6.773986331721766874e+01
-6.975991468309368315e+01
-7.174336906992613194e+01
-7.342112502285768016e+01
-7.458804463464271350e+01
-7.514502701420086339e+01
-7.512248413249272971e+01
-7.468822702645519485e+01
-7.413719290216805291e+01
-7.384925998412761317e+01
-7.420527095495074832e+01
-7.547597440996314333e+01
-7.772382185989060588e+01
-8.076053764840634130e+01
-8.418143110947282537e+01
-8.746457436340612901e+01
-9.009428911315490041e+01
-9.165571188538643810e+01
-9.186051870341393055e+01
-9.050185816915444548e+01
-8.737806998487349119e+01
-8.224186996845706688e+01
-7.481426051384549680e+01
-6.486666543914149941e+01
-5.234353333703672462e+01
-3.747845799792199983e+01
-2.084968320599597291e+01
-3.335205406876646350e+00
1.403139149744610137e+01
3.025790731508826781e+01
4.457838757322297596e+01
5.657398921690367644e+01
6.620412776898692186e+01
7.374873529387285487e+01
7.968721800554124002e+01
8.455792979308475310e+01
8.884326431216275921e+01
9.290472116172962558e+01
9.696266453239083205e+01
1.011011959116129617e+02
1.052865822260546906e+02
1.093982501042172117e+02
1.132669547676074870e+02
1.167055625525194671e+02
1.195239963074047012e+02
1.215374059667025790e+02
1.225818975158422006e+02
1.225378982698875632e+02
1.213474222719507907e+02
1.190148556136797566e+02
1.155927979007583559e+02
1.111598732692552716e+02
1.057979931599915631e+02
9.958047930989481245e+01
9.258431102609051777e+01
8.492769412599838574e+01
7.681231235665852353e+01
6.853939074855202307e+01
6.048233380807400295e+01
5.302230515874316552e+01
4.646730348231285035e+01
4.097995969259733329e+01
3.654070166587428048e+01
3.296391724147402158e+01
2.996108600116918907e+01
2.722387362039431835e+01
2.449927636427418065e+01
2.164141471386295379e+01
1.863423780876912872e+01
1.558246033697890098e+01
1.267043672961661116e+01
1.009489583903021526e+01
7.987629824982168891e+00
6.353082125059671625e+00
5.043992249037413167e+00
3.783273762211533331e+00
2.223723313423279890e+00
3.097616365912436720e-02
-3.024800673095386472e+00
-6.987933649905720301e+00
-1.167442172743847806e+01
-1.669120436317348677e+01
