-3.240161784582478077e+01
-5.403487754976884361e+01
-7.363563014020294872e+01
-8.976409685975148989e+01
-1.017928780057864913e+02
-1.099037716089766263e+02
-1.148639528792502347e+02
-1.177349732751669791e+02
-1.196323687994657803e+02
-1.215694033947643362e+02
-1.243540596961941560e+02
-1.284936552018190241e+02
-1.340859401604732284e+02
-1.407128957385357069e+02
-1.473823571005633823e+02
-1.525702377259673881e+02
-1.543949875021053515e+02
-1.509099675519105972e+02
-1.404519128841506870e+02
-1.219624455841358639e+02
-9.520967117451388617e+01
-6.086042011126691875e+01
-2.038101700984118381e+01
2.421457596639361398e+01
7.069764236483140962e+01
1.169364423978324083e+02
1.611072970863185674e+02
2.017868569323432268e+02
2.379603663507240014e+02
2.689941043176976336e+02
2.945997990360464200e+02
3.147920981000148686e+02
3.298309657718206722e+02
3.401513746031768619e+02
3.462949138005799341e+02
3.488571339377887170e+02
3.484544443594279528e+02
3.457057057561626152e+02
3.412179601011131354e+02
3.355605792859170720e+02
3.292128209774695620e+02
3.224847854396073217e+02
3.154369325884095474e+02
3.078408255096408084e+02
2.992190831398321507e+02
2.889756440941565643e+02
2.765883703577964070e+02
2.618011357584851453e+02
2.447434138448702186e+02
2.259325879798975905e+02
2.061626423323062909e+02
1.863257859227759639e+02
1.672328885669177794e+02
1.494886330540103927e+02
1.334454286804123626e+02
1.192245573814976183e+02
1.067703703342635180e+02
9.590251207243750287e+01
8.635142443153577574e+01
7.778707352862150515e+01
6.985720050890273569e+01
6.223697305392813206e+01
5.467711744879007085e+01
4.703858044714955611e+01
3.931189195335750242e+01
3.162020563364515624e+01
2.419322622059214112e+01
1.729612423386981135e+01
1.112144071136503598e+01
5.688672964470161020e+00
8.089483416581266795e-01
-3.858866609971471462e+00
-8.687952975368872899e+00
-1.396097236882406634e+01
-1.979974883619305359e+01
-2.616365185659091708e+01
-3.289223945422676820e+01
-3.975215949509494351e+01
-4.646729440222239305e+01
-5.274302334922535351e+01
-5.830615226571291032e+01
-6.296120785740490078e+01
-6.663674098297251192e+01
-6.939498954098137062e+01
-7.140648944293542399e+01
-7.291582821291208916e+01
-7.421887627559513589e+01
-7.564468822567782524e+01
-7.751782710142721555e+01
-8.008661857873514123e+01
-8.343104707410812182e+01
-8.739153714571666853e+01
-9.156915700884974285e+01
-9.542396358712980486e+01
-9.844557826160482250e+01
-1.003244977217923974e+02
-1.010503236741442095e+02
-1.009027059676345459e+02
-1.003514473119873855e+02
-9.991395306585997105e+01
-1.000197130239708372e+02
-1.009140179001517481e+02
-1.026157725947717267e+02
-1.049326063239599875e+02
-1.075252600542956145e+02
-1.100021078527230145e+02
-1.120173745401689871e+02
-1.133454245806309473e+02
-1.139124458399832918e+02
-1.137868747786930896e+02
-1.131477133661177845e+02
-1.122497867716157600e+02
-1.113920024002123057e+02
-1.108843085206649164e+02
-1.110039864523966742e+02
-1.119331033591533924e+02
-1.136858867955664891e+02
-1.160609213176609558e+02
-1.186606819873697702e+02
-1.209948421933089264e+02
-1.226379950220647288e+02
-1.233747879780568724e+02
-1.232614218629067011e+02
-1.225716080093311291e+02
-1.216578879151643378e+02
-1.208040220660908801e+02
-1.201408226625873681e+02
-1.196552678009653050e+02
-1.192757602444291933e+02
-1.189882260759405312e+02
-1.189296543434619480e+02
-1.194156843755244211e+02
-1.208849586425924656e+02
-1.237720311005972462e+02
-1.283370397007995223e+02
-1.344843203880323586e+02
-1.416072841735708892e+02
-1.485094324235033696e+02
-1.534570272130184492e+02
-1.543949875021053515e+02
-1.493005113491109057e+02
-1.365873840519534212e+02
-1.154472000802863931e+02
-8.603312618923054345e+01
-4.944234432771767729e+01
-7.510398083042197470e+00
3.751784291232295487e+01
8.334403108311576602e+01
1.279071750402074201e+02
1.695590237135138807e+02
2.071270605400585225e+02
2.399023155328315227e+02
2.675901572287407362e+02
2.902431866333552648e+02
3.081794498814371082e+02
3.218861358441315588e+02
3.319158486474140091e+02
3.387944946367281318e+02
3.429664513290745163e+02
3.447906263031961771e+02
3.445733074742215649e+02
3.426034803909645916e+02
3.391606122505372696e+02
3.344866029702928358e+02
3.287351765473272280e+02
3.219239333863943671e+02
3.139150321539215156e+02
3.044410615546445342e+02
2.931773240762497608e+02
2.798470027053394915e+02
2.643350306685336477e+02
2.467805778222354718e+02
2.276202304268019816e+02
2.075661789810162645e+02
1.875186099047780601e+02
1.684217568080204330e+02
1.510851433094090908e+02
1.360122574833719682e+02
1.232949207280165922e+02
1.126209609683041890e+02
1.034021205076349190e+02
9.497775999595447161e+01
8.681438041772607050e+01
7.862254758869538307e+01
7.035633609298442082e+01
6.212271043828764761e+01
5.406846826449375953e+01
4.630684494965499454e+01
3.890696836930169411e+01
3.192724960833806591e+01
2.545167244258281869e+01
1.959393659258023490e+01
1.446069050805919609e+01
1.009173845090426447e+01
6.406895353231151446e+00
3.187466541392850683e+00
1.104610851862410925e-01
-3.167223768118002880e+00
-6.905217757390678557e+00
-1.120120826410687798e+01
-1.596979653530873300e+01
-2.098559055247410043e+01
-2.597376960607659768e+01
-3.070947320356660271e+01
-3.507575200872621224e+01
-3.904908821192110224e+01
-4.262879963234502156e+01
-4.576566228344956500e+01
-4.834338307725781902e+01
-5.022781138209305141e+01
-5.135582576522546816e+01
-5.181758613355132326e+01
-5.189412404007146762e+01
-5.203159474846680865e+01
-5.275274458644984321e+01
-5.452291537672232380e+01
-5.760306275421341127e+01
-6.193539576889187259e+01
-6.711120907906538946e+01
-7.245330001080719740e+01
-7.720447370637322138e+01
-8.076467189849896045e+01
-8.288832677842907515e+01
-8.376115448521777296e+01
-8.392185928053079635e+01
-8.405680950978754140e+01
-8.474568731395709165e+01
-8.625422137863093042e+01
-8.845139311334918375e+01
-9.088150703950641685e+01
-9.296396672166166297e+01
-9.424417119801667297e+01
-9.459472166294143847e+01
-9.428143160255491750e+01
-9.386460255423457966e+01
-9.397978834368694834e+01
-9.509384850463142413e+01
-9.733387286736422084e+01
-1.004474554046006602e+02
-1.039027560634383605e+02
-1.070932619760753539e+02
-1.095772337614028800e+02
-1.112626558231947485e+02
-1.124602155480214520e+02
-1.137755280959789559e+02
-1.158814039968879683e+02
-1.192655967863783104e+02
-1.240560136488239777e+02
-1.299818252238715104e+02
-1.364654489578676930e+02
-1.427897750265997558e+02
-1.482612231896118260e+02
-1.522957526951732063e+02
-1.543949875021053515e+02
-1.540425201153491912e+02
-1.506028633589378956e+02
-1.433150317254545598e+02
-1.314336886970869784e+02
-1.145017415785951016e+02
-9.266586482656256862e+01
-6.689690815730298823e+01
-3.897898872596084630e+01
