-4.361475275244719541e+01
-3.418915386780456345e+01
-2.669937143978473060e+01
-2.253685238342371377e+01
-2.222855840725419796e+01
-2.543178739860983839e+01
-3.118019244552134239e+01
-3.823526546770652601e+01
-4.540527762295195657e+01
-5.175504846603156750e+01
-5.670132783910390373e+01
-6.003292168441775090e+01
-6.189352908414254273e+01
-6.273413161424650752e+01
-6.321937104164726406e+01
-6.408331023156661388e+01
-6.596176414123058862e+01
-6.924855979440089015e+01
-7.401522192511936282e+01
-8.000931006906733955e+01
-8.672442755502099487e+01
-9.352031544370271376e+01
-9.976237214924724128e+01
-1.049473800377447645e+02
-1.087871448785860053e+02
-1.112321830771204105e+02
-1.124338687072928309e+02
-1.126658567641726307e+02
-1.122439353602872529e+02
-1.114810664633362620e+02
-1.106873743795972587e+02
-1.101900209970400368e+02
-1.103293431261167399e+02
-1.113998698014315352e+02
-1.135451073006951930e+02
-1.166600635539323889e+02
-1.203699333711680595e+02
-1.241200364400522744e+02
-1.273537765867264113e+02
-1.297114389180792386e+02
-1.311722124548581121e+02
-1.320798975153375920e+02
-1.330287499657378021e+02
-1.346320684794659428e+02
-1.372394304196078565e+02
-1.406892634239704876e+02
-1.441722762503969477e+02
-1.462474976522391898e+02
-1.450117539764327148e+02
-1.383883986984223782e+02
-1.244822871342816200e+02
-1.019437777217445671e+02
-7.028016998694339179e+01
-3.004451026149759230e+01
1.716059086048120719e+01
6.888517435174659909e+01
1.222002301515472311e+02
1.741432772094760537e+02
2.221358891366808166e+02
2.642859856869806663e+02
2.995308475307949152e+02
3.276235410610001964e+02
3.489945527675346284e+02
3.645307109764893312e+02
3.753194271172851586e+02
3.824141195918611515e+02
3.866755241334311677e+02
3.887201845069282626e+02
3.889640156202008257e+02
3.877070201019483875e+02
3.851924419373897308e+02
3.816013472643222713e+02
3.769956256108833941e+02
3.712654932718114651e+02
3.641431782561497812e+02
3.553044944064999981e+02
3.445168732707669506e+02
3.317536587494172409e+02
3.172152029068497541e+02
3.012609428355738146e+02
2.843086779936583071e+02
2.667607348325622070e+02
2.489821637138605581e+02
2.313191460508183468e+02
2.141299383768291023e+02
1.978051395369743091e+02
1.827641265378036906e+02
1.694184070962676856e+02
1.580948580362254177e+02
1.489271675549145471e+02
1.417539381953048974e+02
1.360849512995901875e+02
1.311843309591146749e+02
1.262638624788619097e+02
1.207127696852562622e+02
1.142610836803499126e+02
1.070048892042221667e+02
9.929086231145456054e+01
9.152187448062969111e+01
8.397328596902065101e+01
7.669337470414119196e+01
6.951587925354569109e+01
6.216216896052875995e+01
5.437573433098670250e+01
4.602678759170431988e+01
3.715239243250112366e+01
2.793752364395474785e+01
1.866484871832067682e+01
9.656981861818465518e+00
1.219656516378407218e+00
-6.415000269812708211e+00
-1.314215701020876281e+01
-1.902037084426639524e+01
-2.426908020923433185e+01
-2.921429432987491737e+01
-3.418995793596231181e+01
-3.942690456745098970e+01
-4.497484975237894389e+01
-5.069212674232238669e+01
-5.630473671826916870e+01
-6.150190505695962884e+01
-6.602368788361059160e+01
-6.971256545765743340e+01
-7.252738547136357283e+01
-7.453147648460750929e+01
-7.586357769156686004e+01
-7.669737671359970932e+01
-7.720362390042924972e+01
-7.753490784738505681e+01
-7.784002112664379069e+01
-7.828858764979597140e+01
-7.907189178429587173e+01
-8.035933538025861367e+01
-8.222536081426380861e+01
-8.459281204069782234e+01
-8.723767222813040689e+01
-8.986378165942912233e+01
-9.221214781953707984e+01
-9.414926948704444953e+01
-9.569164493923017289e+01
-9.695863964666068568e+01
-9.808531473009918500e+01
-9.914852118452418495e+01
-1.001465390165721772e+02
-1.010337075191065992e+02
-1.017783190348537801e+02
-1.024055622825625562e+02
-1.030027362522777423e+02
-1.036876479101557038e+02
-1.045630501212019681e+02
-1.056897595659307001e+02
-1.070996342089232201e+02
-1.088406560621025676e+02
-1.110204073505692861e+02
-1.138133075940204151e+02
-1.174199684466061626e+02
-1.219880294816388471e+02
-1.275052048365576809e+02
-1.336701275693139337e+02
-1.397583401812569548e+02
-1.445301860028731369e+02
-1.462474976522391898e+02
-1.428486895240156969e+02
-1.322781043377470951e+02
-1.129063100907558237e+02
-8.393675916850838803e+01
-4.569320613652519114e+01
2.935469559156231867e-01
5.143949018764431003e+01
1.044874407667233527e+02
1.560380686105513917e+02
2.031048885453170385e+02
2.435486863653677290e+02
2.762823508332481879e+02
3.012167057940291670e+02
3.190061872475235418e+02
3.307098187959185225e+02
3.374843874139166360e+02
3.403795781611348161e+02
3.402439494070561068e+02
3.377129090340946505e+02
3.332436809562209419e+02
3.271697950425536874e+02
3.197526897344807253e+02
3.112098175850153439e+02
3.017059810753173679e+02
2.913138493844232926e+02
2.799725177792585100e+02
2.674821908767750074e+02
2.535611201775143115e+02
2.379617033570274032e+02
2.206042453732517288e+02
2.016608043829884025e+02
1.815391774046774174e+02
1.607797085865122995e+02
1.399355366977108304e+02
1.195064442645624041e+02
9.994049475777650571e+01
8.166042948078269603e+01
6.505991373206487083e+01
5.044739239730926528e+01
3.795952607160310777e+01
2.749314799844280799e+01
1.870274645234319166e+01
1.108017641610174309e+01
4.090147488649179763e+00
-2.693434087309533709e+00
-9.501768375254272314e+00
-1.636036389258175916e+01
-2.314786775985708545e+01
-2.970042053916532154e+01
-3.592602513122222518e+01
-4.188538006328723640e+01
-4.780116133554603408e+01
-5.398616555947121753e+01
-6.071790182745741049e+01
-6.810883454742113940e+01
-7.602194675070737162e+01
-8.406966511357794047e+01
-9.171075559983000858e+01
-9.841962483159247199e+01
-1.038602810283508830e+02
-1.079863771196590250e+02
-1.110249726427346388e+02
-1.133611678668375760e+02
-1.153846574551885737e+02
-1.173673875411230227e+02
-1.194171613362966298e+02
-1.215104950168311575e+02
-1.235711068704450497e+02
-1.255488384481891728e+02
-1.274693725412733869e+02
-1.294460506786113001e+02
-1.316519957545184809e+02
-1.342504332152665825e+02
-1.372925722280496643e+02
-1.406174245673495875e+02
-1.438073919374966181e+02
-1.462474976522391898e+02
-1.472987610273722794e+02
-1.465379152048892877e+02
-1.439653305341672933e+02
-1.400775858116277846e+02
-1.357544147795231311e+02
-1.319933570804172973e+02
-1.295919598223053413e+02
-1.288974750165695582e+02
-1.297143335015002208e+02
-1.313931084540571703e+02
-1.330508719124233323e+02
-1.338309300830355824e+02
-1.331185905628217938e+02
-1.306702564156235837e+02
-1.266511440890423756e+02
-1.215935640419825745e+02
-1.162888664802335938e+02
-1.116276919256238642e+02
-1.084121049848825322e+02
-1.071735746855598990e+02
-1.080360825700958713e+02
-1.106630102049079056e+02
-1.143157087746248806e+02
