-9.990345204945859336e+01
-7.892511873345529239e+01
-6.222997033214262785e+01
-5.291867462606663253e+01
-5.221172657865520250e+01
-5.939746874938258259e+01
-7.233914556890246672e+01
-8.826365250712767363e+01
-1.045399509147238177e+02
-1.192397844319145435e+02
-1.313899734691066215e+02
-1.409300548302097127e+02
-1.484593030430679050e+02
-1.548880970687038996e+02
-1.611050261512178281e+02
-1.677411315124952580e+02
-1.750677669192774601e+02
-1.830208381182527546e+02
-1.913132992297984742e+02
-1.995814586144518614e+02
-2.075097712758102375e+02
-2.148967651961395688e+02
-2.216573852992825095e+02
-2.277885787229772916e+02
-2.333377472817997216e+02
-2.384007572544042546e+02
-2.431444397102103494e+02
-2.478149582679613729e+02
-2.526823754691012027e+02
-2.579006821091264783e+02
-2.633164818725441592e+02
-2.682971635304642746e+02
-2.716492783189403326e+02
-2.716764504343090607e+02
-2.663997202322934186e+02
-2.539232548756269807e+02
-2.328714237209091493e+02
-2.027755237416073157e+02
-1.642828531233393221e+02
-1.191073642999655249e+02
-6.972443802067267882e+01
-1.890034922700273157e+01
3.079896082272606606e+01
7.738057545329125730e+01
1.195971960858231853e+02
1.569143801833812404e+02
1.893311109150137952e+02
2.171500659275349108e+02
2.407950857330086478e+02
2.607298057536785905e+02
2.774610163137079439e+02
2.915592329067833361e+02
3.036324755908639190e+02
3.142369852438856697e+02
3.237587237457775018e+02
3.323205967841330448e+02
3.397581938906231471e+02
3.456731273508537470e+02
3.495376192926991052e+02
3.508076008403260175e+02
3.490092483819959170e+02
3.437843845939704011e+02
3.349027844241426237e+02
3.222645387229674157e+02
3.059114023308011951e+02
2.860462803271489065e+02
2.630476154773382405e+02
2.374709445214996322e+02
2.100365752234299919e+02
1.815957461584233670e+02
1.530611395872071228e+02
1.253017588949138599e+02
9.902946365657717820e+01
7.471673083434448870e+01
5.257164234302584305e+01
3.257228784197256033e+01
1.454475584801710042e+01
-1.742562456015050998e+00
-1.650191350928702860e+01
-2.989306627411496464e+01
-4.203775636369209678e+01
-5.306056753008471105e+01
-6.312575454293329358e+01
-7.244865083293018415e+01
-8.128056919142863990e+01
-8.988327141439178547e+01
-9.850694815999401044e+01
-1.073663836378066918e+02
-1.166004749290575546e+02
-1.262189849805089779e+02
-1.360687257143269449e+02
-1.458554245200349442e+02
-1.552285465878510422e+02
-1.638958412594078595e+02
-1.717109043831730162e+02
-1.786887550951723540e+02
-1.849485716672445506e+02
-1.906305147337874075e+02
-1.958476794431318524e+02
-2.007008420744934085e+02
-2.053274514008021754e+02
-2.099239098460119806e+02
-2.147016541160084557e+02
-2.197955926169917404e+02
-2.251859561077597789e+02
-2.306875158360361695e+02
-2.360195676851670896e+02
-2.409300625271968954e+02
-2.453195271363353811e+02
-2.492994852357273885e+02
-2.531423692945279527e+02
-2.571342540497686286e+02
-2.613908975834389707e+02
-2.657061089930294884e+02
-2.694722434709512413e+02
-2.716764504343090607e+02
-2.709607968272429162e+02
-2.657427670303416107e+02
-2.544054646675488129e+02
-2.355625272855318144e+02
-2.083736637792063959e+02
-1.728403772206450526e+02
-1.299762993583603645e+02
-8.175854610802647926e+01
-3.083430538907450114e+01
1.995256046873985767e+01
6.808311573000770522e+01
1.117840436877602741e+02
1.502339042930465496e+02
1.835169194512586728e+02
2.123696374704589118e+02
2.378211050519869900e+02
2.608409443662302465e+02
2.820882773863332886e+02
3.018073234258450839e+02
3.198598465950212244e+02
3.358466770245119619e+02
3.492644054879230566e+02
3.596575074824062312e+02
3.667399745182477204e+02
3.704669026122021478e+02
3.710411158999992267e+02
3.688489643464690744e+02
3.643361400866569397e+02
3.578569428172748985e+02
3.495483013879122609e+02
3.392790483107758064e+02
3.266999713392138460e+02
3.113812957987703953e+02
2.929919478059247808e+02
2.714633655373818897e+02
2.470897820980769382e+02
2.205399737133195401e+02
1.927824550719450372e+02
1.649444579006420213e+02
1.381319837232553596e+02
1.132453662177616849e+02
9.083563133872513617e+01
7.104445258203787716e+01
5.364298184327931551e+01
3.814749333980863355e+01
2.396818471640161263e+01
1.055144436464766677e+01
-2.507809923637466909e+00
-1.539776948268072232e+01
-2.807754010335166583e+01
-4.032582810803721429e+01
-5.184116869894054958e+01
-6.237239569790213523e+01
-7.184717900787099154e+01
-8.045321329739282135e+01
-8.862500088685381172e+01
-9.692120203629987429e+01
-1.058364381284176261e+02
-1.156316339210633544e+02
-1.262525192196945625e+02
-1.373548973220026710e+02
-1.484121936719747055e+02
-1.588630159348284110e+02
-1.682539543384202432e+02
-1.763393995074286238e+02
-1.831168196378164339e+02
-1.887976410880293940e+02
-1.937319912788812815e+02
-1.983142178130459854e+02
-2.028917765524536208e+02
-2.076890347231600344e+02
-2.127564657959927956e+02
-2.179671794696591292e+02
-2.230823797117541005e+02
-2.278752166057814748e+02
-2.322587769109498481e+02
-2.363528677855352953e+02
-2.404591564007833426e+02
-2.449591136331106895e+02
-2.501644148000489736e+02
-2.561371286968727645e+02
-2.624929012993350170e+02
-2.682304961871985256e+02
-2.716764504343090607e+02
-2.706398641832027465e+02
-2.628061615677466420e+02
-2.462878522238181631e+02
-2.201599098586980006e+02
-1.847889002992660323e+02
-1.418302256433356092e+02
-9.388919377262817534e+01
-4.396461578823510763e+01
5.138565723374608041e+00
5.125472125618779273e+01
9.306431899355338544e+01
1.300607987095735609e+02
1.623515219790258470e+02
1.903984725763884001e+02
2.147900511307322233e+02
2.360913425697261800e+02
2.547729928632062411e+02
2.711923657627119155e+02
2.855997813047450791e+02
2.981499030369494108e+02
3.088993523660483902e+02
3.177757952840725011e+02
3.245273767395602817e+02
3.286959423952012571e+02
3.296697445861724987e+02
3.268389225050312916e+02
3.198140717850522492e+02
3.086147308097461632e+02
2.937300238369701901e+02
2.760112414372541707e+02
2.564454531600907785e+02
2.359200897383887821e+02
2.150794673808243544e+02
1.943095986636981536e+02
1.738191462982349549e+02
1.537530901030054338e+02
1.342853817723654970e+02
1.156641121822035956e+02
9.820367222600471280e+01
8.222875461100917960e+01
6.798619552268650068e+01
5.555802434233979170e+01
4.482009436831319960e+01
3.547660708028860199e+01
2.716112419772776221e+01
1.955661284841087522e+01
1.248145578368920994e+01
5.914706076235447085e+00
-3.485446085048238274e-02
-5.193235409929577884e+00
-9.391850017522138216e+00
-1.252342662298732989e+01
-1.457830493350864032e+01
-1.567100332472713831e+01
-1.606880427362129637e+01
-1.621746092429861363e+01
-1.673145675813866973e+01
-1.830352309138141464e+01
-2.151740804582841804e+01
-2.661341785011513394e+01
-3.331316218495948078e+01
-4.081013756988118502e+01
