1.020937353930792852e+02
1.237088952528418417e+01
-6.627389828898085966e+01
-1.256214668824912053e+02
-1.622016602742981206e+02
-1.775131529947719002e+02
-1.767695362363051288e+02
-1.668332232508667232e+02
-1.541434308370913016e+02
-1.432638057982437374e+02
-1.363311401973310524e+02
-1.333444061601648229e+02
-1.329914993879771998e+02
-1.336065200177858401e+02
-1.338920820904740481e+02
-1.332050854627886167e+02
-1.314171791145521127e+02
-1.285284989438292769e+02
-1.242745273258915972e+02
-1.179200909476996060e+02
-1.083242348064813996e+02
-9.423952400154780662e+01
-7.472342667951031103e+01
-4.950931218032062020e+01
-1.920621623705382319e+01
1.474434700655214669e+01
5.034261876630613131e+01
8.544209947276429773e+01
1.181647269060653400e+02
1.472053012004537891e+02
1.719638912955965395e+02
1.924981905412666947e+02
2.093305300060203535e+02
2.231793255226528458e+02
2.347031984095556254e+02
2.443310054671397324e+02
2.522066583069292847e+02
2.582345321583935061e+02
2.621928524988943536e+02
2.638797509517856952e+02
2.632496791704828638e+02
2.604912261117430603e+02
2.560138750460434949e+02
2.503514514469962648e+02
2.440249515193538059e+02
2.374148329126864780e+02
2.306775239623686673e+02
2.237196957804355577e+02
2.162290787778711660e+02
2.077542728233968035e+02
1.978198563282288092e+02
1.860511086423264260e+02
1.722735879899366864e+02
1.565597648224841691e+02
1.392159318439738058e+02
1.207235646761756129e+02
1.016606335086872548e+02
8.262837354191560735e+01
6.419853531428906024e+01
4.687989060131498320e+01
3.109088095677720887e+01
1.712619453284421311e+01
5.116732360945821512e+00
-5.005476322446960502e+00
-1.351951223979019012e+01
-2.088566127016893859e+01
-2.766148685410553654e+01
-3.437521628035712240e+01
-4.139718699738047292e+01
-4.885977173256887340e+01
-5.665412925368842423e+01
-6.449681723924771859e+01
-7.203719755039435313e+01
-7.897276358482642422e+01
-8.514071837940070964e+01
-9.055633345393628986e+01
-9.538575020141558980e+01
-9.987470122376180370e+01
-1.042754944845609515e+02
-1.087988088976300673e+02
-1.135851716092190031e+02
-1.186801510652457807e+02
-1.240111454249420007e+02
-1.293793089327483585e+02
-1.344840063732111162e+02
-1.389897401254176543e+02
-1.426265627563565772e+02
-1.452895190933697620e+02
-1.470911428435038601e+02
-1.483397113271722674e+02
-1.494533818432622070e+02
-1.508493458549825164e+02
-1.528502849055505521e+02
-1.556295785075045615e+02
-1.591913585175662718e+02
-1.633717412627941030e+02
-1.678513251474212780e+02
-1.721703451500345921e+02
-1.757352304290831171e+02
-1.778111594965560016e+02
-1.775131529947719002e+02
-1.738286246035649469e+02
-1.657113140387708654e+02
-1.522611841979212954e+02
-1.329657162596206206e+02
-1.079221131459898118e+02
-7.794846456584356531e+01
-4.453002100481421621e+01
-9.604914822103292948e+00
2.475687611951075695e+01
5.669813899540427826e+01
8.485435650974395116e+01
1.085019530121607261e+02
1.275498715794914517e+02
1.423979928163766999e+02
1.537232793431684854e+02
1.622689022812042197e+02
1.686990823343793693e+02
1.735452311594121113e+02
1.772222813668777803e+02
1.800649288242254897e+02
1.823391090595451089e+02
1.842156095306884538e+02
1.857259342954270096e+02
1.867360132613604833e+02
1.869663908068478122e+02
1.860647737410459968e+02
1.837088378588182991e+02
1.796957974260909054e+02
1.739747546636257027e+02
1.666076121669838983e+02
1.576903176055403435e+02
1.472915013013336250e+02
1.354466790263457767e+02
1.222014882938370590e+02
1.076658323356700606e+02
9.204219825044015124e+01
7.561703992500919469e+01
5.873132234018810749e+01
4.175440645882541446e+01
2.507043600075643042e+01
9.065294327945215613e+00
-5.903865222077943287e+00
-1.955899959172807456e+01
-3.174810332720320361e+01
-4.245289935063359366e+01
-5.174168220670469509e+01
-5.969283254408429684e+01
-6.633827676366821890e+01
-7.166118044386745112e+01
-7.564738949420930680e+01
-7.836483077641167938e+01
-8.003524465765529783e+01
-8.105997287915268146e+01
-8.196894066514366273e+01
-8.329065594778985826e+01
-8.538668604217667735e+01
-8.832919503585348764e+01
-9.189360845441829895e+01
-9.568369290475668265e+01
-9.933334255627454468e+01
-1.026860937652863868e+02
-1.058680163615236154e+02
-1.092285074255973711e+02
-1.131859466388601732e+02
-1.180482725062812790e+02
-1.238768990736849105e+02
-1.304387814256924116e+02
-1.372567586063998988e+02
-1.437294461278185622e+02
-1.492678660390407970e+02
-1.534086829214883494e+02
-1.558997656181291518e+02
-1.567697154042326417e+02
-1.563744548320583192e+02
-1.553893262576004020e+02
-1.547117892759572442e+02
-1.552615520898511079e+02
-1.577038832519056371e+02
-1.621627303661778399e+02
-1.680118781505297534e+02
-1.738228245081045884e+02
-1.775131529947719002e+02
-1.766898299667438721e+02
-1.691280222767758801e+02
-1.532846564735657182e+02
-1.287089703416528153e+02
-9.623193871431416824e+01
-5.786717376096686394e+01
-1.643220344512737796e+01
2.501379178613887788e+01
6.375220911933281087e+01
9.783730632294100360e+01
1.262783038220946992e+02
1.489763184916058094e+02
1.664982692601982137e+02
1.797892144567890114e+02
1.899012977630077330e+02
1.977799612177086317e+02
2.041187625561022969e+02
2.092858337785500282e+02
2.133301926480648376e+02
2.160714914875583759e+02
2.172522622814167050e+02
2.167027180215798126e+02
2.144566266304622957e+02
2.107720695079906932e+02
2.060479656485872795e+02
2.006705904520884189e+02
1.948530895865811772e+02
1.885305394101910110e+02
1.813456945483737286e+02
1.727240284812876325e+02
1.620127472481068764e+02
1.486543211727378662e+02
1.323645071673078064e+02
1.132722255302725500e+02
9.196820765077808346e+01
6.942873253688000545e+01
4.683019267656111140e+01
2.531674914347694028e+01
5.795362073136672620e+00
-1.119183162653115460e+01
-2.550681477452646106e+01
-3.738464478791021861e+01
-4.735278831317096149e+01
-5.610440105718312509e+01
-6.432480808976507092e+01
-7.249965015314172945e+01
-8.077027362889016615e+01
-8.890644081622806993e+01
-9.642871660467541517e+01
-1.028501716442145408e+02
-1.079440780752084095e+02
-1.119128080955696873e+02
-1.153624309716145575e+02
-1.190775454394883752e+02
-1.236987920022033052e+02
-1.294644777841503753e+02
-1.361435182328961275e+02
-1.431778683415102478e+02
-1.499406067451945432e+02
-1.559704493606838014e+02
-1.610824715072977256e+02
-1.653393539224162510e+02
-1.689378092690278095e+02
-1.720856846359382644e+02
-1.749239205881187615e+02
-1.775131529947719287e+02
-1.798756377628764085e+02
-1.820595072399946730e+02
-1.841766772783997510e+02
-1.863754778449637683e+02
-1.887523352688846217e+02
-1.912539639082716008e+02
-1.936297596543543875e+02
-1.954621812215758609e+02
-1.962688661104129153e+02
-1.956525071011984949e+02
-1.934577592814663944e+02
-1.898758951749187531e+02
-1.854412067141970510e+02
