-1.099504485179767954e+00
-2.204940763069490828e+00
-3.734859419715817808e+00
-6.121627788795443337e+00
-9.766587282224168831e+00
-1.498367170796940151e+01
-2.194229158315351569e+01
-3.063786357756197987e+01
-4.089648539746755773e+01
-5.239824726380975051e+01
-6.470121040842811055e+01
-7.726346431445446683e+01
-8.947747143716902940e+01
-1.007343402523228661e+02
-1.105207725166352901e+02
-1.185249576229552702e+02
-1.247084883114406608e+02
-1.293086681959395037e+02
-1.327680869178767864e+02
-1.356215036294256038e+02
-1.383789859092313748e+02
-1.414269528348883682e+02
-1.449486402314726661e+02
-1.488683459406153702e+02
-1.528460236103398699e+02
-1.563572491795160602e+02
-1.588654934763773667e+02
-1.600427836762180789e+02
-1.599544433326577177e+02
-1.591199345060557562e+02
-1.584026091688025701e+02
-1.587506219200141402e+02
-1.608764155216505571e+02
-1.649933481173160317e+02
-1.707122265243457377e+02
-1.771431344210724887e+02
-1.831717864833354952e+02
-1.878145866085559987e+02
-1.905255644832922144e+02
-1.913446891877688927e+02
-1.908388217289133024e+02
-1.898676093016004529e+02
-1.892705677169381886e+02
-1.895949506968810283e+02
-1.909592304352833594e+02
-1.930824860832426282e+02
-1.954368994435122602e+02
-1.974405038865861286e+02
-1.986187407933564657e+02
-1.987053009713102938e+02
-1.976874270014745889e+02
-1.958073411505726256e+02
-1.935179320605843714e+02
-1.913828547842358603e+02
-1.899250298156825636e+02
-1.894534998402786243e+02
-1.899166076675159900e+02
-1.908285458017338101e+02
-1.912917515463807092e+02
-1.900954482996245929e+02
-1.858426867757153218e+02
-1.770761594711132716e+02
-1.624194018791367853e+02
-1.407691946274155725e+02
-1.115391923592715671e+02
-7.489441775196092976e+01
-3.188386026417261832e+01
1.560042457065379828e+01
6.505099624610731723e+01
1.137147551545638891e+02
1.590264510602857513e+02
1.990144512822744218e+02
2.325835261655596469e+02
2.595947082197563986e+02
2.807138096068585469e+02
2.970783262061923438e+02
3.098979706375823184e+02
3.201216504069273583e+02
3.282682144609988200e+02
3.344508284695818929e+02
3.385534839716715965e+02
3.404661446430274054e+02
3.402704274826826349e+02
3.382989010411390609e+02
3.350549672521422053e+02
3.310427010814316873e+02
3.265855648582870572e+02
3.217059618226821271e+02
3.161101870507297917e+02
3.092849385109977902e+02
3.006676847199180997e+02
2.898231756818898361e+02
2.765631697325383129e+02
2.609827106967366035e+02
2.434266237022752932e+02
2.244190989046966536e+02
2.045860957058933423e+02
1.845874828173531625e+02
1.650600966023597778e+02
1.465619188888852023e+02
1.295141763644868149e+02
1.141580950572069355e+02
1.005507684788004497e+02
8.860423308781724927e+01
7.813965378664963168e+01
6.891806566243209886e+01
6.063518874201118791e+01
5.290835013724588975e+01
4.530041147106928179e+01
3.740250841762128431e+01
2.895340411263154934e+01
1.994005640547419134e+01
1.062083507407104932e+01
1.442308386089621308e+00
-7.130145384977410572e+00
-1.480280327085159087e+01
-2.158177327050081828e+01
-2.777570707841971398e+01
-3.386652981229198645e+01
-4.030784383719137054e+01
-4.734459637784662789e+01
-5.493109600920958258e+01
-6.277588772052888544e+01
-7.048777954914172028e+01
-7.775396283742333026e+01
-8.446595034732652607e+01
-9.073793680417378482e+01
-9.682331621319212900e+01
-1.029848668391751119e+02
-1.093795876714706594e+02
-1.159944101009706401e+02
-1.226492247735966146e+02
-1.290728984569165902e+02
-1.350324301335556356e+02
-1.404556361547773804e+02
-1.454720952441236648e+02
-1.503347853696126322e+02
-1.552583802912803606e+02
-1.602697241726199877e+02
-1.651684820214977378e+02
-1.696340743653227889e+02
-1.734248422249966666e+02
-1.765538875339222216e+02
-1.793285367931926260e+02
-1.821995095089840504e+02
-1.854496205613443180e+02
-1.888292309124592236e+02
-1.912917515463807092e+02
-1.909744890632138095e+02
-1.854969470839900794e+02
-1.725280939730828322e+02
-1.504500465416103907e+02
-1.188903810300334101e+02
-7.894067630536922309e+01
-3.299977781368519913e+01
1.569344204563993372e+01
6.369264488653877976e+01
1.079688212479624525e+02
1.463728758734918358e+02
1.778440824055777796e+02
2.023580823859394968e+02
2.206776296767350800e+02
2.339989715694817107e+02
2.435869503316061468e+02
2.504845988599678890e+02
2.553667979080404962e+02
2.585618894112461703e+02
2.601943193326165442e+02
2.603507314049732599e+02
2.591824669764805549e+02
2.569172437800891657e+02
2.538098602665020849e+02
2.500792284882586216e+02
2.458624909946769037e+02
2.411922184499478874e+02
2.359867001904896995e+02
2.300416830304075120e+02
2.230254431500654562e+02
2.144970104538890894e+02
2.039690795418543701e+02
1.910185071433026849e+02
1.754259446003341907e+02
1.573116681450437966e+02
1.372221320603588026e+02
1.161172939245250433e+02
9.523023947458386829e+01
7.581937206324302281e+01
5.888491251710387075e+01
4.494560084263295607e+01
3.395360521276484889e+01
2.537333123999240669e+01
1.838816869070226900e+01
1.215633478888710428e+01
6.029286117536981848e+00
-3.267034208440997567e-01
-6.919997298957821563e+00
-1.351068845671201402e+01
-1.973775752799492267e+01
-2.526323415617761370e+01
-2.990722870986931881e+01
-3.374428739223647256e+01
-3.712352205591810161e+01
-4.058650488885171370e+01
-4.469911829048145080e+01
-4.986099280748801732e+01
-5.617162848990928126e+01
-6.340492029066730595e+01
-7.109356964967540193e+01
-7.868118812832150866e+01
-8.568132947193085158e+01
-9.179038564068511619e+01
-9.692586417476944405e+01
-1.011913444614303046e+02
-1.047939254529883897e+02
-1.079519979629601920e+02
-1.108284707782014493e+02
-1.135108640171094834e+02
-1.160409375297410719e+02
-1.184765170343022902e+02
-1.209517991391356446e+02
-1.236977779612410444e+02
-1.269975289616062071e+02
-1.310811846517351000e+02
-1.360019375503445076e+02
-1.415575729164788186e+02
-1.473136098360510573e+02
-1.527406653920690474e+02
-1.574186596296009952e+02
-1.612184129407633577e+02
-1.643743163198376465e+02
-1.674075664452979879e+02
-1.709190353685660284e+02
-1.753145245454917927e+02
-1.805423375593512958e+02
-1.859201521292605719e+02
-1.901127269078127142e+02
-1.912917515463807092e+02
-1.874603631637836827e+02
-1.768710065657870700e+02
-1.584333329741326395e+02
-1.320134546319790729e+02
-9.855905752355621985e+01
-6.002717847399853923e+01
-1.912600156904617421e+01
2.109435043558954703e+01
5.774059891204161943e+01
8.856375843363986178e+01
1.123048290233075193e+02
1.287919436281703156e+02
1.387674384789928013e+02
1.435232123185884063e+02
1.444782200647304364e+02
1.428214170250466566e+02
1.392908952748786930e+02
1.341066268636673442e+02
1.270428984530145158e+02
1.176099499656025387e+02
1.052967638899101814e+02
8.980990981745222257e+01
7.124302512107118446e+01
5.013382631877077245e+01
2.739798415991293723e+01
