-1.049278577654533606e+01
-4.505718784412675149e+01
-7.537460631104544007e+01
-9.833250639590777098e+01
-1.126638424274043473e+02
-1.189861755048980712e+02
-1.192841999862829283e+02
-1.161211106982279233e+02
-1.118854855581667209e+02
-1.082889421407807902e+02
-1.061919080480279121e+02
-1.057083836617624257e+02
-1.064691237307029752e+02
-1.079165184702654159e+02
-1.095388060542845210e+02
-1.109965810321798472e+02
-1.121396065974821710e+02
-1.129501023274167153e+02
-1.134644748207020228e+02
-1.137130910092583207e+02
-1.136937296917556210e+02
-1.133761393726100550e+02
-1.127246836559416181e+02
-1.117223523900394184e+02
-1.103858285871787501e+02
-1.087731462974640095e+02
-1.069882932059847036e+02
-1.051777245343698439e+02
-1.035082996519233234e+02
-1.021267748794476518e+02
-1.011181618765264432e+02
-1.004856313166778818e+02
-1.001616287084271164e+02
-1.000398192861815687e+02
-1.000083964438560855e+02
-9.997256042381883390e+01
-9.986560689943392788e+01
-9.965082122908576423e+01
-9.931053127425363414e+01
-9.881554774451637968e+01
-9.807621696514821963e+01
-9.689060226227685746e+01
-9.491281119717054082e+01
-9.165845045943925129e+01
-8.655074098545874506e+01
-7.900021737365476326e+01
-6.850564564270968049e+01
-5.475854918501828905e+01
-3.772683584761545461e+01
-1.769350946662171609e+01
4.758217920783243571e+00
2.880373464332638278e+01
5.346648718966553560e+01
7.773052956728412255e+01
1.006644103289356735e+02
1.215314746242171964e+02
1.398585885074925272e+02
1.554492568753101125e+02
1.683461317717451209e+02
1.787602270540006089e+02
1.869884942276339359e+02
1.933400687845098673e+02
1.980843384918281345e+02
2.014229176705305235e+02
2.034806366651507972e+02
2.043125643860575167e+02
2.039271772077674711e+02
2.023212447859468170e+02
1.995144408990618103e+02
1.955709483265671338e+02
1.906012475161508064e+02
1.847430362571484466e+02
1.781253031460745433e+02
1.708287425098408221e+02
1.628650973685040242e+02
1.541941107634481227e+02
1.447748774881981149e+02
1.346229922464577839e+02
1.238370292729920976e+02
1.125767483250770198e+02
1.010096557566537001e+02
8.926660542040524149e+01
7.744086686996904234e+01
6.563178927426091036e+01
5.399980453613713394e+01
4.279101316552175405e+01
3.231118368655391748e+01
2.286123225325231800e+01
1.466612365187936717e+01
7.826511521712060215e+00
2.303470225637164859e+00
-2.071736847849333429e+00
-5.575447148032454336e+00
-8.562538306074195305e+00
-1.142853534946070582e+01
-1.455797892533761129e+01
-1.825674200350886878e+01
-2.267737877672705338e+01
-2.776414197253167515e+01
-3.325176834133394976e+01
-3.873486489054916859e+01
-4.379046992991296605e+01
-4.811024022362312991e+01
-5.159656398766629337e+01
-5.439221046240793100e+01
-5.683290034176894778e+01
-5.933345385912672043e+01
-6.224157198895417764e+01
-6.571176640568283744e+01
-6.965318128640028306e+01
-7.378025892155386600e+01
-7.774871964765675614e+01
-8.131435421417884868e+01
-8.443833990721995519e+01
-8.729108663457175510e+01
-9.015854622060717816e+01
-9.329847806237393115e+01
-9.680935741207143508e+01
-1.005636434857181314e+02
-1.042317620949730070e+02
-1.073906834016659815e+02
-1.096775189522649043e+02
-1.109265754357543585e+02
-1.112319177195137740e+02
-1.109106222635758883e+02
-1.103890874619917213e+02
-1.100669925538058322e+02
-1.102126606165105471e+02
-1.109181696593990409e+02
-1.121133845796278337e+02
-1.136185333208232464e+02
-1.152091892411623490e+02
-1.166740369375157798e+02
-1.178567322750272552e+02
-1.186796689695925267e+02
-1.191488730411570458e+02
-1.193404454982216976e+02
-1.193699111065484715e+02
-1.193430219933757002e+02
-1.192841999862829283e+02
-1.190473834985340034e+02
-1.182352722579367992e+02
-1.161719668121620828e+02
-1.119694816572924481e+02
-1.046944747345944933e+02
-9.359529218185681998e+01
-7.831818919668604906e+01
-5.903995481413003432e+01
-3.647164146766530735e+01
-1.173450247740066388e+01
1.384686876708741821e+01
3.897123068657960943e+01
6.255451168014159435e+01
8.385722799844630515e+01
1.025271835670585858e+02
1.185555764708473845e+02
1.321668257383700507e+02
1.436820775346466803e+02
1.534018492704965411e+02
1.615405467027457007e+02
1.682203556236879933e+02
1.735068326577798814e+02
1.774554935143934244e+02
1.801418712776007567e+02
1.816623389430732800e+02
1.821114022998316386e+02
1.815547328145905226e+02
1.800181889900812848e+02
1.774996841158211396e+02
1.739924629194212571e+02
1.695001161477628671e+02
1.640327870238718901e+02
1.575929255834843161e+02
1.501700186031538351e+02
1.417558151851982302e+02
1.323735480984524315e+02
1.221047426638488815e+02
1.111009620116601297e+02
9.957774935706875397e+01
8.779745241545415979e+01
7.605145626506320866e+01
6.464557377829198970e+01
5.388215628294929616e+01
4.403583770120269492e+01
3.533429650549351209e+01
2.795511769156367521e+01
2.202736330076890070e+01
1.761226223356549525e+01
1.465651466685888948e+01
1.294571139742846810e+01
1.209767552383724798e+01
1.161554969514239311e+01
1.098861704280654727e+01
9.808978585841135356e+00
7.868813457657950039e+00
5.206424304083000720e+00
2.077858197996905965e+00
-1.146653584552672633e+00
-4.127728163200085731e+00
-6.683354334327774815e+00
-8.839808954040062616e+00
-1.078574860599929153e+01
-1.275927705055311279e+01
-1.493272997136943836e+01
-1.735469369241924653e+01
-1.996705965221359236e+01
-2.266837918282694986e+01
-2.537622509711100349e+01
-2.805593228128725158e+01
-3.071060467202448407e+01
-3.334709342667350995e+01
-3.593984694225646592e+01
-3.841368266005128618e+01
-4.065923422296722833e+01
-4.257975219391943966e+01
-4.415003315151824381e+01
-4.545850828916515241e+01
-4.670796126304425400e+01
-4.816584862785791898e+01
-5.007684454345308467e+01
-5.257279523040041624e+01
-5.562536314875994492e+01
-5.906908571823081644e+01
-6.268214098782552668e+01
-6.627733849903967212e+01
-6.975395693193578950e+01
-7.309215408915375178e+01
-7.630973169914736332e+01
-7.941900181582511209e+01
-8.241282913231746932e+01
-8.528566895873491660e+01
-8.807319004111690219e+01
-9.088253005766695480e+01
-9.388779349894652171e+01
-9.728081210821358127e+01
-1.011884577292132548e+02
-1.055828779212384205e+02
-1.102115062293765675e+02
-1.145647505470220011e+02
-1.178932181696323056e+02
-1.192841999862829283e+02
-1.177979881765541279e+02
-1.126449567684476136e+02
-1.033649223622927451e+02
-8.996301417383432408e+01
-7.296415806274259808e+01
-5.336773007633197352e+01
-3.251054034509390078e+01
-1.187421430409247591e+01
7.111170596446182657e+00
2.322640489676604858e+01
3.557690194726463773e+01
4.367629464133872830e+01
4.750854483182073551e+01
4.755039453669730420e+01
4.471871593371171372e+01
4.021827441896018485e+01
3.530074999278697589e+01
3.098716460187122124e+01
2.783244200762027987e+01
2.580908147843029354e+01
2.435551831247161658e+01
