-2.000635286663344914e+01
-3.778151786003803636e+01
-5.324443611758946560e+01
-6.482422344222698030e+01
-7.208715843478918828e+01
-7.574181884937036102e+01
-7.725831012321503977e+01
-7.827848550828932161e+01
-8.003284801691631856e+01
-8.293783154895473331e+01
-8.647197916407952789e+01
-8.934731779574659072e+01
-8.990903967979132005e+01
-8.663045462350928005e+01
-7.855035803885321855e+01
-6.553399195914138886e+01
-4.830284097427683321e+01
-2.824511159347595779e+01
-7.075469854295759475e+00
1.355066516068119498e+01
3.236118375998059804e+01
4.865579895963010415e+01
6.233040298830385950e+01
7.374697979009890503e+01
8.349389336732224365e+01
9.211756188527436962e+01
9.992315920663806139e+01
1.069126762499400058e+02
1.128620560482437867e+02
1.174805439390971458e+02
1.205805838844065789e+02
1.222059196281861517e+02
1.226860353200890756e+02
1.225958200783659464e+02
1.226164538886908133e+02
1.233270416963754883e+02
1.249927663169657848e+02
1.274313164276143766e+02
1.300212541442107863e+02
1.318649841914680110e+02
1.320538616584914280e+02
1.299372698813587590e+02
1.252983042927186972e+02
1.183831649411045390e+02
1.097903514421208229e+02
1.002707581358994133e+02
9.051090789365728995e+01
8.096939915005985711e+01
7.181108422761589338e+01
6.294449929200693816e+01
5.413871566536610658e+01
4.518296620076685599e+01
3.603857696966035462e+01
2.691766752552950592e+01
1.823898581519099338e+01
1.047237620482513165e+01
3.950757432023966675e+00
-1.252521628585387958e+00
-5.325828724831588090e+00
-8.615372874496529221e+00
-1.148000782974397893e+01
-1.417635541650825814e+01
-1.681620085958137878e+01
-1.939716212335545009e+01
-2.187874246515151100e+01
-2.426510163268854114e+01
-2.665628194524173011e+01
-2.923973463001831163e+01
-3.222029000248109298e+01
-3.572206000284948857e+01
-3.971420616498659228e+01
-4.399855093841154030e+01
-4.826454233475179478e+01
-5.218835222743494739e+01
-5.553595398362844549e+01
-5.822773015865560353e+01
-6.034063058270622548e+01
-6.205751788273852299e+01
-6.359934327121978015e+01
-6.517397161216101154e+01
-6.694847137181828600e+01
-6.902603774629069733e+01
-7.141073075728152730e+01
-7.397089138644172124e+01
-7.643683587991974093e+01
-7.846258512222645720e+01
-7.974381547335916309e+01
-8.014294166634195449e+01
-7.975908782273424436e+01
-7.890492444323380994e+01
-7.799900610052266359e+01
-7.742342409302337103e+01
-7.740679927155531459e+01
-7.797005057197036137e+01
-7.894165558930474447e+01
-8.003192971796995892e+01
-8.094686872182582249e+01
-8.150726097712377793e+01
-8.172619137205921902e+01
-8.180864267699530501e+01
-8.207094456590370157e+01
-8.281269109219383040e+01
-8.418782885070798727e+01
-8.610941696921470623e+01
-8.819873910433155118e+01
-8.977765284855557582e+01
-8.990903967979132005e+01
-8.749639064479670481e+01
-8.144480805968483139e+01
-7.086465437416691771e+01
-5.527770226461178993e+01
-3.477447621296184366e+01
-1.007853187122703531e+01
1.750340586745299731e+01
4.624093093509926433e+01
7.422854013887383928e+01
9.969073816600463545e+01
1.212891757034101516e+02
1.383519296230737154e+02
1.509464182657700917e+02
1.597660203826880547e+02
1.658763903784011973e+02
1.704208344531045043e+02
1.743793014227999834e+02
1.784261833189524964e+02
1.828843620127702252e+02
1.877534819935946189e+02
1.927879313010045621e+02
1.975994263149960375e+02
2.017648376992896146e+02
2.049325437011016788e+02
2.069213752130885382e+02
2.077863193225391569e+02
2.078098118136896346e+02
2.073986091898686936e+02
2.069191148541523262e+02
2.065467669682626592e+02
2.062004256278299863e+02
2.055819248179407737e+02
2.042812248254834344e+02
2.018825741826630633e+02
1.980319753140087755e+02
1.924741085472010127e+02
1.850929907576210951e+02
1.759732199306558869e+02
1.654569454776822681e+02
1.541464048706831136e+02
1.428177408236922474e+02
1.322583946573997764e+02
1.230841856818346400e+02
1.156039905504402157e+02
1.097757897068735531e+02
1.052583612389488366e+02
1.015314755725422486e+02
9.804299710605312157e+01
9.434120246244370378e+01
9.015948947811148173e+01
8.543483849427904886e+01
8.026191002476218728e+01
7.481093639868146283e+01
6.925478632990960648e+01
6.373860341455552714e+01
5.838877568323946576e+01
5.332990847302490778e+01
4.868273010113195909e+01
4.453918322572877031e+01
4.092606153201887764e+01
3.777046284052651259e+01
3.488243712745317282e+01
3.197482551634201897e+01
2.873318158848962156e+01
2.492161716940137595e+01
2.047895218421595587e+01
1.555287545909436631e+01
1.044917609942842773e+01
5.517118199089203756e+00
1.020828255123134909e+00
-2.951224846507308541e+00
-6.506578345050890277e+00
-9.899922213859333908e+00
-1.344450324144435172e+01
-1.741725075055001071e+01
-2.197524643488597462e+01
-2.709311519613886787e+01
-3.254030614826011458e+01
-3.792243891899835262e+01
-4.279164299687367645e+01
-4.679354337050885704e+01
-4.979091725484308029e+01
-5.191083589984664570e+01
-5.350069087948018876e+01
-5.502005288861295185e+01
-5.691326774453131065e+01
-5.950068929543516560e+01
-6.291146205546141346e+01
-6.706888522456861779e+01
-7.172670157098457366e+01
-7.653765291655213332e+01
-8.112337955666023959e+01
-8.511748794340449820e+01
-8.816864385090323708e+01
-8.990903967979132005e+01
-8.991141224632536932e+01
-8.767080986446727309e+01
-8.264803355346305125e+01
-7.438829443620861070e+01
-6.269298184066987289e+01
-4.777964205219076632e+01
-3.034501916271497635e+01
-1.147774637923217256e+01
7.558298746614964259e+00
2.558363606787127864e+01
4.170791596537765145e+01
5.542130913826424887e+01
6.657028678313301384e+01
7.525912556173693702e+01
8.173550226311151334e+01
8.630454561327775309e+01
8.928198499683968237e+01
9.097146969217116919e+01
9.165206559616029836e+01
9.157619428487704738e+01
9.097996781019068635e+01
9.009345622939974874e+01
8.912904710630158434e+01
8.823907721352964018e+01
8.746224303176467174e+01
8.669567373339808114e+01
8.571695591150999860e+01
8.424920658770777493e+01
8.204027835240482602e+01
7.892424422415945173e+01
7.484121284636088944e+01
6.980807953438403501e+01
6.385849203455065037e+01
5.699008637128305566e+01
4.915234209126015230e+01
4.028273662925039389e+01
3.037323456789872722e+01
1.953624040431687803e+01
8.038642244921241797e+00
-3.715549525347118021e+00
-1.525098147136682414e+01
-2.611133058798860418e+01
-3.594377673626955527e+01
-4.455372741186918262e+01
-5.191703223439822068e+01
-5.814843019691743109e+01
-6.343839516847620530e+01
-6.798352022954964013e+01
-7.193953850792202331e+01
-7.541428297479788512e+01
-7.849291485651841072e+01
-8.126394676725358579e+01
-8.381196933671692761e+01
-8.617008865884554325e+01
-8.826526055631876488e+01
-8.990903967979132005e+01
-9.086339399310000431e+01
-9.096101280311303583e+01
-9.021826839317927238e+01
-8.887262800610136537e+01
