-2.865923021813083693e+01
-3.365663588135762296e+01
-3.871715409162455046e+01
-4.387598437151124386e+01
-4.913052642666093561e+01
-5.442385902448408785e+01
-5.964681782013542488e+01
-6.466877092529264814e+01
-6.938764575786535715e+01
-7.376827794688939832e+01
-7.783859641541367580e+01
-8.164375789828892493e+01
-8.519453849974217974e+01
-8.845114565014418417e+01
-9.135106405389568351e+01
-9.385374858022450439e+01
-9.596911211821756638e+01
-9.775789550338711820e+01
-9.931387961520754004e+01
-1.007428199593389451e+02
-1.021440554377889782e+02
-1.035931509264577386e+02
-1.051284680408323027e+02
-1.067551086891543122e+02
-1.084782157714503512e+02
-1.103559137923149365e+02
-1.125345964917092942e+02
-1.152188681711450613e+02
-1.185474541935284094e+02
-1.223925610708928104e+02
-1.261556003923199683e+02
-1.286636650760738121e+02
-1.282514044970685916e+02
-1.230454230920144028e+02
-1.113843229010899023e+02
-9.224620041930347725e+01
-6.554629381789902709e+01
-3.221559434501698149e+01
5.949057797324449837e+00
4.660317361150558213e+01
8.724912144336941822e+01
1.256174292587707697e+02
1.599612212846385262e+02
1.892115424262441934e+02
2.129771375402405056e+02
2.314202822689269965e+02
2.450756643608597471e+02
2.546782522967583873e+02
2.610310871300829945e+02
2.649039675040929183e+02
2.669409084504492853e+02
2.675745873350284683e+02
2.669747991733416370e+02
2.650630841669471920e+02
2.615998400578436645e+02
2.563153732770394981e+02
2.490363280839251559e+02
2.397603916591772872e+02
2.286537394288059488e+02
2.159828067032945000e+02
2.020260207971961108e+02
1.870166830983840498e+02
1.711401917065619784e+02
1.545702808824928809e+02
1.375086411057031910e+02
1.202000172923507790e+02
1.029187171643849723e+02
8.594335645479043251e+01
6.954136271324227891e+01
5.397100785247158683e+01
3.948798745512409170e+01
2.633488730670319455e+01
1.470477670670016224e+01
4.693587290506451737e+00
-3.731668996772164348e+00
-1.073041353854799951e+01
-1.655305748623868567e+01
-2.148883994846724477e+01
-2.581605657362773343e+01
-2.976688345549798242e+01
-3.350906588570808253e+01
-3.714077669403523885e+01
-4.069634597115193486e+01
-4.416568803300881285e+01
-4.752966908024087900e+01
-5.080226934544897688e+01
-5.405705240818433310e+01
-5.741663978669208745e+01
-6.100496703915301566e+01
-6.488793852447147970e+01
-6.903706751402549457e+01
-7.333632275607293138e+01
-7.762664303190888404e+01
-8.176315593734936726e+01
-8.565868503768442110e+01
-8.930080444997891220e+01
-9.274289501741800734e+01
-9.607276923405540003e+01
-9.936430469115717301e+01
-1.026282067532319360e+02
-1.057882248494332487e+02
-1.087013206356443504e+02
-1.112138653631057537e+02
-1.132214787357717682e+02
-1.146991957613646775e+02
-1.156915418365825872e+02
-1.162778875248819759e+02
-1.165375518700945463e+02
-1.165306227124656004e+02
-1.162981212366499051e+02
-1.158802993071911942e+02
-1.153511508277162818e+02
-1.148599949293514442e+02
-1.146571552825453750e+02
-1.150732447891439563e+02
-1.164311809667742352e+02
-1.188945563575867368e+02
-1.222855365486740595e+02
-1.259316873327124142e+02
-1.286131771738131988e+02
-1.286636650760738121e+02
-1.242278887167360040e+02
-1.136212583088263841e+02
-9.569999239661899537e+01
-7.014788548888567732e+01
-3.760360895363749023e+01
4.089934043057041890e-01
4.173276361183534533e+01
8.394496218562417766e+01
1.247440604536042343e+02
1.622633007056021768e+02
1.952542585691913359e+02
2.231279122752797548e+02
2.458728621208624929e+02
2.638877933552158765e+02
2.777756649634414430e+02
2.881520190797222085e+02
2.955140829740157642e+02
3.001969730601024366e+02
3.024106884718720494e+02
3.023194151469248823e+02
3.001119000534249039e+02
2.960266346031826288e+02
2.903264170817915897e+02
2.832437529975130133e+02
2.749301747938181961e+02
2.654378501570753315e+02
2.547445254627244253e+02
2.428109728570324819e+02
2.296456475997723317e+02
2.153519568633242898e+02
2.001462398374740417e+02
1.843492597705752871e+02
1.683611564621673153e+02
1.526259082637064921e+02
1.375837129681995066e+02
1.236108270341962623e+02
1.109582144654976616e+02
9.971074939052800801e+01
8.978610284384194529e+01
8.097679311874766483e+01
7.302076651903131221e+01
6.567808621894073440e+01
5.879563852702033699e+01
5.234663244257994563e+01
4.642949403854014889e+01
4.121226304267915452e+01
3.683057403423521237e+01
3.328376728724309430e+01
3.038997136627478213e+01
2.783156015525667115e+01
2.526636012908493356e+01
2.244174464559052495e+01
1.925301449933676423e+01
1.572692852937513663e+01
1.195901295696346978e+01
8.055701962964676000e+00
4.112595792038533205e+00
2.178322995799959472e-01
-3.555446359566310832e+00
-7.188396369567108479e+00
-1.076820614994248615e+01
-1.450723729257917682e+01
-1.869709772550480409e+01
-2.360286296451084809e+01
-2.933842288500314055e+01
-3.578062335964027341e+01
-4.256888291351857845e+01
-4.919959919249724578e+01
-5.517954432650282115e+01
-6.017455374676774227e+01
-6.409254089071161786e+01
-6.707165681101101029e+01
-6.939153226681737863e+01
-7.136348426337964668e+01
-7.325865307120811565e+01
-7.529592399887174281e+01
-7.766234245440790573e+01
-8.051835290689535896e+01
-8.396394103922452246e+01
-8.798745704618301033e+01
-9.244708083865876347e+01
-9.711992867476641322e+01
-1.018055203504352448e+02
-1.064250357393733566e+02
-1.110460994774236667e+02
-1.157912577676598858e+02
-1.206443975941170095e+02
-1.252289049044674982e+02
-1.286636650760738121e+02
-1.295866119886917147e+02
-1.263761726833433841e+02
-1.175267464179721344e+02
-1.020596614458504945e+02
-7.983009764549004217e+01
-5.162885351501699915e+01
-1.906022906342175105e+01
1.574708661152360456e+01
5.050504217141332930e+01
8.311710979084188011e+01
1.119438740186718917e+02
1.359433518661311382e+02
1.546838179229970649e+02
1.682559110182957625e+02
1.771202971489141191e+02
1.819250830265768855e+02
1.833301561824877126e+02
1.818829074493941107e+02
1.779784587657813688e+02
1.718974925759796406e+02
1.638752312997142724e+02
1.541517255562474702e+02
1.429820711252027650e+02
1.306135745530521888e+02
1.172489753311417076e+02
1.030165975476833893e+02
8.796632840873017756e+01
7.210243145173267010e+01
5.544708212254313651e+01
3.810884227290891602e+01
2.032348395835661137e+01
2.447997955188675689e+00
-1.508718260064377148e+01
-3.184398170048552856e+01
-4.743466051668002592e+01
-6.156023627075680338e+01
-7.403386210695859404e+01
-8.479636880859011683e+01
-9.392039068352423214e+01
-1.015908365030284699e+02
-1.080561943720044269e+02
-1.135640889113845589e+02
-1.183070640556322815e+02
-1.223961610046058581e+02
-1.258605997641884926e+02
-1.286636650760738121e+02
-1.307294626362902363e+02
-1.319777955821668343e+02
-1.323614984409953195e+02
-1.318985741002139775e+02
-1.306906335131062633e+02
-1.289186311128005116e+02
