-3.968614575211289264e+01
-1.091543832334260173e+02
-1.695762777997364594e+02
-2.143279307875845632e+02
-2.407507264987879410e+02
-2.503206944644777536e+02
-2.476088439977901601e+02
-2.385669560088676633e+02
-2.287657532384417323e+02
-2.220953430919816469e+02
-2.202124483202313456e+02
-2.227525921107848603e+02
-2.280843145741231126e+02
-2.342437305452069438e+02
-2.397002714012796218e+02
-2.437495341550612693e+02
-2.465228935726991892e+02
-2.487426785253279320e+02
-2.513828096991641701e+02
-2.553510932952771384e+02
-2.612607216796189959e+02
-2.693293240264038673e+02
-2.794097190235544304e+02
-2.911083084677305237e+02
-3.039154981745389250e+02
-3.172852318362496931e+02
-3.306482742937734542e+02
-3.433964866735395276e+02
-3.549044938658754518e+02
-3.646373287770006755e+02
-3.723262117713023827e+02
-3.781192940240616167e+02
-3.825912044760748358e+02
-3.865572595071564592e+02
-3.907543018399889547e+02
-3.955405841153097413e+02
-4.007641498592529956e+02
-4.058532164839592724e+02
-4.100621765028146228e+02
-4.127433926974055112e+02
-4.135355665156284886e+02
-4.124300462367198179e+02
-4.097429617030505824e+02
-4.060446473238279737e+02
-4.020731654485688296e+02
-3.986215932369668167e+02
-3.963820940322933097e+02
-3.957549831172257768e+02
-3.966563349772955007e+02
-3.983658651924785659e+02
-3.994537713817646818e+02
-3.978136037914266012e+02
-3.908048320594700726e+02
-3.754852789793105785e+02
-3.489111271446736851e+02
-3.084985835025504457e+02
-2.524432116161785871e+02
-1.801543019433709674e+02
-9.260343698917918687e+01
7.539569927645393577e+00
1.160764619757402585e+02
2.277684221953604151e+02
3.370540665726612133e+02
4.388262137306788304e+02
5.290730266583111643e+02
6.052412113624250196e+02
6.662761417113564448e+02
7.123919946610787974e+02
7.446925978642988184e+02
7.647809719509173192e+02
7.744580305985964515e+02
7.755395883882313228e+02
7.697571565341295354e+02
7.586888958909908069e+02
7.436919778998142192e+02
7.258373894743226629e+02
7.058549437778229958e+02
6.840942514973978632e+02
6.605191513130347403e+02
6.347695894935174010e+02
6.063141873903138048e+02
5.746674450786554189e+02
5.395961132160338138e+02
5.012407354437733602e+02
4.601290238257948317e+02
4.171080918993652062e+02
3.732384362894937340e+02
3.296811773902465461e+02
2.875946621994527277e+02
2.480483270491712346e+02
2.119554503929357452e+02
1.800173111163629187e+02
1.526678547180494547e+02
1.300200759959789139e+02
1.118366085194539608e+02
9.755699342099595128e+01
8.639749427585222463e+01
7.750317336166826010e+01
7.010027313005211624e+01
6.358991286592994641e+01
5.754683330747185011e+01
5.163049575457850437e+01
4.546009932123273956e+01
3.852548365701682798e+01
3.018901038910960111e+01
1.978925872667859664e+01
6.809466139742887947e+00
-8.958888598354334931e+00
-2.733093245925411452e+01
-4.776406966233301432e+01
-6.950473635895565394e+01
-9.179061238186167770e+01
-1.140283191699236909e+02
-1.358707811133805308e+02
-1.571599468615947615e+02
-1.777699151228024164e+02
-1.974440008250354026e+02
-2.157282843660947265e+02
-2.320548119520382215e+02
-2.459454797195410265e+02
-2.572407498300889870e+02
-2.662451124980246391e+02
-2.737226227946579797e+02
-2.807384606816101495e+02
-2.883996137052862991e+02
-2.975848626272472188e+02
-3.087513889384738377e+02
-3.218577476337555936e+02
-3.363893051783782084e+02
-3.514548038798279208e+02
-3.659336614209720437e+02
-3.786601295160953100e+02
-3.886244432462218015e+02
-3.951623980013329742e+02
-3.980989859347398578e+02
-3.978136037914266012e+02
-3.952044431994889919e+02
-3.915415433850638465e+02
-3.882162940947524703e+02
-3.864189782670342197e+02
-3.868047172371274769e+02
-3.892101406981235527e+02
-3.924658357842708369e+02
-3.943395288458405616e+02
-3.916490268223101907e+02
-3.805800860881240624e+02
-3.572120225116588585e+02
-3.181999544144954370e+02
-2.615024521096991066e+02
-1.869857960513635078e+02
-9.671098204930115116e+01
5.234497000033954350e+00
1.133553088870751822e+02
2.216497528722713639e+02
3.245370861715917385e+02
4.175805175512863343e+02
4.978764113914014615e+02
5.640846067967722774e+02
6.161561944184443291e+02
6.548807409334333443e+02
6.814176256313177191e+02
6.969683065719782462e+02
7.026696110667946868e+02
6.996685465944060525e+02
6.892499280057779742e+02
6.728880748141554022e+02
6.521658820211849843e+02
6.285843671033627515e+02
6.033324466722167472e+02
5.770984482860992557e+02
5.499912499702622881e+02
5.216049004377896381e+02
4.912118330218609685e+02
4.580238769455507395e+02
4.214420726954463134e+02
3.812379154038364959e+02
3.376566518588454642e+02
2.914700767024658035e+02
2.439943900482401773e+02
1.970378041291455133e+02
1.527165755598252304e+02
1.131225020589682941e+02
7.990787597842813739e+01
5.391215166380779067e+01
3.496348556891719994e+01
2.194903146316885767e+01
1.315724883171110093e+01
6.776926678390909231e+00
1.357210099579767792e+00
-3.952069742926188844e+00
-9.450705616233488371e+00
-1.515685660332757401e+01
-2.112947903704122155e+01
-2.768119595657964993e+01
-3.539350717649938360e+01
-4.494994916773613625e+01
-5.688886328008703686e+01
-7.140131825264211329e+01
-8.825513352255664756e+01
-1.068579520214612302e+02
-1.264217868031980601e+02
-1.461616743717543443e+02
-1.654516770621114006e+02
-1.838862038546683948e+02
-2.012466547757147453e+02
-2.174168879075025984e+02
-2.323048151858845927e+02
-2.458183662882018723e+02
-2.579155514387868493e+02
-2.687018069378646032e+02
-2.785075331726408194e+02
-2.878765266778752903e+02
-2.974395804760767987e+02
-3.077168405484078448e+02
-3.189456405344651557e+02
-3.310200028856765471e+02
-3.435506538015096680e+02
-3.559778956478688201e+02
-3.676677390240279806e+02
-3.779844536693004784e+02
-3.863762690781481979e+02
-3.924838491699952101e+02
-3.962267184366258448e+02
-3.978136037914266012e+02
-3.976685106729514700e+02
-3.963171990387649544e+02
-3.942957298862372681e+02
-3.921146871404745298e+02
-3.902574946554751705e+02
-3.891458956381959524e+02
-3.890080625447962461e+02
-3.896410069416897954e+02
-3.901308845782858725e+02
-3.886372185064240057e+02
-3.823515924933158772e+02
-3.677222767775314196e+02
-3.409867635524067282e+02
-2.989560284783943303e+02
-2.398712639600636010e+02
-1.640796008512152184e+02
-7.430794367896974961e+01
2.456417617597540470e+01
1.261908627594065138e+02
2.237567343409175464e+02
3.110750748515221744e+02
3.835543075628867769e+02
4.388101722238051252e+02
4.767629110967428119e+02
4.991942075411494670e+02
5.089184344636404944e+02
5.088556779877962981e+02
5.013036382318892947e+02
4.875967602392169624e+02
4.681789491856683298e+02
4.429717103309509412e+02
4.118402046994069678e+02
3.749616136375935298e+02
3.329695159883323754e+02
2.868546683094671153e+02
2.377097081690415052e+02
1.864696709145331397e+02
1.337891246511286454e+02
