-5.945083742501915935e+01
-6.572062288198205238e+01
-7.249196132410312998e+01
-8.022357962227458472e+01
-8.931685723775269992e+01
-1.000747647805548723e+02
-1.126653546376279280e+02
-1.271070576715086702e+02
-1.432879303499503294e+02
-1.610120910184684249e+02
-1.800460118935955052e+02
-2.001352753957436903e+02
-2.209803986841466781e+02
-2.421836054260479045e+02
-2.631969761007150623e+02
-2.833109137302919862e+02
-3.017114658583782330e+02
-3.176031296449178853e+02
-3.303558209872754219e+02
-3.396161324014715888e+02
-3.453383218507463539e+02
-3.477305143273037515e+02
-3.471513945170093507e+02
-3.440111069569740039e+02
-3.387197710851469310e+02
-3.316924019897548988e+02
-3.233784253223267342e+02
-3.142672833009478381e+02
-3.048452903966087320e+02
-2.955235258814457779e+02
-2.865841479363175495e+02
-2.781829158097120285e+02
-2.704087184973275271e+02
-2.633635577169806083e+02
-2.572146817867420623e+02
-2.521903563481081392e+02
-2.485229991968884917e+02
-2.463665618615909523e+02
-2.457244976991716214e+02
-2.464216215884412691e+02
-2.481351173246509347e+02
-2.504739097907440168e+02
-2.530791660458768035e+02
-2.557173789429848796e+02
-2.583398126561781964e+02
-2.610826265858951274e+02
-2.641919983011196109e+02
-2.678885795612742982e+02
-2.722261529011860830e+02
-2.770196251476440921e+02
-2.818897570428365498e+02
-2.864064199131036048e+02
-2.902556969972956722e+02
-2.933475045792854417e+02
-2.958185418646157814e+02
-2.979430794611380406e+02
-3.000098414438423333e+02
-3.022308853207500761e+02
-3.047153550950476983e+02
-3.074974674628093680e+02
-3.105849003759908555e+02
-3.139904400333442709e+02
-3.177115259227689421e+02
-3.216295733720783687e+02
-3.253263087738328068e+02
-3.278622299416695114e+02
-3.276143987784727756e+02
-3.222883702946697895e+02
-3.091734615264611534e+02
-2.856187768005145244e+02
-2.496218266264554302e+02
-2.003800665780573524e+02
-1.386583258159129173e+02
-6.685927341095006682e+01
1.125153650365692215e+01
9.112289951748209660e+01
1.681622144338630278e+02
2.384591217307257125e+02
2.993107449348549949e+02
3.494349751434399423e+02
3.888515524070167544e+02
4.185046433487211175e+02
4.397681400134516707e+02
4.539938059660827321e+02
4.622242593683864129e+02
4.651135808024885137e+02
4.630169487652364069e+02
4.561654381065007442e+02
4.448430943880966879e+02
4.295108061120239427e+02
4.108492382247394517e+02
3.897113831085645757e+02
3.669925763123308116e+02
3.434505930501384796e+02
3.195327117731827116e+02
2.952734977627364401e+02
2.703101088650483348e+02
2.440272644368249075e+02
2.158000189098322608e+02
1.852609779276694155e+02
1.524994151032774710e+02
1.181197379819203661e+02
8.314234338501091770e+01
4.879259930000560530e+01
1.625768749159611559e+01
-1.351750956622646527e+01
-3.995704858417492744e+01
-6.289235603230007854e+01
-8.251274282195484489e+01
-9.923609396699526997e+01
-1.135297680093934929e+02
-1.257421529169130139e+02
-1.360162603870809335e+02
-1.443268139889710255e+02
-1.506207429357001502e+02
-1.549847019043916134e+02
-1.577497166879259964e+02
-1.594806206643322071e+02
-1.608605309834878767e+02
-1.625304491095864421e+02
-1.649561480379617251e+02
-1.683678195855980277e+02
-1.727752522892706395e+02
-1.780321482801479078e+02
-1.839188211359475531e+02
-1.902215198295402843e+02
-1.967936414676489392e+02
-2.035855581888017412e+02
-2.106335456150181926e+02
-2.180111477112128853e+02
-2.257624365098242265e+02
-2.338439344519122756e+02
-2.420978447755914260e+02
-2.502699930553720264e+02
-2.580737646672815799e+02
-2.652838231879148907e+02
-2.718252835291700649e+02
-2.778189644818248212e+02
-2.835586772835552551e+02
-2.894240899553163899e+02
-2.957582292746951680e+02
-3.027509557967238152e+02
-3.103629930206401468e+02
-3.183057616053648076e+02
-3.260782242030412590e+02
-3.330606029299034958e+02
-3.386612937208570884e+02
-3.424927260530423609e+02
-3.445232616633396674e+02
-3.451391156412898908e+02
-3.450654137077740984e+02
-3.451331587051657266e+02
-3.459286261326899989e+02
-3.474147378427242643e+02
-3.486510047350745367e+02
-3.477305143273037515e+02
-3.419892895750705293e+02
-3.284525773592892506e+02
-3.044073893486614111e+02
-2.679599214727809908e+02
-2.184501164206763519e+02
-1.566413641926535263e+02
-8.466205049589896703e+01
-5.728761004104398147e+00
7.628421687598518020e+01
1.573495709713376414e+02
2.337845055913194301e+02
3.026637828571364821e+02
3.620807041679511258e+02
4.112130392916899382e+02
4.501957164156504518e+02
4.798550044713620082e+02
5.013937152667066357e+02
5.161128875475694713e+02
5.252168572480325111e+02
5.297047358551644720e+02
5.303285936837673944e+02
5.275982837889241637e+02
5.218209412221045795e+02
5.131686054008916926e+02
5.017649476525326122e+02
4.877733227246761203e+02
4.714607513764807436e+02
4.532126803323387776e+02
4.334863599529293765e+02
4.127180308845669288e+02
3.912277396633888884e+02
3.691700005836262335e+02
3.465504455907492911e+02
3.232938671669944597e+02
2.993362799283352160e+02
2.747183517493190266e+02
2.496586561284235017e+02
2.245822797524975840e+02
2.000903902903985454e+02
1.768818770390663531e+02
1.556589525116130517e+02
1.370465989724668816e+02
1.215358011626505856e+02
1.094423955152415715e+02
1.008715608639912489e+02
9.569169770073941095e+01
9.353520280351102656e+01
9.383881934968991345e+01
9.591333276083808812e+01
9.901621406996993358e+01
1.024104360073215787e+02
1.054144126633697596e+02
1.074543358109664553e+02
1.081173437353314739e+02
1.071914216802363171e+02
1.046762673090315729e+02
1.007520342869061238e+02
9.569943805309740981e+01
8.978501748049740172e+01
8.315386584842549667e+01
7.578252620346829360e+01
6.751959704500357873e+01
5.819410004989764218e+01
4.773473130062943426e+01
3.624218137895308445e+01
2.398848979413646276e+01
1.135222554049996546e+01
-1.288329358762382526e+00
-1.367952405978685704e+01
-2.579414056280816681e+01
-3.785310765622220686e+01
-5.023133892716870719e+01
-6.327912053648225310e+01
-7.715126532185738029e+01
-9.173604727949532389e+01
-1.067147678038022036e+02
-1.217086026699809338e+02
-1.364296539151209231e+02
-1.507629899912799942e+02
-1.647528006164321823e+02
-1.785228371547147503e+02
-1.921973809200340497e+02
-2.058796640714218142e+02
-2.196962858805454175e+02
-2.338635752823897747e+02
-2.487054402116779102e+02
-2.645622641243426187e+02
-2.815775808224599359e+02
-2.994203717195778722e+02
-3.170555180001678082e+02
-3.326714292249154710e+02
-3.438163727687995106e+02
-3.477305143273037515e+02
-3.418217614512169007e+02
-3.242085718214140684e+02
-2.942219177994596180e+02
-2.527343005707136285e+02
-2.021995871107843072e+02
-1.463556124161424634e+02
-8.963501894946580251e+01
-3.640609064200705802e+01
9.799664345882817429e+00
4.691994508971158240e+01
7.472911488570693450e+01
9.485829285918391918e+01
1.104422324279536127e+02
