-8.121572074075643854e+00
1.800902479046696669e+01
3.958380095630143813e+01
5.333845044380629474e+01
5.811074610183179345e+01
5.486983867331893805e+01
4.609545515511226910e+01
3.483507717827727390e+01
2.379868051872443147e+01
1.475196711002809735e+01
8.315741438257806095e+00
4.133967078232185344e+00
1.276357810530132753e+00
-1.294741235567382631e+00
-4.346121061340499026e+00
-8.179842269987034342e+00
-1.264194759089044595e+01
-1.728224539512235225e+01
-2.157586199564419260e+01
-2.511848255647772632e+01
-2.773989797956204484e+01
-2.952703985272587062e+01
-3.078257474097425828e+01
-3.195033712454735664e+01
-3.352243171471864969e+01
-3.593184267835466272e+01
-3.944556130278449757e+01
-4.409299769933807767e+01
-4.966256851733596989e+01
-5.576554538810987793e+01
-6.192825552464112349e+01
-6.766991236266585474e+01
-7.255633527681436590e+01
-7.625037012681322324e+01
-7.857459179050164266e+01
-7.957055766072058134e+01
-7.951480542051393741e+01
-7.885711658999403539e+01
-7.808331334193204043e+01
-7.755494325683460488e+01
-7.740601687373620621e+01
-7.755324712514853047e+01
-7.780954375801543677e+01
-7.802821069549683841e+01
-7.819501805552492613e+01
-7.842995267902880130e+01
-7.891703670792209380e+01
-7.980922257955838006e+01
-8.115390783661366925e+01
-8.286925634634467031e+01
-8.477951459774983789e+01
-8.669192079120183791e+01
-8.847735990377172755e+01
-9.011115258586424659e+01
-9.164479976523460891e+01
-9.311225607025299666e+01
-9.441001554486810221e+01
-9.520671178017025227e+01
-9.492551493456898015e+01
-9.281227548693784968e+01
-8.807339730692909541e+01
-8.005073625439572993e+01
-6.839259164679899072e+01
-5.317374269793913300e+01
-3.492154984827877939e+01
-1.453234103365918628e+01
6.895908102592905209e+00
2.825918728175201977e+01
4.861415881376366599e+01
6.727780903987735428e+01
8.384917890815964370e+01
9.816955941492436466e+01
1.102560919052329780e+02
1.202438848498581905e+02
1.283533000285372054e+02
1.348753228945593605e+02
1.401541223153197677e+02
1.445486272358044175e+02
1.483723367501654877e+02
1.518322108492355369e+02
1.549973064408351888e+02
1.578174022533489165e+02
1.601879723264392510e+02
1.620350949084509296e+02
1.633847119147361582e+02
1.643887277784257606e+02
1.652985570782360583e+02
1.663946693554765943e+02
1.678930192799423935e+02
1.698547938514428211e+02
1.721269630590486770e+02
1.743402316337215723e+02
1.759816646369342550e+02
1.765319602783673929e+02
1.756216017577774835e+02
1.731433742715771302e+02
1.692762289947989984e+02
1.644154113196191815e+02
1.590419716848117275e+02
1.535828150338377327e+02
1.483067071422074150e+02
1.432822233061472730e+02
1.384020807628430418e+02
1.334591864183611278e+02
1.282449206080050885e+02
1.226333519047792038e+02
1.166199712219682425e+02
1.103014607892112622e+02
1.038096814347695727e+02
9.723635902440933876e+01
9.059074383252672646e+01
8.381507618582183738e+01
7.684952332728113333e+01
6.970760899287438406e+01
6.251553619665234152e+01
5.549168087862663867e+01
4.887959946839207959e+01
4.287124804563853786e+01
3.755398226886210011e+01
3.289566894126214436e+01
2.876347978052121590e+01
2.496210245466939170e+01
2.127677497997857614e+01
1.751236738132931947e+01
1.352634604997502521e+01
9.254995719608004379e+00
4.726238637293945999e+00
4.615989198958914130e-02
-4.646516108502979137e+00
-9.242273333755662179e+00
-1.370609837665773512e+01
-1.807864666573486545e+01
-2.243170703248033249e+01
-2.680508673887925397e+01
-3.116383591314563262e+01
-3.540147818461042561e+01
-3.938622784043218417e+01
-4.302282007120247442e+01
-4.629650197246706966e+01
-4.927809739615025819e+01
-5.209026527567287701e+01
-5.485357796320607804e+01
-5.763873077595930283e+01
-6.044574825753792879e+01
-6.321693402140948592e+01
-6.587531723618799617e+01
-6.836974845094596276e+01
-7.070533624420949081e+01
-7.294741806692610453e+01
-7.520414820146561397e+01
-7.760120283586209666e+01
-8.025303293080477829e+01
-8.322254500339943206e+01
-8.646592845427787211e+01
-8.977954672359314259e+01
-9.277831353156079786e+01
-9.492551493456898015e+01
-9.561067959569140839e+01
-9.425294572043620178e+01
-9.040487180748945661e+01
-8.383611304198853986e+01
-7.458477524056645791e+01
-6.296292995798370384e+01
-4.950352311034258435e+01
-3.485327560447773010e+01
-1.964424757233373242e+01
-4.391782899965853915e+00
1.054622987136563594e+01
2.494586330725315193e+01
3.865677544443084201e+01
5.154373169622135009e+01
6.345749802666818340e+01
7.423922665617996586e+01
8.374369709347249113e+01
9.186261761007040150e+01
9.853839490062394191e+01
1.037721125982078973e+02
1.076348023327768573e+02
1.102826489433051051e+02
1.119629548525497569e+02
1.129937335449993867e+02
1.137126780829272121e+02
1.144134544079032310e+02
1.152997934254887440e+02
1.164748725300396188e+02
1.179543584361144184e+02
1.196772136378497464e+02
1.215040246280139939e+02
1.232164732074112550e+02
1.245348917218897924e+02
1.251547979041209260e+02
1.247901730482748235e+02
1.232119214123131314e+02
1.202779660013276981e+02
1.159578711193510969e+02
1.103539492325386391e+02
1.037106410170303690e+02
9.639293760811024470e+01
8.881822907937767297e+01
8.134979586535496310e+01
7.419068121055300935e+01
6.733045309968792935e+01
6.057884581316920958e+01
5.367587303485382932e+01
4.642512066336322363e+01
3.878545269727133160e+01
3.088477598448227468e+01
2.296562661715912412e+01
1.530281782524463097e+01
8.133320884981209531e+00
1.617112313680426183e+00
-4.175635124091254369e+00
-9.264193984449798691e+00
-1.374982648996705059e+01
-1.779984200407013617e+01
-2.162275530933995782e+01
-2.543638780806277211e+01
-2.943032679768548832e+01
-3.372656970189073178e+01
-3.834741165475092828e+01
-4.320198721814607978e+01
-4.810166975286000479e+01
-5.280950796986687834e+01
-5.711530362757910950e+01
-6.090863612945391026e+01
-6.421411926112271829e+01
-6.716977662439396113e+01
-6.996088803535312195e+01
-7.274426347623945333e+01
-7.559822579823543265e+01
-7.851551183198989747e+01
-8.143248493893662499e+01
-8.427126192678512950e+01
-8.696792257987337393e+01
-8.947015393268222283e+01
-9.170935470725351024e+01
-9.357525319231966421e+01
-9.492551493456898015e+01
-9.563806782433933051e+01
-9.567717193241303164e+01
-9.512781865157243999e+01
-9.417231354558543899e+01
-9.302320683122195533e+01
-9.185735266687240141e+01
-9.079304438671327659e+01
-8.991780851287353471e+01
-8.933681840115622208e+01
-8.919924195836432546e+01
-8.967520002118682498e+01
-9.088460594952726979e+01
-9.280724443133433965e+01
-9.521959265760693825e+01
-9.769831253702913898e+01
-9.970478028894697786e+01
-1.007322563066774848e+02
-1.004684927037113482e+02
-9.890952855443498493e+01
-9.636613659299837309e+01
-9.334177202637029325e+01
-9.032271876602354155e+01
-8.757788073222488379e+01
-8.507686774924593465e+01
