2.582949354226023075e+01
1.013306908096108288e+02
1.671449958048967517e+02
2.162249354664768362e+02
2.457901115552601254e+02
2.573818265111351593e+02
2.556247163133527351e+02
2.463884112460421250e+02
2.350626129180476482e+02
2.254087589571809076e+02
2.191416082219151917e+02
2.161516076825833750e+02
2.151342881946179943e+02
2.143442297809127979e+02
2.122329749416196876e+02
2.078325663607192553e+02
2.008561356566135032e+02
1.915668221620690872e+02
1.805142959416721169e+02
1.682618954446736268e+02
1.552152703808434921e+02
1.416035185262547031e+02
1.275794570726534118e+02
1.133461352967153744e+02
9.921694836601324141e+01
8.557156816744854666e+01
7.273840305365921211e+01
6.087401744459843655e+01
4.990655509288404801e+01
3.957174766671211330e+01
2.951679349351015702e+01
1.941203015285204714e+01
9.019190146529034280e+00
-1.790404581140247586e+00
-1.303483701778683823e+01
-2.460695989395328809e+01
-3.625523612815594277e+01
-4.760433987671573419e+01
-5.824983220345485080e+01
-6.790818418733945805e+01
-7.655076494024868339e+01
-8.444335539882891339e+01
-9.205905505699033142e+01
-9.989839837759625141e+01
-1.082938063971173932e+02
-1.172803917621959613e+02
-1.265896609194092548e+02
-1.357727900753681070e+02
-1.443954399624584539e+02
-1.522047377036108742e+02
-1.591912054567708878e+02
-1.655380621316203928e+02
-1.715064486755587723e+02
-1.773141473432267503e+02
-1.830464893010155265e+02
-1.886207392265908140e+02
-1.938145438312523083e+02
-1.983543747104632757e+02
-2.020375873689295361e+02
-2.048439706036735402e+02
-2.069925474271873327e+02
-2.089136053163500151e+02
-2.111277793892187447e+02
-2.140606311174187226e+02
-2.178688168521487682e+02
-2.223723646864355885e+02
-2.271398316197034717e+02
-2.316829968519351723e+02
-2.356535940216598988e+02
-2.389431849018912715e+02
-2.416601010221320109e+02
-2.440398516933412623e+02
-2.463718838832172651e+02
-2.489753413166756957e+02
-2.521811241157936934e+02
-2.562530343464934504e+02
-2.612297467197064407e+02
-2.667433122064022655e+02
-2.719082583988144961e+02
-2.753593092434050504e+02
-2.754593247069108202e+02
-2.706266553028157773e+02
-2.596784250082299081e+02
-2.420826008433470804e+02
-2.180505904665051844e+02
-1.884568054721210046e+02
-1.546261701574268272e+02
-1.180699100133858792e+02
-8.025126511564940301e+01
-4.242653940388360212e+01
-5.567841263461820844e+00
2.964202865251593977e+01
6.275738468898227040e+01
9.348932144705349856e+01
1.216373804378553984e+02
1.470589687957165665e+02
1.696743105616626508e+02
1.894899648773701983e+02
2.066216996014358358e+02
2.212951775874937823e+02
2.338086340788597397e+02
2.444658149681645227e+02
2.535118627667543478e+02
2.611026837307048822e+02
2.673156306491423493e+02
2.721958764117320015e+02
2.758320715057738539e+02
2.784427073105690056e+02
2.804306838484630475e+02
2.823571675607393558e+02
2.848111935840143474e+02
2.881982080540705056e+02
2.925224955000591081e+02
2.972683011562628508e+02
3.014598897946289071e+02
3.039010105710228231e+02
3.035055526630575855e+02
2.995904906815132449e+02
2.920284566021087471e+02
2.812227838960799886e+02
2.679349374994955610e+02
2.530436775223344625e+02
2.373344216990799680e+02
2.213904912061290418e+02
2.055928955696557807e+02
1.901760498434553313e+02
1.752758036514785260e+02
1.609422079277264288e+02
1.471334152473903885e+02
1.337235759309335208e+02
1.205441630738406360e+02
1.074539714635805012e+02
9.441232261020331862e+01
8.151963194696106996e+01
6.899756245592374171e+01
5.710747764277677163e+01
4.603539061713730263e+01
3.578913063053036581e+01
2.615313454895462542e+01
1.672542203929985050e+01
7.028084649158155450e+00
-3.343756671662145408e+00
-1.458089399322375357e+01
-2.657233103276928432e+01
-3.889985772146930287e+01
-5.091517656084746335e+01
-6.188153852709682212e+01
-7.116172231354680378e+01
-7.842492599627580319e+01
-8.381062270419336357e+01
-8.796389960163598687e+01
-9.189128439880516908e+01
-9.667055064250708085e+01
-1.031231544106582447e+02
-1.115727136389267287e+02
-1.217651600777766987e+02
-1.329552771545899361e+02
-1.441141891758684892e+02
-1.541957830417659352e+02
-1.623985408501426946e+02
-1.683582782353977905e+02
-1.722179334079356465e+02
-1.745576600704682164e+02
-1.762182363503841032e+02
-1.780799021819999268e+02
-1.808555597086009357e+02
-1.849409115156000212e+02
-1.903519501393742530e+02
-1.967686441147906180e+02
-2.036790876904142067e+02
-2.105776587572046594e+02
-2.171363670639065333e+02
-2.232761912274343956e+02
-2.291215586232230237e+02
-2.348848234998286557e+02
-2.407492077498905587e+02
-2.467938776077901366e+02
-2.529690045434376202e+02
-2.591051929148007389e+02
-2.649266161533311674e+02
-2.700323358517521228e+02
-2.738309583128047393e+02
-2.754593247069108202e+02
-2.737594557279851415e+02
-2.673945419661651499e+02
-2.551332155616245814e+02
-2.362367434539279998e+02
-2.107998521433883923e+02
-1.798793415434424219e+02
-1.453168228978747436e+02
-1.092947294409949279e+02
-7.378820860914453306e+01
-4.011962248147490584e+01
-8.771544089405402644e+00
2.049200801188337806e+01
4.826040686854330630e+01
7.502159133177799788e+01
1.008070183157928028e+02
1.250792875922756764e+02
1.468885803216978161e+02
1.652013631722334992e+02
1.792484353109114181e+02
1.887691689807481339e+02
1.941033815149772295e+02
1.961421192495247112e+02
1.961645826049356742e+02
1.955825681451579783e+02
1.956314083155380672e+02
1.970932902063935899e+02
2.001614016413923025e+02
2.045033711653445607e+02
2.094844870926505109e+02
2.144386412051707396e+02
2.188722656639124864e+02
2.225377802095172228e+02
2.253771524471586929e+02
2.273865396738473521e+02
2.284791304084635328e+02
2.284171035321533907e+02
2.268442347160433883e+02
2.233971524876421597e+02
2.178364073418349847e+02
2.101372021983144975e+02
2.005082326186310695e+02
1.893437384870601932e+02
1.771390416550540294e+02
1.644084082684269106e+02
1.516381429650440964e+02
1.392848244878424282e+02
1.277907718150302543e+02
1.175623315484476024e+02
1.088779633815060208e+02
1.017600247366527242e+02
9.589831951830269929e+01
9.070043993758568490e+01
8.547368182007147652e+01
7.966887128728757261e+01
7.307838119029788970e+01
6.589378546274579662e+01
5.859203908721512022e+01
5.170707550746642767e+01
4.560435873775247018e+01
4.036978984738435372e+01
3.585802237696297823e+01
3.185627702053199783e+01
2.825424352266766448e+01
2.511314386470482418e+01
2.260562918207051908e+01
2.089520532813746456e+01
2.005768730718108728e+01
2.009124353741025359e+01
2.097007932107347017e+01
2.265145109420967273e+01
2.498273887836136353e+01
2.754170832374317968e+01
2.951239983365325870e+01
2.970651915313832347e+01
2.678798454930869255e+01
1.967393545739454197e+01
7.993846792737166140e+00
-7.581731344578944487e+00
-2.533132032820584811e+01
