-7.630111540796512770e+00
-7.186882495840686147e+01
-1.279539220660453509e+02
-1.699977698806263220e+02
-1.957019395699439315e+02
-2.064430996540225181e+02
-2.062645837920164809e+02
-2.003218994969565472e+02
-1.933844379770249304e+02
-1.888200584481065221e+02
-1.882166131075527460e+02
-1.915483089509482113e+02
-1.976604161102035846e+02
-2.048416309188931166e+02
-2.113273893676978332e+02
-2.156531162087786129e+02
-2.168200378564985442e+02
-2.142708918191164003e+02
-2.077245922072502822e+02
-1.969731618781540874e+02
-1.817616628619346955e+02
-1.618272077044136950e+02
-1.370804387137640390e+02
-1.078246583051475085e+02
-7.488206103181370565e+01
-3.955013180774871273e+01
-3.403077538187343265e+00
3.197968226215098042e+01
6.526318996187541188e+01
9.551691417223548797e+01
1.222576338135327916e+02
1.453876901408960975e+02
1.650712057307429745e+02
1.816014041935349894e+02
1.952993509424752858e+02
2.064566693109726998e+02
2.153101582568084211e+02
2.220312884314037376e+02
2.267264612993550372e+02
2.294544969760709705e+02
2.302625767491204272e+02
2.292294081172492781e+02
2.264994811676129700e+02
2.222975370920506180e+02
2.169207380336839606e+02
2.107103019415615393e+02
2.040033500760158347e+02
1.970673101723469358e+02
1.900303862266690942e+02
1.828342307455870639e+02
1.752343240282897057e+02
1.668579548929202474e+02
1.573095067272996062e+02
1.462963105255562937e+02
1.337381308147889740e+02
1.198227703933122399e+02
1.049855603341129182e+02
8.982012356095080463e+01
7.495485613648206424e+01
6.093549685173317698e+01
4.813931153722703726e+01
3.672994947261669552e+01
2.665840669169064370e+01
1.771615055193295518e+01
9.633718690301318333e+00
2.192817399623564256e+00
-4.697204240078366233e+00
-1.099876233205152687e+01
-1.662841855438056626e+01
-2.158855862260255520e+01
-2.608398829765943105e+01
-3.055258457840231401e+01
-3.556722491319280266e+01
-4.162622584772815060e+01
-4.891659682388102226e+01
-5.716803111171760321e+01
-6.568618532826690171e+01
-7.356993899764788125e+01
-8.002419664639387520e+01
-8.463202477379145705e+01
-8.747645844039979579e+01
-8.908163170174204026e+01
-9.022001749181106334e+01
-9.166938745782262288e+01
-9.399969425593937444e+01
-9.744406166942773950e+01
-1.018759912520837787e+02
-1.068876339292094571e+02
-1.119431677730700869e+02
-1.165620340664237204e+02
-1.204703028461399583e+02
-1.236606257069404222e+02
-1.263381518764377631e+02
-1.287891880371854540e+02
-1.312494330349626352e+02
-1.338372952360832642e+02
-1.365663142148257521e+02
-1.394014669817134688e+02
-1.423104289278678038e+02
-1.452807285318917252e+02
-1.483022480747988538e+02
-1.513343432073450572e+02
-1.542849875927312269e+02
-1.570232074644244733e+02
-1.594254087094845715e+02
-1.614337548064588361e+02
-1.630967510991585243e+02
-1.645716735914017192e+02
-1.660858978047966161e+02
-1.678690829936242608e+02
-1.700769335153194959e+02
-1.727328081297499125e+02
-1.757159111710568880e+02
-1.788128588181553482e+02
-1.818151982430338194e+02
-1.846101575883886312e+02
-1.872111189176266919e+02
-1.897128781409250848e+02
-1.922033485132357953e+02
-1.946871409047479631e+02
-1.970675612852774350e+02
-1.991987737899141280e+02
-2.009778073648892871e+02
-2.024217273000415389e+02
-2.036857544689751194e+02
-2.050150073376036062e+02
-2.066548374285979719e+02
-2.087511806683130828e+02
-2.112613674071041316e+02
-2.138862259254600815e+02
-2.160328679538453684e+02
-2.168200378564985442e+02
-2.151393221373457152e+02
-2.097829879074180610e+02
-1.996366598993000707e+02
-1.839074872633765665e+02
-1.623250030400449191e+02
-1.352430865182248567e+02
-1.036038441872805436e+02
-6.877922295534810360e+01
-3.234710793721103528e+01
4.136012396028309723e+00
3.932552319705126820e+01
7.222430177069284696e+01
1.022507899574550834e+02
1.292242140917335860e+02
1.532637765495350948e+02
1.746314454194100279e+02
1.935777804521479766e+02
2.102467640559858637e+02
2.246585684299008676e+02
2.367516425566690543e+02
2.464540260664193454e+02
2.537599954868644829e+02
2.587903921585588591e+02
2.618128812466776481e+02
2.632091678421273855e+02
2.634021253625688814e+02
2.627737489732741096e+02
2.615972829404121285e+02
2.599887922927231330e+02
2.578810175690291544e+02
2.550336639305589586e+02
2.510935308866786215e+02
2.456963623610880632e+02
2.385811574521036675e+02
2.296849446186528496e+02
2.191940242466011739e+02
2.075336006814693235e+02
1.952863044465621840e+02
1.830529111700573708e+02
1.713010232772544441e+02
1.602652643081958388e+02
1.499421805645487780e+02
1.401710357547850947e+02
1.307478715904693445e+02
1.215170393726918689e+02
1.124117043678754442e+02
1.034441601783993860e+02
9.466821724333385646e+01
8.614603374141036340e+01
7.793933949054259358e+01
7.011567033558473838e+01
6.274340462128526497e+01
5.586309503455325398e+01
4.945333401474772472e+01
4.342876397233037977e+01
3.769455641093053089e+01
3.223773332631880351e+01
2.719315987059506057e+01
2.282161279106819762e+01
1.938876359055957721e+01
1.700239560189302424e+01
1.549979624956304036e+01
1.445253145586692156e+01
1.329178151836076793e+01
1.149966370614295386e+01
8.788514732806877561e+00
5.198145808070442797e+00
1.072158962424786921e+00
-3.076271335228822679e+00
-6.750429139811754631e+00
-9.631344621623920688e+00
-1.165920044754615503e+01
-1.302108188165541058e+01
-1.406930611172520074e+01
-1.521609561450321735e+01
-1.684790821754855727e+01
-1.927730469573919336e+01
-2.271953907763649383e+01
-2.726979395318275223e+01
-3.287369892648289493e+01
-3.931036379980161399e+01
-4.621447736532270767e+01
-5.314141101832779412e+01
-5.964839244872584345e+01
-6.535890601835309610e+01
-7.000288337873480771e+01
-7.345062075822097825e+01
-7.575249626092001165e+01
-7.716806295106754021e+01
-7.815246679823741260e+01
-7.928327428063340676e+01
-8.113979168674818254e+01
-8.416405513971255914e+01
-8.853478265216747900e+01
-9.408755029801388048e+01
-1.003181769821257348e+02
-1.064945931831910144e+02
-1.118663193989301305e+02
-1.159140777875060735e+02
-1.185495765592765025e+02
-1.201791544681348967e+02
-1.215936997840501590e+02
-1.237231696810442259e+02
-1.273556506249918527e+02
-1.329317471938102813e+02
-1.404802368076770733e+02
-1.496881550685027094e+02
-1.600401146904068241e+02
-1.709497020008085713e+02
-1.818387370550254616e+02
-1.921627308336314570e+02
-2.013988213596011576e+02
-2.090079180792597242e+02
-2.143838164261182442e+02
-2.168200378564985442e+02
-2.155380173858657997e+02
-2.098029096575717460e+02
-1.991104259573217803e+02
-1.833867478603970937e+02
-1.631247979217959312e+02
-1.393906605251957274e+02
-1.136736407920180625e+02
-8.761206768075325613e+01
-6.267710022781292878e+01
-3.991110411673213321e+01
-1.979350432971900631e+01
-2.262977690312393264e+00
1.312634168489277897e+01
2.698777543272723634e+01
3.992621599659736376e+01
