-2.371478676235329885e+01
-1.093674071714013962e+02
-1.844601391752888446e+02
-2.412710754483301798e+02
-2.766446765728628634e+02
-2.920266702985032907e+02
-2.921374436401812318e+02
-2.830465694012842732e+02
-2.704163496529384929e+02
-2.583936986384902639e+02
-2.492617805954712367e+02
-2.436807977494655120e+02
-2.412269961579122537e+02
-2.409650374315584145e+02
-2.418908337627351557e+02
-2.431870742855685421e+02
-2.443072327208589627e+02
-2.449458579749720002e+02
-2.449676646350781084e+02
-2.443536046896367111e+02
-2.431848812018015451e+02
-2.416467512388567229e+02
-2.400170424422714746e+02
-2.386178241817938215e+02
-2.377381838687446134e+02
-2.375578064432520478e+02
-2.380995621029803715e+02
-2.392161758865981369e+02
-2.405906643874706106e+02
-2.417249399208698719e+02
-2.419078988169580953e+02
-2.401765187706430424e+02
-2.352994504546213648e+02
-2.258217474423904036e+02
-2.102058403391736192e+02
-1.870766256606512172e+02
-1.555317617401576058e+02
-1.154368397213745254e+02
-6.761387343908216963e+01
-1.385488451562484613e+01
4.326361918264473161e+01
1.007416333109383260e+02
1.556255000314941412e+02
2.054840480007894996e+02
2.487689975477288158e+02
2.849544352409803878e+02
3.144142235374042116e+02
3.380905854003531772e+02
3.570885531379526583e+02
3.723539607410070857e+02
3.845412688625897317e+02
3.940771748832385697e+02
4.013299825491055799e+02
4.067571855258307210e+02
4.109426765277239042e+02
4.145143599344145287e+02
4.179959702566698070e+02
4.216657099759718790e+02
4.254768781643937245e+02
4.290605286776235516e+02
4.317956408157695023e+02
4.329170281648025025e+02
4.316394033429012325e+02
4.272869845870762902e+02
4.194113688747082733e+02
4.078652374108560252e+02
3.928032864638296928e+02
3.746138349595291288e+02
3.538212089674861431e+02
3.310080384590634139e+02
3.067817871179737494e+02
2.817757268405885611e+02
2.566576992284486778e+02
2.321234571242392235e+02
2.088620368929970823e+02
1.874911759531732685e+02
1.684726495939103188e+02
1.520292606272168143e+02
1.380921189505062898e+02
1.263046295022868293e+02
1.160936193938930074e+02
1.067896434376760197e+02
9.775554799930657168e+01
8.848456938956947226e+01
7.865160542781529784e+01
6.812150433459254373e+01
5.692650820634715103e+01
4.522574937248297289e+01
3.325416506245828430e+01
2.125947494889859612e+01
9.428015706450750599e+00
-2.180848137631819839e+00
-1.365631326611420349e+01
-2.519071006489703279e+01
-3.698042527524982859e+01
-4.911688043823401983e+01
-6.151478258457751735e+01
-7.390605310946286011e+01
-8.590119683987103372e+01
-9.709663964453389440e+01
-1.071928859064146025e+02
-1.160853350865679943e+02
-1.238981869294703984e+02
-1.309521663436138397e+02
-1.376783459340051081e+02
-1.445003864994846481e+02
-1.517105557102179887e+02
-1.593725080660538538e+02
-1.672892950880066678e+02
-1.750604829295084528e+02
-1.822159297164650411e+02
-1.883762287694948725e+02
-1.933771458728539585e+02
-1.973172134739772901e+02
-2.005251198820216985e+02
-2.034682542650995742e+02
-2.066301131552604318e+02
-2.103867533111496755e+02
-2.149164315995196546e+02
-2.201717457379498910e+02
-2.259222424790822856e+02
-2.318448867336327339e+02
-2.376212096299908580e+02
-2.430105226778574661e+02
-2.478962869360311743e+02
-2.523148344112132122e+02
-2.564605300107445487e+02
-2.606446368130776250e+02
-2.651963965699411006e+02
-2.703296144326700414e+02
-2.760204297426573703e+02
-2.819275514553976336e+02
-2.873528801494234699e+02
-2.912281754915549641e+02
-2.921374436401812318e+02
-2.884146531491193173e+02
-2.783487351544152943e+02
-2.604784497798795542e+02
-2.339083104842450496e+02
-1.985643152152098878e+02
-1.553272710604293820e+02
-1.060037616096560811e+02
-5.311536260550387567e+01
4.751191602758737531e-01
5.202576310114307034e+01
9.935020700774418856e+01
1.411099194414738918e+02
1.768900914116581760e+02
2.070502716328301460e+02
2.324116730482938920e+02
2.538931232389970205e+02
2.722132990572164886e+02
2.877403725044185308e+02
3.005144873775192877e+02
3.104127811226365452e+02
3.173824363886112678e+02
3.216473144427533271e+02
3.238057699806466303e+02
3.247757935100007671e+02
3.255971099887927380e+02
3.271533669092964374e+02
3.299088605739256650e+02
3.337467446336074772e+02
3.379558120452967955e+02
3.413633777493455455e+02
3.425734799486695010e+02
3.402531085535020452e+02
3.334087599001991862e+02
3.215969919696483998e+02
3.050170580005455463e+02
2.844578455611851382e+02
2.611178379678268016e+02
2.363623280551749133e+02
2.114966823382980579e+02
1.876090150525783429e+02
1.654929556952138228e+02
1.456328057818899708e+02
1.282288560524202410e+02
1.132482693955643356e+02
1.004918385144587205e+02
8.966224809552510067e+01
8.041316960899271749e+01
7.236655492207671614e+01
6.510879519765363455e+01
5.819484717077361324e+01
5.118491261003289594e+01
4.371331488385787623e+01
3.556195534991985596e+01
2.670072086450210946e+01
1.727237916811289153e+01
7.528494925794440462e+00
-2.254546863287188785e+00
-1.184462368017318568e+01
-2.108456308334695706e+01
-2.988505408148948561e+01
-3.820184877442980564e+01
-4.601967703006044275e+01
-5.334988789275590193e+01
-6.023937465614097420e+01
-6.678809871875006365e+01
-7.316649256993572692e+01
-7.961056054131289272e+01
-8.637113214113399806e+01
-9.361888416980313821e+01
-1.013455433168618356e+02
-1.093228686407919668e+02
-1.171612875413278658e+02
-1.244530553301950278e+02
-1.309259610372121188e+02
-1.365209658230986349e+02
-1.413580073317463928e+02
-1.456303570599355339e+02
-1.495072208649328616e+02
-1.530997125522680449e+02
-1.564876500749943489e+02
-1.597655703112766616e+02
-1.630684950957281671e+02
-1.665646692441588357e+02
-1.704255810537558204e+02
-1.747900518630871147e+02
-1.797341011175853112e+02
-1.852517194381667878e+02
-1.912481416303057813e+02
-1.975464985708335632e+02
-2.039108195042386740e+02
-2.100910052647062685e+02
-2.158912255701459060e+02
-2.212489500114466239e+02
-2.262960061763934334e+02
-2.313678884779185978e+02
-2.369392653062738248e+02
-2.434893564317714549e+02
-2.513274115353780758e+02
-2.604216461298309468e+02
-2.702736342391347080e+02
-2.798720643209047694e+02
-2.877479052732849709e+02
-2.921374436401812318e+02
-2.912411936346625225e+02
-2.835425346458475815e+02
-2.681209996206510482e+02
-2.448785257741630232e+02
-2.146132618005009078e+02
-1.789216813702053628e+02
-1.399593536131008022e+02
-1.001225138463952504e+02
-6.172484270197227829e+01
-2.674069997227580586e+01
3.335277877817844683e+00
2.750479509677258250e+01
4.520209449519030898e+01
5.622301590900556789e+01
6.070923548398846492e+01
5.920609660624185722e+01
5.275822404221131023e+01
4.296216594777827424e+01
3.187762573035520575e+01
2.172792172595831062e+01
1.440309504761928849e+01
1.089299028411075199e+01
1.087320608235880570e+01
1.267976931761327819e+01
