-2.733552946220128277e+01
-6.446513404937775249e+00
9.769677751448710978e+00
1.806038902708584715e+01
1.740879247929237295e+01
8.981211714247962163e+00
-4.623630301398129916e+00
-2.039743428654247026e+01
-3.579172762925676210e+01
-4.918902265318143918e+01
-5.995521890678723764e+01
-6.820947360819975813e+01
-7.449699939314453445e+01
-7.951120456104850120e+01
-8.392824742968143426e+01
-8.833855909321836464e+01
-9.322269604249810016e+01
-9.892828790956836826e+01
-1.056372470509396067e+02
-1.133383590602803679e+02
-1.218269240380032272e+02
-1.307460138964736132e+02
-1.396704821643237437e+02
-1.482156698827117793e+02
-1.561346152454081277e+02
-1.633676885006915143e+02
-1.700321821338202994e+02
-1.763666868480292180e+02
-1.826544051442263026e+02
-1.891424113192578886e+02
-1.959673056471683878e+02
-2.031020970538220638e+02
-2.103471299982533935e+02
-2.173804812817925551e+02
-2.238533958111268589e+02
-2.294867769335081107e+02
-2.341272577765669212e+02
-2.377559285161430864e+02
-2.404739847816170197e+02
-2.424882270770796708e+02
-2.440949877722434849e+02
-2.456448442925185134e+02
-2.474770997100017667e+02
-2.498341232912929399e+02
-2.527879129137209020e+02
-2.562200707388452088e+02
-2.598767624460974730e+02
-2.634776824189247009e+02
-2.668260071267196736e+02
-2.698716503349961044e+02
-2.727121759248568651e+02
-2.755451204850021441e+02
-2.785971027240796047e+02
-2.820491762550398107e+02
-2.859612504802983040e+02
-2.901858087215857722e+02
-2.942671944546500526e+02
-2.973475877482790111e+02
-2.981273060771023324e+02
-2.949310437661133619e+02
-2.859042254644652417e+02
-2.693205722767667112e+02
-2.439412074810800561e+02
-2.093349385057778420e+02
-1.660620200134631261e+02
-1.156559222845348387e+02
-6.040438786714393871e+01
-3.000591890992147626e+00
5.383182379129355866e+01
1.076572342183197861e+02
1.565593542332332220e+02
1.992912015383301423e+02
2.353466565670790374e+02
2.649352495309410642e+02
2.888408639269246123e+02
3.081784197884657601e+02
3.241077108989418321e+02
3.375865037479184139e+02
3.492300011469446304e+02
3.593006984291737353e+02
3.678053777300004299e+02
3.746461407688161103e+02
3.797662422392291433e+02
3.832412770118398839e+02
3.852868917022634037e+02
3.861854002139493787e+02
3.861635210072473683e+02
3.852651301950661491e+02
3.832601348322685908e+02
3.796271326906677359e+02
3.736372142573748647e+02
3.645336894352280410e+02
3.517569233129364648e+02
3.351364071691523350e+02
3.149847165952760406e+02
2.920707361534088022e+02
2.674914947618998440e+02
2.424793628997142605e+02
2.181813702131858292e+02
1.954539038039240779e+02
1.747294536475747009e+02
1.560048501250030029e+02
1.389593729003975113e+02
1.231582164477215287e+02
1.082615673993136625e+02
9.415552510079812976e+01
8.095112477395718997e+01
6.885564391800639328e+01
5.798224378246199961e+01
4.819539933974797918e+01
3.907063902363593400e+01
2.998858249907729245e+01
2.031874108950625057e+01
9.612032700758513570e+00
-2.273599752384967587e+00
-1.515367291831138630e+01
-2.859905536138055737e+01
-4.208277944045866548e+01
-5.514252297276505033e+01
-6.751034053742444030e+01
-7.916928964066966046e+01
-9.031630040272335691e+01
-1.012466294716199116e+02
-1.122127095927467906e+02
-1.233221373716689016e+02
-1.345143811485087895e+02
-1.456096439326329630e+02
-1.563869192851564378e+02
-1.666439279714039117e+02
-1.762179817034950418e+02
-1.849822381366092827e+02
-1.928497995606118707e+02
-1.998040573872025902e+02
-2.059390605058778760e+02
-2.114717233208651805e+02
-2.167014902825252705e+02
-2.219301623802763572e+02
-2.273804801168279823e+02
-2.331464562082091447e+02
-2.391837888476329113e+02
-2.453304878464636545e+02
-2.513448975309322009e+02
-2.569525625912473856e+02
-2.618981536303019766e+02
-2.660020781645501415e+02
-2.692188402892365389e+02
-2.716817619293131543e+02
-2.737061254410367042e+02
-2.757300036132290302e+02
-2.782012444759968162e+02
-2.814432134935545946e+02
-2.855287944224638181e+02
-2.901758970358683882e+02
-2.946731893094777774e+02
-2.978519619666958533e+02
-2.981273060771023324e+02
-2.936350814861858680e+02
-2.824805380111479280e+02
-2.630769263317700393e+02
-2.344989392532830266e+02
-1.967504908210036092e+02
-1.508651892978651858e+02
-9.880549000339601662e+01
-4.317848604300037607e+01
1.316866074325199065e+01
6.757909934568959898e+01
1.179425898185758115e+02
1.629043844825525298e+02
2.018992568213353991e+02
2.350308292665392287e+02
2.628531811545070696e+02
2.861269458711178686e+02
3.056118534271994349e+02
3.219325750821467409e+02
3.355287054078770552e+02
3.466782248904867174e+02
3.555693428192169563e+02
3.623908635517839230e+02
3.674111104157379941e+02
3.710138038328641983e+02
3.736663083805256065e+02
3.758244809714919370e+02
3.778133529195608276e+02
3.797324909370075829e+02
3.814144768412022017e+02
3.824383235713863201e+02
3.821852312756510059e+02
3.799226004627138309e+02
3.749078292117797560e+02
3.665087957512230332e+02
3.543342097503312971e+02
3.383518028571287459e+02
3.189575542692989529e+02
2.969631451867971350e+02
2.734963414696539985e+02
2.498422764247103203e+02
2.272677292426347151e+02
2.068579214497780185e+02
1.893752641947810673e+02
1.751484481183680941e+02
1.640180769156804104e+02
1.553717492924675980e+02
1.482785369623591691e+02
1.416969173528598560e+02
1.347054330473285404e+02
1.266964171602764111e+02
1.174769291549762897e+02
1.072417245001236950e+02
9.642372039767450076e+01
8.547650026947624724e+01
7.467719493457848046e+01
6.403499082864433944e+01
5.334424373042099887e+01
4.234944001360312171e+01
3.093106770490746982e+01
1.921282385594836128e+01
7.536601350057827275e+00
-3.676153636706057881e+00
-1.410196664481715345e+01
-2.364703683421559788e+01
-3.248308468928905768e+01
-4.098511424224223276e+01
-4.959941856175282027e+01
-5.868338773688581966e+01
-6.837005558700742824e+01
-7.851296193806371093e+01
-8.873804582558047116e+01
-9.857664789773677683e+01
-1.076185627675178011e+02
-1.156296855578501948e+02
-1.226068661813040706e+02
-1.287658784825014777e+02
-1.344718172402040466e+02
-1.401338146611570892e+02
-1.460976549804321394e+02
-1.525707176770641809e+02
-1.596007682114482975e+02
-1.671103848535031204e+02
-1.749698465506919263e+02
-1.830784039604576208e+02
-1.914206026208721880e+02
-2.000733748353639498e+02
-2.091625429053152629e+02
-2.187966848829058790e+02
-2.290199039136035140e+02
-2.398036639093618305e+02
-2.510532350907895989e+02
-2.625769516699842256e+02
-2.739868260592574529e+02
-2.845574230262126321e+02
-2.931257449078909758e+02
-2.981273060771023324e+02
-2.978179830342081118e+02
-2.906478119963729227e+02
-2.756722704469686391e+02
-2.528484222981455218e+02
-2.230904242105625599e+02
-1.880442667946283564e+02
-1.496502751667442794e+02
-1.096504292381193864e+02
-6.922958619901203292e+01
-2.893478957306348320e+01
