6.499928841636959387e-01
1.103450561798128859e+01
1.842009375942024008e+01
2.075367897352895596e+01
1.745478660337927224e+01
9.394597031916218199e+00
-1.590751450493724350e+00
-1.339207614896859333e+01
-2.425229295255896744e+01
-3.314626636581398600e+01
-3.986330820872169767e+01
-4.484453147928790173e+01
-4.888294426381707325e+01
-5.280044501490802844e+01
-5.719016952501640816e+01
-6.227727362646472642e+01
-6.791642810279309117e+01
-7.370846063097982892e+01
-7.918492021586841645e+01
-8.399014634118607603e+01
-8.799642824984893252e+01
-9.131988277358179573e+01
-9.424918634557008090e+01
-9.713203943764843018e+01
-1.002683596937588959e+02
-1.038391816375223584e+02
-1.078757572205269639e+02
-1.122617062077741252e+02
-1.167629245372470024e+02
-1.210823606995620736e+02
-1.249323242539479963e+02
-1.281103742555653184e+02
-1.305597381002148154e+02
-1.323923682913212758e+02
-1.338584817426815334e+02
-1.352646264404388603e+02
-1.368643184250587410e+02
-1.387600671073934961e+02
-1.408580241610175108e+02
-1.429016980619634580e+02
-1.445784679544295841e+02
-1.456559158970119370e+02
-1.460861151099509812e+02
-1.460283043171500026e+02
-1.457801041527483790e+02
-1.456536617825719873e+02
-1.458589882389530317e+02
-1.464489826350452120e+02
-1.473458981097216736e+02
-1.484255669132292041e+02
-1.496069590954262196e+02
-1.508982321524552219e+02
-1.523817339812713385e+02
-1.541562562081855106e+02
-1.562752036022884568e+02
-1.587176984028525908e+02
-1.614100544160886272e+02
-1.642883943043985937e+02
-1.673693832963045054e+02
-1.707806724547205306e+02
-1.747039582617603912e+02
-1.792101461804675750e+02
-1.840145760311502556e+02
-1.882340775761643101e+02
-1.902610665066239051e+02
-1.878550625717656715e+02
-1.784824850413033914e+02
-1.598421152476513498e+02
-1.304400745189414295e+02
-9.004806681621502662e+01
-3.989647620577066789e+01
1.747671615745768392e+01
7.868619186432918866e+01
1.401193782936878449e+02
1.985199131734497371e+02
2.513866617749523868e+02
2.971424817992570979e+02
3.351129745303194341e+02
3.653882614299410534e+02
3.886291122481972025e+02
4.058544957469237033e+02
4.182359190665468418e+02
4.269249698483647535e+02
4.329381675089571218e+02
4.371089884540177763e+02
4.400969446790635402e+02
4.424268159313182878e+02
4.445236066725884712e+02
4.467161211174609434e+02
4.492046103958438152e+02
4.520150649401630290e+02
4.549776924505061970e+02
4.577589637893140662e+02
4.599484354541660878e+02
4.611689074193777742e+02
4.611595138783700349e+02
4.597874288724468670e+02
4.569756705527495342e+02
4.525807126445195081e+02
4.462894676303106962e+02
4.376025731322439469e+02
4.259259165550811304e+02
4.107366210153071506e+02
3.917600963175282232e+02
3.691005971602895670e+02
3.432948457696711557e+02
3.152860534402479971e+02
2.863280880151885412e+02
2.578296682425267932e+02
2.311559769133221209e+02
2.074255827564533092e+02
1.873542934646213780e+02
1.711868484366607390e+02
1.587271625683289358e+02
1.494452905844953818e+02
1.426187197766418251e+02
1.374656511542256112e+02
1.332466934151794646e+02
1.293320724171608731e+02
1.252388432111576151e+02
1.206412041172044951e+02
1.153589916654553491e+02
1.093350986941263017e+02
1.026139110323859427e+02
9.532500034197893513e+01
8.766324730322374137e+01
7.985229030243232273e+01
7.209187183311755120e+01
6.450813429637361196e+01
5.712886907189527363e+01
4.989353019307658599e+01
4.269423883931256114e+01
3.543329728981079541e+01
2.807447132433541981e+01
2.066638912365075953e+01
1.333037136926617450e+01
6.222050074752274895e+00
-5.154729605720262953e-01
-6.791340650248599786e+00
-1.259114295279505313e+01
-1.798298913984748992e+01
-2.310474897265299887e+01
-2.813314826974229277e+01
-3.323933626422558518e+01
-3.853978703877723433e+01
-4.405394819346005875e+01
-4.968277109858138374e+01
-5.522237538771801724e+01
-6.041581464963334724e+01
-6.502448317982191384e+01
-6.888662804140244589e+01
-7.193879093375591083e+01
-7.420128050055501490e+01
-7.574954880415890557e+01
-7.669387283662160826e+01
-7.717498747188153629e+01
-7.736974260164581096e+01
-7.749636084385852541e+01
-7.780937039507674058e+01
-7.857582064750516793e+01
-8.002940635877564546e+01
-8.231095711097640333e+01
-8.541872953101452026e+01
-8.919862508453672945e+01
-9.339223360042063860e+01
-9.773101944305474831e+01
-1.020351814101982200e+02
-1.062679696028598926e+02
-1.105192435754248663e+02
-1.149313373572425689e+02
-1.196096312352501059e+02
-1.245636549286267325e+02
-1.297045520701398686e+02
-1.348936520717874998e+02
-1.400107481156246934e+02
-1.450053738833217949e+02
-1.499128826921942164e+02
-1.548419720954737784e+02
-1.599474098029476750e+02
-1.653854356820247347e+02
-1.712326248132885951e+02
-1.773594494279575713e+02
-1.832841400310919369e+02
-1.880610127818862622e+02
-1.902610665066239051e+02
-1.880850855288983041e+02
-1.796194068012502214e+02
-1.632058966432636282e+02
-1.378434539950680460e+02
-1.035068740768468842e+02
-6.127483728788294570e+01
-1.321289634172485705e+01
3.796254760117273008e+01
8.934349919740988355e+01
1.382842427258605085e+02
1.827358609121895654e+02
2.214014811026114558e+02
2.537183596163197024e+02
2.797188055730318865e+02
2.998336707899267140e+02
3.146920119806958382e+02
3.249610191482909158e+02
3.312638774182213979e+02
3.341883901696135126e+02
3.343515559080321964e+02
3.324513368322167253e+02
3.292504445226713869e+02
3.254846476833339466e+02
3.217320619656413783e+02
3.183001700268703189e+02
3.151815514080124103e+02
3.120986518660104139e+02
3.086147659851741309e+02
3.042588141394359127e+02
2.986134298038573434e+02
2.913425295664674195e+02
2.821661200384895665e+02
2.708137159464355364e+02
2.569980028396250304e+02
2.404417601650823428e+02
2.209638452581523325e+02
1.985967308833688207e+02
1.736854001781641159e+02
1.469170503285216967e+02
1.192559397023671863e+02
9.179716875564675149e+01
6.558521716580906968e+01
4.145013303463596799e+01
1.989785131182789257e+01
1.068806543063693937e+00
-1.523392653401950270e+01
-2.945145045809572792e+01
-4.212645673072144348e+01
-5.374664819866078602e+01
-6.462494362507474932e+01
-7.486003548803284957e+01
-8.438616038816036280e+01
-9.307889806950545619e+01
-1.008652088372157181e+02
-1.077988277500826655e+02
-1.140853257569112316e+02
-1.200542975080433763e+02
-1.260822817632299149e+02
-1.324835108038358840e+02
-1.394063927678061532e+02
-1.467817872025010502e+02
-1.543483206375596239e+02
-1.617408651880788284e+02
-1.686000423653528060e+02
-1.746608343316490277e+02
-1.797980398309058501e+02
-1.840257434060919195e+02
-1.874598265774879451e+02
-1.902610665066239051e+02
-1.925814102105611880e+02
-1.945310421719634633e+02
-1.961699059198143118e+02
-1.975166880697488807e+02
-1.985672181839021277e+02
-1.993151746458711955e+02
-1.997668274362127931e+02
-1.999442831939014411e+02
