4.959736212159403124e+01
1.138692556598548435e+02
1.688891791400475881e+02
2.080326056847454765e+02
2.288564740010814376e+02
2.331319451657262789e+02
2.255890439967046461e+02
2.120525816220927879e+02
1.976916412482930525e+02
1.858797882130889150e+02
1.778433731969134612e+02
1.729908410239166017e+02
1.696412790674344535e+02
1.658310233811108958e+02
1.599498907844060511e+02
1.510838414096512565e+02
1.390605101649950370e+02
1.242802731613685410e+02
1.074594955412928101e+02
8.940603802579521187e+01
7.089366766842817924e+01
5.263351450795492070e+01
3.529668918164831837e+01
1.953364631631118797e+01
5.947889598475257777e+00
-4.993424069884689231e+00
-1.308811863472324077e+01
-1.849985623894227160e+01
-2.175543190988882003e+01
-2.360959339375970956e+01
-2.482600388155264426e+01
-2.597408481698806071e+01
-2.732769243855014452e+01
-2.888850847129937449e+01
-3.049514606557297469e+01
-3.195519043142758875e+01
-3.315120814635131552e+01
-3.409883071513667119e+01
-3.495429591658302826e+01
-3.597771707230091920e+01
-3.746528260401647970e+01
-3.967198924058424581e+01
-4.275022460378502842e+01
-4.672118353791322676e+01
-5.147852093813121144e+01
-5.681121443691392869e+01
-6.243640009437754657e+01
-6.804538360069545888e+01
-7.336714920079430158e+01
-7.823567641068530065e+01
-8.262902977521785886e+01
-8.665567682435060703e+01
-9.049589268830180799e+01
-9.433256854606642605e+01
-9.830170328969620641e+01
-1.024678821399071325e+02
-1.068126242083824025e+02
-1.112277829127046118e+02
-1.155221757606914679e+02
-1.194579791619609779e+02
-1.228224546981682863e+02
-1.255144533004652487e+02
-1.276020999027775815e+02
-1.293091587300271499e+02
-1.309206689652838520e+02
-1.326466932239038385e+02
-1.345131535295278979e+02
-1.363388258637207571e+02
-1.378148319814436604e+02
-1.386524776456958534e+02
-1.387306105950961523e+02
-1.381701410825991161e+02
-1.372963381904603466e+02
-1.365075977306652533e+02
-1.361199795436954787e+02
-1.362631297252707441e+02
-1.368617739670420121e+02
-1.376877174899024112e+02
-1.384477343058940448e+02
-1.388777585946661191e+02
-1.388193096032078131e+02
-1.382578595659060170e+02
-1.373170058216317386e+02
-1.362217371158249648e+02
-1.352495416944920521e+02
-1.346754266155075470e+02
-1.347014954875663477e+02
-1.353579805072260740e+02
-1.363764482643725557e+02
-1.370664584266287420e+02
-1.362574750261002521e+02
-1.323672173229347777e+02
-1.236118609042885907e+02
-1.083171480479706190e+02
-8.525094217461908386e+01
-5.389818408981265918e+01
-1.462232625000191888e+01
3.131493481793683387e+01
8.187750114429249493e+01
1.344979312976932135e+02
1.863911691349740352e+02
2.348786314065800980e+02
2.776718144138396269e+02
3.130888210270051104e+02
3.401972478473610977e+02
3.588792602078909795e+02
3.698049360850037601e+02
3.742974778382548493e+02
3.740915025144718129e+02
3.710168080693909474e+02
3.666704978065648675e+02
3.621604980243564569e+02
3.580001626562075216e+02
3.541897221381534564e+02
3.504420905677295650e+02
3.464426885449310021e+02
3.420252308703912831e+02
3.372049009705344815e+02
3.320946066422820877e+02
3.267837741052135243e+02
3.212547925991190141e+02
3.153650416653460979e+02
3.088747666058470713e+02
3.014874639263982203e+02
2.928881295739510051e+02
2.827846401903001947e+02
2.709568494437775144e+02
2.573056959870020819e+02
2.418900937828104247e+02
2.249457834417121376e+02
2.068861914291603057e+02
1.882827405020536844e+02
1.698163406951113643e+02
1.521949332987197181e+02
1.360486451744254452e+02
1.218341697908126093e+02
1.097841579306590063e+02
9.991568097815761007e+01
9.207912503214544131e+01
8.601406970464256574e+01
8.139315041631572001e+01
7.785903051864319480e+01
7.506627170499304214e+01
7.272563031529475097e+01
7.063402822938768111e+01
6.867687537883718107e+01
6.680566883433371572e+01
6.500471160735118303e+01
6.325810705870829054e+01
6.152088657102737557e+01
5.969699704512051142e+01
5.763117036013987615e+01
5.512353928664770564e+01
5.196921567644461248e+01
4.801199447471746851e+01
4.319350519077597994e+01
3.758321914379782669e+01
3.138110777959676057e+01
2.488600410402945329e+01
1.842875138565634074e+01
1.228652258138377817e+01
6.609840001827834044e+00
1.391691594586646374e+00
-3.509866503130837145e+00
-8.307092073120927012e+00
-1.320473300761615576e+01
-1.834022373463531608e+01
-2.375787726391651233e+01
-2.941200491533170691e+01
-3.518392777933991056e+01
-4.090322470337707728e+01
-4.637330428807106841e+01
-5.140251244775845407e+01
-5.583494202784382310e+01
-5.957266495093580261e+01
-6.258832612376727411e+01
-6.493201910362000717e+01
-6.672990650469083107e+01
-6.816545806267063767e+01
-6.944241323891580464e+01
-7.074436289886926943e+01
-7.220922424590207811e+01
-7.392422120735503199e+01
-7.593277525005757411e+01
-7.824071020012451072e+01
-8.081561040471626711e+01
-8.358367312434947394e+01
-8.643490604214852624e+01
-8.924508005282552858e+01
-9.191191583086663286e+01
-9.438939889279953377e+01
-9.670052116609693371e+01
-9.892518917996136452e+01
-1.011844012291026615e+02
-1.036443465514683453e+02
-1.065337429044536179e+02
-1.101323100505741195e+02
-1.146867840606396953e+02
-1.202509693612507533e+02
-1.264972825023125438e+02
-1.325731031091487750e+02
-1.370664584266287420e+02
-1.381156389237638962e+02
-1.336629187822996414e+02
-1.218234200534534750e+02
-1.012960404551577653e+02
-7.171979302516444932e+01
-3.387448071408142880e+01
1.034336021561858132e+01
5.817831435612151125e+01
1.064522934324511709e+02
1.520745524709047913e+02
1.925008271989791808e+02
2.260330234532198972e+02
2.519009864945469985e+02
2.701380897474942913e+02
2.813283512535056161e+02
2.863354681175701444e+02
2.861051850380946462e+02
2.815720715734232726e+02
2.736391606786675652e+02
2.631741584354959969e+02
2.509858492985044620e+02
2.377799134751150802e+02
2.241144372595861398e+02
2.103767237595347126e+02
1.967941873866894014e+02
1.834782714027936379e+02
1.704824854371230458e+02
1.578416252052604989e+02
1.455638088540488866e+02
1.335763141688299243e+02
1.216630318502858330e+02
1.094444884030419729e+02
9.642703839418567213e+01
8.210615272365951967e+01
6.608317642525345548e+01
4.815964335547445785e+01
2.839516692836443212e+01
7.131482661966892067e+00
-1.501553634040386243e+01
-3.720524481264264693e+01
-5.847502344616862047e+01
-7.789102974133257362e+01
-9.471366018423424293e+01
-1.085282466003421575e+02
-1.192975661592325167e+02
-1.273155906459388405e+02
-1.330718145949166455e+02
-1.370664584266287420e+02
-1.396431481059838973e+02
-1.409143720647774671e+02
-1.408290219880941265e+02
-1.393702692223682789e+02
-1.368049377841490468e+02
-1.338689351232083027e+02
-1.317807245666107292e+02
-1.320200899234592669e+02
-1.358890859119890706e+02
-1.439797391041917081e+02
-1.557696156991536895e+02
-1.695773904167062085e+02
