-1.200570180005708494e+02
-8.105601780035125614e+01
-4.832621977004775715e+01
-2.630556741720828029e+01
-1.649166629715679733e+01
-1.747532162576783321e+01
-2.591439897934898440e+01
-3.792433454117369251e+01
-5.031157457447167758e+01
-6.126170525443849613e+01
-7.038605092446468348e+01
-7.829010797072029959e+01
-8.595862857316333816e+01
-9.423462788487447028e+01
-1.035462753513436667e+02
-1.138852484256519375e+02
-1.249404400140863061e+02
-1.362739527308817173e+02
-1.474665111328055787e+02
-1.582103496817464361e+02
-1.683571270101506911e+02
-1.779272701830972778e+02
-1.870712011619273767e+02
-1.959737324687642683e+02
-2.047251121846511239e+02
-2.132213020313911613e+02
-2.211607222363612379e+02
-2.281564333852873574e+02
-2.339062523573669807e+02
-2.383176186886712742e+02
-2.415157200874495800e+02
-2.437504826996567715e+02
-2.452833695832688079e+02
-2.463284538304275486e+02
-2.470641341677577714e+02
-2.476751395208957831e+02
-2.483678257719103897e+02
-2.493325599722317065e+02
-2.506778000510791458e+02
-2.523878366827708817e+02
-2.543418454146020622e+02
-2.563952760770642385e+02
-2.584900712988147120e+02
-2.607370536297568151e+02
-2.634094778908453236e+02
-2.668090014819231897e+02
-2.710091796702803890e+02
-2.755342417375566129e+02
-2.790792375091358508e+02
-2.793977150476904967e+02
-2.734483086818163429e+02
-2.578079955995130490e+02
-2.292700745102767428e+02
-1.854889498026880403e+02
-1.255218894560904062e+02
-5.014291202484884025e+01
3.814036599361638480e+01
1.353610850669568322e+02
2.365874436624819452e+02
3.365363367412786602e+02
4.302067749339557281e+02
5.134410917263096508e+02
5.833301492597579454e+02
6.384013487414119936e+02
6.785720067661900430e+02
7.049039380836063629e+02
7.192390743474618375e+02
7.238144808687291061e+02
7.209379152695735229e+02
7.127583990461980648e+02
7.011196995151356077e+02
6.874702068332297813e+02
6.728229475468365308e+02
6.577819291817495468e+02
6.426408184997127364e+02
6.275211841586774426e+02
6.124904968121775255e+02
5.976106228375977025e+02
5.829019666012239895e+02
5.682447810547630525e+02
5.532691913841935047e+02
5.372996864889655626e+02
5.194045496596794464e+02
4.985572982500964372e+02
4.738681530108130460e+02
4.448167610678591473e+02
4.114252921401400727e+02
3.743395191478271613e+02
3.348069762810602583e+02
2.945454756779158743e+02
2.555008105657856561e+02
2.195223090990311903e+02
1.880340913955605231e+02
1.618099434632168254e+02
1.409314617242363568e+02
1.249286704880405523e+02
1.130236333351021756e+02
1.043714885273071644e+02
9.822443558437370825e+01
9.399712949279157215e+01
9.124861763741608911e+01
8.960722203843837974e+01
8.866939953260747131e+01
8.791729584728992108e+01
8.670924894591010457e+01
8.437303488071194124e+01
8.037110904045084681e+01
7.445613370228355166e+01
6.673958738401042012e+01
5.764644239464243469e+01
4.777851978172468250e+01
3.773484308561953071e+01
2.794717208603506720e+01
1.858536212331722481e+01
9.560162689949237347e+00
6.084197661132293433e-01
-8.583514903955176578e+00
-1.826247347821961853e+01
-2.852495028148294409e+01
-3.928054403042042964e+01
-5.026906327302589261e+01
-6.113071597280040237e+01
-7.151066570996448490e+01
-8.116008688176987107e+01
-8.999903716559344957e+01
-9.813133648315471191e+01
-1.058175359462032930e+02
-1.134047621115612401e+02
-1.212097803671629208e+02
-1.293812245827423908e+02
-1.378058263062133619e+02
-1.461219425019969549e+02
-1.538493151343865293e+02
-1.605773736286949429e+02
-1.661226556975876747e+02
-1.705827035870439090e+02
-1.742650919965047933e+02
-1.775329132018147789e+02
-1.806520273861352734e+02
-1.837211956106638695e+02
-1.867101961257094445e+02
-1.895598665003517453e+02
-1.922648578987931955e+02
-1.948854322575223819e+02
-1.974892206507133778e+02
-2.000670890822146362e+02
-2.024828155186648928e+02
-2.044989537457623214e+02
-2.058741010943516017e+02
-2.064837858128772723e+02
-2.064171221385810213e+02
-2.060314299953973887e+02
-2.059600518918277885e+02
-2.070541426288992852e+02
-2.102338331260248196e+02
-2.162540635006378693e+02
-2.254364181526980815e+02
-2.374407611941002187e+02
-2.511323490337799740e+02
-2.645621705276310536e+02
-2.750544879290637255e+02
-2.793977150476904967e+02
-2.741455406675128756e+02
-2.560307520466764686e+02
-2.224649693949684206e+02
-1.720381352000875950e+02
-1.048987646428829237e+02
-2.290735896746673461e+01
7.048627044160880928e+01
1.706194226172891604e+02
2.721730765588538361e+02
3.698102448800179900e+02
4.587898938762837133e+02
5.354560728317474059e+02
5.975263861705268482e+02
6.441479676226697393e+02
6.757422051628689132e+02
6.937038672850981129e+02
7.000413909454080112e+02
6.970389243885371116e+02
6.869933762236335042e+02
6.720397433351912468e+02
6.540370747304060615e+02
6.344718780616522054e+02
6.143681787012408222e+02
5.942470970529999477e+02
5.741899269517671200e+02
5.540073415904432750e+02
5.334554366563294252e+02
5.124167515144699792e+02
4.909764193737918276e+02
4.693552047596676857e+02
4.477214146426452430e+02
4.259774304152820719e+02
4.036432781669076917e+02
3.799053722170209539e+02
3.538083382715111043e+02
3.245118331388112551e+02
2.915311483346079058e+02
2.549001715191635071e+02
2.152167135730541361e+02
1.735602002157292247e+02
1.313129377532132480e+02
8.994841120033274251e+01
5.085160286346879843e+01
1.520604244242550251e+01
-1.606048701699237569e+01
-4.230789548274532308e+01
-6.322587022441055638e+01
-7.888799257651649555e+01
-8.978658249014767989e+01
-9.680742478831142250e+01
-1.011267752096795505e+02
-1.040485517699793689e+02
-1.068152619746481093e+02
-1.104188917865263875e+02
-1.154359783807576321e+02
-1.219279807332829506e+02
-1.294585363438993113e+02
-1.372521181507551660e+02
-1.444602139545168598e+02
-1.504515437949029888e+02
-1.550311582263972241e+02
-1.585149360095212501e+02
-1.616290079297309603e+02
-1.652653168083697892e+02
-1.701862804114592791e+02
-1.767918904322837079e+02
-1.850215224723281437e+02
-1.943943965253736224e+02
-2.041517420100237814e+02
-2.134630237733473166e+02
-2.216604139131224542e+02
-2.284425485050549582e+02
-2.339673385521982709e+02
-2.387792535080943424e+02
-2.435885987981926633e+02
-2.489893281893193375e+02
-2.552243751525744813e+02
-2.620811830138823098e+02
-2.689461037659400517e+02
-2.749874374175792013e+02
-2.793977150476904967e+02
-2.816207251794102717e+02
-2.815060905570336445e+02
-2.793547232698289235e+02
-2.758401542149967440e+02
-2.718185676182648649e+02
-2.680711662461408196e+02
-2.650523478111658164e+02
-2.627381922251229867e+02
-2.606547750099394989e+02
-2.580948313142666279e+02
-2.544365466393015538e+02
-2.494262234849298068e+02
-2.433115943346302004e+02
-2.367874395961389098e+02
-2.307849706675719972e+02
-2.261721672081635290e+02
-2.234482788554759054e+02
-2.225323792930540776e+02
-2.227461157329473451e+02
