-3.384564746850910666e+01
-4.410410570196385294e+01
-5.357585254408432007e+01
-6.175024274023704862e+01
-6.845050184207502753e+01
-7.378121541201387856e+01
-7.794697176797215832e+01
-8.103173287087801668e+01
-8.283750424606762408e+01
-8.284600093322552539e+01
-8.030983630134679174e+01
-7.443372470768210292e+01
-6.459014247005278264e+01
-5.051782191636782926e+01
-3.245816877211836982e+01
-1.119242339396111419e+01
1.203983831994885634e+01
3.572908027032148226e+01
5.834498582774344300e+01
7.858141182253297075e+01
9.554017927264806076e+01
1.088240042976021300e+02
1.185329451800985083e+02
1.251684929869904579e+02
1.294590605249183568e+02
1.321456082562014274e+02
1.337926588827662613e+02
1.346874281618759426e+02
1.348519751693515332e+02
1.341465119021990802e+02
1.324123572352071960e+02
1.295964576863946149e+02
1.258134985535975545e+02
1.213318532336411266e+02
1.165009526669833804e+02
1.116507170106170719e+02
1.069879469907556881e+02
1.025102792061150012e+02
9.796482902960998729e+01
9.287942202507525735e+01
8.667478609443921300e+01
7.883442834787760489e+01
6.908144572037221565e+01
5.749928475947550055e+01
4.454525634511063004e+01
3.094377598940143770e+01
1.749709873744192379e+01
4.888936530057311103e+00
-6.442381970182623263e+00
-1.632460179786767895e+01
-2.478731694485787074e+01
-3.196971251338246134e+01
-3.805023740354521067e+01
-4.321681007919249140e+01
-4.766953019828722660e+01
-5.163312237139724203e+01
-5.534951511718304573e+01
-5.903118093021715396e+01
-6.278972745027569147e+01
-6.658822604249836274e+01
-7.026261114456798396e+01
-7.361121050327072624e+01
-7.650044454112595815e+01
-7.892231856059555639e+01
-8.097178802848307555e+01
-8.276277798336454339e+01
-8.433910074721667627e+01
-8.563865041635348518e+01
-8.653265821432837868e+01
-8.691076209736485225e+01
-8.675507897029733329e+01
-8.616118253622948941e+01
-8.530473569707578463e+01
-8.438496032217949505e+01
-8.357815648777217632e+01
-8.301390344793118459e+01
-8.276816288000047450e+01
-8.286403016314811509e+01
-8.327532343799879300e+01
-8.393245246836170281e+01
-8.473287354919141023e+01
-8.555754542886326419e+01
-8.628976887816304497e+01
-8.683058623555150746e+01
-8.710923712339460678e+01
-8.709176124382489093e+01
-8.678979520944389492e+01
-8.626683717719119215e+01
-8.563490335574603307e+01
-8.503305567091818773e+01
-8.458497656471645598e+01
-8.434790241632893526e+01
-8.427972091915103192e+01
-8.424782663940764849e+01
-8.408008770044752112e+01
-8.363333184659620656e+01
-8.284600093322552539e+01
-8.175103138246771550e+01
-8.044650595450063690e+01
-7.904624303899885263e+01
-7.764293317823420182e+01
-7.630003694315934126e+01
-7.505871735470888950e+01
-7.393539896536610456e+01
-7.290369260649939065e+01
-7.187152227944017113e+01
-7.065605036250029514e+01
-6.894640056309987131e+01
-6.625820037552136910e+01
-6.191305136667293141e+01
-5.508369086540642456e+01
-4.492139402451800834e+01
-3.074579743894084061e+01
-1.224768527059077883e+01
1.035993521293843145e+01
3.629999151384116374e+01
6.432178737869809027e+01
9.289969106630380224e+01
1.204839035646950123e+02
1.457417824202157703e+02
1.677391311831740097e+02
1.860279123594430359e+02
2.006308390605419731e+02
2.119411177263924060e+02
2.205735298957210659e+02
2.272038830167624042e+02
2.324269049352155321e+02
2.366576685308524191e+02
2.400951658595201366e+02
2.427522759255148799e+02
2.445367402099633978e+02
2.453506163542141678e+02
2.451680867214275850e+02
2.440595187507003345e+02
2.421547364245862184e+02
2.395713343798400103e+02
2.363550234410592168e+02
2.324706643757511415e+02
2.278469754427872545e+02
2.224412270769030329e+02
2.162809143751478587e+02
2.094600091050646142e+02
2.020962197461705614e+02
1.942744405350165664e+02
1.860080418495351751e+02
1.772435232327647725e+02
1.679116379704576048e+02
1.579989413373949390e+02
1.476025909315817444e+02
1.369490817159925200e+02
1.263832356550329905e+02
1.163397202251274649e+02
1.072963796190267090e+02
9.970019303622370899e+01
9.386719157165799743e+01
8.987922409674433766e+01
8.751644571703781139e+01
8.626488590396178324e+01
8.542054793045099359e+01
8.427534700365588094e+01
8.232457764607684680e+01
7.940603030194678524e+01
7.569950711111755481e+01
7.158694871453823794e+01
6.745297901273271179e+01
6.353207347598392829e+01
5.986399195570540144e+01
5.634590274980792657e+01
5.282526910731935743e+01
4.918160304883401324e+01
4.537316040259882044e+01
4.144568037627976764e+01
3.750782541437706641e+01
3.368355773813667042e+01
3.006003789413912841e+01
2.665144535986788554e+01
2.338899009767148840e+01
2.013495170925641276e+01
1.671489361478172242e+01
1.296561577439078405e+01
8.795742594960316296e+00
4.243683646612538496e+00
-4.970917854522696189e-01
-5.113015014019524074e+00
-9.266052283306365212e+00
-1.271580236881183623e+01
-1.541656662136765021e+01
-1.754748184841925251e+01
-1.946035363607306579e+01
-2.156022694985284716e+01
-2.416156490549107616e+01
-2.737857502539448262e+01
-3.109637177818886755e+01
-3.502974096464259901e+01
-3.883370030557250629e+01
-4.221373100219280161e+01
-4.499866543249824247e+01
-4.716856183196405539e+01
-4.885131304406894515e+01
-5.030216128783561658e+01
-5.186673924900121335e+01
-5.392121289005942231e+01
-5.679040088926473118e+01
-6.065540124331680261e+01
-6.546709075920321652e+01
-7.088248268474997360e+01
-7.624146139550670398e+01
-8.060197614763964680e+01
-8.284600093322552539e+01
-8.185015349785430772e+01
-7.669072442039639270e+01
-6.683805290110456099e+01
-5.228837094463854385e+01
-3.359426224255473414e+01
-1.178534596354229080e+01
1.179005058392765903e+01
3.565138845101431286e+01
5.836283537252359110e+01
7.869052559890234022e+01
9.574379602229227260e+01
1.090916305588945363e+02
1.188186455657573362e+02
1.254738987790138793e+02
1.298958393130870661e+02
1.329569916129791523e+02
1.353193952086283218e+02
1.372908970994214428e+02
1.388238824801911164e+02
1.396336133141507219e+02
1.393697726519195044e+02
1.377688408585034949e+02
1.347393129407182073e+02
1.303692335878033646e+02
1.248773486667411845e+02
1.185398022568836609e+02
1.116146735204865479e+02
1.042757641017144010e+02
9.656797529446167516e+01
8.840043049682196852e+01
7.958536867337318199e+01
6.991133956183273312e+01
5.922342772054977900e+01
4.748371194463406653e+01
3.479930398847614015e+01
2.142008908945742007e+01
7.714727320201991034e+00
-5.868153036804109490e+00
-1.885149041753097876e+01
-3.079527413629715582e+01
-4.137481210866286574e+01
-5.045734691296829055e+01
-5.814009551089959160e+01
-6.470323472124465525e+01
-7.046232888839105613e+01
-7.556916224343646604e+01
-7.986036736087243071e+01
-8.284600093322552539e+01
-8.386560104897461088e+01
-8.235738649388810018e+01
-7.813286218614045708e+01
-7.154467170224597794e+01
-6.347287139530716615e+01
