-5.401264953479901720e+01
-6.373085600916926552e+01
-7.308257894213691941e+01
-8.165856113389402537e+01
-8.902802126423335949e+01
-9.483017659977622316e+01
-9.890987861329266195e+01
-1.014296918527867888e+02
-1.028853567340888446e+02
-1.039867147723666534e+02
-1.054353361461182033e+02
-1.076957005571760959e+02
-1.108674366626149066e+02
-1.147081862213258319e+02
-1.187765907250057751e+02
-1.226199236028356978e+02
-1.259329042624049748e+02
-1.286407839968473468e+02
-1.308938871843960214e+02
-1.329944075493580158e+02
-1.352968747075682927e+02
-1.381221863696968057e+02
-1.417075992419185297e+02
-1.461951455110109066e+02
-1.516457545454047420e+02
-1.580565279237466996e+02
-1.653576801759547550e+02
-1.733809548112692767e+02
-1.818209135586156435e+02
-1.902350405226183341e+02
-1.981233130165293517e+02
-2.050847685624779047e+02
-2.109902421939937938e+02
-2.160787447844613212e+02
-2.209070530930365805e+02
-2.261472742863712710e+02
-2.322955474283271542e+02
-2.393862913055127990e+02
-2.467917686708372571e+02
-2.531550815436833375e+02
-2.564835214713451137e+02
-2.544103676269172354e+02
-2.445967782246854938e+02
-2.251993232977806372e+02
-1.952992722605586948e+02
-1.551878071949995785e+02
-1.064230198484778214e+02
-5.162170638370546527e+01
5.977567878825972514e+00
6.306742589708217395e+01
1.167907957651356270e+02
1.650999077362424430e+02
2.068950977600514136e+02
2.419566165837918277e+02
2.707342924049675048e+02
2.940756018522952218e+02
3.129601633523527653e+02
3.282892404469243957e+02
3.407582455697584010e+02
3.508101953776557593e+02
3.586404203450604200e+02
3.642246502689624208e+02
3.673719903977853392e+02
3.678229375348161057e+02
3.653904166390966566e+02
3.600952061430901381e+02
3.522245635407855957e+02
3.422736355282577279e+02
3.307937727735999260e+02
3.182227237117040772e+02
3.047738534091013207e+02
2.904177338140203801e+02
2.749366422742533587e+02
2.580086141845703196e+02
2.392897074633571322e+02
2.184900627392964338e+02
1.954560502904639634e+02
1.702639272184255788e+02
1.433048467016624556e+02
1.153195051376917490e+02
8.734574568286608098e+01
6.057285264721426898e+01
3.613277401320984694e+01
1.488658039371760289e+01
-2.726084110713164144e+00
-1.672835508214651057e+01
-2.754000510202904906e+01
-3.584773336054417570e+01
-4.246440159141451431e+01
-4.821011952800190414e+01
-5.382416152771551054e+01
-5.990288755163614098e+01
-6.685636823571567788e+01
-7.488104010773474783e+01
-8.395123169405466967e+01
-9.383525095786527004e+01
-1.041418954202737410e+02
-1.143982142694931383e+02
-1.241476555787704399e+02
-1.330463576428694523e+02
-1.409314783558661190e+02
-1.478396380388997500e+02
-1.539660272464998059e+02
-1.595748839237841992e+02
-1.648931163011804699e+02
-1.700309402939446954e+02
-1.749658272546671185e+02
-1.795936627289770797e+02
-1.838102759013439709e+02
-1.875707967719344538e+02
-1.908980621117795522e+02
-1.938514575145647711e+02
-1.964902908702931370e+02
-1.988587845655870012e+02
-2.009949755297065508e+02
-2.029449456363591651e+02
-2.047630970773362264e+02
-2.064962431183900549e+02
-2.081659273400411507e+02
-2.097664795384604304e+02
-2.112882860284106528e+02
-2.127629563330251870e+02
-2.143121501052541191e+02
-2.161717146599363275e+02
-2.186679526734741614e+02
-2.221422241647538840e+02
-2.268402923775816760e+02
-2.327922938108229403e+02
-2.397028556037449789e+02
-2.468549685596458971e+02
-2.530306689808103897e+02
-2.564835214713451137e+02
-2.550331811077172688e+02
-2.463386146238833021e+02
-2.283341157148064724e+02
-1.997242628355589318e+02
-1.603833374072864046e+02
-1.115155315135616689e+02
-5.550780193355120673e+01
4.480425981084131593e+00
6.505737137922170632e+01
1.231173864739193249e+02
1.762304726742715673e+02
2.228538482030442083e+02
2.623576342783787823e+02
2.948873196952928311e+02
3.211185208115325622e+02
3.419800891049108031e+02
3.584092618038887395e+02
3.711708212990329230e+02
3.807541013299771748e+02
3.873608781753962944e+02
3.909868558587606344e+02
3.915672989195700779e+02
3.891256989631536385e+02
3.838638241703213225e+02
3.761666095431834265e+02
3.665379914198094298e+02
3.555025268487416952e+02
3.434993253532853146e+02
3.307823541029396210e+02
3.173467163610882267e+02
3.029186109897798360e+02
2.870434818028281256e+02
2.692621049402603148e+02
2.493074707854663643e+02
2.272385211802603067e+02
2.034668722343041907e+02
1.786914905905620117e+02
1.537834483820594755e+02
1.296512529098370123e+02
1.071014354486735698e+02
8.671416636318028281e+01
6.876746040997826981e+01
5.323916450031980929e+01
3.988605464906656550e+01
2.836373135308463134e+01
1.833453957769836151e+01
9.521270843679502605e+00
1.694946287743743341e+00
-5.376656209182037571e+00
-1.196813541754734445e+01
-1.838193765799008972e+01
-2.487977447723326918e+01
-3.159936695896981718e+01
-3.850530215271103174e+01
-4.539894087348518070e+01
-5.197979600855384774e+01
-5.793658379617632193e+01
-6.304805744937951317e+01
-6.726983330278177675e+01
-7.077332077158503409e+01
-7.391152203379037644e+01
-7.712215045840964933e+01
-8.081395183433666318e+01
-8.528636996620021193e+01
-9.070437626598204872e+01
-9.711350270824485165e+01
-1.044602716620518805e+02
-1.125911026868305100e+02
-1.212323322001325749e+02
-1.299844782445412363e+02
-1.383686988769387938e+02
-1.459334248117706352e+02
-1.523875601629021048e+02
-1.577054663809415160e+02
-1.621567818343523015e+02
-1.662403219537796133e+02
-1.705361294883257983e+02
-1.755233611168739287e+02
-1.814286108427700981e+02
-1.881595329340925673e+02
-1.953475823829026581e+02
-2.024860803492513526e+02
-2.091188252327131067e+02
-2.150169334470116382e+02
-2.202798893197146413e+02
-2.253119073296679460e+02
-2.306569607988072050e+02
-2.367214991852375476e+02
-2.434598554908454275e+02
-2.501251874434290983e+02
-2.551871535180788442e+02
-2.564835214713451137e+02
-2.516070960730487514e+02
-2.384458361299811884e+02
-2.157284106895420734e+02
-1.834129612780883747e+02
-1.427961341333537746e+02
-9.629624390338639728e+01
-4.696635674525811766e+01
2.105521410726015397e+00
4.830735876945374230e+01
8.977755071265674758e+01
1.254202368887698640e+02
1.547546013154280047e+02
1.777353401429791973e+02
1.946454697690264197e+02
2.060803428624386129e+02
2.129622915419522258e+02
2.164927828204634466e+02
2.179838683182948955e+02
2.185927212431969338e+02
2.190566976934798902e+02
2.195417883438501008e+02
2.196696169861093324e+02
2.187129908286748616e+02
2.158890648938186132e+02
2.106533008324690854e+02
2.029027088152889746e+02
1.930214652789671277e+02
1.817449071046618769e+02
1.698820153237322756e+02
1.580029425705733672e+02
1.462243256574735426e+02
1.341823041390078117e+02
1.211939312809546152e+02
1.065306627490606814e+02
8.969991060981526232e+01
7.064503832999334065e+01
4.981163296005064467e+01
2.807520403185579028e+01
