2.596804912789053787e+01
-3.721517054481742548e+01
-9.137207620135860964e+01
-1.296233514878930180e+02
-1.485394862175427022e+02
-1.483233169560107001e+02
-1.320212071590638629e+02
-1.042400807158966813e+02
-6.986289072219292962e+01
-3.309782334237969081e+01
3.003057661112844556e+00
3.658677927469491209e+01
6.674686373955047713e+01
9.316612391600082788e+01
1.158179913566272461e+02
1.348000547399294078e+02
1.502792976030057162e+02
1.624860455261127754e+02
1.717084393199764349e+02
1.782732677860410035e+02
1.825193289558744993e+02
1.847745594396376703e+02
1.853477909165433744e+02
1.845390539865298649e+02
1.826583407452479264e+02
1.800348291418629003e+02
1.770053640540336062e+02
1.738819703426574961e+02
1.709036132397041570e+02
1.681842464917590405e+02
1.656811576272428113e+02
1.632086818304133544e+02
1.604993529452738983e+02
1.572826043770789965e+02
1.533384949537877446e+02
1.485013760577806465e+02
1.426225877606999290e+02
1.355284197804855637e+02
1.270122151789861960e+02
1.168770477386583337e+02
1.050131820246825924e+02
9.147279630733270039e+01
7.650477412060311622e+01
6.053190267157019377e+01
4.407982411680043811e+01
2.768786087216339098e+01
1.183606143508936270e+01
-3.090671673619297621e+00
-1.680244244897057726e+01
-2.908482203583998427e+01
-3.977660577891502669e+01
-4.875315865976347851e+01
-5.592031545536302417e+01
-6.122625411740531831e+01
-6.469581935040642406e+01
-6.647869804731297450e+01
-6.688931914932314271e+01
-6.641445860854956607e+01
-6.567415832590862124e+01
-6.533423586562298624e+01
-6.598167767614035029e+01
-6.799113581895761627e+01
-7.142815815290182968e+01
-7.603607162705135636e+01
-8.132492516806010485e+01
-8.673504413739516394e+01
-9.181483709344203703e+01
-9.634733744991996218e+01
-1.003777437173985589e+02
-1.041320535358793506e+02
-1.078680094451940477e+02
-1.117348730924487370e+02
-1.157076929491561685e+02
-1.196115544833517674e+02
-1.232021482235323617e+02
-1.262530661422054266e+02
-1.286160167265778114e+02
-1.302464862641900254e+02
-1.312057244691692404e+02
-1.316508143451754336e+02
-1.318129529538993836e+02
-1.319584321057702994e+02
-1.323358261717971800e+02
-1.331231281400852708e+02
-1.343874652445865081e+02
-1.360631558014382279e+02
-1.379515906521687043e+02
-1.397493790889298282e+02
-1.411117142728238605e+02
-1.417464520591328494e+02
-1.415106819569330696e+02
-1.404649517239618604e+02
-1.388536889966908348e+02
-1.370178193819892840e+02
-1.352763570950601490e+02
-1.338211091623537641e+02
-1.326609713884513440e+02
-1.316378587309963564e+02
-1.305132523214425646e+02
-1.290956261615814071e+02
-1.273576930320720493e+02
-1.254908696287032939e+02
-1.238674108332394184e+02
-1.229227141449880207e+02
-1.230103895316193103e+02
-1.242940699008123318e+02
-1.267156826216023546e+02
-1.300392345732559534e+02
-1.339350119000203279e+02
-1.380530618045995368e+02
-1.420426467239004467e+02
-1.455059461973244765e+02
-1.479143355308537764e+02
-1.485394862175427022e+02
-1.464460411129029183e+02
-1.405656816831595961e+02
-1.298435425836889294e+02
-1.134312821741888229e+02
-9.089509346133243639e+01
-6.240287175692348853e+01
-2.884725126069991674e+01
8.146103961470103627e+00
4.636897483242072582e+01
8.334772782874557606e+01
1.167729210790049308e+02
1.449297459457442869e+02
1.669995915726936460e+02
1.831362077361364413e+02
1.942921591299091233e+02
2.018569223556168311e+02
2.072327746636106554e+02
2.114880244567661407e+02
2.151849880170639153e+02
2.184073406281137864e+02
2.209410239414636692e+02
2.225185158259406535e+02
2.230281235202000971e+02
2.226162568492612763e+02
2.216597252823211477e+02
2.206360389164989328e+02
2.199502324761906777e+02
2.197798193246256346e+02
2.199859755544525513e+02
2.201199048052697549e+02
2.195286455381599353e+02
2.175329262926486535e+02
2.136189757305906767e+02
2.075733405250028341e+02
1.995097114720338141e+02
1.897847978340798818e+02
1.788476657807986214e+02
1.670862063476390063e+02
1.547253287248118738e+02
1.418100117094733150e+02
1.282774524524093351e+02
1.140849283014901658e+02
9.933065473652187904e+01
8.431076457350728504e+01
6.949600849933851521e+01
5.545250556224126370e+01
4.274311352744410897e+01
3.183594513321553876e+01
2.303587869640070451e+01
1.644988027324449575e+01
1.198987770191732594e+01
9.404057429544440794e+00
8.316825354570642759e+00
8.262342076695098569e+00
8.716323833913083519e+00
9.145480270234813247e+00
9.084860592992097139e+00
8.225163155349431321e+00
6.467934480430177047e+00
3.908968213059501373e+00
7.446601983839009620e-01
-2.855658281383679054e+00
-6.840121318292629482e+00
-1.127306549618020881e+01
-1.624246405494668366e+01
-2.173191476845713765e+01
-2.753324674094314872e+01
-3.325228130033296736e+01
-3.841117316516352531e+01
-4.260357566760025350e+01
-4.563429432850654877e+01
-4.758156069909666286e+01
-4.875577216739709030e+01
-4.957801874620336946e+01
-5.043713021807653973e+01
-5.158581578088563191e+01
-5.310919065257184712e+01
-5.496100120341518647e+01
-5.703223163387535521e+01
-5.920813416534060991e+01
-6.138878426191270421e+01
-6.348201405330459579e+01
-6.539869774695840476e+01
-6.706954500974030964e+01
-6.847049109629395502e+01
-6.962701525175994277e+01
-7.058800391827062981e+01
-7.139267358344264380e+01
-7.206126983106537409e+01
-7.261934577053337136e+01
-7.314102492128579058e+01
-7.378417019082094441e+01
-7.479230217269629577e+01
-7.645354628889774062e+01
-7.902736610842102039e+01
-8.266211336868242654e+01
-8.732784314985696028e+01
-9.278677620375800927e+01
-9.861886143070961452e+01
-1.043059711052504639e+02
-1.093580748043219444e+02
-1.134492010290565815e+02
-1.165249664489042374e+02
-1.188447280929158012e+02
-1.209317290484847547e+02
-1.234288724056577564e+02
-1.268892036295539754e+02
-1.315512948552895978e+02
-1.371545599855051023e+02
-1.428468050466025829e+02
-1.472269246345254032e+02
-1.485394862175427022e+02
-1.449955719056527812e+02
-1.351534686120830600e+02
-1.182711656041195454e+02
-9.454405077578884686e+01
-6.516094710490514785e+01
-3.214631141536983705e+01
1.993862844894225717e+00
3.474397298474768547e+01
6.403902024143512506e+01
8.857796775812705903e+01
1.079115766853248886e+02
1.223157169688964245e+02
1.325315819421412584e+02
1.394742027886629501e+02
1.439884271358963872e+02
1.466963547395106389e+02
1.479515081278439084e+02
1.478909192447417240e+02
1.465502856027538030e+02
1.439865303036242778e+02
1.403524766412141389e+02
1.358950937010157531e+02
1.308875436860490424e+02
1.255343226872778786e+02
1.198970808460619963e+02
1.138788402395260135e+02
1.072813819597098899e+02
9.991979404773951501e+01
9.175276586712799087e+01
8.298002316718992688e+01
7.406558914305890085e+01
6.565827662950445642e+01
5.840600888031303839e+01
5.270907206347306584e+01
4.851342178548432571e+01
4.526397775144511826e+01
