-4.750227184643250666e+01
-2.877015803143563133e+01
-1.313025875205809712e+01
-2.834222184749350504e+00
1.216844447246764105e+00
-5.033873470382594917e-01
-6.517633289074879599e+00
-1.489919870137114977e+01
-2.380546932888031009e+01
-3.186460280766646491e+01
-3.836502420569414795e+01
-4.324679683112579198e+01
-4.693089029618988661e+01
-5.005725560427255516e+01
-5.322257473101008429e+01
-5.679635151184512409e+01
-6.085438721842744769e+01
-6.522552432234564890e+01
-6.961624863615828929e+01
-7.375697564047062826e+01
-7.750859853261384558e+01
-8.089169272613064265e+01
-8.404517359288553280e+01
-8.715404466671878936e+01
-9.038685924976188346e+01
-9.385993463334902742e+01
-9.761943961362483435e+01
-1.016255710783624124e+02
-1.057381869138515214e+02
-1.097207592691322873e+02
-1.132809194093445342e+02
-1.161516883694749112e+02
-1.181942315340339604e+02
-1.194769693596091997e+02
-1.202770371853592337e+02
-1.209813433280460373e+02
-1.219254254766938743e+02
-1.232527884419566533e+02
-1.248693691010672353e+02
-1.265152369436385840e+02
-1.279143129658474862e+02
-1.289248397862023694e+02
-1.296156325263386577e+02
-1.302331763302273941e+02
-1.310772419281174450e+02
-1.323372199800981548e+02
-1.339463101850271016e+02
-1.354953241797076657e+02
-1.362268217795762268e+02
-1.351137702391223172e+02
-1.310155230488359734e+02
-1.228881165994777973e+02
-1.100014232808898527e+02
-9.209908497455904808e+01
-6.945093602247355591e+01
-4.279034481201748719e+01
-1.317249808483202145e+01
1.819251076977994330e+01
5.008909857383332564e+01
8.141007153201212532e+01
1.112380947604891759e+02
1.389071014089172991e+02
1.640510888755518124e+02
1.866307188276844329e+02
2.069108175334477835e+02
2.253638928874055125e+02
2.425048664468698121e+02
2.587048543743085816e+02
2.740563697894494339e+02
2.883461991634469541e+02
3.011416324911882043e+02
3.119437930549514135e+02
3.203398333917745617e+02
3.260990890136088183e+02
3.291917984965829191e+02
3.297440770253071491e+02
3.279646519840735550e+02
3.240802172657629399e+02
3.183005694185072798e+02
3.108134464997614259e+02
3.017957567348267958e+02
2.914287042534926968e+02
2.799115593968538178e+02
2.674711704664255763e+02
2.543615560453848161e+02
2.408493780877507220e+02
2.271904788787790608e+02
2.136111829201728654e+02
2.003058751306477916e+02
1.874496560350760888e+02
1.752101399702384867e+02
1.637386399784574564e+02
1.531370301158439702e+02
1.434218472958491475e+02
1.345157372244410112e+02
1.262778939949416213e+02
1.185584898368411757e+02
1.112488719680323754e+02
1.043019273488524448e+02
9.771071283439628985e+01
9.145697021744919653e+01
8.546372773739804529e+01
7.958651298746528369e+01
7.365018663454273451e+01
6.750571362962998023e+01
6.107125956196274075e+01
5.434013400967651819e+01
4.736421982192905489e+01
4.023262891050836032e+01
3.305818963898404661e+01
2.597187310766904744e+01
1.911734504784656252e+01
1.263701712288608547e+01
6.648160777045177383e+00
1.218993103256025279e+00
-3.641617598671984979e+00
-7.978208766500401339e+00
-1.187840029727382785e+01
-1.546959698284302931e+01
-1.891833917289804390e+01
-2.241475405276929678e+01
-2.612855246730684655e+01
-3.014394584718176873e+01
-3.440593491331726739e+01
-3.871995648138805279e+01
-4.282593885600961414e+01
-4.652135612303482048e+01
-4.976712697603787205e+01
-5.271265867774366143e+01
-5.562492593543549901e+01
-5.876207570009893288e+01
-6.225728303504604355e+01
-6.606720676505815959e+01
-7.000270625553341119e+01
-7.381679598713523660e+01
-7.730247762897715802e+01
-8.036128634218064803e+01
-8.302370809223785386e+01
-8.541844820514828029e+01
-8.770467770251113393e+01
-9.000273712167773965e+01
-9.236469283622892590e+01
-9.479948551086781094e+01
-9.732401637107767556e+01
-9.998941276518010568e+01
-1.028522955277178426e+02
-1.059079555225261515e+02
-1.090372747146965082e+02
-1.120138890419370057e+02
-1.145782169961707666e+02
-1.165432132232861591e+02
-1.178815278591736160e+02
-1.187581619522833876e+02
-1.195000892815272096e+02
-1.205151886340011913e+02
-1.221788296936892664e+02
-1.247051399385968864e+02
-1.280225902620582019e+02
-1.316805197611893448e+02
-1.348182227040342127e+02
-1.362268217795762268e+02
-1.345206120538296659e+02
-1.284030367052784811e+02
-1.169692739042730238e+02
-9.994584234875489415e+01
-7.777202671610658058e+01
-5.148547401648001198e+01
-2.245838764438170188e+01
7.912961364689493848e+00
3.845997993098593781e+01
6.836468133635759159e+01
9.713726447693892396e+01
1.244907838530842241e+02
1.501954575380233337e+02
1.739899783329597938e+02
1.955820921002100761e+02
2.147205985840799940e+02
2.312908748741054694e+02
2.453777625071138573e+02
2.572531046724410544e+02
2.672820083505439470e+02
2.757861398260054671e+02
2.829244690771207615e+02
2.886381388226059244e+02
2.926714068605851935e+02
2.946504240549381279e+02
2.941895958766956483e+02
2.909978320088176815e+02
2.849631893200089507e+02
2.761979854340970633e+02
2.650303611351603195e+02
2.519401509651345918e+02
2.374582610739245752e+02
2.220666001927303910e+02
2.061327049224510972e+02
1.898913419884420648e+02
1.734659698239972272e+02
1.569183696741062590e+02
1.403147749822175570e+02
1.237892880289475244e+02
1.075763366336848463e+02
9.198966163045213307e+01
7.735048715674544439e+01
6.389657875653131214e+01
5.171462281188642862e+01
4.072352352247577301e+01
3.070854671438488026e+01
2.138343567287385127e+01
1.245160548565363712e+01
3.651229678636383369e+00
-5.211315997524831545e+00
-1.423155173532967943e+01
-2.338544927265661499e+01
-3.252874505370829183e+01
-4.142172014736060959e+01
-4.977692639610841496e+01
-5.732819520396429880e+01
-6.391350711937106155e+01
-6.954617692999406131e+01
-7.443899772954367222e+01
-7.896077194653817344e+01
-8.353368303491696167e+01
-8.850532743856851425e+01
-9.404187281067208914e+01
-1.000833954138255990e+02
-1.063777280245185750e+02
-1.125752739855595053e+02
-1.183417994517546674e+02
-1.234421897190479740e+02
-1.277673439718038679e+02
-1.313085657837175404e+02
-1.341092853654981525e+02
-1.362268217795762268e+02
-1.377208086227981596e+02
-1.386662127667881919e+02
-1.391766509964718637e+02
-1.394185072802052048e+02
-1.395991308930925925e+02
-1.399230919547754866e+02
-1.405266751591452703e+02
-1.414186306047141670e+02
-1.424637580383744364e+02
-1.434309537860556532e+02
-1.440906041822249222e+02
-1.443121516564680746e+02
-1.441084768942580183e+02
-1.436047753675254341e+02
-1.429553530210438907e+02
-1.422616997625558213e+02
-1.415390838391817283e+02
-1.407412501260324689e+02
-1.398122171388809249e+02
-1.387212396472521050e+02
-1.374582448352616666e+02
-1.360014196186556319e+02
-1.342875742989720322e+02
-1.322085740432828231e+02
-1.296376850584199190e+02
-1.264765763876752374e+02
-1.227082266962536465e+02
-1.184355373756526149e+02
-1.138836453298315661e+02
