1.804725845729523925e+01
-5.164820420452102212e+01
-1.123934189016330265e+02
-1.577446916584876533e+02
-1.852143163797369994e+02
-1.963365607936177639e+02
-1.955292128846490982e+02
-1.883760563518773381e+02
-1.799978242645995863e+02
-1.739657866907456025e+02
-1.719050881167632099e+02
-1.736746453700939696e+02
-1.778791381052198233e+02
-1.824693625846556699e+02
-1.852657654877459095e+02
-1.843351878414063378e+02
-1.782243387011499181e+02
-1.660886756385341130e+02
-1.477517331458329579e+02
-1.237023809862330381e+02
-9.501147447922144806e+01
-6.314948421846287374e+01
-2.972106356210886702e+01
3.818567350605949429e+00
3.637549050533790762e+01
6.729196372879081878e+01
9.628124831808628414e+01
1.232792777696728592e+02
1.482947076897630723e+02
1.713208220795641807e+02
1.923263917901834645e+02
2.112951232813029492e+02
2.282621480620775003e+02
2.433116338339918627e+02
2.565369437988072150e+02
2.679927932769276708e+02
2.776666784607796217e+02
2.854740033940453259e+02
2.912663094937199730e+02
2.948483607216383007e+02
2.960116560196352680e+02
2.945882867119498769e+02
2.905124685685544819e+02
2.838666230737126739e+02
2.748928866037027774e+02
2.639620944024419487e+02
2.515064144038698828e+02
2.379410661154134914e+02
2.236143445191700039e+02
2.088118538343202886e+02
1.938011136184828445e+02
1.788701594541310556e+02
1.643186155278287117e+02
1.503968628776492551e+02
1.372290079135710528e+02
1.247713667468882619e+02
1.128398964442078523e+02
1.011995194239032543e+02
8.967292611434825744e+01
7.821789443219213922e+01
6.694184928779685606e+01
5.605435724239377038e+01
4.578348568646043049e+01
3.629105826250012257e+01
2.761576024910260685e+01
1.965827452698110278e+01
1.220786838821361719e+01
5.000175178434497880e+00
-2.209921062376665191e+00
-9.580161014693636901e+00
-1.713793763494539490e+01
-2.477842864818649105e+01
-3.230897074329853780e+01
-3.952732984257309568e+01
-4.630314083828194782e+01
-5.262565209117448717e+01
-5.859667076639122740e+01
-6.437770782169401684e+01
-7.012269568857020374e+01
-7.592695497233189883e+01
-8.180580012949086210e+01
-8.769951169060485086e+01
-9.349420097639799110e+01
-9.904917314787590499e+01
-1.042267579620381071e+02
-1.089246247294092598e+02
-1.131074447532394487e+02
-1.168253062748161426e+02
-1.202024257918942567e+02
-1.233930938003209121e+02
-1.265245888080488328e+02
-1.296557413990650787e+02
-1.327666145009297054e+02
-1.357771046247246147e+02
-1.385866175385142469e+02
-1.411265532967514957e+02
-1.434087691278863304e+02
-1.455428188135332732e+02
-1.477024464678033837e+02
-1.500504038263105997e+02
-1.526579425090476434e+02
-1.554604395194876645e+02
-1.582732727322005530e+02
-1.608636023496777057e+02
-1.630469048116030990e+02
-1.647652852976293616e+02
-1.661140074409272529e+02
-1.673056511254075645e+02
-1.685858638432618761e+02
-1.701345168548314177e+02
-1.719956382489136786e+02
-1.740704514930099549e+02
-1.761790904801468969e+02
-1.781617310303506656e+02
-1.799687595385964300e+02
-1.816936088073080100e+02
-1.835292570961139234e+02
-1.856668547311792850e+02
-1.881813874078032995e+02
-1.909495242064132015e+02
-1.936228413111792008e+02
-1.956516752038683364e+02
-1.963365607936177639e+02
-1.948863871075856196e+02
-1.904823285861905617e+02
-1.823626866211448032e+02
-1.699363755238089766e+02
-1.529070974812730412e+02
-1.313685241919853866e+02
-1.058289817491862692e+02
-7.714527083597441504e+01
-4.638041584285647190e+01
-1.463069125571968954e+01
1.712350906836631736e+01
4.810504030786972862e+01
7.776004692113441763e+01
1.057311573659445258e+02
1.318086432832136268e+02
1.558754487691432757e+02
1.778567872877418949e+02
1.976850347158110708e+02
2.152881981570955077e+02
2.306040218388011169e+02
2.436130222341394358e+02
2.543718209267352393e+02
2.630205115907544382e+02
2.697480287184563394e+02
2.747269327849419369e+02
2.780519564600687090e+02
2.797134846342166838e+02
2.796116371824556950e+02
2.775949259281456989e+02
2.735067954177448541e+02
2.672329337918947658e+02
2.587438604049548303e+02
2.481229256527381608e+02
2.355730688518777072e+02
2.214061115031859970e+02
2.060236745657221888e+02
1.898953761647238707e+02
1.735341956787223694e+02
1.574640620545513627e+02
1.421717855187961561e+02
1.280399610588637529e+02
1.152729618965680629e+02
1.038468589732295584e+02
9.351989461381587887e+01
8.392016296820678178e+01
7.468626046064102297e+01
6.560068986289280701e+01
5.665211172471610723e+01
4.799771782176095769e+01
3.985196418573630694e+01
3.236727536785429038e+01
2.556865724101202630e+01
1.936291382157526897e+01
1.359687320433768321e+01
8.118300451684589802e+00
2.806454671097462494e+00
-2.429964991390370699e+00
-7.667561638246610300e+00
-1.297480703496952970e+01
-1.840309326118487832e+01
-2.396872556197002524e+01
-2.963657920088830267e+01
-3.531218306114352146e+01
-4.084640278155342941e+01
-4.605982978309597797e+01
-5.079375503555736060e+01
-5.498020784358080704e+01
-5.869932720875788590e+01
-6.218176303285645901e+01
-6.573672256680097803e+01
-6.963156515698199200e+01
-7.398067771142565618e+01
-7.869563616082513136e+01
-8.351474353427823871e+01
-8.809429909160925831e+01
-9.212281692695022173e+01
-9.541554390295677024e+01
-9.795898704478686625e+01
-9.989866596278771738e+01
-1.014843820110204291e+02
-1.029940562367506942e+02
-1.046549205678747967e+02
-1.065834430750085744e+02
-1.087687887434253327e+02
-1.111096025950928663e+02
-1.134818638395317834e+02
-1.157968033259260352e+02
-1.180220527003582589e+02
-1.201692575694527108e+02
-1.222689203154137942e+02
-1.243513941133689116e+02
-1.264432531166136187e+02
-1.285789726363724412e+02
-1.308183797680272846e+02
-1.332531138658359282e+02
-1.359899829743808652e+02
-1.391170923462097164e+02
-1.426740665536015058e+02
-1.466454973698216122e+02
-1.509809791828538152e+02
-1.556294567060440954e+02
-1.605679866662263180e+02
-1.658072480647736597e+02
-1.713650403031540463e+02
-1.772074218626570428e+02
-1.831643439980295227e+02
-1.888393344052837222e+02
-1.935493281092549864e+02
-1.963365607936177639e+02
-1.960779657905481486e+02
-1.916824977417987554e+02
-1.823292333864642103e+02
-1.676779717342886613e+02
-1.479900011769357207e+02
-1.241238865113563890e+02
-9.740538899541854789e+01
-6.940325249883414926e+01
-4.166778119887081999e+01
-1.549735873162856592e+01
8.215433045020347436e+00
2.903318591603135701e+01
4.692098431625699106e+01
6.211709076442902244e+01
7.496933665741590858e+01
8.578352287023760425e+01
9.471624844552351874e+01
1.017224296037545059e+02
1.065558578339400810e+02
1.088265742957895554e+02
1.081258256527867729e+02
1.042142701234382685e+02
9.722966186980826819e+01
8.783207343985716875e+01
7.719698104061055233e+01
6.680187553687889590e+01
5.802692055918652159e+01
5.168513810280332166e+01
4.767228335896641056e+01
4.492665002148000042e+01
