-4.481505712565494548e+01
-1.697614632728343338e+02
-2.777438618335156661e+02
-3.565543904978978276e+02
-4.016481355824201955e+02
-4.162303208967499017e+02
-4.089900728325366117e+02
-3.907105734689627070e+02
-3.710689826113174945e+02
-3.565375928349990318e+02
-3.497188370693161232e+02
-3.499289629936065467e+02
-3.545268458202315287e+02
-3.604001870670040830e+02
-3.651271148379885858e+02
-3.675523915253490372e+02
-3.677691531753364984e+02
-3.666887400129567141e+02
-3.654550370985056134e+02
-3.649229588085005958e+02
-3.653221121343888740e+02
-3.661228901379801641e+02
-3.660611538841860693e+02
-3.632768013134446505e+02
-3.555550453925933425e+02
-3.406768896765645422e+02
-3.168523507245027417e+02
-2.831422545921690244e+02
-2.397320238860569361e+02
-1.879506363686902546e+02
-1.300160542305153513e+02
-6.858303186079396596e+01
-6.233819692706859428e+00
5.492803994517846888e+01
1.134617072704292298e+02
1.685322499417995630e+02
2.197046413831888287e+02
2.667297480255557502e+02
3.094263847474069848e+02
3.476784950563945245e+02
3.814968980014531326e+02
4.110749820456356360e+02
4.367884023924949020e+02
4.591252936511372695e+02
4.785662632942244272e+02
4.954506514821700307e+02
5.098682323558535359e+02
5.216144345013794918e+02
5.302396747579552994e+02
5.351931479924858195e+02
5.360130935074557783e+02
5.324848098772628191e+02
5.247028576897237144e+02
5.130243065694380675e+02
4.979489393461224722e+02
4.799836506008035713e+02
4.595448971053851892e+02
4.369390707951963577e+02
4.124331082905757171e+02
3.863801731817513883e+02
3.593232352767417979e+02
3.320030102122657354e+02
3.052496268585160237e+02
2.798027072649017555e+02
2.561428627824273008e+02
2.344107872566588924e+02
2.144464365295712298e+02
1.959260432478337748e+02
1.785308084195576726e+02
1.620634419436207736e+02
1.464556022546695147e+02
1.316775217727573022e+02
1.176227542134445798e+02
1.040464248092167168e+02
9.059058409175743520e+01
7.687977640071672170e+01
6.264000977694628602e+01
4.778509162530617971e+01
3.242899499694622278e+01
1.682290955062096316e+01
1.255836982992130757e+00
-1.403351789681218165e+01
-2.890738794608254381e+01
-4.334159044108041314e+01
-5.741183620890072348e+01
-7.126557418999692572e+01
-8.508445634728342100e+01
-9.903068704506405595e+01
-1.131674266794511681e+02
-1.273695524864578204e+02
-1.412828898906924451e+02
-1.543954205324273232e+02
-1.662259791286950588e+02
-1.765535090340073054e+02
-1.855674447422639162e+02
-1.938485824090324456e+02
-2.021724438592850390e+02
-2.112160167826841928e+02
-2.212960890349943668e+02
-2.322506414886584594e+02
-2.435063315809388769e+02
-2.542945415386892023e+02
-2.639266910356407152e+02
-2.720307723386066527e+02
-2.786727171550871276e+02
-2.843235750733219334e+02
-2.896831373277656780e+02
-2.954256780149372617e+02
-3.019687324984532779e+02
-3.093555332047625939e+02
-3.172903424690981637e+02
-3.253032924579036376e+02
-3.329713095881909908e+02
-3.400973898958056907e+02
-3.467674593005307884e+02
-3.532648191639513584e+02
-3.598957592853286656e+02
-3.668206523206586667e+02
-3.739690109962772908e+02
-3.810610607035741282e+02
-3.877049017883363717e+02
-3.935169997306507526e+02
-3.982220961160746810e+02
-4.017107767466011410e+02
-4.040563796496458053e+02
-4.055071058323120496e+02
-4.064646827577061572e+02
-4.074360340795932416e+02
-4.089168351118037208e+02
-4.111730886651731112e+02
-4.139509383253124497e+02
-4.162303208967499017e+02
-4.161702283790656338e+02
-4.113317162570670575e+02
-3.991431317680455209e+02
-3.774659368833852682e+02
-3.450820101256207977e+02
-3.019648981840978763e+02
-2.492850816286939448e+02
-1.891856435539043275e+02
-1.244196741366246073e+02
-5.795452139290588889e+01
7.380617646033293511e+00
6.917952589228417537e+01
1.256846406196643784e+02
1.759478796703216688e+02
2.198835462375700160e+02
2.581608171264224438e+02
2.919291582100839264e+02
3.224449855105448819e+02
3.507146406280008364e+02
3.772573725569431531e+02
4.020415378088587772e+02
4.245881025447469597e+02
4.441852259846634752e+02
4.601307950515200673e+02
4.719262481281946862e+02
4.793775160997378180e+02
4.825972253225953068e+02
4.819295134243706116e+02
4.778308389167748373e+02
4.707433269090734029e+02
4.609971162027975424e+02
4.487710851581539373e+02
4.341220815136032343e+02
4.170685493299168343e+02
3.976973126217962431e+02
3.762554524650189478e+02
3.531921935991792907e+02
3.291307368381588390e+02
3.047767502864284666e+02
2.807997525408619595e+02
2.577371036440870284e+02
2.359528823019506376e+02
2.156476667462917476e+02
1.968936180278568315e+02
1.796767580131840418e+02
1.639430828742700044e+02
1.496427420998263358e+02
1.367514488414302036e+02
1.252449483486354893e+02
1.150282540628872425e+02
1.058636495761961669e+02
9.735760491167604869e+01
8.902964684313812427e+01
8.042654314436191498e+01
7.122169208904578852e+01
6.126821889819895262e+01
5.061258293649152051e+01
3.948141601175137794e+01
2.823575464891813169e+01
1.728301266533272695e+01
6.964859861336904601e+00
-2.529356279123987861e+00
-1.117795870811549008e+01
-1.906660720938263154e+01
-2.629155016731958483e+01
-3.288218239645665619e+01
-3.878497112362512667e+01
-4.391887900446623405e+01
-4.827550246464642925e+01
-5.201112178301526257e+01
-5.547862237973673416e+01
-5.917461290395478812e+01
-6.361199475722253993e+01
-6.915480834813320143e+01
-7.586885977248485347e+01
-8.344771791354173729e+01
-9.126062524188320424e+01
-9.853099257502105957e+01
-1.046017259863452438e+02
-1.091992687592330356e+02
-1.125917081638903454e+02
-1.155589582865475364e+02
-1.191566540069261890e+02
-1.243420280401363982e+02
-1.316016878400042742e+02
-1.407405132891049675e+02
-1.509401136125117091e+02
-1.610825064136157891e+02
-1.702029849728224349e+02
-1.778620204678580876e+02
-1.842685326168494271e+02
-1.901234304035230025e+02
-1.962902596609139323e+02
-2.034581096327767398e+02
-2.119298883971544285e+02
-2.215904166456080304e+02
-2.320300892449984076e+02
-2.427465846366853555e+02
-2.533345088944289500e+02
-2.636060060304936883e+02
-2.736385545302134688e+02
-2.837730006045719620e+02
-2.945687191035311798e+02
-3.066959172661631783e+02
-3.207473651610572460e+02
-3.369890840805133507e+02
-3.551139853161988640e+02
-3.740813684548938340e+02
-3.921077343110117113e+02
-4.068354887178091985e+02
-4.156683782942088214e+02
-4.162303208967499017e+02
-4.068618187109950100e+02
-3.870218583040809790e+02
-3.574625418601816023e+02
-3.201187040757524755e+02
-2.777616306262152648e+02
-2.335329322841279236e+02
-1.904756908145969305e+02
-1.511414200205717293e+02
-1.173098547381878802e+02
-8.983152738914138524e+01
-6.859016831289750371e+01
-5.258080681594044847e+01
-4.011098720673859930e+01
-2.914420140793748004e+01
-1.778000632605193942e+01
-4.783174916679193700e+00
1.002131820790452110e+01
2.569213015682072410e+01
