-9.551789800561826382e+01
-5.318623462622595355e+01
-1.793514592953140863e+01
5.118478701064155700e+00
1.400363516631388450e+01
9.910515235542426637e+00
-3.745018218990580294e+00
-2.267883791897000734e+01
-4.298211639642308768e+01
-6.191148770335838236e+01
-7.813316285151449847e+01
-9.152096296563999545e+01
-1.027042419417177683e+02
-1.125700728106980648e+02
-1.218780354366176795e+02
-1.310733404158312396e+02
-1.402998470304461875e+02
-1.495376198129508225e+02
-1.587531203654223191e+02
-1.679770226241807052e+02
-1.772927824298901669e+02
-1.867732487810991984e+02
-1.964112952640187473e+02
-2.060720102202735120e+02
-2.154816070946131674e+02
-2.242671428356370598e+02
-2.320497265885638569e+02
-2.385632636776689992e+02
-2.437470556917701856e+02
-2.477720173757553255e+02
-2.509963471018071459e+02
-2.538716035174634555e+02
-2.568205674685529516e+02
-2.601064876133506232e+02
-2.637316046622698877e+02
-2.674242326330849551e+02
-2.707547887292617474e+02
-2.733493784169676815e+02
-2.750940593191918424e+02
-2.762118701472505222e+02
-2.771657419532188555e+02
-2.784445742939760748e+02
-2.803542753714743299e+02
-2.829177860171524230e+02
-2.859048399733170527e+02
-2.889251851135356333e+02
-2.914874182280825039e+02
-2.929650285664957323e+02
-2.924860406185615602e+02
-2.888185666990807476e+02
-2.803361674509999375e+02
-2.651245594302941981e+02
-2.412484750192641059e+02
-2.071399404315422430e+02
-1.620114912947872483e+02
-1.061652987553682976e+02
-4.108290500529015787e+01
3.075443582385773311e+01
1.062674172582486563e+02
1.822705305819963542e+02
2.558986412542351161e+02
3.248654463976800457e+02
3.875460943790759529e+02
4.429496073589236858e+02
4.906547117916846901e+02
5.307413140601130408e+02
5.637093280355777551e+02
5.903648267676212527e+02
6.116658793159032257e+02
6.285446261884081878e+02
6.417465583722854490e+02
6.517389564083350706e+02
6.587269359292912441e+02
6.627753416496598220e+02
6.639828863266623102e+02
6.626240364549684045e+02
6.591874021643473043e+02
6.542861951940531071e+02
6.484709838827500334e+02
6.420215947393354554e+02
6.348151358320792497e+02
6.263364839828013828e+02
6.158242985451749973e+02
6.024825316214650002e+02
5.856783653648393511e+02
5.650805094341008044e+02
5.407251231991826899e+02
5.130127258605882616e+02
4.826495809310651453e+02
4.505568982311642117e+02
4.177707544566819138e+02
3.853418952869610621e+02
3.542330318115563159e+02
3.252182227376312653e+02
2.988095950403860570e+02
2.752447059444353954e+02
2.545417640768724254e+02
2.365826435067144757e+02
2.211593444391374419e+02
2.079509259475738077e+02
1.964660938819783667e+02
1.860321887776060805e+02
1.758899821746550174e+02
1.653785954085809635e+02
1.541236074354812899e+02
1.421269196345772343e+02
1.297082847867571900e+02
1.173267889974615770e+02
1.053639254413349846e+02
9.395746711139717888e+01
8.294900961671230277e+01
7.196044255739916196e+01
6.055761323467474710e+01
4.842133417516707539e+01
3.545223484124912261e+01
2.177916341299285818e+01
7.688217841352440018e+00
-6.484568298589920232e+00
-2.045206281414391469e+01
-3.403516001582141826e+01
-4.717312321467150582e+01
-5.989751438987565280e+01
-7.229014550440518860e+01
-8.443874695454201174e+01
-9.639510735858124235e+01
-1.081407713843393594e+02
-1.195730805074348382e+02
-1.305252105017740405e+02
-1.408179645895211820e+02
-1.503187778061103472e+02
-1.589763191249413126e+02
-1.668159931075483087e+02
-1.739087178505753286e+02
-1.803405286599644342e+02
-1.862047269787259438e+02
-1.916189015667742410e+02
-1.967493730387854498e+02
-2.018173043270780909e+02
-2.070688059647458203e+02
-2.127101689347527440e+02
-2.188291347504776354e+02
-2.253364962184253386e+02
-2.319621219626113771e+02
-2.383196670948976248e+02
-2.440213760862649792e+02
-2.488005260983399580e+02
-2.526004592333232495e+02
-2.556095254418059426e+02
-2.582415366594790385e+02
-2.610657806380036732e+02
-2.646803966128528032e+02
-2.695218901316578126e+02
-2.756331036371191203e+02
-2.824549813815455082e+02
-2.887195143605167686e+02
-2.924860406185615602e+02
-2.913169356372729908e+02
-2.825732588174097941e+02
-2.638177222333732743e+02
-2.332809331894731599e+02
-1.902961935788916321e+02
-1.355658809747958458e+02
-7.114257851441064417e+01
-1.016568337554133450e-01
7.399614380356261734e+01
1.476771395875403527e+02
2.179977436961625585e+02
2.827700701852380689e+02
3.405760497772602093e+02
3.906484475252183870e+02
4.327186767619035663e+02
4.668964741097544788e+02
4.935914868162678886e+02
5.134566505137738659e+02
5.273340748679202079e+02
5.361914652730298485e+02
5.410387637606133922e+02
5.428215075684629483e+02
5.423077856868039817e+02
5.400080787270899236e+02
5.361685025895017134e+02
5.308461481338813428e+02
5.240263244128522047e+02
5.157107579154364885e+02
5.059200219846498499e+02
4.946093564776054450e+02
4.815593030475733372e+02
4.663271108722573786e+02
4.483151383225526274e+02
4.269511176674558897e+02
4.019170447272410343e+02
3.733321782871860819e+02
3.418063677168931349e+02
3.083359103136475596e+02
2.740885018839168765e+02
2.401690835404515951e+02
2.074487696611112710e+02
1.764929723619364097e+02
1.475811148289474772e+02
1.207899515561707915e+02
9.610586976911864099e+01
7.352339421307821965e+01
5.308585376340690232e+01
3.484818930383882218e+01
1.878474219702963666e+01
4.696669270465463342e+00
-7.828105163755452622e+00
-1.938087410048600745e+01
-3.063785459210298967e+01
-4.223397016563337303e+01
-5.462804611825126244e+01
-6.798258005047333086e+01
-8.209780041457902655e+01
-9.644705407501686523e+01
-1.103270698425162379e+02
-1.230761219847590695e+02
-1.342734957880426236e+02
-1.438435414439674958e+02
-1.520371345692713305e+02
-1.593202412069283866e+02
-1.662315632266182490e+02
-1.732665369743107533e+02
-1.808102427202247213e+02
-1.890989562700313513e+02
-1.981765730414632571e+02
-2.078478648792724925e+02
-2.176790031302282387e+02
-2.270975067764683217e+02
-2.355864163362060140e+02
-2.428965849843302749e+02
-2.491701704748698489e+02
-2.548977991981869877e+02
-2.607065663328119172e+02
-2.670610804109688274e+02
-2.740120242785126834e+02
-2.811145395253403194e+02
-2.875630667048797591e+02
-2.924860406185615602e+02
-2.952684383097003433e+02
-2.957632533595177620e+02
-2.943091564066122032e+02
-2.915569791790894101e+02
-2.881939180473831925e+02
-2.847080469460921677e+02
-2.813127398072556389e+02
-2.780475674249660187e+02
-2.749561378200804711e+02
-2.721962538195849106e+02
-2.699944182712882821e+02
-2.684733024950143090e+02
-2.674742477218920271e+02
-2.665036737926125738e+02
-2.648577592895043722e+02
-2.618848985878913709e+02
-2.572843958244448572e+02
-2.513237877562533811e+02
-2.448744084652887238e+02
-2.392109085421754742e+02
-2.356000996706982562e+02
-2.348076030306899611e+02
-2.367291000622547585e+02
-2.403403025811072382e+02
