-3.585241674648959531e+01
-2.354369815655537934e+00
2.550936426126835954e+01
4.371720765849721602e+01
5.082895115355492521e+01
4.799302064926622791e+01
3.815043973245677478e+01
2.487311412115720799e+01
1.130317838146329734e+01
-5.002506102269634880e-01
-9.723801658441125539e+00
-1.657024280096900171e+01
-2.182887892889677772e+01
-2.644339586030736555e+01
-3.120792415080447313e+01
-3.662431671338395489e+01
-4.288204099957297899e+01
-4.990751808380144894e+01
-5.745106360923214339e+01
-6.519576812418951306e+01
-7.286766336580323866e+01
-8.031424542276465672e+01
-8.751990966015503659e+01
-9.455170882949100530e+01
-1.014655608433289018e+02
-1.082242640069353570e+02
-1.146672273814116210e+02
-1.205397347608865033e+02
-1.255644228700573137e+02
-1.295325668220650641e+02
-1.323951516647724134e+02
-1.343267648725906156e+02
-1.357260797025339230e+02
-1.371302488878522752e+02
-1.390621209054405938e+02
-1.418675527023850691e+02
-1.456036320946892886e+02
-1.500122441685313959e+02
-1.545821299593550862e+02
-1.586796145486711680e+02
-1.617148023863798585e+02
-1.633044853626618931e+02
-1.633905598050612582e+02
-1.622731752716631775e+02
-1.605317377611447682e+02
-1.588437111753549118e+02
-1.577614517797157418e+02
-1.575406138575273474e+02
-1.580989939529792139e+02
-1.591190717802403469e+02
-1.602276846330539399e+02
-1.611470145187573166e+02
-1.617374529567898662e+02
-1.619160790176869398e+02
-1.614895861824896315e+02
-1.599728798290178418e+02
-1.564784146767694608e+02
-1.497486395591332951e+02
-1.383543893817172545e+02
-1.210113897423672142e+02
-9.691343161132213879e+01
-6.597306373231816679e+01
-2.889806461807397397e+01
1.290751977869640754e+01
5.757214617744666896e+01
1.030392530274822889e+02
1.473329989877031494e+02
1.887662048175733958e+02
2.260766735962178871e+02
2.584899920975852865e+02
2.857122059474866660e+02
3.078641291113906391e+02
3.253773624414251344e+02
3.388743898441036890e+02
3.490514278658387184e+02
3.565765990666410516e+02
3.620120398039202883e+02
3.657696994185449739e+02
3.681121173043109138e+02
3.692001058174764694e+02
3.691664807055965980e+02
3.681754046389472705e+02
3.664325713602335099e+02
3.641440748099288385e+02
3.614548184034716769e+02
3.584017404829557449e+02
3.548958580496343416e+02
3.507285186565699178e+02
3.455963096445520932e+02
3.391456891211172433e+02
3.310387156787269305e+02
3.210316806608290108e+02
3.090452343787092673e+02
2.952001275580365700e+02
2.798041221855427239e+02
2.632948793719378386e+02
2.461586046147148181e+02
2.288527449251097323e+02
2.117606957665488494e+02
1.951898360102760535e+02
1.793986605761038504e+02
1.646260976764842781e+02
1.511030715870695644e+02
1.390390930845796902e+02
1.285852434724380942e+02
1.197841535485528368e+02
1.125295844886655630e+02
1.065606704570955543e+02
1.014993374911574193e+02
9.691577574236526971e+01
9.239679435175982292e+01
8.760004475067874807e+01
8.229044351188062478e+01
7.636111912926538992e+01
6.983745098421800890e+01
6.285525288376582154e+01
5.560562080675585861e+01
4.825810009842364678e+01
4.089797281359544456e+01
3.351618915304872814e+01
2.606192697660138435e+01
1.852637137994341288e+01
1.100150105835081149e+01
3.669211682341781966e+00
-3.279306202860865938e+00
-9.746052259997370015e+00
-1.578742165520995400e+01
-2.159817076405667535e+01
-2.742804445163130822e+01
-3.347463285509581965e+01
-3.980315183555168801e+01
-4.632625237778100313e+01
-5.284517531837582283e+01
-5.912489709567407203e+01
-6.496740079142978175e+01
-7.026032354924430479e+01
-7.499664136063879027e+01
-7.927001648717364901e+01
-8.325095284053227829e+01
-8.714855700927924431e+01
-9.116361095557149952e+01
-9.544047047799182337e+01
-1.000287481206341056e+02
-1.048678895098346970e+02
-1.098037096638905155e+02
-1.146352583985251101e+02
-1.191763450046123864e+02
-1.233062978879240177e+02
-1.269896202106455689e+02
-1.302636372837532122e+02
-1.332099326167990512e+02
-1.359251226957063068e+02
-1.384967337888772647e+02
-1.409878606711357918e+02
-1.434395415460597292e+02
-1.458944498944221380e+02
-1.484237430242224889e+02
-1.511209624694171225e+02
-1.540365148019494654e+02
-1.570611039502666699e+02
-1.597997474949849561e+02
-1.614895861824896315e+02
-1.610060072487849254e+02
-1.569793178020659639e+02
-1.480119588853507651e+02
-1.329428031643971053e+02
-1.110892787901494785e+02
-8.240952130609636583e+01
-4.755780966001391619e+01
-7.836928798535879537e+00
3.493347131345394274e+01
7.861142002316800870e+01
1.209693032113753759e+02
1.599480453188725733e+02
1.938986953720438748e+02
2.217770945240703497e+02
2.432539031532270712e+02
2.587047840287701774e+02
2.690656600187278400e+02
2.755785956028983037e+02
2.794977569227216918e+02
2.818442327806975527e+02
2.832768860707661815e+02
2.840935954577347502e+02
2.843242700095705686e+02
2.838534434963852391e+02
2.825215594801112502e+02
2.801836134367624709e+02
2.767324215740255795e+02
2.721078796431085038e+02
2.663060240828451697e+02
2.593804613566876469e+02
2.514158852924736891e+02
2.424653301548374031e+02
2.324747760534392569e+02
2.212461668651507978e+02
2.084838706852529242e+02
1.939244908090352624e+02
1.774962869668442522e+02
1.594318858784210988e+02
1.402790419593964657e+02
1.208015579832181743e+02
1.018096966464211306e+02
8.398547807089984474e+01
6.776239297607763490e+01
5.328810803561974296e+01
4.046453005192442021e+01
2.903720698963539348e+01
1.869558281124214716e+01
9.149029547004147389e+00
1.646817884581395219e-01
-8.421983855989989110e+00
-1.670698772111217778e+01
-2.472550677131451025e+01
-3.247701656338196585e+01
-3.996962203252776646e+01
-4.726224684354477290e+01
-5.447040445676242371e+01
-6.171890019257802606e+01
-6.906363489022459135e+01
-7.643163488249933835e+01
-8.362056133669992164e+01
-9.036529908855385429e+01
-9.644585214984577703e+01
-1.017925431000869310e+02
-1.065432506158191188e+02
-1.110242874111029465e+02
-1.156567071856739943e+02
-1.208191439355863537e+02
-1.267154654499716457e+02
-1.332940152530741500e+02
-1.402432670831330768e+02
-1.470603603640145707e+02
-1.531718690225565922e+02
-1.580785000401186551e+02
-1.614895861824896315e+02
-1.634132656940837762e+02
-1.641756190656241472e+02
-1.643529340230525690e+02
-1.646214108400365888e+02
-1.655611683713621858e+02
-1.674794372386757573e+02
-1.703200183695017813e+02
-1.736967119872664114e+02
-1.770379142714947420e+02
-1.797813738335965752e+02
-1.815387649382353175e+02
-1.821690956445711436e+02
-1.817457417897152823e+02
-1.804515141356344827e+02
-1.784656841888891563e+02
-1.759012874027107216e+02
-1.728171422704315319e+02
-1.692880431767215441e+02
-1.654855529295022620e+02
-1.617141586930748076e+02
-1.583725797706152321e+02
-1.558539298307044021e+02
-1.544281998547808712e+02
-1.541505945831040663e+02
-1.548238074907494592e+02
-1.560268951756741274e+02
