-1.096141851585226590e+01
5.947425964940698861e+01
1.195707786037657456e+02
1.617389954161994012e+02
1.828405514097728997e+02
1.842966132532096140e+02
1.708593148960590042e+02
1.487331381162513537e+02
1.237779398556870660e+02
1.002902163045575890e+02
8.053315223894431085e+01
6.491721030027125039e+01
5.258650101783241837e+01
4.213581162014652648e+01
3.223326400365886002e+01
2.201541322276108303e+01
1.122060553473772160e+01
1.063506778532499197e-01
-1.075878202734468658e+01
-2.073472011258998648e+01
-2.931449447106145811e+01
-3.625990445370045734e+01
-4.165244135430864247e+01
-4.585612181797406350e+01
-4.941185416922828466e+01
-5.290799702703155560e+01
-5.687289763011361288e+01
-6.170655206344966359e+01
-6.763693979099376463e+01
-7.468275335335873422e+01
-8.263002271811890864e+01
-9.105559694736666643e+01
-9.942203852014347376e+01
-1.072247431017716934e+02
-1.141306716575892608e+02
-1.200489238401951297e+02
-1.251153959668637157e+02
-1.296179078483461353e+02
-1.339022221593176596e+02
-1.382869265371138567e+02
-1.429993929070539025e+02
-1.481379837787793576e+02
-1.536629694467850982e+02
-1.594151346334660957e+02
-1.651561326485179393e+02
-1.706178567372669477e+02
-1.755449488312876269e+02
-1.797248613962682953e+02
-1.830164572927678250e+02
-1.853881137247389859e+02
-1.869566606419769812e+02
-1.880032323836234696e+02
-1.889459992577857292e+02
-1.902645268611590268e+02
-1.923871975202300177e+02
-1.955693539489590478e+02
-1.998003750900639375e+02
-2.047763311197046789e+02
-2.099575251644635046e+02
-2.146988686435657030e+02
-2.184109627383196823e+02
-2.207011160682521052e+02
-2.214572542244447959e+02
-2.208579636229070502e+02
-2.193101879720443605e+02
-2.173343494494137360e+02
-2.154329602524453833e+02
-2.139834206769187688e+02
-2.131824461596408185e+02
-2.130458271745879699e+02
-2.134471806223217811e+02
-2.141698446292892299e+02
-2.149465905097671907e+02
-2.154714851330094803e+02
-2.153836360930154399e+02
-2.142351688029616241e+02
-2.114592617595474451e+02
-2.063512635479125947e+02
-1.980751602387104242e+02
-1.857119906155345461e+02
-1.683670447906623906e+02
-1.453364210941769556e+02
-1.163038737748441207e+02
-8.151438953389330777e+01
-4.186522144373356724e+01
1.129926145487992528e+00
4.551383882835986583e+01
8.916196521304001976e+01
1.300946886508892248e+02
1.667522809916160611e+02
1.981752949797022723e+02
2.240581384673210152e+02
2.446715854859357648e+02
2.606816267866004750e+02
2.729220353539832331e+02
2.821908680669943124e+02
2.891238720744161128e+02
2.941583251097625293e+02
2.975660981399349225e+02
2.995229269207904395e+02
3.001848927265416478e+02
2.997487449670013007e+02
2.984778249504536234e+02
2.966825160106717476e+02
2.946534502307393950e+02
2.925609571091034695e+02
2.903569478932056427e+02
2.877299082736774380e+02
2.841479165442302133e+02
2.789823455817358422e+02
2.716689025035738041e+02
2.618560677902345901e+02
2.495033201955692732e+02
2.349045433339870215e+02
2.186284198914655690e+02
2.013951351511895780e+02
1.839337211104694632e+02
1.668656842980656450e+02
1.506383658887762920e+02
1.355050823038601777e+02
1.215356680695321216e+02
1.086449916248157166e+02
9.663946432229542438e+01
8.528590008325566885e+01
7.439451705451645580e+01
6.389020766646750360e+01
5.384291507154420486e+01
4.444174132256108578e+01
3.591685988231571258e+01
2.843272506211868489e+01
2.199321428172617843e+01
1.640268241269606619e+01
1.130619608428055223e+01
6.295509001810133398e+00
1.034777988968113682e+00
-4.650735783150404146e+00
-1.076002224576110677e+01
-1.717273376040221677e+01
-2.374159238595076715e+01
-3.037864187643400982e+01
-3.710122520586437389e+01
-4.401754327480227857e+01
-5.125744580145975959e+01
-5.888575693914945930e+01
-6.684756185651808380e+01
-7.497572394567743004e+01
-8.305575117581587108e+01
-9.091202578555751757e+01
-9.846700171998156748e+01
-1.057432637133549775e+02
-1.128197269544768346e+02
-1.197824220827187105e+02
-1.267004902862940980e+02
-1.336241970853255339e+02
-1.405797149798111434e+02
-1.475421558835539884e+02
-1.543947326194455911e+02
-1.609068984551292942e+02
-1.667665480038889427e+02
-1.716728694655486720e+02
-1.754546686203217405e+02
-1.781555144802567554e+02
-1.800384113493311133e+02
-1.815004563301202154e+02
-1.829329866892510097e+02
-1.845926884779269983e+02
-1.865424277360517920e+02
-1.886783274272630990e+02
-1.908146980306997307e+02
-1.927818705609131484e+02
-1.945019778105287003e+02
-1.960240158509003550e+02
-1.975112442582092740e+02
-1.991831991900035348e+02
-2.012265498150163126e+02
-2.037049091982643461e+02
-2.065085199260923616e+02
-2.093742086136795422e+02
-2.119688367464743806e+02
-2.139862873269878492e+02
-2.151928862117387098e+02
-2.153836360930154399e+02
-2.142623950139992814e+02
-2.113024108853965402e+02
-2.056627699878243618e+02
-1.962264837618899946e+02
-1.817854717812557226e+02
-1.613362815952565654e+02
-1.343943109393166253e+02
-1.012137413301094284e+02
-6.283159432645867071e+01
-2.092467046349753446e+01
2.246310648477366456e+01
6.523540070837137250e+01
1.055237956646794544e+02
1.418875715056341846e+02
1.734176558291878791e+02
1.997513787014027002e+02
2.210133342794250382e+02
2.376990551654089359e+02
2.505243407880023767e+02
2.602744969397718933e+02
2.676885692909829118e+02
2.733928837771790086e+02
2.778705645211836099e+02
2.814451298100049144e+02
2.842711921398571349e+02
2.863436749016058229e+02
2.875395394718058810e+02
2.876903192950239259e+02
2.866628333129545467e+02
2.844170127337916938e+02
2.810195817587483020e+02
2.766102991275146223e+02
2.713334917682691980e+02
2.652598942704330511e+02
2.583291919773137124e+02
2.503369541479198688e+02
2.409757593998286325e+02
2.299284500176616461e+02
2.169973131894134610e+02
2.022303566099845114e+02
1.859913476260653624e+02
1.689369480057227406e+02
1.519056140289544317e+02
1.357593249496629824e+02
1.212308611662317617e+02
1.088160868133174972e+02
9.872409251597161983e+01
9.087663058939764937e+01
8.494571453234581782e+01
8.042727633437127110e+01
7.674842545168742447e+01
7.338902874929831910e+01
6.998085382181150749e+01
6.634954607659797432e+01
6.249132726289126083e+01
5.851093106763437390e+01
5.456129081569575590e+01
5.080688917265036508e+01
4.740355722980188347e+01
4.447839068429261289e+01
4.210711476901914807e+01
4.030022607240334764e+01
3.900673266232291780e+01
3.813093490750182468e+01
3.755031864520584861e+01
3.712976184650382550e+01
3.674111789697526831e+01
3.629959581889351483e+01
3.580859002918737133e+01
3.537848668965792598e+01
3.518216650664554379e+01
3.533864663153393337e+01
3.575872069123787611e+01
3.602220816632707567e+01
3.536792988578888242e+01
3.284827010354561594e+01
2.763250637702849843e+01
1.936522500533099844e+01
8.432328032849127908e+00
-4.011863032304354704e+00
