-7.496796836695068578e+00
1.041630517269302345e+02
1.980160839925548544e+02
2.611846894469412064e+02
2.887269689289277608e+02
2.837790840226211913e+02
2.552875364627573163e+02
2.145843590713159301e+02
1.721381294702582636e+02
1.353872043999720063e+02
1.079657532321882343e+02
9.012696105754426412e+01
7.988009851992947574e+01
7.430223984987463837e+01
7.060632446087782910e+01
6.676058278135906221e+01
6.166377909909373045e+01
5.500824285194258323e+01
4.699082030111323149e+01
3.800205886178373760e+01
2.838224798341965993e+01
1.829367693084014945e+01
7.718605030559203328e+00
-3.445842052602117178e+00
-1.525359240027957242e+01
-2.760562270119660155e+01
-4.023057233415472922e+01
-5.276178802390683131e+01
-6.487057547133876767e+01
-7.638615209961344021e+01
-8.734415379822418402e+01
-9.794672462156540860e+01
-1.084595528845223384e+02
-1.190912865144558026e+02
-1.298994152810826961e+02
-1.407596297167054900e+02
-1.514211099632793207e+02
-1.616318661430324823e+02
-1.712686271428211171e+02
-1.803902071708430981e+02
-1.891768326060796710e+02
-1.977931991448956808e+02
-2.062662322336836098e+02
-2.144627131376153386e+02
-2.221884452029888166e+02
-2.293463855667489781e+02
-2.360424283301378807e+02
-2.425565136098689436e+02
-2.491889736468485523e+02
-2.560758755362552392e+02
-2.630794108391700092e+02
-2.698052983675574410e+02
-2.757332981260816496e+02
-2.804096835684417783e+02
-2.836396262368074304e+02
-2.856137469005021785e+02
-2.869074880876812585e+02
-2.883255206629868326e+02
-2.906299066966849978e+02
-2.942540929733938810e+02
-2.991190544347924742e+02
-3.046253774088455657e+02
-3.098291230759031123e+02
-3.137524826529597703e+02
-3.157389776778401256e+02
-3.157360945636955876e+02
-3.143911494586151889e+02
-3.128989007323327769e+02
-3.126318817477982179e+02
-3.146694935451272386e+02
-3.193720808898581254e+02
-3.261134120559669896e+02
-3.332221663534443223e+02
-3.381309333860776292e+02
-3.377063405296528344e+02
-3.287254389234998371e+02
-3.084507692322009689e+02
-2.752249751470907313e+02
-2.289599923935381298e+02
-1.713694362860303499e+02
-1.058291284368525282e+02
-3.685547635286925328e+01
3.068407965547582705e+01
9.243291951846217103e+01
1.452725562175755272e+02
1.877530831397116913e+02
2.201413439405411623e+02
2.440984196409002038e+02
2.620974589426973580e+02
2.767598924034492711e+02
2.902920640601063837e+02
3.041443763889846537e+02
3.189228605689002620e+02
3.345052493486911658e+02
3.502803098144519822e+02
3.654325821466101161e+02
3.792058545213795355e+02
3.910852590079488209e+02
4.008541255974114961e+02
4.085220270616414950e+02
4.141732243835364216e+02
4.178176338994344974e+02
4.193139287704225353e+02
4.183831324560030112e+02
4.146798268351549268e+02
4.078724339025350218e+02
3.977037382167967507e+02
3.840338998900670617e+02
3.668880713474320601e+02
3.465231249873428965e+02
3.234949972380156282e+02
2.986816503931648299e+02
2.732265798332145437e+02
2.484034159252967129e+02
2.254297280674690569e+02
2.052661230679822495e+02
1.884405189963116243e+02
1.749448891898025238e+02
1.642476588620113489e+02
1.554349222877021930e+02
1.474456332371092628e+02
1.393243992840335181e+02
1.304065048746649893e+02
1.203840865032339309e+02
1.092611675443221628e+02
9.725016149191138481e+01
8.466732933363786628e+01
7.185697091758341060e+01
5.914408301140296942e+01
4.680224864398596907e+01
3.502398346717071576e+01
2.389034212651796807e+01
1.335355383686512099e+01
3.252565538634136111e+00
-6.639110890334039894e+00
-1.656041185431020679e+01
-2.672972491903854575e+01
-3.732784046915719500e+01
-4.847400729641958605e+01
-6.018592713717075071e+01
-7.234069076042121083e+01
-8.466321793537815665e+01
-9.675738298120727165e+01
-1.081751380475602957e+02
-1.185044789375589005e+02
-1.274582568996987675e+02
-1.349565467668347196e+02
-1.411923913891999405e+02
-1.466467263042852380e+02
-1.520059535540867444e+02
-1.579747499155991477e+02
-1.650521889608200752e+02
-1.733799075160973757e+02
-1.827301927245081288e+02
-1.926177728003301866e+02
-2.024664467700931425e+02
-2.117640296410573626e+02
-2.201650103443401463e+02
-2.275231059162825034e+02
-2.338557619852545599e+02
-2.392647403610881156e+02
-2.438556266739027478e+02
-2.477012179720530867e+02
-2.508721336030590692e+02
-2.535201688056203011e+02
-2.559616594392494449e+02
-2.586888681549904732e+02
-2.622606784647695122e+02
-2.670949791440813783e+02
-2.732620473771066827e+02
-2.803968893859768059e+02
-2.877892638987006535e+02
-2.946179793396445348e+02
-3.002317985694526215e+02
-3.043692900417714213e+02
-3.072432756318702332e+02
-3.094695956504641572e+02
-3.118731911523744884e+02
-3.152321009341494573e+02
-3.200069382470161372e+02
-3.260733879244127138e+02
-3.324787771404899104e+02
-3.372969228483901816e+02
-3.377063405296528344e+02
-3.303919563910626493e+02
-3.122498123151337950e+02
-2.812178167316341160e+02
-2.369605218766194525e+02
-1.811620104254590444e+02
-1.173103640749565670e+02
-5.002579353632215486e+01
1.586796619860453461e+01
7.625237640873274358e+01
1.283556726181216163e+02
1.710029071513731367e+02
2.044960728967953116e+02
2.302414743799338623e+02
2.502645030140071754e+02
2.667283433290469929e+02
2.815368811151582804e+02
2.960687757007158325e+02
3.110593036861171186e+02
3.266195938036467510e+02
3.423645326151872723e+02
3.576100473303005174e+02
3.715907138688149871e+02
3.836436517597052784e+02
3.933189820399350651e+02
4.004107431296516211e+02
4.049305212929127720e+02
4.070468974101192430e+02
4.069970249530875890e+02
4.049725700686993832e+02
4.010016712806281021e+02
3.948702248952870377e+02
3.861244243333313761e+02
3.741705498133179617e+02
3.584567504357857501e+02
3.387002149254201981e+02
3.151071639518231109e+02
2.885141761348291993e+02
2.603720689225973501e+02
2.325277277767956718e+02
2.068402157102792955e+02
1.847553749803539347e+02
1.669977031530215470e+02
1.534876676473357975e+02
1.434868161400142412e+02
1.358843161596925029e+02
1.295150715896011206e+02
1.234256846284522169e+02
1.170376543304715540e+02
1.101841149140671376e+02
1.030308108975268908e+02
9.593058642327400776e+01
8.927388251359661808e+01
8.337167809900836346e+01
7.837077102703997866e+01
7.419381571311123480e+01
7.052138817076398425e+01
6.685284892040225202e+01
6.265787102033902300e+01
5.756818562361404901e+01
5.151604266222071260e+01
4.474982072848855807e+01
3.773086580924361044e+01
3.097756524139677836e+01
2.493499404211273784e+01
1.992054293324500946e+01
1.615111368397678859e+01
1.381045168149539393e+01
1.308369501572299498e+01
1.409504210335366281e+01
1.674223419702757099e+01
2.049992799395136700e+01
2.431146314376496065e+01
2.667199048796605254e+01
2.593533019270272888e+01
2.078709430193401886e+01
1.074622905610919332e+01
-3.495405689233109570e+00
-2.007989999567937645e+01
