-1.910879246531924025e+01
-1.792707085691137792e+01
-1.799132260523365545e+01
-2.016455744379292980e+01
-2.475702946166647678e+01
-3.155434360561848450e+01
-4.000659455570954748e+01
-4.945033626249961856e+01
-5.926230744136223905e+01
-6.892266600542839683e+01
-7.802565229826542748e+01
-8.628208348919594073e+01
-9.353140043817856508e+01
-9.975820753729313140e+01
-1.051013157650330783e+02
-1.098425540391379798e+02
-1.143632721111268893e+02
-1.190645320015805169e+02
-1.242643561628225655e+02
-1.301012913353708598e+02
-1.364758216956703336e+02
-1.430514967428355249e+02
-1.493245458987179859e+02
-1.547538999886666602e+02
-1.589214044199068496e+02
-1.616742261741599691e+02
-1.631995405331908557e+02
-1.639989739117528416e+02
-1.647627157531084947e+02
-1.661791364087088994e+02
-1.687416195783242188e+02
-1.726196935558851351e+02
-1.776386581378671679e+02
-1.833654365845401628e+02
-1.892537570444471839e+02
-1.947866854032835988e+02
-1.995733849839207039e+02
-2.033898512812727688e+02
-2.061775151453848878e+02
-2.080211845093216425e+02
-2.091219070466746928e+02
-2.097670261599902233e+02
-2.102912757367041934e+02
-2.110304401233604210e+02
-2.122829769362181480e+02
-2.142883298000269576e+02
-2.171964437693945058e+02
-2.209759550555089902e+02
-2.252321174441454161e+02
-2.289784475467000391e+02
-2.304782720733241774e+02
-2.272905108444100222e+02
-2.165989789301611665e+02
-1.957969205938904338e+02
-1.631840161295403675e+02
-1.185594511394457982e+02
-6.349679744157950267e+01
-1.178571514391563824e+00
6.417531472983455387e+01
1.281039851986898270e+02
1.866871097669572350e+02
2.371225864528232989e+02
2.780199672498813470e+02
3.094197700517143517e+02
3.325853626455374297e+02
3.496176127205278590e+02
3.629538146191539454e+02
3.748441811504013685e+02
3.869248098214781066e+02
3.999923804292129716e+02
4.140285225268745535e+02
4.284432966457442262e+02
4.424361661780975510e+02
4.553372055872945339e+02
4.668127519998794241e+02
4.768908866791197170e+02
4.858384973876587765e+02
4.939594860503159452e+02
5.013827131713086374e+02
5.078980947538270811e+02
5.128930357439555792e+02
5.154251574814114747e+02
5.144278111158407683e+02
5.089920698083413981e+02
4.986330804453573364e+02
4.834552493751526754e+02
4.641734109277628022e+02
4.419953277783372414e+02
4.184045981106866066e+02
3.949023508780979910e+02
3.727704421188522019e+02
3.529049039488717767e+02
3.357451483207017304e+02
3.213027836293655923e+02
3.092696279640978787e+02
2.991574754305056558e+02
2.904162398496903279e+02
2.825092258934397478e+02
2.749662851522548976e+02
2.674409672833574518e+02
2.597632960524535406e+02
2.519510809075504767e+02
2.441555459106149897e+02
2.365558815955312753e+02
2.292424600909861567e+02
2.221301108456918030e+02
2.149390526680867310e+02
2.072698605562014791e+02
1.987595778811951845e+02
1.892510126822520249e+02
1.788856962209532924e+02
1.680717271069862306e+02
1.573518157775157817e+02
1.472454059946873315e+02
1.381307659934278718e+02
1.301894106839361882e+02
1.233982981473198208e+02
1.175465848208751822e+02
1.122664135601678481e+02
1.070829439261391087e+02
1.014933766129681203e+02
9.507383599913586636e+01
8.759199645270847157e+01
7.908534991107923418e+01
6.986661223408346189e+01
6.044452147771265516e+01
5.138400767575416239e+01
4.315288738637043764e+01
3.600653078270046592e+01
2.995010258811727510e+01
2.479170202672698053e+01
2.026356182263455707e+01
1.615249368248788642e+01
1.236490655533323491e+01
8.882258669576998500e+00
5.637202515968525063e+00
2.405601633821063956e+00
-1.193731774290199610e+00
-5.572973469655977397e+00
-1.099061379211116218e+01
-1.741334045682933152e+01
-2.449908934090302637e+01
-3.170619681016867730e+01
-3.847206947361152629e+01
-4.438339065406123041e+01
-4.927950440817315325e+01
-5.326737144652301481e+01
-5.665608668564675554e+01
-5.983817692438648805e+01
-6.316121034352241281e+01
-6.684015830230049460e+01
-7.094357063202141944e+01
-7.544745323863631370e+01
-8.031386789470889198e+01
-8.554119487928721810e+01
-9.115467455362613691e+01
-9.714441284176359659e+01
-1.033921856014868013e+02
-1.096403444127407738e+02
-1.155365295157657499e+02
-1.207448199771226029e+02
-1.250754093153001349e+02
-1.285756211566781246e+02
-1.315426067006345079e+02
-1.344455558659245469e+02
-1.377758675644975881e+02
-1.418756725442766822e+02
-1.468145886273635199e+02
-1.523722883848775780e+02
-1.581400948208437001e+02
-1.637031851494475916e+02
-1.688324456513234679e+02
-1.736098565291226521e+02
-1.784307002874435000e+02
-1.838684681024359691e+02
-1.904449416876985026e+02
-1.983880197120687683e+02
-2.074523001378523475e+02
-2.168299108277351763e+02
-2.251384929368428232e+02
-2.304782720733241774e+02
-2.305863531402015099e+02
-2.231276335059792189e+02
-2.061153890232236847e+02
-1.783714306395173992e+02
-1.398935505211319423e+02
-9.201531314484492441e+01
-3.730387767491461659e+01
2.078840582932485148e+01
7.844747253398135456e+01
1.320899259991513190e+02
1.789010912496044057e+02
2.172037939649713962e+02
2.465868393770246030e+02
2.677877327305064341e+02
2.823809459169814318e+02
2.923572062707114583e+02
2.996927082190060219e+02
3.059978430625312740e+02
3.123040104756024675e+02
3.190083819063166857e+02
3.259643990614436007e+02
3.326821328861055918e+02
3.385817867450964513e+02
3.432255772285838020e+02
3.464508388605088385e+02
3.483569005211849685e+02
3.491582205600383304e+02
3.489771398803185321e+02
3.476752237022481040e+02
3.448002519129200323e+02
3.396726422508425003e+02
3.315746258329962757e+02
3.199607301320304487e+02
3.046030571726847711e+02
2.856283553349815634e+02
2.634673926165899047e+02
2.387721237261901308e+02
2.123446331323845584e+02
1.850901168772206518e+02
1.579821303777458468e+02
1.320151825637125853e+02
1.081179188236467610e+02
8.701933620934150326e+01
6.909827335106403723e+01
5.427700597241950220e+01
4.201724792420083077e+01
3.144139061829062598e+01
2.155303462689963112e+01
1.148882840630983537e+01
7.162374791437997601e-01
-1.089110470870995329e+01
-2.312455268272333342e+01
-3.562445439146301140e+01
-4.809010638362312307e+01
-6.041338914765817236e+01
-7.268023706402641437e+01
-8.506480474419164750e+01
-9.769468106752901804e+01
-1.105594330782744237e+02
-1.234898793717016900e+02
-1.361930789468100897e+02
-1.483129464491909744e+02
-1.594965973780536501e+02
-1.694620552002261888e+02
-1.780642448982270025e+02
-1.853430447786317359e+02
-1.915292120126542841e+02
-1.969946224993024373e+02
-2.021525933060015632e+02
-2.073298961063721606e+02
-2.126487992457574592e+02
-2.179736015858899236e+02
-2.229647538047964872e+02
-2.272276265708663914e+02
-2.304782720733241774e+02
-2.326363046911660604e+02
-2.338089001615431073e+02
-2.342003225118187970e+02
-2.340131861688542472e+02
-2.333898927741631155e+02
-2.324041522437057665e+02
