2.307747955686648922e+00
1.109037419511285094e+01
1.844095963139277572e+01
2.334086368645611742e+01
2.541805978268813959e+01
2.495888626227087315e+01
2.271992895677586688e+01
1.963488570927638222e+01
1.652822805092808167e+01
1.392868134510556999e+01
1.202591040019385105e+01
1.074978039250858686e+01
9.904718740234443430e+00
9.287386253704696060e+00
8.748368700092484573e+00
8.196042030403226875e+00
7.561781203854096134e+00
6.754842050632156258e+00
5.637990752771177227e+00
4.043870746502719271e+00
1.825969753755254388e+00
-1.086378384088986238e+00
-4.663581867647181411e+00
-8.797787121639371932e+00
-1.335785751912578512e+01
-1.824077820247529758e+01
-2.337998476333003239e+01
-2.869460169830911411e+01
-3.400537830295948538e+01
-3.897986462659409312e+01
-4.317190067385649144e+01
-4.617367006522190565e+01
-4.782218769354162191e+01
-4.834793842987191681e+01
-4.836714295108119899e+01
-4.869874523200228822e+01
-5.008135931373649186e+01
-5.291433144723076509e+01
-5.712746949864635582e+01
-6.221949775653649084e+01
-6.743739758181857269e+01
-7.202324858045473377e+01
-7.543915874694022250e+01
-7.749682898271174736e+01
-7.836151802458000759e+01
-7.845050820585460372e+01
-7.827948851491942150e+01
-7.831474326872093172e+01
-7.886855019027395031e+01
-8.004772625277584552e+01
-8.175092641783176362e+01
-8.370982213668165173e+01
-8.556702283222051619e+01
-8.697504234636963361e+01
-8.769587698172510670e+01
-8.768053011685609022e+01
-8.710205823798023061e+01
-8.631156063138608658e+01
-8.570940933744095958e+01
-8.557536128621200078e+01
-8.594005974015844629e+01
-8.656853026875359092e+01
-8.707066552085885291e+01
-8.709035060352471191e+01
-8.648589529264108933e+01
-8.541933771752142945e+01
-8.431967975046761410e+01
-8.374449656843886203e+01
-8.419812438450905745e+01
-8.596276073397861239e+01
-8.897990968050275740e+01
-9.280410467565454269e+01
-9.664161266823198559e+01
-9.947339811562315504e+01
-1.002378170817169121e+02
-9.802344834552049235e+01
-9.221540290336099588e+01
-8.256113732196781996e+01
-6.916219201285284157e+01
-5.242540292651609235e+01
-3.300092644679982357e+01
-1.171025805384007867e+01
1.054103073627105758e+01
3.285547846788867332e+01
5.441719976882506415e+01
7.453407306764312068e+01
9.265882598265683612e+01
1.084056252698566851e+02
1.215635710329376451e+02
1.320934731659480121e+02
1.400978153106412947e+02
1.457703474698115542e+02
1.493449817241645690e+02
1.510648934022270566e+02
1.511809457505546561e+02
1.499676300553847454e+02
1.477283487685773480e+02
1.447678669282568080e+02
1.413383326591488185e+02
1.375920626027178741e+02
1.335749214066104003e+02
1.292688026907922563e+02
1.246604222626134799e+02
1.197969547754413213e+02
1.147966546553111442e+02
1.098093937815738599e+02
1.049511176475636063e+02
1.002498300737378543e+02
9.563156667002790812e+01
9.095044720312398567e+01
8.604437709223313391e+01
8.079012306253699194e+01
7.513813700272707763e+01
6.912128961717303355e+01
6.284439097513330807e+01
5.646428032328109481e+01
5.016283952926465872e+01
4.411189905785449383e+01
3.843995082796129026e+01
3.322139400981371438e+01
2.849761053964767754e+01
2.431038842775246422e+01
2.071314762646426288e+01
1.774360088385128620e+01
1.537773401122534622e+01
1.350669498955116588e+01
1.196513726502947961e+01
1.059884493175299269e+01
9.322971615146109059e+00
8.124464040985882818e+00
7.006225678786283773e+00
5.919295571917809973e+00
4.741189334145704315e+00
3.325926411365881741e+00
1.599457708518616794e+00
-3.636554395446447430e-01
-2.345825571288131517e+00
-4.091830711902350259e+00
-5.462646865746276781e+00
-6.543690227334877818e+00
-7.636365397003093136e+00
-9.135636989482936343e+00
-1.136272360167140860e+01
-1.443836662089021061e+01
-1.825017257444331165e+01
-2.251368989828545253e+01
-2.688290646785988258e+01
-3.105511046356473770e+01
-3.483575503720429367e+01
-3.815804948139167863e+01
-4.106863990518234431e+01
-4.369117110183237429e+01
-4.617534693756464037e+01
-4.864327829464413355e+01
-5.115455434602522189e+01
-5.370897156526945082e+01
-5.628258814917100494e+01
-5.886647282979751594e+01
-6.147589755403625134e+01
-6.412473059490810101e+01
-6.678944906983004159e+01
-6.939340447281894342e+01
-7.182367583410810141e+01
-7.396915896976642557e+01
-7.575843401846945824e+01
-7.718228312509157263e+01
-7.829675263865097179e+01
-7.920959572529413606e+01
-8.005683469625243731e+01
-8.097668251237986681e+01
-8.208296424068639396e+01
-8.343603199213553978e+01
-8.501504271431234372e+01
-8.670712607855801934e+01
-8.833066711370307189e+01
-8.969307264258019075e+01
-9.065858791853004561e+01
-9.119071616576766814e+01
-9.134967026514310362e+01
-9.125753668205743452e+01
-9.106390712568308743e+01
-9.093431419885295952e+01
-9.105469986840567742e+01
-9.162370694825534656e+01
-9.280533846570980927e+01
-9.463528446941597849e+01
-9.690430243929057497e+01
-9.906777910449183366e+01
-1.002378170817169121e+02
-9.929224114693633396e+01
-9.508783448499110591e+01
-8.671860166596459862e+01
-7.374277396769890913e+01
-5.631844643979532350e+01
-3.521730789362497660e+01
-1.171242064968519969e+01
1.264039338572621674e+01
3.628196852932768479e+01
5.792009858947053402e+01
7.671461127849390493e+01
9.232804153126723179e+01
1.048450447825213843e+02
1.146113266307936414e+02
1.220609833590717841e+02
1.275880445067508049e+02
1.314875702084050602e+02
1.339600522899834800e+02
1.351517201065219638e+02
1.351973565056321434e+02
1.342406742428890425e+02
1.324266186934620748e+02
1.298805244834243240e+02
1.266951935030951404e+02
1.229339847441484466e+02
1.186434373801617852e+02
1.138704630489250320e+02
1.086881221768919090e+02
1.032283416552484994e+02
9.769956957596474467e+01
9.235911820470549571e+01
8.743274755553059663e+01
8.301256691821107836e+01
7.898563930358585594e+01
7.503471943444745307e+01
7.072132944782345021e+01
6.562757210820896603e+01
5.950645659110719521e+01
5.238167596256759850e+01
4.455785415669143390e+01
3.654395793144331606e+01
2.892930095484862463e+01
2.226233806791163516e+01
1.696628615082603275e+01
1.329679647056521929e+01
1.132579517174651862e+01
1.093547776365110380e+01
1.182219697677672876e+01
1.352408769666783250e+01
1.548646560197059330e+01
1.716549193655618666e+01
1.814857271938249283e+01
1.824857849295032963e+01
1.752664824254006959e+01
1.622851970535233690e+01
1.466613702444171352e+01
1.310325752365539920e+01
1.169224956262566373e+01
1.047484481895445363e+01
9.428519603379989178e+00
8.524279122676389875e+00
7.761589720793184100e+00
7.162437381822554627e+00
6.733505332929597742e+00
6.426268312151599993e+00
6.124352180175760552e+00
5.667647717236089733e+00
4.898957345957966503e+00
3.708120138289830336e+00
2.056753143694225017e+00
-1.652397111236858507e-02
-2.402032780713653892e+00
-4.931975936731102905e+00
