-3.763293737200407918e+01
-1.644326361840476380e+01
1.100958902839821008e+00
1.224182310561783993e+01
1.575783972946423717e+01
1.206201852315218304e+01
2.847194947372365448e+00
-9.527855432873884922e+00
-2.267861982283485034e+01
-3.467622267645208467e+01
-4.428802965899667754e+01
-5.100433621586436317e+01
-5.493675030143997873e+01
-5.666435685393585686e+01
-5.706039800224654357e+01
-5.710191798203558022e+01
-5.766647048968485478e+01
-5.934286975263056974e+01
-6.230335195747792909e+01
-6.628259406004124799e+01
-7.068099806470567614e+01
-7.476684835730890200e+01
-7.791390751714745022e+01
-7.979720010075752157e+01
-8.048596829987948809e+01
-8.040804915008763487e+01
-8.020124904299845525e+01
-8.050482815466261854e+01
-8.176378802688684289e+01
-8.410986197488151106e+01
-8.735171508859733080e+01
-9.106828851230372379e+01
-9.476577526283978159e+01
-9.803618328778999569e+01
-1.006517310131916361e+02
-1.025591856253735017e+02
-1.037983068722099347e+02
-1.044153280003405939e+02
-1.044322542035788217e+02
-1.038797957268042751e+02
-1.028582304828346423e+02
-1.015796561987365152e+02
-1.003554747579666184e+02
-9.951965093231004289e+01
-9.931857097152791880e+01
-9.982511524823254945e+01
-1.009216356015771652e+02
-1.023551484724974330e+02
-1.038305315707861922e+02
-1.050945009296813453e+02
-1.059781146508209986e+02
-1.063962710467832835e+02
-1.063257645600764931e+02
-1.057854974040000258e+02
-1.048309255324905394e+02
-1.035623437461401295e+02
-1.021367493208297361e+02
-1.007653677615353871e+02
-9.967810521898753962e+01
-9.904787490953611950e+01
-9.888808611186900066e+01
-9.895491826862109974e+01
-9.869513092446801750e+01
-9.727499998787203594e+01
-9.370176500153490906e+01
-8.701171394117264413e+01
-7.646871013042834875e+01
-6.171324369336851134e+01
-4.282826518171660268e+01
-2.032606339167825382e+01
4.916954147424007715e+00
3.175600166112224088e+01
5.890159585035554812e+01
8.507399860341251951e+01
1.091704498879738736e+02
1.303988863994460985e+02
1.483282856428562582e+02
1.628376965715789879e+02
1.739930330754701515e+02
1.819141145045248891e+02
1.866972610066422931e+02
1.884276050095125470e+02
1.872633335699553356e+02
1.835322640360087121e+02
1.777745194987705304e+02
1.706906255224584186e+02
1.629965497480550312e+02
1.552353237914282431e+02
1.476303013417709735e+02
1.400599155169729215e+02
1.321790390129087882e+02
1.236326776993567904e+02
1.142506377526096912e+02
1.041210446501888640e+02
9.351922331993546322e+01
8.276128380147191876e+01
7.209053720673296084e+01
6.166790242141594547e+01
5.165699949602583274e+01
4.232687651860388200e+01
3.408427563672912441e+01
2.739457388183640063e+01
2.261896121600767628e+01
1.984406653789963570e+01
1.878821714576822544e+01
1.883698247230603684e+01
1.920569605751918374e+01
1.917048736812988707e+01
1.827609462621608927e+01
1.643718097560235236e+01
1.389777968899411320e+01
1.107492654139545429e+01
8.357516963003483568e+00
5.943033407678839808e+00
3.771783168045612200e+00
1.573156988150198998e+00
-1.007367643923473111e+00
-4.258702322303150822e+00
-8.291524528910628078e+00
-1.300162676465902223e+01
-1.811353530584738536e+01
-2.327368210849240882e+01
-2.814916460032710432e+01
-3.250095982135626826e+01
-3.621770340064696825e+01
-3.930597551723653282e+01
-4.184653611092917913e+01
-4.394266405535621800e+01
-4.568695208396179908e+01
-4.715414801399137446e+01
-4.841267731181189049e+01
-4.954725058871616739e+01
-5.068364311315895065e+01
-5.199400294316464510e+01
-5.365677291956188810e+01
-5.577347945951368047e+01
-5.829013911564412354e+01
-6.098707397173727429e+01
-6.356415237716215927e+01
-6.578592709233045355e+01
-6.760990603379975994e+01
-6.922818569620523022e+01
-7.100102009217962973e+01
-7.331777789261158773e+01
-7.644927205886786226e+01
-8.044305038168981525e+01
-8.508109513469078422e+01
-8.989737311276174125e+01
-9.424674824388479522e+01
-9.740921234552278918e+01
-9.869513092446801750e+01
-9.750790703416747363e+01
-9.334597792437286046e+01
-8.577702995607695868e+01
-7.444180115439837664e+01
-5.912124175718209074e+01
-3.984935806374376455e+01
-1.702044699674478068e+01
8.561503259249164444e+00
3.572376951020837055e+01
6.305820060126546878e+01
8.911411651976337112e+01
1.125961499594497610e+02
1.325194326002333867e+02
1.483013911436372041e+02
1.597902979760054336e+02
1.672355725946448501e+02
1.712040525112997216e+02
1.724500065075018256e+02
1.717574099254067619e+02
1.697885746728320555e+02
1.669807234554721163e+02
1.635173544470671914e+02
1.593704644995432886e+02
1.543858365419296774e+02
1.483797415146782441e+02
1.412238869545665239e+02
1.329033182696512654e+02
1.235388137507138708e+02
1.133781526152128123e+02
1.027730313923980816e+02
9.215324616287679760e+01
8.199049161204243319e+01
7.273792992596193585e+01
6.475050757923690981e+01
5.821451971573921469e+01
5.311859069322721894e+01
4.927933917376964246e+01
4.641044918025413324e+01
4.421022471208252114e+01
4.243935972269781587e+01
4.095955380726615402e+01
3.971104505998685141e+01
3.863599092475660512e+01
3.759472885900373740e+01
3.633802747824009316e+01
3.456618699759505375e+01
3.204362986460674279e+01
2.869486720567038063e+01
2.461982903670053702e+01
2.002387218228093246e+01
1.511636269388261233e+01
1.004807657183090797e+01
4.920510813017394902e+00
-1.595303103127356792e-01
-5.040339687410474667e+00
-9.543744598922465627e+00
-1.353428720075819669e+01
-1.699032750925395874e+01
-2.002734371783005329e+01
-2.286073593087720113e+01
-2.573669642568607330e+01
-2.887227788391111005e+01
-3.242697792050085326e+01
-3.650126823433166834e+01
-4.114417098827220087e+01
-4.635431235198479527e+01
-5.206610079921275513e+01
-5.812025749764359261e+01
-6.423259548194965873e+01
-6.999505676707138946e+01
-7.494473657403946731e+01
-7.869972218751449589e+01
-8.110575711246912078e+01
-8.231514776644020515e+01
-8.275369354697242841e+01
-8.299370141827131420e+01
-8.359109639825781812e+01
-8.494227556581311944e+01
-8.719170661351144247e+01
-9.019899937739660345e+01
-9.355812054545305045e+01
-9.664851336366466228e+01
-9.869513092446801750e+01
-9.882806541304542236e+01
-9.615220725128193635e+01
-8.984362975845201049e+01
-7.927474139629769923e+01
-6.414651735517139741e+01
-4.459110062153953891e+01
-2.121230000321131826e+01
4.946720512250365687e+00
3.249631103949878508e+01
5.983493209703857474e+01
8.531268041490253040e+01
1.074126099893386055e+02
1.249326690313079098e+02
1.371438110773632957e+02
1.438905528489638073e+02
1.455927481237232541e+02
1.431219025334544597e+02
1.375716636295978788e+02
1.299932695447792526e+02
1.211834063594794344e+02
1.115842301744717275e+02
1.013064385433008709e+02
9.024356221094689090e+01
7.822158944713137885e+01
6.512681358308503832e+01
5.097774478875399495e+01
3.594012689209176870e+01
2.030163539041160448e+01
