1.414678104053730010e+02
4.648650916072460859e+01
-3.621839556237776492e+01
-9.733125825447402235e+01
-1.326122936722613588e+02
-1.432363044603773403e+02
-1.346202506332998325e+02
-1.143820434560538217e+02
-9.019862714840206763e+01
-6.815089861079445654e+01
-5.183803988834009147e+01
-4.227473519242371935e+01
-3.841134304759009410e+01
-3.802114303487414304e+01
-3.865971350782140803e+01
-3.842868365535750286e+01
-3.637648123990749127e+01
-3.250989347532248530e+01
-2.751265610780006909e+01
-2.233060541900005092e+01
-1.778537224005827966e+01
-1.433348449137881175e+01
-1.201084277898240771e+01
-1.052507655932859620e+01
-9.418771593427720745e+00
-8.235562770577530500e+00
-6.651452591736585873e+00
-4.554249450193083248e+00
-2.060188216671718919e+00
5.366342874174563349e-01
2.869305331631522904e+00
4.623976921889195069e+00
5.644907065243714328e+00
5.988715986824487914e+00
5.917748381863646046e+00
5.837659808152849905e+00
6.195648933615785836e+00
7.367418211336882905e+00
9.567348872502734025e+00
1.280718563848830627e+01
1.690464102392594725e+01
2.152049683836668237e+01
2.619932318441212260e+01
3.041123052901519941e+01
3.362263716099266730e+01
3.542709327708364242e+01
3.572629103506389470e+01
3.489634202277374442e+01
3.385245185489267072e+01
3.395457853777720203e+01
3.675842518272095560e+01
4.367634284839748915e+01
5.564584340467670387e+01
7.290060601567341791e+01
9.490321424944900741e+01
1.204426276398737770e+02
1.478474315670772512e+02
1.752444936434383180e+02
2.008045072700433309e+02
2.229403821817251981e+02
2.404448849490372879e+02
2.525684551152213828e+02
2.590482423636794920e+02
2.601035918165258067e+02
2.564068512388407726e+02
2.490184654071741761e+02
2.392562852789135377e+02
2.284822100378372340e+02
2.178424787102530900e+02
2.080485321123516940e+02
1.992823289666237088e+02
1.912527211556026145e+02
1.833639322871734123e+02
1.749254746155493478e+02
1.653432781459345335e+02
1.542634672557885835e+02
1.416613940428057674e+02
1.278649046912392180e+02
1.134929135138426801e+02
9.930819131282846968e+01
8.602532105881023483e+01
7.414609870748846276e+01
6.388440480303604119e+01
5.519681702541855373e+01
4.788800605980499370e+01
4.173591017006637571e+01
3.658232706476911744e+01
3.235429120638169564e+01
2.901471290056350938e+01
2.647547722772495860e+01
2.452481471135764224e+01
2.280976065174401413e+01
2.088096689851848708e+01
1.827779076528525337e+01
1.462334940712348441e+01
9.703911346254720627e+00
3.513283356435877636e+00
-3.749721978093546682e+00
-1.173380007104679379e+01
-2.002934616334601259e+01
-2.827762058041605897e+01
-3.625111275311473946e+01
-4.386799880768798232e+01
-5.113959467623586619e+01
-5.808827907195018270e+01
-6.468397050767745782e+01
-7.082929570311290490e+01
-7.639779181897969806e+01
-8.130754939321244024e+01
-8.559599970559366966e+01
-8.945696149586325419e+01
-9.321528676035779881e+01
-9.724035744621701838e+01
-1.018232611297764834e+02
-1.070577952925216181e+02
-1.127727154258938640e+02
-1.185562127866965625e+02
-1.238844079312606823e+02
-1.283169106464150104e+02
-1.316771838429885975e+02
-1.341252978300213385e+02
-1.360723731818081603e+02
-1.379618748931539756e+02
-1.400080059165080684e+02
-1.419982411916403180e+02
-1.432363044603773403e+02
-1.426529910569738604e+02
-1.390620497087657554e+02
-1.314838509719582476e+02
-1.194330146849589767e+02
-1.030720806612340112e+02
-8.318912928782984295e+01
-6.102635616963386411e+01
-3.803468393655104052e+01
-1.564147386462950351e+01
4.906918908173793170e+00
2.261492594831031511e+01
3.675077582955375988e+01
4.684543013639544995e+01
5.269835641381438052e+01
5.438067113615203141e+01
5.221517780983043622e+01
4.672673622923127823e+01
3.857690575584092585e+01
2.850266165070601687e+01
1.726632966226402743e+01
5.608670316570368186e+00
-5.804284589519340898e+00
-1.644079186663562808e+01
-2.596324770316404340e+01
-3.427957511903155563e+01
-4.157001937478047182e+01
-4.826494285646392512e+01
-5.495559542407060860e+01
-6.224642364508527947e+01
-7.058741695248303927e+01
-8.013534560425023301e+01
-9.068170066126521078e+01
-1.016694911671756358e+02
-1.123063287977727498e+02
-1.217557676950485757e+02
-1.293528420976303437e+02
-1.347678271042699976e+02
-1.380562183226373918e+02
-1.395781077134950294e+02
-1.398248570969331013e+02
-1.392310723201825908e+02
-1.380542956331902360e+02
-1.363674168367924722e+02
-1.341483280506605240e+02
-1.314034847776254082e+02
-1.282558597894282570e+02
-1.249621357282736938e+02
-1.218679520328420978e+02
-1.193313316130410868e+02
-1.176375487693173767e+02
-1.169168057575299002e+02
-1.170825068247565355e+02
-1.178248456968044167e+02
-1.186906121804572507e+02
-1.192411233215803890e+02
-1.192295733132622075e+02
-1.187170481802000239e+02
-1.180712294580456074e+02
-1.178457104769778567e+02
-1.185881309469949230e+02
-1.206488181979234611e+02
-1.240529905964759081e+02
-1.284706932240963511e+02
-1.332872338091372626e+02
-1.377511991037960399e+02
-1.411590297166610526e+02
-1.430303046992070790e+02
-1.432363044603773403e+02
-1.420513599451366531e+02
-1.400962847852648565e+02
-1.381597307532688319e+02
-1.369217612299759708e+02
-1.366629797658359564e+02
-1.370653504607944342e+02
-1.371833096756985242e+02
-1.356052699819559280e+02
-1.307652870468623405e+02
-1.213230154557979290e+02
-1.065146917043858394e+02
-8.638627534411094189e+01
-6.184485259820033320e+01
-3.450271131814893977e+01
-6.342475008482150400e+00
2.070563021714818319e+01
4.513927217169512573e+01
6.608573183298416609e+01
8.327617749020124904e+01
9.684452399062598715e+01
1.070790669104281250e+02
1.142558421958523525e+02
1.186143465524778975e+02
1.204468523004728553e+02
1.202145358990760258e+02
1.186008045848727050e+02
1.164516257861909168e+02
1.146063395910651508e+02
1.136704819608929995e+02
1.138132057033914606e+02
1.146742149957207886e+02
1.154309530701666660e+02
1.150161589825161172e+02
1.124167484696717310e+02
1.069545912242976442e+02
9.845964381407367227e+01
8.729014500010599420e+01
7.421230625473252474e+01
6.019408739612364911e+01
4.617687243693281118e+01
3.287490108200577765e+01
2.063707209843217072e+01
9.397058071500744347e+00
-1.271732357859853835e+00
-1.199758853478729748e+01
-2.337861868562019296e+01
-3.574334061265720663e+01
-4.899161463733334898e+01
-6.258726366971144728e+01
-7.571550528530984536e+01
-8.754650726628378266e+01
-9.749856642107667426e+01
-1.053947038656026223e+02
-1.114572785393497441e+02
-1.161646639964811669e+02
-1.200592996053144219e+02
-1.236042683949238068e+02
-1.271274348140005230e+02
-1.308135388442542251e+02
-1.346736086252744826e+02
-1.384650919774536817e+02
-1.416143914366931540e+02
-1.432363044603773403e+02
-1.423148383898276848e+02
-1.380245225682418777e+02
-1.300812787783660838e+02
-1.189688574273482971e+02
-1.059193551554241992e+02
