-1.150715238370110249e+01
-3.065113073566322566e+00
3.728442551698606167e+00
7.674272096551414180e+00
8.245857739885229520e+00
5.606777597526099832e+00
4.463261356047043549e-01
-6.271771459880775446e+00
-1.355597157812472986e+01
-2.056000951615865446e+01
-2.665969373773191720e+01
-3.146597972964334389e+01
-3.482763660474573442e+01
-3.684389754971489594e+01
-3.785654134420115469e+01
-3.837672528029103347e+01
-3.894306072210975600e+01
-3.996719323579376493e+01
-4.164703095973685265e+01
-4.399331860769122216e+01
-4.694561296659022531e+01
-5.049838055240275736e+01
-5.475517286841160569e+01
-5.987469529266693513e+01
-6.593388771084852351e+01
-7.278057504347832207e+01
-7.996259334178557765e+01
-8.679001974173034739e+01
-9.252282612067727996e+01
-9.661303763148477231e+01
-9.890184321278877633e+01
-9.968889363419800986e+01
-9.964263708127192842e+01
-9.958321312868719133e+01
-1.002175241027049850e+02
-1.019236740878947245e+02
-1.046648073105840382e+02
-1.080672666185509030e+02
-1.116391225985973392e+02
-1.150444809863030429e+02
-1.183025537887715757e+02
-1.217833915137423872e+02
-1.259549962831722780e+02
-1.309729980301125352e+02
-1.363087262355004725e+02
-1.406118543741344524e+02
-1.419031594647056238e+02
-1.380531612641654533e+02
-1.273883931512269641e+02
-1.092190334251335742e+02
-8.411262660255495405e+01
-5.383151572471737722e+01
-2.096325710197257663e+01
1.163918272505430807e+01
4.144724353745160528e+01
6.672047134827357695e+01
8.673634900132955750e+01
1.017568306663129221e+02
1.127819080671897325e+02
1.211895919672365665e+02
1.283671190517676735e+02
1.354160161981840247e+02
1.429823025993589738e+02
1.512246917657211043e+02
1.598962560709279614e+02
1.684968734251339981e+02
1.764510591807600974e+02
1.832569537773307218e+02
1.885451117469791313e+02
1.920216499317959062e+02
1.933564698539541382e+02
1.921408690372695105e+02
1.879959091056434204e+02
1.807825991435873334e+02
1.707680243301998075e+02
1.586292069100745152e+02
1.452943969702107552e+02
1.317181957199621820e+02
1.186919787324337960e+02
1.067324206023686628e+02
9.604567242720379738e+01
8.656468670473378779e+01
7.806156076585024550e+01
7.030551657407403354e+01
6.319570989082918544e+01
5.679954941855307027e+01
5.127771313972110789e+01
4.673631307510114397e+01
4.308191589873773353e+01
3.995632363832442735e+01
3.679238673034617335e+01
3.297371597304780266e+01
2.803608717753638402e+01
2.183890801028296025e+01
1.464545190982248357e+01
7.062040871130804476e+00
-1.800918201741334990e-01
-6.534070120380549795e+00
-1.188158589405616539e+01
-1.655454634859250262e+01
-2.110384297632544204e+01
-2.595776172444522700e+01
-3.119120868345945752e+01
-3.654326220125295066e+01
-4.164433649983295282e+01
-4.628798085583424182e+01
-5.058563774958382453e+01
-5.493715503743747774e+01
-5.985138307469743779e+01
-6.571144972739102741e+01
-7.259048104620771369e+01
-8.019173101949463955e+01
-8.792894773998169455e+01
-9.510738731316737926e+01
-1.011347654800375864e+02
-1.056865750432399551e+02
-1.087706241341135609e+02
-1.106808390560396305e+02
-1.118814500330053789e+02
-1.128868029460388414e+02
-1.141805183466439217e+02
-1.161664633286212336e+02
-1.191095744220241954e+02
-1.230460440386887058e+02
-1.277057394612653241e+02
-1.325290637563901157e+02
-1.368196026719376164e+02
-1.399748340581951993e+02
-1.416705762749139978e+02
-1.419031594647056238e+02
-1.408841067912187839e+02
-1.388574379171518842e+02
-1.359301081657088162e+02
-1.319821796973311905e+02
-1.266801750708908116e+02
-1.195752696387086047e+02
-1.102409456348327552e+02
-9.839204224492210926e+01
-8.392838068179052868e+01
-6.688075049968226438e+01
-4.730962459249390406e+01
-2.525866812488956370e+01
-8.278914821769682852e-01
2.566998802910315902e+01
5.357546725089829920e+01
8.185888244142360293e+01
1.092223931428028862e+02
1.342763965532728037e+02
1.557265093231058870e+02
1.725378910491949966e+02
1.840678731401145285e+02
1.901491003980540881e+02
1.910959943592094135e+02
1.876321760663073235e+02
1.807723971635202531e+02
1.716952375383446565e+02
1.616148876843744802e+02
1.516397086373908394e+02
1.426124253154802943e+02
1.349561331436212015e+02
1.285844704666276925e+02
1.229434638845499990e+02
1.172105389097882693e+02
1.105966415098021827e+02
1.026341307183865155e+02
9.333325050643666998e+01
8.315095556623420237e+01
7.279534548652478065e+01
6.295272001745358637e+01
5.405817598934375923e+01
4.621442389891117131e+01
3.928498005974391560e+01
3.308700176568500950e+01
2.755848627937482931e+01
2.280706469418196036e+01
1.902991110728568103e+01
1.636923984914353269e+01
1.479516726199203802e+01
1.407633947607840952e+01
1.383674966164564246e+01
1.365753359998173799e+01
1.318594647439965506e+01
1.222639003412847281e+01
1.078137385847374219e+01
9.006029887443864013e+00
7.073995380917725839e+00
5.016562364313912781e+00
2.636732331634507265e+00
-4.305957294059219453e-01
-4.528460803256560752e+00
-9.757801199615892429e+00
-1.585273554657634953e+01
-2.222412851558462776e+01
-2.814532675730899669e+01
-3.297952857568309781e+01
-3.635041982243473768e+01
-3.821297643645851849e+01
-3.883000026482033462e+01
-3.867972847435589756e+01
-3.832643457193352532e+01
-3.829060531686521074e+01
-3.895382320971241086e+01
-4.052084268301284453e+01
-4.304021829001933952e+01
-4.646469450882263885e+01
-5.072291697988138282e+01
-5.577538736833241728e+01
-6.163311826590574327e+01
-6.832646555005378275e+01
-7.583098688586180458e+01
-8.398443327009243831e+01
-9.244472899065117133e+01
-1.007237903027081956e+02
-1.082909154471360011e+02
-1.147019325338440723e+02
-1.197043628888300191e+02
-1.232944168859453384e+02
-1.257284554842313327e+02
-1.274887176010691121e+02
-1.291816277602265188e+02
-1.313527543699339901e+02
-1.342502633253041324e+02
-1.376186894887603955e+02
-1.406150599696775885e+02
-1.419031594647056238e+02
-1.399180488539995793e+02
-1.332310333039797570e+02
-1.209102382519231469e+02
-1.027730009240812024e+02
-7.945881823067595917e+01
-5.230161160363380191e+01
-2.302983702698199764e+01
6.634267684549438826e+00
3.536684909018707401e+01
6.249594064341532373e+01
8.801213241255733521e+01
1.123148019894697995e+02
1.357786708087696752e+02
1.582978873769934580e+02
1.789665346788951581e+02
1.960000127675184558e+02
2.069370278522348201e+02
2.091116034241379396e+02
2.003306271801930052e+02
1.796153520974249318e+02
1.477910701001558493e+02
1.076945669464350317e+02
6.385060924986181874e+01
2.163627562985245945e+01
-1.385525343437488566e+01
-3.891304622127697854e+01
-5.193604367447080250e+01
-5.358996785144125141e+01
-4.639079782341896419e+01
-3.389705860839406171e+01
-1.980039363098768845e+01
-7.190771959146768921e+00
1.855368908306669340e+00
6.384062502711564946e+00
6.489712900096980874e+00
3.159000642486391008e+00
-1.944305444671548200e+00
