-4.028475077434530505e+01
-5.094941946563352531e+01
-6.130164530936720269e+01
-7.108793077749595568e+01
-8.012810769020114776e+01
-8.835649297950040193e+01
-9.584417013740609548e+01
-1.027828855051974557e+02
-1.094254206110836520e+02
-1.160023395876772838e+02
-1.226524972359168828e+02
-1.294016851135918387e+02
-1.362004926756422947e+02
-1.429995663346203116e+02
-1.498146594748438076e+02
-1.567312401967602966e+02
-1.638235315277132713e+02
-1.710035029450419870e+02
-1.778496753834077140e+02
-1.834765795783231965e+02
-1.864940228373880302e+02
-1.850859819485265803e+02
-1.772206874334655140e+02
-1.609802508385684803e+02
-1.349636277013511290e+02
-9.867778759301202740e+01
-5.280828442865561101e+01
7.276879395028785780e-01
5.899037404775268811e+01
1.184566911300257317e+02
1.755824665862983522e+02
2.273334560090525542e+02
2.715397773745176551e+02
3.070040614082628281e+02
3.333999080698415582e+02
3.510656984295602570e+02
3.607924941723749157e+02
3.636513648931035050e+02
3.608586287317685901e+02
3.536644877618595046e+02
3.432626311631604494e+02
3.307308718089150830e+02
3.170086744058872341e+02
3.028996265526174625e+02
2.890716247864445450e+02
2.760293531970016829e+02
2.640564335640646050e+02
2.531557499069674009e+02
2.430318139133639193e+02
2.331445276239212205e+02
2.228289997688754909e+02
2.114432167890433334e+02
1.984926410016210525e+02
1.836978724143778550e+02
1.670098384642161022e+02
1.486045763242488817e+02
1.288799409715454090e+02
1.084426072454672720e+02
8.805566473126708615e+01
6.853626638257250647e+01
5.062875479693739322e+01
3.489412731008251711e+01
2.164047643822644673e+01
1.089556760220938436e+01
2.417458362614098633e+00
-4.252191543194054901e+00
-9.687049656302697542e+00
-1.444016215473746456e+01
-1.891218023521562230e+01
-2.327768907235351747e+01
-2.750890865052992496e+01
-3.149012483997233858e+01
-3.516442229747391934e+01
-3.863228037397240655e+01
-4.214589771889451697e+01
-4.600075482661370074e+01
-5.038555073607810186e+01
-5.528035787845550431e+01
-6.047012276595414448e+01
-6.567251885518813026e+01
-7.070590021697860550e+01
-7.559730360735953525e+01
-8.057161253098374232e+01
-8.593742603854178697e+01
-9.193686626779958715e+01
-9.862749671722716016e+01
-1.058332321834173229e+02
-1.131719345563856791e+02
-1.201509371103201431e+02
-1.263064161024568648e+02
-1.313446055547515812e+02
-1.352356321672197907e+02
-1.382245545483364992e+02
-1.407533042404897685e+02
-1.433187858297342530e+02
-1.463151026750610413e+02
-1.499128701340375187e+02
-1.540144525854868220e+02
-1.582986340172105315e+02
-1.623403229179402558e+02
-1.657661589851147426e+02
-1.683930283366699143e+02
-1.703015802684248001e+02
-1.718205607612704853e+02
-1.734263285058475788e+02
-1.755775535327339298e+02
-1.785070508504796862e+02
-1.819982472889741985e+02
-1.851923913761371239e+02
-1.864940228373880302e+02
-1.836485462788615735e+02
-1.740394210088458067e+02
-1.551850561269563116e+02
-1.253333007428336714e+02
-8.398691159173569076e+01
-3.219017180306354931e+01
2.752838595769980401e+01
9.155301511349605903e+01
1.558044522578083502e+02
2.164162846701479452e+02
2.702988900622980850e+02
3.154838127253829043e+02
3.512097682752726087e+02
3.777702410628365897e+02
3.961908662565174382e+02
4.078372988639747518e+02
4.140595937911595001e+02
4.159556774973372058e+02
4.142943929476501808e+02
4.095871152366589740e+02
4.022460262423188624e+02
3.927392615077227447e+02
3.816692367352691235e+02
3.697501018825099663e+02
3.577079793917350798e+02
3.461495219199128996e+02
3.354418962901936538e+02
3.256334064291283994e+02
3.164306701010726783e+02
3.072412985323032899e+02
2.972855245153663191e+02
2.857664248918544558e+02
2.720663034807429881e+02
2.559194342150414343e+02
2.375112489219710312e+02
2.174727885110539489e+02
1.967685918032938730e+02
1.765044810500302219e+02
1.577019313579430104e+02
1.410967831177395624e+02
1.270185196696665173e+02
1.153856242577577973e+02
1.058143286940413077e+02
9.779793903631693297e+01
9.089000638587370418e+01
8.482389141124430409e+01
7.952418825933708035e+01
7.501171128209831807e+01
7.125746336224062816e+01
6.806862722072447980e+01
6.507029478267016032e+01
6.179263571595921434e+01
5.781738652104308329e+01
5.291045625386692564e+01
4.708023441859195657e+01
4.054127946583734854e+01
3.360614110654066167e+01
2.655497171335393602e+01
1.953574511002582881e+01
1.252859244915035219e+01
5.376315095001572786e+00
-2.142130901307908175e+00
-1.022501682289356495e+01
-1.897131543853998892e+01
-2.833127474421816316e+01
-3.809907415641049511e+01
-4.795568846427747189e+01
-5.755072438054392592e+01
-6.658945387058415122e+01
-7.488753866604170639e+01
-8.237956045815036532e+01
-8.909890310715499595e+01
-9.515699930065980539e+01
-1.007313808390765928e+02
-1.060464520281603598e+02
-1.113284687326347182e+02
-1.167416162877721604e+02
-1.223400986413898011e+02
-1.280738133209884779e+02
-1.338564324882278243e+02
-1.396629232101434468e+02
-1.455973207913857550e+02
-1.518794145723165911e+02
-1.587352552723392591e+02
-1.662168276612002558e+02
-1.740021591009399344e+02
-1.812388062181636030e+02
-1.864940228373880302e+02
-1.878553477182933023e+02
-1.831844662456833817e+02
-1.704856260395391985e+02
-1.483075575596122917e+02
-1.160925184386619549e+02
-7.439714263282931483e+01
-2.493271602276203680e+01
2.959755594449281446e+01
8.584619970119456411e+01
1.402887708625287928e+02
1.897131195393758389e+02
2.316300126311131464e+02
2.645254010098765320e+02
2.879126867589886842e+02
3.021977486491992408e+02
3.084237444164115232e+02
3.079846133392712204e+02
3.023744857556063721e+02
2.930007596387238209e+02
2.810627822952268957e+02
2.674915467312611099e+02
2.529453129623173311e+02
2.378515483232331178e+02
2.224766750483585156e+02
2.069959118249816470e+02
1.915342844813181387e+02
1.761653244715197673e+02
1.608803301285236671e+02
1.455582790476053390e+02
1.299629077424480670e+02
1.137766134582880966e+02
9.666414637182847969e+01
7.835038098179629174e+01
5.869756266215789253e+01
3.777361503029642620e+01
1.590382705670157293e+01
-6.312282828719524730e+00
-2.804749086404557090e+01
-4.837347805242058030e+01
-6.644535588501399559e+01
-8.168348222814236692e+01
-9.388697528179247342e+01
-1.032440981905921689e+02
-1.102461833625463044e+02
-1.155436909972506214e+02
-1.197985735690224374e+02
-1.235796141407556945e+02
-1.273165186052831785e+02
-1.312954782876433057e+02
-1.356694992261394646e+02
-1.404722503968198168e+02
-1.456426572133382251e+02
-1.510682017587049870e+02
-1.566354595236738305e+02
-1.622567075165570714e+02
-1.678499778372810738e+02
-1.732893441073853751e+02
-1.783741980004608365e+02
-1.828532758079897462e+02
-1.864940228373880302e+02
-1.891572824310569274e+02
-1.908437000224261624e+02
-1.917020484591959359e+02
-1.920044131886396883e+02
