-3.668152352074869782e+00
-5.129297754678036725e+00
-6.570893804771559488e+00
-7.950023471225977190e+00
-9.211433342086717602e+00
-1.033497629421439257e+01
-1.139671579270160962e+01
-1.260224202815810557e+01
-1.426275137313241714e+01
-1.671755506638542599e+01
-2.023654988845354197e+01
-2.494312346804438718e+01
-3.078219540372294460e+01
-3.753483006927810095e+01
-4.486404351096817322e+01
-5.237060295976468893e+01
-5.964304046137888093e+01
-6.629997244611195129e+01
-7.203342704932376250e+01
-7.665666787223835854e+01
-8.014288327644297283e+01
-8.263008615519960642e+01
-8.437581348617973731e+01
-8.567031967586173380e+01
-8.674197217918208480e+01
-8.769349772385930919e+01
-8.848976711253089888e+01
-8.899446933099255830e+01
-8.903945090424366526e+01
-8.850627901157599808e+01
-8.739871034308575304e+01
-8.588404673466148154e+01
-8.428285927432827407e+01
-8.299814336636350731e+01
-8.239952272287357005e+01
-8.270339372467884687e+01
-8.389826285104379622e+01
-8.574813595363767149e+01
-8.787302456986836319e+01
-8.987453500693270314e+01
-9.146371065379889842e+01
-9.255508052753738468e+01
-9.329995246919806107e+01
-9.404063512190784024e+01
-9.518730867858945999e+01
-9.705287136355731548e+01
-9.970950225665541211e+01
-1.029318433636240115e+02
-1.062603548051995546e+02
-1.091673943235527844e+02
-1.112602066474322697e+02
-1.124336136649225750e+02
-1.129056613894974248e+02
-1.131227036863811009e+02
-1.135762182747781424e+02
-1.146057936964142669e+02
-1.162658144364641544e+02
-1.183114116298515768e+02
-1.203125719720478912e+02
-1.218459861184654329e+02
-1.226781721937235830e+02
-1.228668759826962855e+02
-1.227518936194506409e+02
-1.228427169297431192e+02
-1.236277494225843867e+02
-1.253436712508258211e+02
-1.277628016581392956e+02
-1.300708624385476639e+02
-1.308997744348452557e+02
-1.285412084178587691e+02
-1.213059216846581734e+02
-1.079364860336109757e+02
-8.795473022334392965e+01
-6.184315627484688349e+01
-3.101088015551527022e+01
2.444322335382615563e+00
3.611492638324445181e+01
6.770937014805562626e+01
9.542215731277703128e+01
1.181604671015593482e+02
1.355799401261079424e+02
1.479450244965395882e+02
1.558873734937809274e+02
1.601570057517361363e+02
1.614405352265505371e+02
1.602805857778498648e+02
1.570918634253175696e+02
1.522394528809978738e+02
1.461246712294938561e+02
1.392211046848665319e+02
1.320304951645599658e+02
1.249792013963474915e+02
1.183173420811282881e+02
1.120806608268893854e+02
1.061317154124130866e+02
1.002482086742150500e+02
9.420663193663308732e+01
8.782577740493653096e+01
8.096896436853154455e+01
7.352954095151564218e+01
6.542622619964741659e+01
5.662016704014189372e+01
4.714966773620479046e+01
3.716693374652148663e+01
2.695468308065481011e+01
1.690441260827890346e+01
7.453693263155646065e+00
-1.002217209442594736e+00
-8.199765090149124802e+00
-1.407400024770041291e+01
-1.878456014088735770e+01
-2.268626902161037862e+01
-2.623840244667434973e+01
-2.986821113068539546e+01
-3.383311584316425069e+01
-3.814003136600540245e+01
-4.256051517730431044e+01
-4.673436975495073398e+01
-5.031547036963895891e+01
-5.310748890205771033e+01
-5.515344949573113809e+01
-5.675585766817169286e+01
-5.841166717086428406e+01
-6.066742989571829270e+01
-6.393669962103405169e+01
-6.834890539415434318e+01
-7.369225448568940351e+01
-7.947436435403292876e+01
-8.507615004768234712e+01
-8.994056313561084437e+01
-9.372944266857388129e+01
-9.639889642968289252e+01
-9.817796785877555976e+01
-9.947177417987387571e+01
-1.007321231218485593e+02
-1.023377450847107895e+02
-1.045100849104527470e+02
-1.072742588859035493e+02
-1.104661792946414351e+02
-1.137828142067955923e+02
-1.168665604605277792e+02
-1.194045648210513946e+02
-1.212147055722882669e+02
-1.222902935016210364e+02
-1.227884802894692342e+02
-1.229672064320106983e+02
-1.230934555087705746e+02
-1.233565412107676451e+02
-1.238214535674370609e+02
-1.244440134268755003e+02
-1.251404124293020033e+02
-1.258714335778444706e+02
-1.266874010033537985e+02
-1.276935419317001958e+02
-1.289292227468612850e+02
-1.301954242232472438e+02
-1.308997744348452557e+02
-1.299998886952203634e+02
-1.261012827918003438e+02
-1.177137486250007754e+02
-1.036120980338023259e+02
-8.320163399980930308e+01
-5.677162353461706346e+01
-2.554404419105994606e+01
8.512013967285158245e+00
4.305125532177937941e+01
7.579810705090447698e+01
1.049377133526969743e+02
1.293501028834573390e+02
1.486476148797987378e+02
1.630430490678209026e+02
1.731218820291387033e+02
1.796053574393816632e+02
1.831753277006077383e+02
1.843954378116425517e+02
1.837202734594415006e+02
1.815513446473020736e+02
1.782897192709079377e+02
1.743517196846289323e+02
1.701431264844785574e+02
1.660092116566552818e+02
1.621834304804883686e+02
1.587522126611397368e+02
1.556455086301885444e+02
1.526556874110850401e+02
1.494818666379060517e+02
1.457941638475720936e+02
1.413102847448262764e+02
1.358692741123065844e+02
1.294773815362638629e+02
1.223043346892640102e+02
1.146304469514691959e+02
1.067696391850224273e+02
9.900255412424120038e+01
9.154374173445384599e+01
8.454410030308768853e+01
7.810941421512220018e+01
7.231457370605460255e+01
6.720884212938943847e+01
6.281868754154018575e+01
5.914942670471373276e+01
5.617865916810084315e+01
5.383967961684246006e+01
5.200772047953665833e+01
5.050803002616667925e+01
4.915225935718891037e+01
4.778703715559598209e+01
4.632593288892903871e+01
4.474505649563970167e+01
4.304552643524028355e+01
4.120576299393775344e+01
3.915163237242509808e+01
3.676129662127963371e+01
3.390202883694803404e+01
3.048163459162294942e+01
2.649445146298095466e+01
2.204575000983713906e+01
1.734214295812806483e+01
1.264194580268221557e+01
8.173461343706588167e+00
4.048152787128366015e+00
2.085444729328820301e-01
-3.556106680737180170e+00
-7.524107306482790136e+00
-1.192194673017115036e+01
-1.682693105154705648e+01
-2.213527622266339279e+01
-2.760675953001118188e+01
-3.296395554413875573e+01
-3.800294748078587759e+01
-4.266925515533590385e+01
-4.706917160250873167e+01
-5.141652292454040207e+01
-5.594352424235604815e+01
-6.081729096294064618e+01
-6.609551186189479210e+01
-7.173241140978178976e+01
-7.762327430884678847e+01
-8.366467970260890752e+01
-8.980795307186029675e+01
-9.608388228928458830e+01
-1.025751674554435340e+02
-1.093234216959999117e+02
-1.161870910001363484e+02
-1.227008951054054648e+02
-1.280048306254358295e+02
-1.308997744348452557e+02
-1.300483678022868332e+02
-1.242861783997208818e+02
-1.129591418753924756e+02
-9.618086854878328040e+01
-7.492092098808150524e+01
-5.088701460991673287e+01
-2.622799206833266794e+01
-3.136751155918553025e+00
1.654143339044934891e+01
3.159585384041601230e+01
4.157116080214289155e+01
4.671903476269089595e+01
4.783317165048846675e+01
4.604685362454077335e+01
4.266051292930151817e+01
