-2.625279875002115659e+01
-2.702957188586746895e+01
-2.886772036915473905e+01
-3.254800335009500145e+01
-3.842632872699100233e+01
-4.637380102487712463e+01
-5.583943545000025210e+01
-6.601273028639316465e+01
-7.604307574231776812e+01
-8.525564449806380196e+01
-9.329981877232327747e+01
-1.001909057231398776e+02
-1.062485248625221459e+02
-1.119650210594696205e+02
-1.178420179832088763e+02
-1.242305045697331138e+02
-1.312138901216910654e+02
-1.385728768260809431e+02
-1.458504247996048093e+02
-1.524989745496549176e+02
-1.580600595261913668e+02
-1.623163704002355416e+02
-1.653714776531283803e+02
-1.676405761203465943e+02
-1.697614506341427898e+02
-1.724494116295247750e+02
-1.763205949633198486e+02
-1.816999593041178400e+02
-1.884275916513892355e+02
-1.956915861076198553e+02
-2.019425917132905397e+02
-2.049602355489133458e+02
-2.021185487961549825e+02
-1.908313428818734963e+02
-1.690796266185624575e+02
-1.358791683845100806e+02
-9.156173079002685711e+01
-3.780307619978691491e+01
2.259883632520263674e+01
8.613553530556518467e+01
1.490946811308903648e+02
2.080531329480186287e+02
2.602603314659098714e+02
3.038575450048614357e+02
3.379316936150173660e+02
3.624364635258962721e+02
3.780192125065888149e+02
3.857907060904416880e+02
3.870830819909880915e+02
3.832466585525602341e+02
3.755169769437513878e+02
3.649487383249332311e+02
3.523953176257313089e+02
3.385193650791239293e+02
3.238260807682174232e+02
3.087028917359488105e+02
2.934452008270827719e+02
2.782600332787460502e+02
2.632564007135936208e+02
2.484394650636212987e+02
2.337219180103828933e+02
2.189536649610897427e+02
2.039595550155814010e+02
1.885736905627962301e+02
1.726655284834337465e+02
1.561600395319382812e+02
1.390589690717415010e+02
1.214697038202250212e+02
1.036368895595198438e+02
8.595560869057773346e+01
6.894212579994159285e+01
5.315602024485411903e+01
3.909065955144348692e+01
2.706161664368708486e+01
1.712558671638954877e+01
9.060764534963478667e+00
2.427159615423256867e+00
-3.305917933504424866e+00
-8.613597678911933286e+00
-1.380755008878590218e+01
-1.899689171047037206e+01
-2.411442367882641946e+01
-2.898944992583712832e+01
-3.344616714528727641e+01
-3.740271397776539430e+01
-4.094114418356618046e+01
-4.432090792797310996e+01
-4.792239289009286551e+01
-5.213269763422486847e+01
-5.721388747676839159e+01
-6.320701606895971736e+01
-6.991226904100612671e+01
-7.695385609231159663e+01
-8.390611965023694552e+01
-9.043728823645055570e+01
-9.642051021767628072e+01
-1.019683272433264847e+02
-1.073709662780628378e+02
-1.129591693060432931e+02
-1.189507471197816244e+02
-1.253503024018843348e+02
-1.319438771004125783e+02
-1.383838397819944248e+02
-1.443219388535662233e+02
-1.495329949283153894e+02
-1.539796763392926380e+02
-1.577980317782964050e+02
-1.612212414804893115e+02
-1.644845460597069007e+02
-1.677549893468965934e+02
-1.711080149829282675e+02
-1.745442861190481665e+02
-1.780256577146509471e+02
-1.815158229021978968e+02
-1.850192409929531436e+02
-1.886029307867307807e+02
-1.923703671314656276e+02
-1.963581647399364272e+02
-2.003521272520697778e+02
-2.036640956382525758e+02
-2.049602355489133458e+02
-2.022528241856512636e+02
-1.931281296844100268e+02
-1.751886187711220373e+02
-1.466017602840358904e+02
-1.066018393079226598e+02
-5.580529411780254634e+01
3.748688915095243601e+00
6.885229305826648272e+01
1.356233045249770441e+02
2.001205046129139191e+02
2.589311372103288136e+02
3.095995673616102977e+02
3.508222905852916256e+02
3.824006074869361100e+02
4.049981774883736989e+02
4.197913417830029630e+02
4.281182876932991803e+02
4.312177958584750286e+02
4.301039945123155803e+02
4.255704697680499748e+02
4.182750379391382012e+02
4.088374327087612983e+02
3.978916869352685808e+02
3.860710297772586728e+02
3.739463814354530768e+02
3.619589068603231681e+02
3.503724215360468861e+02
3.392467831465776271e+02
3.284271787401645497e+02
3.175589382926981443e+02
3.061496312665780124e+02
2.936865236423685133e+02
2.797840457676009009e+02
2.643120112343788151e+02
2.474592068272083338e+02
2.297126298573862186e+02
2.117644835732882882e+02
1.943831033690299819e+02
1.782895307460490244e+02
1.640657852477178551e+02
1.520962417258866139e+02
1.425311320109332485e+02
1.352687834592794616e+02
1.299649409517650156e+02
1.260774284782179819e+02
1.229466401531984161e+02
1.199055912830096702e+02
1.164036065139078460e+02
1.121122092457773078e+02
1.069739563018081725e+02
1.011715363358284065e+02
9.503121610634056537e+01
8.890525735166139043e+01
8.307830851169559594e+01
7.771535202346748861e+01
7.283925909441509816e+01
6.831874698113625755e+01
6.386483264987524677e+01
5.905506973490243183e+01
5.340590736155534302e+01
4.648955946212791446e+01
3.805943854962578143e+01
2.813212373681702161e+01
1.699093279608234752e+01
5.117419142335137394e+00
-6.911766769062765547e+00
-1.852690879086802056e+01
-2.925038432424557300e+01
-3.876246348731979197e+01
-4.694848129723411034e+01
-5.392687654452495849e+01
-6.004846079734230102e+01
-6.584555576106569674e+01
-7.191770379352266218e+01
-7.877524099994232643e+01
-8.669511307720415516e+01
-9.564350138403580104e+01
-1.052889368440966109e+02
-1.150961393755140421e+02
-1.244746970982486971e+02
-1.329523570451214596e+02
-1.403362213319132650e+02
-1.468157703726909347e+02
-1.529605534904151796e+02
-1.595800378758624447e+02
-1.674429613209056242e+02
-1.768974837378299299e+02
-1.874863404394141639e+02
-1.976934182172639396e+02
-2.049602355489133458e+02
-2.060501369172152124e+02
-1.977205600223343254e+02
-1.775392833916693007e+02
-1.445878564998131139e+02
-9.982926114076997237e+01
-4.603169397689403297e+01
1.271999545988453661e+01
7.178339461701277457e+01
1.267868555217729494e+02
1.743188930697370722e+02
2.123186645967738286e+02
2.401063203470322378e+02
2.581105177703436766e+02
2.674380101808698100e+02
2.694514307312455230e+02
2.654772466557135999e+02
2.566848263351726587e+02
2.440974606671092033e+02
2.286514675576372611e+02
2.112273746424910996e+02
1.926240661705007540e+02
1.734965032992410841e+02
1.543008017494718160e+02
1.352815154532171960e+02
1.165062349305491409e+02
9.792178398432025688e+01
7.939728411779594808e+01
6.074056255520453362e+01
4.170556599784312368e+01
2.202104367202770163e+01
1.457506940672956830e+00
-2.007791505785501585e+01
-4.245394128599374994e+01
-6.527583470645677721e+01
-8.791804134332213039e+01
-1.096267750889903425e+02
-1.296676639186218551e+02
-1.474732201386304951e+02
-1.627361292100037531e+02
-1.754161889158585836e+02
-1.856762058924381904e+02
-1.937967402703698951e+02
-2.001105848917936498e+02
-2.049602355489133458e+02
-2.086586713446812098e+02
-2.114462320121268135e+02
-2.134618315877423811e+02
-2.147523754547619887e+02
-2.153236294095508470e+02
-2.152067324061449938e+02
-2.144989759012838135e+02
