-4.798987744144729106e+01
-5.337532846070515546e+01
-5.815128407269857291e+01
-6.183987799206025215e+01
-6.417531888197738965e+01
-6.512722112624136628e+01
-6.486786194071851241e+01
-6.370740144629225199e+01
-6.202465547116175060e+01
-6.021180890839750077e+01
-5.863531572031919836e+01
-5.760198091092208017e+01
-5.731987661720542349e+01
-5.785924186315214968e+01
-5.913357328325318463e+01
-6.091840017280100028e+01
-6.290628510229166181e+01
-6.478007437578045824e+01
-6.628499138118893086e+01
-6.728815012526200690e+01
-6.781885701753765261e+01
-6.808036669358700976e+01
-6.841925074358775305e+01
-6.924008813291482056e+01
-7.086557586037997680e+01
-7.336554821791902725e+01
-7.640412095812719429e+01
-7.916452887390036608e+01
-8.039522370371921056e+01
-7.858849605909286140e+01
-7.226973796995501687e+01
-6.034078801377852130e+01
-4.238447204931938472e+01
-1.882485080665473731e+01
9.123439168203669070e+00
3.970330838234121984e+01
7.097021423626884484e+01
1.011311455081714996e+02
1.287718954844493169e+02
1.529438755447606013e+02
1.731445787574342035e+02
1.892480216230277392e+02
2.014231378144294808e+02
2.100496252349754229e+02
2.156285447472104977e+02
2.186908137696419203e+02
2.197176870425909669e+02
2.190919762235773760e+02
2.170921044048751014e+02
2.139247058831608115e+02
2.097744378965156784e+02
2.048436393414673944e+02
1.993632713181495149e+02
1.935733389231714909e+02
1.876858569841584767e+02
1.818491473595013019e+02
1.761264364550357584e+02
1.704900349311886316e+02
1.648244955032344592e+02
1.589324194679500692e+02
1.525438428250692482e+02
1.453400622799259168e+02
1.370057606242274346e+02
1.273115506865532041e+02
1.162078394721932852e+02
1.038944372377876988e+02
9.083039574550255679e+01
7.766892365478250326e+01
6.513487432204496486e+01
5.388820968485888585e+01
4.441898005893794732e+01
3.699872985774867118e+01
3.168682967367534076e+01
2.837167668582717539e+01
2.681874801528605445e+01
2.670210355719660456e+01
2.761514627477815154e+01
2.908059491152058484e+01
3.058812472275528549e+01
3.166938755590345878e+01
3.198775577974417672e+01
3.140258386792844547e+01
2.997864727096423465e+01
2.793750605186385627e+01
2.556967402916844989e+01
2.313785036012500740e+01
2.080180495740712843e+01
1.858557129997027957e+01
1.639255576717620499e+01
1.405982593937795855e+01
1.143089007226620879e+01
8.419030091975265861e+00
5.036425603056507327e+00
1.379956142780397244e+00
-2.414034776182830910e+00
-6.217416525834806862e+00
-9.931035478549425477e+00
-1.346979065015093369e+01
-1.673394539668912273e+01
-1.960229686302750451e+01
-2.196518047377570326e+01
-2.378252375605814706e+01
-2.513165887974562196e+01
-2.621390747831448920e+01
-2.731111815371399842e+01
-2.870756924480775041e+01
-3.060602608142696113e+01
-3.306492493155795387e+01
-3.597177051617829591e+01
-3.905679477041702796e+01
-4.194698328335930171e+01
-4.425723344530508996e+01
-4.570189679331915045e+01
-4.619024923809810446e+01
-4.586372010762157458e+01
-4.505330591884047919e+01
-4.417147604018352069e+01
-4.358298474028651981e+01
-4.350857008081258925e+01
-4.399906570664319361e+01
-4.498069474429978243e+01
-4.633443972117873955e+01
-4.795714313971284071e+01
-4.976978404641910458e+01
-5.167685472689926485e+01
-5.351461989556902665e+01
-5.503485376319858347e+01
-5.594976040378388404e+01
-5.602627613303556586e+01
-5.518683306381221598e+01
-5.356606442163352710e+01
-5.149170944537172545e+01
-4.939433222828181158e+01
-4.768548081789660387e+01
-4.665545737173817997e+01
-4.642438514677692751e+01
-4.695140803471660718e+01
-4.808581120166620337e+01
-4.963407396823666318e+01
-5.141609057008533057e+01
-5.329399947190178466e+01
-5.517595448662190449e+01
-5.701239349603041262e+01
-5.880185146451717060e+01
-6.060737671933185311e+01
-6.256539426921183633e+01
-6.486090781560619689e+01
-6.765396030743868039e+01
-7.096891200559386448e+01
-7.458631609383338912e+01
-7.798879740313773823e+01
-8.039522370371921056e+01
-8.087507300539844834e+01
-7.849194724331913164e+01
-7.241755306223937794e+01
-6.199666125217935075e+01
-4.680064582060145995e+01
-2.672115704873447584e+01
-2.104946987388945701e+00
2.613912599115698754e+01
5.655190022667621719e+01
8.729680000864161116e+01
1.164540160051273716e+02
1.423389297778979028e+02
1.637483070522046091e+02
1.800839049912378300e+02
1.913531386743692337e+02
1.980698816704151000e+02
2.010813644745459214e+02
2.013534956500313342e+02
1.997632695810020209e+02
1.969549054895605309e+02
1.932972125777004635e+02
1.889380339106553492e+02
1.839130234103688508e+02
1.782532288541409002e+02
1.720511039177223438e+02
1.654723267983559083e+02
1.587240610362287612e+02
1.520019580147957186e+02
1.454395929264611880e+02
1.390767466362949563e+02
1.328491223844038416e+02
1.265907520567932352e+02
1.200423212608791204e+02
1.128710553506202814e+02
1.047142250336235776e+02
9.524967678716896557e+01
8.428143225759396273e+01
7.181785500638596886e+01
5.811715133889340024e+01
4.368011561716627256e+01
2.918453896128098535e+01
1.537577851429215769e+01
2.942144395722781525e+00
-7.596025597809853203e+00
-1.596319837307377121e+01
-2.215726574794074111e+01
-2.641966318943043746e+01
-2.914919561593523767e+01
-3.078647566307491346e+01
-3.171534669210393176e+01
-3.221960031951121550e+01
-3.249905248799151991e+01
-3.271480203936275899e+01
-3.302312765140248985e+01
-3.357373427036918656e+01
-3.447658812094803693e+01
-3.576276372371226842e+01
-3.736611519251424340e+01
-3.913891077737804380e+01
-4.090066148996756112e+01
-4.250942015854849387e+01
-4.393204013335552105e+01
-4.527923313678843442e+01
-4.677983663658770297e+01
-4.869828523960621425e+01
-5.122931929129264006e+01
-5.441393001640016536e+01
-5.810762857642529866e+01
-6.200940708934628987e+01
-6.574089888123853598e+01
-6.895233014747694256e+01
-7.142235442449111815e+01
-7.311718770275251700e+01
-7.418678211231001285e+01
-7.489937574382557273e+01
-7.554015451075088095e+01
-7.631397252872760362e+01
-7.728889121625574887e+01
-7.839743061957393877e+01
-7.948722605342504721e+01
-8.039522370371921056e+01
-8.101277287528910165e+01
-8.131289692937916413e+01
-8.133010543958967276e+01
-8.111149185514022975e+01
-8.067321763839227344e+01
-7.998701556629475817e+01
-7.900104990911928837e+01
-7.768470451944571664e+01
-7.607787968163154346e+01
-7.431868017587133579e+01
-7.262543253405262078e+01
-7.122875117845944715e+01
-7.028099486122840744e+01
-6.979048634486807146e+01
-6.961763661376861023e+01
-6.953645858344836483e+01
-6.933100010220856291e+01
-6.887946684186933055e+01
-6.818486617760987656e+01
-6.733732425286345347e+01
-6.642858534085104338e+01
-6.546472132586235659e+01
-6.432333195525058045e+01
-6.277734720657406342e+01
-6.057480341345798536e+01
-5.753975177847187439e+01
-5.365293369002303336e+01
-4.908280348435796725e+01
-4.416018345690299185e+01
