-1.961381861028905860e+01
3.168702229432577155e+01
7.509012134812516592e+01
1.047899126551089353e+02
1.183939718231593190e+02
1.170098684052038323e+02
1.042793830655455736e+02
8.488835210772458595e+01
6.315385461374582121e+01
4.212604964189391410e+01
2.335792568891750420e+01
7.216951605491757959e+00
-6.551214695338430261e+00
-1.829709118982603400e+01
-2.815558270863166968e+01
-3.599297354045769737e+01
-4.156748403661613622e+01
-4.479986641113534063e+01
-4.600978882127067493e+01
-4.597751582970117568e+01
-4.577051696209807119e+01
-4.640335388810516548e+01
-4.849065927179282198e+01
-5.204535216764396921e+01
-5.649244032182505748e+01
-6.088324460845096553e+01
-6.424078841888662339e+01
-6.593229170257146166e+01
-6.594047028940514110e+01
-6.491795919607079668e+01
-6.398386941229053093e+01
-6.433012142666058253e+01
-6.678565847442956738e+01
-7.150547392648689993e+01
-7.791119706420755620e+01
-8.491646045041160562e+01
-9.134535796287613607e+01
-9.636260719530923780e+01
-9.974173754127636471e+01
-1.018876137508037658e+02
-1.036328461395571736e+02
-1.058987576283250007e+02
-1.093450886413958330e+02
-1.141322026838340236e+02
-1.198853867117749701e+02
-1.258819078176902764e+02
-1.313871078088874640e+02
-1.359871353022566893e+02
-1.397617650371974491e+02
-1.432269116660547752e+02
-1.470962186475578335e+02
-1.519831579056929627e+02
-1.581521861579762458e+02
-1.653614457764771544e+02
-1.727900947014506983e+02
-1.790529828563159356e+02
-1.823442803229923754e+02
-1.807486610556408095e+02
-1.726830931124102051e+02
-1.573355737251776247e+02
-1.349318569765570146e+02
-1.067162222900274458e+02
-7.463947297981371776e+01
-4.085773892842021837e+01
-7.224452648538225219e+00
2.503175965284719240e+01
5.533053505467773903e+01
8.349310259104142062e+01
1.093813321359455699e+02
1.326170981245897451e+02
1.525099571842031594e+02
1.682071270635091764e+02
1.789907475777410468e+02
1.846042428042844961e+02
1.854782297772693198e+02
1.827477262221810008e+02
1.780184841278858414e+02
1.729405651128957402e+02
1.687401715591625475e+02
1.658931504541991728e+02
1.640680598611646417e+02
1.623510065346923739e+02
1.596516959545091083e+02
1.551297918125073352e+02
1.484870230934367044e+02
1.400274671885833584e+02
1.304687394453426350e+02
1.205770451056847037e+02
1.107855383344341789e+02
1.009871858189169558e+02
9.061681073155942556e+01
7.898080488763322649e+01
6.566427003679534380e+01
5.082262839057146664e+01
3.523353257767885083e+01
2.008875766697308407e+01
6.609740955515395200e+00
-4.348848685441200068e+00
-1.252657053480698934e+01
-1.821819147058989330e+01
-2.202521081751531185e+01
-2.457432617865696045e+01
-2.637021773556412541e+01
-2.783046100243706533e+01
-2.942084154463285017e+01
-3.175073283327328966e+01
-3.551984362171963738e+01
-4.130366314406074224e+01
-4.927104852038900162e+01
-5.898632283789858377e+01
-6.942815091744377298e+01
-7.925977009274780016e+01
-8.725260697534127985e+01
-9.267809870349134371e+01
-9.550165471851889265e+01
-9.632039127315162830e+01
-9.610384308070773329e+01
-9.585857459427501226e+01
-9.633571509428291790e+01
-9.786506228300898158e+01
-1.003539388080731385e+02
-1.034351919462203568e+02
-1.066909913119741447e+02
-1.098474797103809806e+02
-1.128619188866462650e+02
-1.158950300596001171e+02
-1.192200153917478360e+02
-1.231262963797025805e+02
-1.278448430131745113e+02
-1.334935853133837327e+02
-1.400355719652917514e+02
-1.472532998755984011e+02
-1.547579040321396064e+02
-1.620543267971880255e+02
-1.686558364959401501e+02
-1.741946589409231763e+02
-1.784520373010876995e+02
-1.812645632460749709e+02
-1.823442803229923754e+02
-1.811186832184039019e+02
-1.766901847285786289e+02
-1.679402041104867749e+02
-1.537328625581818073e+02
-1.331577206745778312e+02
-1.057647046618229751e+02
-7.175241347329222208e+01
-3.207110564125265029e+01
1.159272462892963240e+01
5.696445303287011086e+01
1.014491767423046582e+02
1.424850884362019769e+02
1.779335083877394652e+02
2.064317949612467942e+02
2.276061855685753130e+02
2.420503251129138107e+02
2.510472395873823359e+02
2.561169305685110658e+02
2.585505937716047811e+02
2.591046607104630652e+02
2.579616170364107575e+02
2.549466722715598053e+02
2.498841472049448100e+02
2.429331733454890241e+02
2.347546219000498979e+02
2.264185301389006781e+02
2.190670333562504766e+02
2.134676974030871293e+02
2.096533838179440181e+02
2.068088711236159725e+02
2.034559264624843422e+02
1.978684185085972445e+02
1.885788750463588030e+02
1.748337108071909256e+02
1.568820521377218142e+02
1.360148955965382243e+02
1.143140796086885729e+02
9.414031261927101468e+01
7.748494173648285255e+01
6.539368035222747721e+01
5.767766667716198725e+01
5.302684583206462321e+01
4.947999262697633327e+01
4.507577319478046718e+01
3.846866419051129071e+01
2.932860700797298747e+01
1.840787344796862257e+01
7.245236241920800069e+00
-2.398264619318425162e+00
-9.159078929066946984e+00
-1.250792221816101346e+01
-1.286129586478871545e+01
-1.138252069295308644e+01
-9.607367409617065590e+00
-9.046975541851981717e+00
-1.085792421529113128e+01
-1.561581562291882364e+01
-2.322994840308216880e+01
-3.303906261477591499e+01
-4.407087655287499217e+01
-5.536231417433971558e+01
-6.620525510012842574e+01
-7.623213703251195739e+01
-8.534301040588201204e+01
-9.354726533039648473e+01
-1.008236952212911746e+02
-1.070837261228875832e+02
-1.122531524749488483e+02
-1.163968219995907987e+02
-1.197720696520142667e+02
-1.227588028265179503e+02
-1.257208797479245277e+02
-1.288997200663226579e+02
-1.323988331596101489e+02
-1.362464168779697786e+02
-1.404785556601517555e+02
-1.451827280186830080e+02
-1.504742652209554308e+02
-1.564183727759431974e+02
-1.629224995467186830e+02
-1.696219752583872094e+02
-1.758039572525927383e+02
-1.804377670707924892e+02
-1.823442803229923754e+02
-1.804496608444000003e+02
-1.740062411322168430e+02
-1.626849931009728891e+02
-1.465307990561511815e+02
-1.258482685840359068e+02
-1.011004513889268708e+02
-7.287081953556152314e+01
-4.189778787085917600e+01
-9.150084494999312312e+00
2.412980506339289022e+01
5.649961410821924801e+01
8.654043326606102937e+01
1.131560681429387074e+02
1.358022020936454055e+02
1.545252041439690913e+02
1.697943826840150621e+02
1.822142799600675289e+02
1.922521486956745207e+02
2.000971062893129613e+02
2.056908911651311200e+02
2.088777917061751452e+02
2.095717819494877858e+02
2.078560478647317211e+02
2.039895553233132262e+02
1.983506194315324080e+02
1.913633258294385939e+02
1.834344563285083325e+02
1.749100800924181556e+02
1.660557512028304643e+02
1.570568639296251376e+02
1.480195079328082954e+02
1.389457932564818634e+02
1.296805704790934612e+02
1.198684377876925140e+02
1.089850288451875429e+02
9.648806026718777673e+01
8.206932043893112905e+01
6.590156661867469268e+01
4.872452787549470798e+01
