6.255985681666246023e+00
-6.366690275722268666e+01
-1.241003032661999441e+02
-1.681099938634239379e+02
-1.929253595832884116e+02
-2.000538063464001652e+02
-1.941111225031943377e+02
-1.809920901680666816e+02
-1.661037187285608923e+02
-1.532008007405152057e+02
-1.440298043204155078e+02
-1.386579758252781573e+02
-1.361658034120611092e+02
-1.353580820358813526e+02
-1.352632053763144313e+02
-1.353505160119368043e+02
-1.355126628235770738e+02
-1.359049802746517344e+02
-1.367372152232217104e+02
-1.381038790900022946e+02
-1.399142004317606052e+02
-1.419356135477612497e+02
-1.439136913659513652e+02
-1.456980073065264776e+02
-1.472988182518536746e+02
-1.488300333055134672e+02
-1.503511847224412747e+02
-1.516719017370885751e+02
-1.521953474161615816e+02
-1.508539320174738521e+02
-1.461565207970302254e+02
-1.363417571062936418e+02
-1.196233509984528212e+02
-9.451187528916099723e+01
-6.018269553696922003e+01
-1.681999686303065289e+01
3.417340736742476537e+01
9.020619273240271241e+01
1.478053391311790961e+02
2.031370768254837742e+02
2.526078299112787420e+02
2.933977647924248231e+02
3.238151892410138544e+02
3.434192188633919613e+02
3.529164911563682381e+02
3.538809173418829346e+02
3.483746535810502110e+02
3.385658672191383403e+02
3.264325264743168873e+02
3.135993166876561986e+02
3.012911123513896428e+02
2.903428485813441284e+02
2.812137186725731226e+02
2.739965572789386670e+02
2.684448306241431510e+02
2.640384461553852589e+02
2.600893575130622821e+02
2.558666597450289828e+02
2.507089852193814181e+02
2.440980093826977395e+02
2.356893768475215438e+02
2.253189037622996977e+02
2.130042297554786614e+02
1.989451537591470469e+02
1.835093678811979885e+02
1.671943273724514540e+02
1.505760852283131044e+02
1.342655553381372044e+02
1.188783905943056851e+02
1.050038448941524223e+02
9.315493167873727032e+01
8.370185450893114876e+01
7.681526781458640585e+01
7.244848331989609846e+01
7.036086164971516155e+01
7.015540235554595938e+01
7.130349503679580891e+01
7.315719008186681549e+01
7.497405729327287816e+01
7.597717850080398705e+01
7.544673820207671611e+01
7.281553820398963239e+01
6.774069052581741346e+01
6.014599373404146831e+01
5.024848646025134258e+01
3.857318470413444089e+01
2.593013108315476245e+01
1.331716502691813986e+01
1.742066478199376434e+00
-7.996854690671760579e+00
-1.550750638473655130e+01
-2.091214543108222301e+01
-2.481487524809676160e+01
-2.811727886314168501e+01
-3.173825408604425746e+01
-3.634575589818064856e+01
-4.220154611640089115e+01
-4.916290746312296989e+01
-5.681875210148956512e+01
-6.469251476335395523e+01
-7.243042616873142947e+01
-7.990880658994908003e+01
-8.722854574719352172e+01
-9.460776087653965760e+01
-1.022246557159981677e+02
-1.100875684578216323e+02
-1.179991040563248674e+02
-1.256312386172163542e+02
-1.326650335859715995e+02
-1.389140046343086112e+02
-1.443675309809706278e+02
-1.491481259066355562e+02
-1.534318330754842066e+02
-1.573913403087644269e+02
-1.611848953771533104e+02
-1.649705726093584701e+02
-1.689084555157656951e+02
-1.731269066508174035e+02
-1.776617980715847978e+02
-1.824074434179324271e+02
-1.871193284560620498e+02
-1.914763171172593843e+02
-1.951667674261174170e+02
-1.979439357554366268e+02
-1.996235580739807745e+02
-2.000538063464001652e+02
-1.991237929358554766e+02
-1.968530763147396101e+02
-1.935324612621098197e+02
-1.898191667410440573e+02
-1.866806727973025772e+02
-1.851454956787617618e+02
-1.859179733083808514e+02
-1.889911222971827840e+02
-1.934077306785179928e+02
-1.972694750582201948e+02
-1.980068235384762829e+02
-1.928451053269431839e+02
-1.793596321630491843e+02
-1.559989739840152367e+02
-1.224612613359154949e+02
-7.983663375816382768e+01
-3.048015088151530705e+01
2.235603417283454064e+01
7.504073648815764841e+01
1.241058206023679986e+02
1.666957684941912703e+02
2.008562427964125163e+02
2.256480125686261431e+02
2.411063397372431325e+02
2.480755339441866170e+02
2.479525553852945166e+02
2.423872423475941105e+02
2.330027053174468108e+02
2.212004587030098719e+02
2.080915942473547773e+02
1.945476127358480483e+02
1.813057837767710794e+02
1.690299511503430665e+02
1.582578045436165155e+02
1.492547491315492607e+02
1.418769818979504578e+02
1.355522175795827025e+02
1.294125969091359707e+02
1.225239200868262799e+02
1.141129059186559118e+02
1.037131379470999661e+02
9.119931516042564112e+01
7.672562981673459603e+01
6.061646758151412939e+01
4.326985515968819129e+01
2.511746620556529308e+01
6.648119047814667226e+00
-1.153270747168668464e+01
-2.865556942648938588e+01
-4.380513494406325492e+01
-5.603696548968416380e+01
-6.457954139759243617e+01
-6.905569044862585315e+01
-6.963148376360136638e+01
-6.702232305273150814e+01
-6.234983249065714972e+01
-5.690821797122163161e+01
-5.191970742694513774e+01
-4.833655292001785142e+01
-4.672104259709654173e+01
-4.722425993702086089e+01
-4.966885260069549446e+01
-5.370264493419293217e+01
-5.894945584693542173e+01
-6.508261428668517112e+01
-7.179718673921532002e+01
-7.872249704825352978e+01
-8.534845415301796834e+01
-9.102237474965687625e+01
-9.503201958209328382e+01
-9.675636405263847450e+01
-9.584562601305168528e+01
-9.237707363576529929e+01
-8.692414793391102990e+01
-8.048951084193639360e+01
-7.429566960013799815e+01
-6.948605804008020925e+01
-6.683774507211687421e+01
-6.659425476520164011e+01
-6.847898938398293467e+01
-7.186941330292947328e+01
-7.604631346167809625e+01
-8.041325168784700850e+01
-8.460914693838259382e+01
-8.849186556673350879e+01
-9.202993579565304572e+01
-9.518151404639293389e+01
-9.784075603280183486e+01
-9.988185513734501342e+01
-1.012611990673815683e+02
-1.021054007278498830e+02
-1.027388067884821794e+02
-1.036469405370385601e+02
-1.053854179762873287e+02
-1.084396023477965230e+02
-1.130612181652548998e+02
-1.191486235753295091e+02
-1.262437373792841981e+02
-1.336673646868788126e+02
-1.407421762406070513e+02
-1.470070785014992225e+02
-1.523336061999375488e+02
-1.569128073534058672e+02
-1.611505779145613246e+02
-1.655335824363896791e+02
-1.704974636218474870e+02
-1.762955718404554659e+02
-1.828686261429041622e+02
-1.897342485071137332e+02
-1.959210881833034250e+02
-1.999726397984904906e+02
-2.000538063464001652e+02
-1.941880603806508816e+02
-1.806107950810949774e+02
-1.581660475459610780e+02
-1.266436129596307154e+02
-8.696609642820287434e+01
-4.117564230559776206e+01
7.777238604130133126e+00
5.639234228774004976e+01
1.010558735297201451e+02
1.384959643229206847e+02
1.662122919746740024e+02
1.828195023639820818e+02
1.882208251922099009e+02
1.835452881115900254e+02
1.708532614479805716e+02
1.526992321413380296e+02
1.316841668639477518e+02
1.101096741941003643e+02
8.977811544948320943e+01
7.190882873486944504e+01
5.710472997073530621e+01
4.532511683882184172e+01
3.588074745782782315e+01
2.751522210456020900e+01
