5.712697804799115886e+01
3.706594015545891807e+02
6.345714306586512521e+02
8.131400663326862741e+02
8.930488713314737197e+02
8.836109914773392120e+02
8.101787729307832251e+02
7.043688375852643730e+02
5.948866179716691249e+02
5.014966305183144186e+02
4.330047897830644956e+02
3.886784750061076465e+02
3.616924648746609137e+02
3.430339836313056026e+02
3.246676668643828521e+02
3.013623822345696794e+02
2.711525613635113814e+02
2.347921509392363930e+02
1.947088401362916557e+02
1.539102337864239871e+02
1.151234662408635501e+02
8.027233970670381780e+01
5.027487837652501668e+01
2.508652864060514531e+01
3.905010400253736691e+00
-1.453111153412640988e+01
-3.160604570402389868e+01
-4.851068120685201279e+01
-6.600623683715934931e+01
-8.431536676887350268e+01
-1.031632257540023261e+02
-1.219528466636532755e+02
-1.400132240920969480e+02
-1.568232652266353284e+02
-1.721189864457285807e+02
-1.858539409442950046e+02
-1.980756300811501660e+02
-2.088276037608815159e+02
-2.181430238213332018e+02
-2.261069713965400183e+02
-2.329140370152995843e+02
-2.388633111966140063e+02
-2.442828195420290740e+02
-2.494217212135038721e+02
-2.543755547163355004e+02
-2.591062239178472169e+02
-2.635708375354417399e+02
-2.678975473858484975e+02
-2.724951679403787921e+02
-2.779984404328872074e+02
-2.850199344086577753e+02
-2.937554882169782786e+02
-3.035437072516376134e+02
-3.125146815004625296e+02
-3.174758107128068900e+02
-3.141482886393786202e+02
-2.977774898877779606e+02
-2.640223965652805305e+02
-2.099249556889549240e+02
-1.347085333979052564e+02
-4.018552219048387997e+01
6.933441810768940172e+01
1.876016034931329841e+02
3.073055395220908963e+02
4.210841918016815839e+02
5.224772305576520921e+02
6.066816919965965553e+02
6.710242195108692158e+02
7.150980000061895225e+02
7.405318329535368775e+02
7.504112542579468936e+02
7.484749551972795416e+02
7.383111846426372722e+02
7.227983013471304048e+02
7.039320724910218132e+02
6.830001330353077265e+02
6.609107419636293344e+02
6.384616504883553034e+02
6.164428322566634506e+02
5.955936402294232721e+02
5.764862107672213369e+02
5.593932318980594118e+02
5.441796616358392384e+02
5.302549524497999300e+02
5.166149886114567380e+02
5.019792699164772216e+02
4.849994266012324147e+02
4.644953414774360567e+02
4.396725584767252144e+02
4.102876182803308893e+02
3.767453208384662275e+02
3.401202336668510497e+02
3.020931951838712166e+02
2.647953459881085223e+02
2.305675763483225751e+02
2.016642060611601437e+02
1.799384947156042927e+02
1.665437611180713873e+02
1.616871267641684824e+02
1.644901187427863647e+02
1.730224135382893849e+02
1.845596948645780628e+02
1.960635249696277924e+02
2.047968240617508684e+02
2.089073876307598425e+02
2.077836191656555513e+02
2.020429658935241832e+02
1.931469607919899829e+02
1.827914860913946882e+02
1.723105355538343986e+02
1.623053645183737217e+02
1.525988278114365926e+02
1.424861256411562067e+02
1.311522615007044124e+02
1.180762748371917610e+02
1.032685189352696113e+02
8.728498721431849106e+01
7.106529050981977491e+01
5.567947838948929018e+01
4.205098211335223368e+01
3.070632396970086120e+01
2.160930793376115844e+01
1.414004504034369347e+01
7.249652704869617992e+00
-2.372434205057061263e-01
-9.262429451146033443e+00
-2.024182215911932303e+01
-3.295022644307852033e+01
-4.662142327609615222e+01
-6.021082834946378171e+01
-7.271463296972149237e+01
-8.344757826677306412e+01
-9.221806803886732951e+01
-9.936597896361803350e+01
-1.056508525404202032e+02
-1.120188719472121193e+02
-1.193226027848073159e+02
-1.280778393832567872e+02
-1.383119657912917546e+02
-1.495296654086193371e+02
-1.608182390891647628e+02
-1.711026489304431379e+02
-1.795034183476668659e+02
-1.856767090094865580e+02
-1.899922196531681493e+02
-1.934583787048352974e+02
-1.974041536897397577e+02
-2.030260067534698010e+02
-2.109725620763716734e+02
-2.211410886286255391e+02
-2.327823219211498440e+02
-2.448711096662668183e+02
-2.565668172054508887e+02
-2.675412394210732145e+02
-2.780169598841468428e+02
-2.884826080726086843e+02
-2.991700853833945075e+02
-3.094665707521786544e+02
-3.174758107128068900e+02
-3.199168207009648199e+02
-3.124541877774761360e+02
-2.904317875363545340e+02
-2.498576399715946081e+02
-1.884248905439487771e+02
-1.063273083393984564e+02
-6.640609996433269657e+00
1.048816980154627032e+02
2.206029361377054272e+02
3.322245930731077124e+02
4.321411129189549456e+02
5.145901686519891882e+02
5.763273181544275303e+02
6.167155290566993244e+02
6.373052467811596671e+02
6.411080529453186045e+02
6.317981226143219828e+02
6.130289805418856304e+02
5.879763185116298700e+02
5.591465265594106313e+02
5.284264917675627657e+02
4.972808966618405293e+02
4.669495977891231746e+02
4.385122708954803556e+02
4.127814072109891299e+02
3.900948990624765429e+02
3.701377409083633552e+02
3.519121260307520629e+02
3.339085887872470835e+02
3.144304632375068422e+02
2.919409759194754201e+02
2.652995444882247966e+02
2.338419279068911578e+02
1.973676842573281078e+02
1.561366655019075154e+02
1.109215636489862220e+02
6.307725802448379682e+01
1.454254388764925920e+01
-3.229431560731256212e+01
-7.488367069035594170e+01
-1.109185293506573089e+02
-1.387719773660325302e+02
-1.578553393740063768e+02
-1.687814384428149026e+02
-1.732545166472500000e+02
-1.736824106853858893e+02
-1.726014467189700667e+02
-1.720910801420239693e+02
-1.733812614494494539e+02
-1.767799191407881381e+02
-1.818994181388660536e+02
-1.880312182565215267e+02
-1.944856640973099218e+02
-2.007832497077592393e+02
-2.066937593172485208e+02
-2.121939663678894874e+02
-2.174150765994206722e+02
-2.226036286719987345e+02
-2.280789151454757757e+02
-2.341665857267310855e+02
-2.411168025806691162e+02
-2.490441581743535266e+02
-2.579160702810864336e+02
-2.675706034516144314e+02
-2.777214285553461082e+02
-2.879401029338749822e+02
-2.976535881228199969e+02
-3.062016278114886063e+02
-3.129585418642722061e+02
-3.174758107128068900e+02
-3.195848933903209854e+02
-3.194215998363897029e+02
-3.173705002070018395e+02
-3.139568534451584583e+02
-3.097285049057270498e+02
-3.051682883138830675e+02
-3.006563884714236110e+02
-2.964733823190295539e+02
-2.928131321138996555e+02
-2.897675656952679333e+02
-2.872621149951932011e+02
-2.849642308606167376e+02
-2.822355447594282509e+02
-2.782138130404170511e+02
-2.720646986344808056e+02
-2.633380911278995882e+02
-2.522574072777422884e+02
-2.397512493872166033e+02
-2.271413281830512005e+02
-2.155746483505869548e+02
-2.054351455760776162e+02
-1.960185274469878038e+02
-1.856854718675966751e+02
-1.725463415970503434e+02
-1.555181920297002307e+02
-1.353935527786606485e+02
-1.154559124743391578e+02
-1.012419793540310309e+02
-9.929611807994493233e+01
-1.151335179862355744e+02
-1.510222075562314785e+02
-2.044558545560529694e+02
-2.681300043652323666e+02
