-7.966328217510316279e+01
-1.566537928812448968e+02
-2.238882460739025646e+02
-2.742562440605305483e+02
-3.049500143476245739e+02
-3.175568302909912859e+02
-3.168374864959357069e+02
-3.088594975365126629e+02
-2.992163122613724795e+02
-2.918390075892757523e+02
-2.885705665316505133e+02
-2.893881595018304438e+02
-2.930145741081468032e+02
-2.976519397290825282e+02
-3.016354237385606325e+02
-3.038776642165951785e+02
-3.040366853951018697e+02
-3.024078361858075823e+02
-2.996205655361364393e+02
-2.962844985874845634e+02
-2.927372353180768982e+02
-2.889876062116181856e+02
-2.848480370857074604e+02
-2.801562204715838789e+02
-2.749488627688316456e+02
-2.694896789865699702e+02
-2.641456706119482760e+02
-2.591953556906441918e+02
-2.546865474333922919e+02
-2.504207853270427506e+02
-2.460609270568101010e+02
-2.412971251966335728e+02
-2.359920895726864103e+02
-2.302421993876040460e+02
-2.243170858923495246e+02
-2.184763203738797870e+02
-2.127056523095847353e+02
-2.064536664896816944e+02
-1.984704440845871147e+02
-1.868412845690707798e+02
-1.692583042664150526e+02
-1.434866438830612765e+02
-1.078991685057365402e+02
-6.192327707788412283e+01
-6.281234739226366770e+00
5.702038215476449068e+01
1.249285357606166258e+02
1.937413216541282281e+02
2.595788402536041417e+02
3.188473986726347107e+02
3.686413274898525287e+02
4.070490548697942472e+02
4.333346411810885570e+02
4.479571933472008141e+02
4.523954015746003279e+02
4.487877957832970992e+02
4.394698286572862571e+02
4.265398842867812164e+02
4.115764894944953767e+02
3.955584917497678248e+02
3.789512688018114090e+02
3.618705080868336381e+02
3.442475531748751791e+02
3.259706770870121204e+02
3.070092253520494410e+02
2.875143951328539629e+02
2.678583933793663050e+02
2.485694591807912275e+02
2.301592609807811982e+02
2.128962811562388424e+02
1.966179658465073032e+02
1.806761874692504932e+02
1.640709769069480615e+02
1.457520736373939201e+02
1.249860795206039938e+02
1.016505172198236266e+02
7.635085778138464718e+01
5.033100596100076984e+01
2.521141146552137968e+01
2.623997048577969338e+00
-1.616987733737709121e+01
-3.058480574597900770e+01
-4.085311532659827094e+01
-4.794715134195321582e+01
-5.328632769565746230e+01
-5.830948190927188080e+01
-6.405487489243040500e+01
-7.090145779442748619e+01
-7.856534162024379953e+01
-8.633565467950758432e+01
-9.343615182062205804e+01
-9.936733011875000443e+01
-1.041165691720801760e+02
-1.081795743863083601e+02
-1.123899204633896147e+02
-1.176098941151454511e+02
-1.243944102509429115e+02
-1.327710324305122640e+02
-1.422455318705094101e+02
-1.520383051488160504e+02
-1.614335496805085199e+02
-1.700642524960280468e+02
-1.780052948443557455e+02
-1.856620451401690275e+02
-1.935389419933150350e+02
-2.020037111460823098e+02
-2.111368547179383768e+02
-2.207051825993506782e+02
-2.302473050573953799e+02
-2.392244988720261460e+02
-2.471839585891619322e+02
-2.538970058854142451e+02
-2.594461391959140428e+02
-2.642278541136067815e+02
-2.688392852365306567e+02
-2.738633035082112315e+02
-2.796410330941556595e+02
-2.861486036384314957e+02
-2.930347215838310149e+02
-2.997751601122159855e+02
-3.058446967849554881e+02
-3.108316431710107395e+02
-3.144833503501308769e+02
-3.167085556980440515e+02
-3.175568302909912859e+02
-3.171778052676800712e+02
-3.157608489749759428e+02
-3.134686669766707041e+02
-3.103928802474890745e+02
-3.065581122840002877e+02
-3.019791929673965001e+02
-2.967448422646062340e+02
-2.910809602925809259e+02
-2.853483160930111353e+02
-2.799521023716273476e+02
-2.751824530107613782e+02
-2.710564173897179217e+02
-2.672605011791861216e+02
-2.632598185903880221e+02
-2.585486022411249678e+02
-2.529265615400100273e+02
-2.466596383628110516e+02
-2.404345068702139372e+02
-2.351068381476828790e+02
-2.313251040596621522e+02
-2.291528894359048252e+02
-2.278078831840279008e+02
-2.255985356825324573e+02
-2.200865604927154209e+02
-2.084473724459047332e+02
-1.879546299257827400e+02
-1.564921148985638126e+02
-1.129973412671910324e+02
-5.775817916931296025e+01
7.491169229560910026e+00
7.970112822535404007e+01
1.548626344471035168e+02
2.285492514023936508e+02
2.965566291661031642e+02
3.555030010525715056e+02
4.032458881600250606e+02
4.390228159374596544e+02
4.633134328588700441e+02
4.774969567755925937e+02
4.834175182396962214e+02
4.829759072871470948e+02
4.778415435370619662e+02
4.693220171743692504e+02
4.583618216212723837e+02
4.456070506176720869e+02
4.314860278835779468e+02
4.162901496822451008e+02
4.002547365069237344e+02
3.836299647488552296e+02
3.667208621821162069e+02
3.498777663248113754e+02
3.334323674884535649e+02
3.175970844619001241e+02
3.023702428047961916e+02
2.874983398960368959e+02
2.725284485477664020e+02
2.569467971278878053e+02
2.403583402639648341e+02
2.226328006497300009e+02
2.039509775280762653e+02
1.847418061799468489e+02
1.655672653387973696e+02
1.470317415405525026e+02
1.297513847158472799e+02
1.143539484475840737e+02
1.014414250471605357e+02
9.147016292524291714e+01
8.457491635900149163e+01
8.042793099079075603e+01
7.823075841268511965e+01
7.688206277107569520e+01
7.528169989560834097e+01
7.266087567252532153e+01
6.880711408280419050e+01
6.409611062260896119e+01
5.932484803849457222e+01
5.541107656596778241e+01
5.305621745580543092e+01
5.247427951510410082e+01
5.327769343464164109e+01
5.456622444388404602e+01
5.518819417048759846e+01
5.407598677106375362e+01
5.053939427790498939e+01
4.442790934772146727e+01
3.612277778976523734e+01
2.637564083024556538e+01
1.605880952898830571e+01
5.915657378084777207e+00
-3.608570650651191869e+00
-1.241040139064497794e+01
-2.065319737262113620e+01
-2.862929639967633477e+01
-3.663172251379762656e+01
-4.488175170843618389e+01
-5.351198344362919102e+01
-6.257221778519351574e+01
-7.202555641546889831e+01
-8.173037327553142006e+01
-9.143377474536495697e+01
-1.008025939754464844e+02
-1.094901613771108373e+02
-1.172140009353121854e+02
-1.238210454808884151e+02
-1.293313394932240783e+02
-1.339560977788519551e+02
-1.380744589482716549e+02
-1.421469903266599886e+02
-1.465697012052362140e+02
-1.515205412613234159e+02
-1.568798896192976713e+02
-1.622858111968960486e+02
-1.673164655472729976e+02
-1.717163687649477311e+02
-1.755555409660530302e+02
-1.792503531486896975e+02
-1.834485557869540457e+02
-1.888407170562712736e+02
-1.959789634441330293e+02
-2.051628022223224832e+02
-2.164140336988450031e+02
-2.295267905591211957e+02
-2.441441919385635515e+02
-2.597910085059546645e+02
-2.758140052305927270e+02
-2.912481511368202973e+02
-3.046848928592428365e+02
-3.142243552570554357e+02
-3.175568302909912859e+02
-3.121757772752110895e+02
-2.956952340197824469e+02
-2.662278443189923678e+02
-2.227690253954631885e+02
-1.655285478762299647e+02
-9.614962421781166313e+01
-1.774550668208576099e+01
6.532284000965906046e+01
