-7.359900587922815873e+01
-1.090293713049829591e+02
-1.403279036251744287e+02
-1.645920145856165959e+02
-1.805794848999184694e+02
-1.885420194235476288e+02
-1.894726747776213642e+02
-1.841626363069723311e+02
-1.725003234029740611e+02
-1.532999634838606084e+02
-1.246984273791262154e+02
-8.492334122076412939e+01
-3.311547575633724705e+01
3.008260297849085418e+01
1.023339719568435555e+02
1.798349237466412092e+02
2.578788952137662704e+02
3.315947469916942509e+02
3.966589054144570241e+02
4.498112033061378270e+02
4.890979635406688431e+02
5.138663108505670607e+02
5.245868876724297252e+02
5.225849852184536530e+02
5.097452412195480065e+02
4.882447766749343145e+02
4.603566232416948196e+02
4.283337086337326696e+02
3.943410036480163967e+02
3.603815300973193985e+02
3.281803091079716523e+02
2.990325709317610858e+02
2.736582558109319621e+02
2.521164617559234671e+02
2.338187696910088107e+02
2.176509295159032149e+02
2.021872701715690539e+02
1.859674125749899076e+02
1.677889556923405223e+02
1.469487275390191314e+02
1.233600279358829255e+02
9.750916577403928898e+01
7.028160691217875922e+01
4.273968080881549270e+01
1.593464881349772710e+01
-9.204115115380634649e+00
-3.190707986733803381e+01
-5.156408802109211820e+01
-6.772493459823745354e+01
-8.012173860705402717e+01
-8.870640822405727022e+01
-9.368252921597904503e+01
-9.551451397710265212e+01
-9.490065383328494875e+01
-9.269626181980717661e+01
-8.978715801842136557e+01
-8.694631211596205844e+01
-8.472757290951709308e+01
-8.343454272774522451e+01
-8.316310173227482494e+01
-8.388512209979506906e+01
-8.553290668025815080e+01
-8.805207979856234601e+01
-9.140764411034885484e+01
-9.555178989575443893e+01
-1.003857532194759870e+02
-1.057560625377163319e+02
-1.115037985701276284e+02
-1.175396237116630971e+02
-1.238845850742749235e+02
-1.306367484195425845e+02
-1.378836562567900614e+02
-1.456185082644840918e+02
-1.536998819277557971e+02
-1.618554376089565778e+02
-1.697153070327730404e+02
-1.768681950540240280e+02
-1.829356006647466018e+02
-1.876505434339296983e+02
-1.909172082366423808e+02
-1.928256799117035314e+02
-1.936066350869355404e+02
-1.935342155530833850e+02
-1.928119828157039422e+02
-1.914924653296339159e+02
-1.894726747776213926e+02
-1.865746509353813565e+02
-1.826794969329571074e+02
-1.778596546932656963e+02
-1.724445303009675570e+02
-1.669736031859880825e+02
-1.620324615693929502e+02
-1.580246218240387464e+02
-1.549769254988552518e+02
-1.524792580488970373e+02
-1.498089297129321551e+02
-1.462023339639844437e+02
-1.411596981538260422e+02
-1.346533219016692726e+02
-1.271598502221721958e+02
-1.195095195915089619e+02
-1.125974604599380484e+02
-1.070266975591711400e+02
-1.027643345699582085e+02
-9.889811356127077602e+01
-9.357111363485896049e+01
-8.414028722075980227e+01
-6.755498595616907664e+01
-4.089517317196543900e+01
-1.958151965811765649e+00
5.024110307538856546e+01
1.151688123050498689e+02
1.907268400444563099e+02
2.734640606838141821e+02
3.590090109225159267e+02
4.426524775380385108e+02
5.199663644046871696e+02
5.873262105061559168e+02
6.422377749229228812e+02
6.834375806778723472e+02
7.108016575411052145e+02
7.251314491282923882e+02
7.278933106688729140e+02
7.209757347032589223e+02
7.064977306416134297e+02
6.866624351075665800e+02
6.636251326055584059e+02
6.393491737483434463e+02
6.154500574749738462e+02
5.930595254860342038e+02
5.727603203132799763e+02
5.546326442740075890e+02
5.384081232196242581e+02
5.236655756174485532e+02
5.099739690866422279e+02
4.969259788886012075e+02
4.840823824689542789e+02
4.708997505002797652e+02
4.567136698851625169e+02
4.408157356179423232e+02
4.226184885276975933e+02
4.018603680885037193e+02
3.787725160464468672e+02
3.541259154406427569e+02
3.291184874788091861e+02
3.051394646090389529e+02
2.835086245640531502e+02
2.652786993988413542e+02
2.511251623940951845e+02
2.412941569210131547e+02
2.355784336385002291e+02
2.333257776032691027e+02
2.335112934748594853e+02
2.348973399498879928e+02
2.362636000560292473e+02
2.366398479789129965e+02
2.354546254796190112e+02
2.325473532574221451e+02
2.280604255685185819e+02
2.222831263533101094e+02
2.155242307037254648e+02
2.080500637087886560e+02
2.000762357719458180e+02
1.917771194848138521e+02
1.832848286692129420e+02
1.746751432714964380e+02
1.659595809397755488e+02
1.571034936124161163e+02
1.480692734571362337e+02
1.388599884548845864e+02
1.295331776857858586e+02
1.201707364026393350e+02
1.108156542489420815e+02
1.014065067834921336e+02
9.174775638222382668e+01
8.154223367942482525e+01
7.048611013118917867e+01
5.840064605389760288e+01
4.535625337715597993e+01
3.173529289531626318e+01
1.819340643366459176e+01
5.520689145240964990e+00
-5.552244292549829652e+00
-1.454371715343384608e+01
-2.135834163108336270e+01
-2.633802374258536361e+01
-3.019993171385419828e+01
-3.385425779403243496e+01
-3.813926406548648629e+01
-4.356200963183331965e+01
-5.014909641083954739e+01
-5.747075963269148247e+01
-6.482560341363560497e+01
-7.150727427804383751e+01
-7.705005171213431936e+01
-8.137089394600820924e+01
-8.477183080329160703e+01
-8.781335025789104520e+01
-9.110497541827530199e+01
-9.508782795171316593e+01
-9.989888351896013319e+01
-1.053819596282021394e+02
-1.112405271497012507e+02
-1.172509254116801856e+02
-1.234210923884043893e+02
-1.300093432690945576e+02
-1.373917658695623061e+02
-1.458424327599043977e+02
-1.553281872339296399e+02
-1.654047011622393200e+02
-1.752394237277933655e+02
-1.837082623608604024e+02
-1.894726747776213926e+02
-1.909847533917773319e+02
-1.864610220059302890e+02
-1.739323455515126682e+02
-1.514563980457687080e+02
-1.174987033341123208e+02
-7.139418933229271147e+01
-1.374562909054519366e+01
5.337963346753803506e+01
1.265336021593816724e+02
2.012458564016966136e+02
2.725805561870159295e+02
3.357852453575064828e+02
3.869178208016041935e+02
4.233406394104783885e+02
4.439912058186180275e+02
4.493886001355776330e+02
4.413977737754493091e+02
4.228199019339558618e+02
3.968972100920358344e+02
3.668248146552157323e+02
3.353501824950670880e+02
3.045099432144221510e+02
2.755192568366250043e+02
2.488062971015818050e+02
2.241690206197180260e+02
2.010156642763176080e+02
1.786373438199848067e+02
1.564540885749173924e+02
1.341771154909529855e+02
1.118469225425499758e+02
8.974233053489986389e+01
6.820199539393955490e+01
4.743646805937574129e+01
2.740854370138799112e+01
7.816162138447467100e+00
-1.183909611759892755e+01
-3.213085681392905713e+01
-5.355085788647414091e+01
-7.632435626379563587e+01
-1.002247756571378545e+02
-1.244364505568678823e+02
-1.475170576231518567e+02
-1.675004865882307286e+02
-1.821662945883777525e+02
-1.894726747776213926e+02
-1.880948131941987072e+02
-1.779401861339573259e+02
-1.604541742550412096e+02
-1.385284969828170460e+02
