1.075834195162881102e+01
-4.984102984336891495e+01
-1.018062401578899312e+02
-1.389731104286184404e+02
-1.590994045257793914e+02
-1.638720685316590959e+02
-1.577207017604430632e+02
-1.460999286632937242e+02
-1.339085341986849187e+02
-1.244684880980824744e+02
-1.191885806653440625e+02
-1.178090051662512678e+02
-1.190004805212767280e+02
-1.210638200939034732e+02
-1.225217810492142689e+02
-1.224822326924804656e+02
-1.207394011299406316e+02
-1.176447533940594781e+02
-1.138230964089909207e+02
-1.098359791019203442e+02
-1.058950874390980630e+02
-1.017003878636920575e+02
-9.643563135879348636e+01
-8.891320696359859710e+01
-7.782651063759966803e+01
-6.204620054218759151e+01
-4.089551400762271527e+01
-1.435528644382356589e+01
1.683548465005563699e+01
5.120928891098881763e+01
8.674242266221486375e+01
1.211535455581086325e+02
1.522720802201085633e+02
1.783859875886929274e+02
1.984732155516297780e+02
2.122589958513148076e+02
2.201069990062566148e+02
2.228075621070967713e+02
2.213438041441613962e+02
2.166998364831633239e+02
2.097435023601952935e+02
2.011849103194128361e+02
1.915899660740717820e+02
1.814185518990969115e+02
1.710587988290292856e+02
1.608395064979676192e+02
1.510202433579127046e+02
1.417746276600792612e+02
1.331833377983186040e+02
1.252396697513040493e+02
1.178582612594755830e+02
1.108784530357201277e+02
1.040648563239085718e+02
9.711889378320849175e+01
8.971522114740744769e+01
8.156209435734459134e+01
7.246592190321027260e+01
6.237501494585734463e+01
5.139006704509776569e+01
3.974488289593315216e+01
2.776648491313648037e+01
1.582171949324450466e+01
4.259598317219760233e+00
-6.632937960563869417e+00
-1.664262957467048665e+01
-2.560792727748882669e+01
-3.339066178771548721e+01
-3.987842313719433918e+01
-4.503191138780081815e+01
-4.895231019881438073e+01
-5.191681691657438336e+01
-5.433571556536960401e+01
-5.662528006966878991e+01
-5.904804136733955033e+01
-6.160681744673126303e+01
-6.406144387736053147e+01
-6.607471016245452233e+01
-6.742451255331201310e+01
-6.817949548267455384e+01
-6.874390762596874538e+01
-6.973526730409102470e+01
-7.174485748366751636e+01
-7.510003932839987328e+01
-7.975153862557669981e+01
-8.533716762574444203e+01
-9.136828910838401896e+01
-9.741958819856564844e+01
-1.032229491367897651e+02
-1.086494167463718412e+02
-1.136377253346231271e+02
-1.181406898677593631e+02
-1.221204345345132225e+02
-1.255784014908097106e+02
-1.285890485947143702e+02
-1.313107553948886732e+02
-1.339574819079911663e+02
-1.367320127069324371e+02
-1.397489632618983819e+02
-1.429926963082807561e+02
-1.463377883420272383e+02
-1.496166683222015763e+02
-1.526887977927334816e+02
-1.554733604006272287e+02
-1.579386357355888890e+02
-1.600657852690547713e+02
-1.618131999587522500e+02
-1.631070588623893514e+02
-1.638720685316590959e+02
-1.640889077373446980e+02
-1.638375500269666531e+02
-1.632843159929914805e+02
-1.626051997120301849e+02
-1.618852596619917108e+02
-1.610586349907846966e+02
-1.599317967138588870e+02
-1.582795052442587007e+02
-1.559618556643605132e+02
-1.530085317496100856e+02
-1.496407040304096085e+02
-1.462258538356602457e+02
-1.431790844942183298e+02
-1.408415741516263040e+02
-1.393769280636564645e+02
-1.387184758033685910e+02
-1.385805426778843525e+02
-1.385308210336090724e+02
-1.381128041232998385e+02
-1.369943438589924654e+02
-1.350959228515204131e+02
-1.326382813643734835e+02
-1.300650379902479585e+02
-1.278423859949750181e+02
-1.261978041318087094e+02
-1.249054348973001112e+02
-1.232218045998585723e+02
-1.200082708157948588e+02
-1.139842636999762817e+02
-1.040011935964575116e+02
-8.924314854716919854e+01
-6.932667938173379696e+01
-4.433392302593681222e+01
-1.482568219979087587e+01
1.815468971617443117e+01
5.311682443519053720e+01
8.823529235781620628e+01
1.215448709407256871e+02
1.511877570336557710e+02
1.756620741799287657e+02
1.940215287770624002e+02
2.059828339180966736e+02
2.119107044959796440e+02
2.126803885001631897e+02
2.094592893785556385e+02
2.034768912593600021e+02
1.958448736023414654e+02
1.874533635795580722e+02
1.789348472993605697e+02
1.706756879988971605e+02
1.628587367124906393e+02
1.555226533290190787e+02
1.486224511358009011e+02
1.420779445150948277e+02
1.358031153644946016e+02
1.297161256435242933e+02
1.237346322757508261e+02
1.177634296639581777e+02
1.116803916341431488e+02
1.053242984016386856e+02
9.848914531988037879e+01
9.093486571409530939e+01
8.242815791170988859e+01
7.282056839001388937e+01
6.215037766985186352e+01
5.072878405353444009e+01
3.915909828355594868e+01
2.825546094082354642e+01
1.886856949376430492e+01
1.166657621557448010e+01
6.942111074478098942e+00
4.516309614180315180e+00
3.784031196995321977e+00
3.892691900370202518e+00
3.991801718683575473e+00
3.463475090791007460e+00
2.059662253856210157e+00
-8.550462162321892379e-02
-2.555032340069981700e+00
-4.815361467131772599e+00
-6.392815658416914459e+00
-7.011620669231344749e+00
-6.666780016248001317e+00
-5.626260761042640723e+00
-4.368094399193008570e+00
-3.465381767143810521e+00
-3.445039184083750428e+00
-4.658258687568899603e+00
-7.198331087221070845e+00
-1.088419390132271580e+01
-1.530833036047025431e+01
-1.993383843873945693e+01
-2.421727237329977811e+01
-2.773167438879595892e+01
-3.026739449496662360e+01
-3.188796411730681513e+01
-3.291335671535999552e+01
-3.381409824189191227e+01
-3.504056556907371345e+01
-3.685718812000383338e+01
-3.925959811671686595e+01
-4.201290122045070063e+01
-4.478834724629439279e+01
-4.732961984018107415e+01
-4.956929302743737509e+01
-5.164429059672894340e+01
-5.381339539762321067e+01
-5.632870944130614532e+01
-5.932602750718640294e+01
-6.277467173550823532e+01
-6.649102570651960775e+01
-7.019698275167681345e+01
-7.359925597728452829e+01
-7.646750845677755137e+01
-7.869180117945619202e+01
-8.030333277513581436e+01
-8.144817321164271107e+01
-8.231670919109323847e+01
-8.305487509269138968e+01
-8.370268949893285537e+01
-8.419904931692538241e+01
-8.445654587356528964e+01
-8.446843739839093246e+01
-8.438894298197321575e+01
-8.454059964648276093e+01
-8.534091399554193913e+01
-8.718078526090991431e+01
-9.030402417965730422e+01
-9.472655019512542651e+01
-1.002159559665231683e+02
-1.063450637424499519e+02
-1.126253773829052989e+02
-1.186932649280493166e+02
-1.244712355036452749e+02
-1.302050300071059610e+02
-1.363179398978540178e+02
-1.431105979016044216e+02
-1.504198789667409812e+02
-1.573922269231094901e+02
-1.625037348813178255e+02
-1.638720685316590959e+02
-1.597812763682488821e+02
-1.492371162897505030e+02
-1.323451405594000221e+02
-1.103700231401526679e+02
-8.545740601084976618e+01
-6.012341499427903102e+01
-3.668969232563267013e+01
-1.683580003519785961e+01
-1.373015797182123521e+00
9.741067498646682310e+00
1.719913511251127147e+01
2.205655983132092501e+01
2.548467143720467476e+01
