-6.040799484220818982e+01
-3.997900680544685770e+01
-2.303295994816644665e+01
-1.198327279998568784e+01
-7.593370713286835993e+00
-9.087586987351734535e+00
-1.479602574595526931e+01
-2.295074443654923613e+01
-3.226022177903645627e+01
-4.207906886831990789e+01
-5.222302801608123701e+01
-6.262545147378600063e+01
-7.304239984436586042e+01
-8.293067412856176190e+01
-9.152275798114442296e+01
-9.805269580313283484e+01
-1.020460604203889972e+02
-1.035605554081936646e+02
-1.032654121615337175e+02
-1.023034931956819662e+02
-1.019763243543565352e+02
-1.033714168042263992e+02
-1.070653368969654906e+02
-1.129914888978948113e+02
-1.204991730989420802e+02
-1.285753701379639722e+02
-1.361560415938390634e+02
-1.424274013629410831e+02
-1.470243489787455360e+02
-1.500742784987111804e+02
-1.520905635406051317e+02
-1.537652630696213123e+02
-1.557306855883602736e+02
-1.583576227110593209e+02
-1.616443762473607251e+02
-1.652280583955955251e+02
-1.685151445961079730e+02
-1.708884259023717220e+02
-1.719200350734275844e+02
-1.715154781559000128e+02
-1.699308874338734086e+02
-1.676465728712263399e+02
-1.651386735825818164e+02
-1.626370957051381083e+02
-1.599578515128030176e+02
-1.564524667805944773e+02
-1.510686133235794273e+02
-1.425046875393229016e+02
-1.294546285126442342e+02
-1.109278282462648519e+02
-8.657360759761388636e+01
-5.688358719868566027e+01
-2.315261843625439298e+01
1.282663732989492544e+01
4.922724630353471298e+01
8.462150441640426379e+01
1.182267413832200305e+02
1.499139824974872681e+02
1.800297337031091160e+02
2.091223606963737609e+02
2.376628533345690926e+02
2.658342701822890604e+02
2.934411945613715034e+02
3.199568852532801202e+02
3.446811383913693589e+02
3.669370056051632787e+02
3.862184578495437108e+02
4.022340009482367122e+02
4.148518428806775660e+02
4.239985681868150778e+02
4.295774340048194517e+02
4.314632618002860340e+02
4.296018729301193844e+02
4.241847608637040707e+02
4.158003549786792519e+02
4.054353876808977475e+02
3.942572253160664104e+02
3.832351720585090220e+02
3.727814072682993469e+02
3.626191133644286992e+02
3.519741899086654939e+02
3.399971285084509418e+02
3.261870017472984955e+02
3.106062538907108319e+02
2.938165152526153179e+02
2.766202699162855083e+02
2.597660293924774919e+02
2.437464398495924058e+02
2.287388837348777599e+02
2.146724194842175848e+02
2.013763707478454137e+02
1.887533054939080444e+02
1.769079094857304426e+02
1.661668961798200144e+02
1.569597553464587634e+02
1.495940393608599663e+02
1.440275816646999374e+02
1.397670898667447545e+02
1.359692326386920911e+02
1.317054046760803203e+02
1.262522991588870127e+02
1.192584748973675062e+02
1.107209658404975130e+02
1.008306910681468764e+02
8.982406962132694161e+01
7.795099961590784687e+01
6.556233465807520133e+01
5.322261057867370937e+01
4.173042232929508799e+01
3.197921491899546709e+01
2.468012919132880256e+01
2.005459319537540352e+01
1.764824530809666214e+01
1.639117444436497806e+01
1.492713768694537180e+01
1.209184529260929253e+01
7.320818198792920839e+00
7.901338284796537437e-01
-6.766959299290107310e+00
-1.445829367613474403e+01
-2.163756952695240443e+01
-2.812188109758102428e+01
-3.414850286320373129e+01
-4.015123858481987895e+01
-4.651557487008969360e+01
-5.342610054073682591e+01
-6.081326123486579149e+01
-6.834869377556270820e+01
-7.546874568404973616e+01
-8.146558676188226400e+01
-8.568992110975997889e+01
-8.783506888936375390e+01
-8.817818114242459160e+01
-8.762587709944114067e+01
-8.748686328954136115e+01
-8.903754854286808040e+01
-9.306866017280617598e+01
-9.961637817669199535e+01
-1.079845107190302826e+02
-1.170287217735369154e+02
-1.255731441552309775e+02
-1.327920874777586562e+02
-1.384187352199175507e+02
-1.427257715284170843e+02
-1.463198664871094365e+02
-1.498545703752647285e+02
-1.537732140430561003e+02
-1.581595085568660295e+02
-1.627246159653065831e+02
-1.669106569665308086e+02
-1.700512620791587608e+02
-1.715154781559000128e+02
-1.707843130667676803e+02
-1.674565417257608999e+02
-1.612182723569410427e+02
-1.518085522747015546e+02
-1.390039394578831775e+02
-1.226403039524456346e+02
-1.026831105269753834e+02
-7.932542234842657081e+01
-5.304749781024347044e+01
-2.456374428542410726e+01
5.355662277850584019e+00
3.610384095387995984e+01
6.736096207767211297e+01
9.903630273084232272e+01
1.310577010111602476e+02
1.631239206037925555e+02
1.945394868844732059e+02
2.242034828209339992e+02
2.507722307552365919e+02
2.729661024582189839e+02
2.899315592432309359e+02
3.015230319897468689e+02
3.083765362839077397e+02
3.117188458321742246e+02
3.129636464641273506e+02
3.132450551563989620e+02
3.130812592137500587e+02
3.123064612294226663e+02
3.102716178328478804e+02
3.061850358228701907e+02
2.994323198934553716e+02
2.897746385825198558e+02
2.774009566989062705e+02
2.628568362138116754e+02
2.468902279304876402e+02
2.302582735018460198e+02
2.135447526975760297e+02
1.970490417406930987e+02
1.807968023160700284e+02
1.646655581935921475e+02
1.485472567056470155e+02
1.324527668394499358e+02
1.165197255076692358e+02
1.009550630460233975e+02
8.596217635826872083e+01
7.168223672853123674e+01
5.817087068702579700e+01
4.543346476945443158e+01
3.351242158415949035e+01
2.256523924587244068e+01
1.285439942752749687e+01
4.620521785582646146e+00
-2.104657518298672869e+00
-7.633227826839195984e+00
-1.261271010649333846e+01
-1.786883157478832373e+01
-2.417305526474204669e+01
-3.202591148055901726e+01
-4.152125765558424320e+01
-5.232973227935823957e+01
-6.381401899786185794e+01
-7.524417022277586398e+01
-8.602719782892066291e+01
-9.584533095178549900e+01
-1.046458226828670064e+02
-1.125167265076342034e+02
-1.195454686664498496e+02
-1.257472082060077696e+02
-1.310927569452459807e+02
-1.356062831430277811e+02
-1.394629632872863567e+02
-1.430105921723075255e+02
-1.466791426674358831e+02
-1.508101345739192425e+02
-1.554885458084567347e+02
-1.604629533748001506e+02
-1.651989754642441426e+02
-1.690541341922744607e+02
-1.715154781559000128e+02
-1.724165645700680614e+02
-1.720506873232432383e+02
-1.711263062268694739e+02
-1.705652684778311254e+02
-1.712057776712975965e+02
-1.735158241584773009e+02
-1.774271733448020427e+02
-1.823509997812444396e+02
-1.873544973834268035e+02
-1.914219274754160551e+02
-1.937248313770946595e+02
-1.938468928293758040e+02
-1.919072433951617143e+02
-1.885229065051011332e+02
-1.845934229392247516e+02
-1.809769380360461355e+02
-1.781976838309339541e+02
-1.763178034470336684e+02
-1.750174071581861881e+02
-1.738161287066261593e+02
-1.723093214668407711e+02
-1.703102675490858360e+02
-1.678627920280069930e+02
-1.651651948743787557e+02
-1.624773466522993886e+02
-1.600578290260318113e+02
-1.581329491384851167e+02
-1.568722741862679584e+02
-1.563469779382972717e+02
-1.564762417944332924e+02
-1.570054632283408580e+02
