-2.354828500868389085e+01
-1.521901639442585363e+01
-9.166425133805674363e+00
-6.902656893982129560e+00
-8.747275264880933321e+00
-1.385367856494439565e+01
-2.066033095004549835e+01
-2.753904576569227203e+01
-3.335326348830491128e+01
-3.772233502189401122e+01
-4.094740101348901362e+01
-4.369729995036396986e+01
-4.662406459604288500e+01
-5.006983574466512010e+01
-5.396024160831403549e+01
-5.789032433077176165e+01
-6.133698161316503672e+01
-6.389619344707705295e+01
-6.544598241684207096e+01
-6.617675064354271797e+01
-6.649814079293915370e+01
-6.688846452771474560e+01
-6.776057908031091870e+01
-6.938009672108223924e+01
-7.182950057660264065e+01
-7.499973898775530756e+01
-7.860656786409130348e+01
-8.224499765726763201e+01
-8.549217643496854180e+01
-8.804686838193194376e+01
-8.986053833510310085e+01
-9.118680223197877410e+01
-9.248305752832942517e+01
-9.416259404552951651e+01
-9.629211519449341949e+01
-9.838960816342162730e+01
-9.944723915222185440e+01
-9.819474889154811592e+01
-9.349626261188382159e+01
-8.470886804123162506e+01
-7.185824285937414402e+01
-5.558108166173417430e+01
-3.688664629834676134e+01
-1.685252939431859431e+01
3.624247833548373876e+00
2.394532311877379271e+01
4.379388301145910134e+01
6.303328173657625655e+01
8.158737619576385214e+01
9.935306617472460289e+01
1.161692100642458172e+02
1.318378172365043497e+02
1.461721446873345371e+02
1.590448186756602240e+02
1.704232269765136607e+02
1.803873996115656269e+02
1.891198532248769766e+02
1.968553568425044773e+02
2.037963720674390515e+02
2.100285902503547391e+02
2.154866640293384989e+02
2.200010149468649274e+02
2.234051756990239141e+02
2.256373202650430585e+02
2.267705015624843554e+02
2.269547947933558589e+02
2.263132419262065014e+02
2.248608514497175861e+02
2.224963997717964617e+02
2.190674919606161666e+02
2.144641632864112353e+02
2.086834293900125772e+02
2.018330803032532117e+02
1.940847077904046500e+02
1.856105431245391060e+02
1.765389474039766924e+02
1.669542212684336846e+02
1.569513234631961609e+02
1.467271814856443655e+02
1.366559678453826336e+02
1.272836778444683858e+02
1.192071988644524794e+02
1.128655287960714588e+02
1.083316451636938069e+02
1.052130310662971624e+02
1.027272024115632263e+02
9.993426869704543947e+01
9.603037425665472426e+01
9.057989686594426360e+01
8.360229197135632262e+01
7.550245947547102787e+01
6.689668506524986924e+01
5.841282848701163743e+01
5.053348420337516700e+01
4.351788004659539411e+01
3.740154551638195102e+01
3.205084902716554751e+01
2.724610330165900152e+01
2.277029351236106791e+01
1.848089080516520966e+01
1.434298336023118026e+01
1.041416210095874106e+01
6.796473421316903796e+00
3.587151153194966469e+00
8.466913385628345168e-01
-1.425348778437395936e+00
-3.321986268548670296e+00
-5.056420979104778723e+00
-6.949790661768368238e+00
-9.355796257343271805e+00
-1.254063199952573626e+01
-1.656970877369629136e+01
-2.125132689168344768e+01
-2.615880109419047983e+01
-3.072486547151694936e+01
-3.439216512317186414e+01
-3.679377005734274064e+01
-3.790839618138048195e+01
-3.811286854482150943e+01
-3.808395781438284189e+01
-3.857620491114455774e+01
-4.016591443462652933e+01
-4.306290065725859506e+01
-4.705453215790112154e+01
-5.159082023822377039e+01
-5.597298241202003055e+01
-5.958403487957130551e+01
-6.209639860877587125e+01
-6.359838271443696556e+01
-6.459257904305590614e+01
-6.584330703632701898e+01
-6.810169692307991340e+01
-7.180457010640104443e+01
-7.687981934889185709e+01
-8.275472536190629569e+01
-8.856656211442430049e+01
-9.347612951848425666e+01
-9.694190200706329108e+01
-9.884575288249148173e+01
-9.944723915222185440e+01
-9.922529235386328139e+01
-9.869358073519622110e+01
-9.825267533436958445e+01
-9.810831999571963991e+01
-9.826889233611414909e+01
-9.861653897793532053e+01
-9.901459377760328096e+01
-9.938755181654885007e+01
-9.971539886126429053e+01
-9.992843037898880709e+01
-9.975434707294000702e+01
-9.861851626917501790e+01
-9.568904332833008652e+01
-9.008258010200468391e+01
-8.115004454369845632e+01
-6.870924952295527532e+01
-5.311709294212879229e+01
-3.515818833272804511e+01
-1.581603929213763848e+01
3.963616131066201476e+00
2.342550822875825389e+01
4.203992426559789664e+01
5.944924217070713013e+01
7.539042440869337725e+01
8.965161098718773758e+01
1.020833675892098427e+02
1.126416379890844865e+02
1.214154686908119061e+02
1.286044276360559877e+02
1.344494953867816207e+02
1.391544216954603428e+02
1.428390380317430299e+02
1.455449517250113445e+02
1.472819357651940777e+02
1.480793364305362445e+02
1.480092868263689070e+02
1.471739645547167470e+02
1.456716509370908739e+02
1.435577639312614338e+02
1.408070229843837922e+02
1.372841324474070746e+02
1.327454496513766458e+02
1.268973495443071471e+02
1.195105432331589697e+02
1.105534083000452341e+02
1.002919874931639299e+02
8.931252967764601181e+01
7.844223179273117807e+01
6.857253864369289431e+01
6.042388570025190120e+01
5.431961319457887782e+01
5.004881959871667618e+01
4.688352295070896503e+01
4.377072338057084266e+01
3.965686458278467796e+01
3.384279068899257226e+01
2.623583798924563126e+01
1.738898278860712310e+01
8.302193315281563457e+00
6.785659673037613970e-02
-6.494175053891620308e+00
-1.107672260621006188e+01
-1.392895438934774788e+01
-1.571037953120313979e+01
-1.723020075224333780e+01
-1.918525880465612943e+01
-2.199492702725052595e+01
-2.576629780280143933e+01
-3.035342126867171686e+01
-3.544738466024096368e+01
-4.065478229630739548e+01
-4.556035228941060922e+01
-4.979160823129925717e+01
-5.309583184560379010e+01
-5.541468850011919045e+01
-5.692342045884912238e+01
-5.800772430990745931e+01
-5.917719103234978206e+01
-6.093763317565651505e+01
-6.365475258695853000e+01
-6.744634495130222263e+01
-7.214108278206749958e+01
-7.732615463829085911e+01
-8.247236961819204737e+01
-8.709325882033442667e+01
-9.088065640111719290e+01
-9.376523968037531631e+01
-9.587821376234185777e+01
-9.743641086480619151e+01
-9.861152949029651893e+01
-9.944723915222185440e+01
-9.985963375188765667e+01
-9.971988203926999006e+01
-9.898323947444026771e+01
-9.779964989109532780e+01
-9.653440523007039076e+01
-9.566183343356428281e+01
-9.556560108537112797e+01
-9.634523710854880107e+01
-9.773637798112837061e+01
-9.918781503276446188e+01
-1.000532259231648879e+02
-9.981377185125688811e+01
-9.825597905005216148e+01
-9.555300723467703961e+01
-9.222389515854682429e+01
-8.898208185027328909e+01
-8.652232949113110294e+01
-8.531612272815507936e+01
-8.548364476296887915e+01
-8.678505105659260721e+01
-8.872660525493111550e+01
-9.072614457341668981e+01
-9.226143224387519126e+01
-9.295249016759676408e+01
-9.257903963292690719e+01
-9.106208180094644433e+01
-8.843379933934876647e+01
-8.480809363442332938e+01
-8.036133787854949162e+01
-7.532788086124482163e+01
-6.999925520775029497e+01
