7.147843202718952682e+01
-7.074226006629668007e+01
-1.951455647254385610e+02
-2.891141299188009270e+02
-3.480831070982532651e+02
-3.754893410000580047e+02
-3.801760873832431571e+02
-3.726203025087642686e+02
-3.614399816696673042e+02
-3.511931591206229086e+02
-3.418460077058491038e+02
-3.297183985924599483e+02
-3.093475899079850819e+02
-2.755792715565702338e+02
-2.252680452251558449e+02
-1.581877394789212303e+02
-7.704131106255515249e+01
1.326902426922124079e+01
1.067805356870311186e+02
1.976545242749078852e+02
2.811232496273252650e+02
3.540441292775581701e+02
4.150305687369574343e+02
4.642255256199380256e+02
5.028463690721127364e+02
5.326549944313117066e+02
5.554898873949545077e+02
5.729393598668997356e+02
5.861665824937774687e+02
5.958566583452575287e+02
6.022528138518205196e+02
6.052580455169634206e+02
6.045763331568996364e+02
5.998543793317746804e+02
5.907807582859913964e+02
5.771206940735862645e+02
5.587027404626658154e+02
5.353996801526736817e+02
5.071408818875557927e+02
4.739659773763006569e+02
4.361028680077844228e+02
3.940409340916369842e+02
3.485729858993730090e+02
3.007901617611033771e+02
2.520267471915753106e+02
2.037630736164856842e+02
1.574998051708488163e+02
1.146156516239394989e+02
7.622066322663654603e+01
4.302335235254830081e+01
1.523691902633977691e+01
-7.446848990206644814e+00
-2.579234828398688606e+01
-4.086297059362347994e+01
-5.381010451525728655e+01
-6.567307827663671560e+01
-7.724466067884925735e+01
-8.902102296571210616e+01
-1.012231055793134260e+02
-1.138588188067187588e+02
-1.267891011303191391e+02
-1.397743593393465176e+02
-1.525145103522790180e+02
-1.647201508992580159e+02
-1.762253583382930344e+02
-1.870950292547080096e+02
-1.976531468304637258e+02
-2.083931230898409979e+02
-2.198001066537455017e+02
-2.321654472855172173e+02
-2.454737019509207698e+02
-2.594003128667400233e+02
-2.734033466340096652e+02
-2.868573925422692810e+02
-2.991803902762327994e+02
-3.099322187533928172e+02
-3.188842990495671756e+02
-3.260571556364188268e+02
-3.317123402905218086e+02
-3.362862585612547264e+02
-3.402725662194801544e+02
-3.440879598262995955e+02
-3.479733873683108527e+02
-3.519704105046398581e+02
-3.559715728231102503e+02
-3.598006451062228734e+02
-3.632681094693134014e+02
-3.661794612653269496e+02
-3.683205862246828133e+02
-3.694651183815478248e+02
-3.694292439827495969e+02
-3.681609347715329932e+02
-3.658241213138732064e+02
-3.628363914256905787e+02
-3.598318398722344682e+02
-3.575380802592067084e+02
-3.565830957033356867e+02
-3.572881712378134580e+02
-3.595346768766315790e+02
-3.627780100794320219e+02
-3.662164638123624627e+02
-3.690462797359209617e+02
-3.706960897973738156e+02
-3.709533100792177152e+02
-3.699530693705683007e+02
-3.680617973074845963e+02
-3.657240303406935027e+02
-3.633397440027315497e+02
-3.612087570363954683e+02
-3.595423796488504422e+02
-3.585184054619653580e+02
-3.583444082941348938e+02
-3.592893823606957540e+02
-3.616403560718189283e+02
-3.655460521593781777e+02
-3.707466320011815810e+02
-3.762619273604627779e+02
-3.801760873832431571e+02
-3.796566639048023148e+02
-3.712706227896956079e+02
-3.515489175592505831e+02
-3.176578549624293260e+02
-2.679971344461462195e+02
-2.025762997961292626e+02
-1.231024584765078629e+02
-3.279485438581502166e+01
6.401462594073858270e+01
1.624334034866124910e+02
2.576509660930968266e+02
3.455787708027430085e+02
4.233510114416594661e+02
4.895578115352541886e+02
5.441623721964742799e+02
5.881572441136636371e+02
6.230845511035092841e+02
6.505660230241524005e+02
6.719680959483498555e+02
6.882677052238229862e+02
7.001005707064650778e+02
7.079034857324836594e+02
7.120413425949197972e+02
7.128452907788675930e+02
7.105560587600833742e+02
7.052261253131346166e+02
6.966530407299990202e+02
6.843902217176658951e+02
6.678385236921558317e+02
6.463918479718829531e+02
6.196012326034930311e+02
5.873254636300573566e+02
5.498421199640131363e+02
5.078977272111589514e+02
4.626809592486540623e+02
4.157130233465163656e+02
3.686706432476967166e+02
3.231839059691661760e+02
2.806605516335669108e+02
2.421694057951304160e+02
2.083879987723969407e+02
1.796009767382403481e+02
1.557268068183768719e+02
1.363537654543807776e+02
1.207860266967835230e+02
1.081198572696004874e+02
9.736412484735717499e+01
8.758881187263479262e+01
7.805711084053939430e+01
6.829627649485485108e+01
5.808989486457434737e+01
4.740881592539666656e+01
3.631879724056881287e+01
2.490303545287128983e+01
1.322227000966154620e+01
1.313490813393400458e+00
-1.079033224252193612e+01
-2.304677734099007580e+01
-3.541795406695719350e+01
-4.790447404566393885e+01
-6.055835109221855816e+01
-7.343762805885633327e+01
-8.651694141143320849e+01
-9.961656163060726499e+01
-1.124056439592986578e+02
-1.244820531170493041e+02
-1.354825993529975108e+02
-1.451687484832774544e+02
-1.534580933048658267e+02
-1.604070647095097399e+02
-1.661751659603082771e+02
-1.709997318831858593e+02
-1.751821939205667036e+02
-1.790619107900360518e+02
-1.829633107934847658e+02
-1.871336801385355386e+02
-1.917019915123576652e+02
-1.966707822877662863e+02
-2.019295901501641026e+02
-2.072790785260441453e+02
-2.124756156988857185e+02
-2.173111805525734610e+02
-2.217113995941068652e+02
-2.257939832414779744e+02
-2.298317915307312376e+02
-2.341200263721910346e+02
-2.388123258889154101e+02
-2.438159421054986353e+02
-2.488063619256489574e+02
-2.533567139951519493e+02
-2.571165108419878607e+02
-2.599534279698299315e+02
-2.619990442630117968e+02
-2.635929943635303516e+02
-2.651657818382267351e+02
-2.671142192064043002e+02
-2.697080019477850783e+02
-2.730455555950029520e+02
-2.770675055406430261e+02
-2.816276280996814876e+02
-2.866011841299537082e+02
-2.919897213593424681e+02
-2.979808747439043373e+02
-3.049387288756421412e+02
-3.133146508883527304e+02
-3.234783735049527991e+02
-3.354881722191748281e+02
-3.488438398980570128e+02
-3.622825073073033764e+02
-3.736866355235164860e+02
-3.801760873832431571e+02
-3.784286278974835227e+02
-3.652014640814905420e+02
-3.379409208819467949e+02
-2.953186222222124684e+02
-2.375501431041182343e+02
-1.664287610584922845e+02
-8.509929026355787585e+01
2.347615882128434528e+00
9.137523601908112880e+01
1.775218624169356474e+02
2.568739200079199918e+02
3.264267022385817540e+02
3.842925483345609337e+02
4.297507344825285713e+02
4.631559978302668696e+02
4.857302968792200772e+02
4.992674086504771935e+02
5.057867773674653336e+02
5.071780614939350471e+02
5.048829418359401870e+02
4.996692089955793676e+02
4.915560066863773727e+02
4.799331446909765191e+02
4.638733226564955316e+02
4.425718463373979148e+02
4.157891512256802571e+02
3.841463036333897207e+02
3.491469353094168468e+02
3.128701235620254124e+02
2.773894901116291862e+02
2.440991406330793438e+02
2.132160500094308304e+02
1.837170935902803421e+02
