-7.855865179825633149e+00
-3.613449431051258642e+01
-6.153689309909677263e+01
-8.206935941824761471e+01
-9.707583894954599657e+01
-1.072154619541091876e+02
-1.140174502615395937e+02
-1.192522712517492778e+02
-1.243670390778212038e+02
-1.301526724471730745e+02
-1.367003428405608361e+02
-1.435977948112901004e+02
-1.502321842605724953e+02
-1.560382871010177439e+02
-1.605828363767918177e+02
-1.634800266764747789e+02
-1.642244596903553315e+02
-1.620582600540811882e+02
-1.559595650846794967e+02
-1.447812382156189699e+02
-1.275108368708508522e+02
-1.035814865423196096e+02
-7.314363714764307645e+01
-3.720902656134928321e+01
2.397221275039988608e+00
4.328796806498164784e+01
8.291147261128050161e+01
1.189833671889308420e+02
1.498309752582964052e+02
1.745664989704608843e+02
1.930760230466802057e+02
2.058758242372996961e+02
2.139100656429647245e+02
2.183424298231548732e+02
2.203618041216629706e+02
2.210098669805440466e+02
2.210469738925933711e+02
2.208814326734300266e+02
2.205790340353076431e+02
2.199454242954684560e+02
2.186481125257493545e+02
2.163319275673815127e+02
2.126886260608141583e+02
2.074679786100255967e+02
2.004536993218357850e+02
1.914514355157130865e+02
1.803281519228136744e+02
1.671035958378474220e+02
1.520481916468987436e+02
1.357190148619668548e+02
1.188887069134306387e+02
1.023832777224080246e+02
8.690042274729171368e+01
7.288849055309079006e+01
6.052728363499910813e+01
4.979608255070338174e+01
4.057095091747590487e+01
3.268523248345381660e+01
2.592539766336943430e+01
1.999328513392808659e+01
1.449236275870126534e+01
8.968747588995562126e+00
2.992486459960276068e+00
-3.755273661381631101e+00
-1.141384686071087273e+01
-1.990393544993785113e+01
-2.892673865099800423e+01
-3.801373923071607663e+01
-4.663403440413157597e+01
-5.434342706089131525e+01
-6.092798026926392652e+01
-6.647965959093741617e+01
-7.136345813448355102e+01
-7.608443088844352076e+01
-8.110921040244434721e+01
-8.671502827555156045e+01
-9.292121431118576425e+01
-9.951418274543921427e+01
-1.061345617040452538e+02
-1.123784268759231253e+02
-1.178765479592726706e+02
-1.223438688294865813e+02
-1.256163707648018999e+02
-1.276913730849890669e+02
-1.287586789954702624e+02
-1.291864434515654523e+02
-1.294376815166874621e+02
-1.299325910920864544e+02
-1.309071465700864678e+02
-1.323294961641304042e+02
-1.339186242715578885e+02
-1.352683175117845167e+02
-1.360300005746035765e+02
-1.360792432945685846e+02
-1.355994136682817555e+02
-1.350506522921016881e+02
-1.350323294686465374e+02
-1.360836930461517511e+02
-1.384952604350992260e+02
-1.422056387562551549e+02
-1.468220263054992927e+02
-1.517462640356157237e+02
-1.563498073264958350e+02
-1.601368266939532532e+02
-1.628490412672379080e+02
-1.644806200602023409e+02
-1.651897311206473660e+02
-1.651252335118811061e+02
-1.642244596903553315e+02
-1.620585534243513166e+02
-1.577898109574453542e+02
-1.502634815162055872e+02
-1.382129742874094802e+02
-1.205228947437575755e+02
-9.648420575614011341e+01
-6.598542653540953040e+01
-2.960633569109849361e+01
1.139659560098809266e+01
5.521270147081085611e+01
9.970117818334662729e+01
1.426927907436891303e+02
1.823155082482450382e+02
2.172654177031516269e+02
2.469432080629927384e+02
2.714123156007968873e+02
2.912041949064193886e+02
3.070636325775235491e+02
3.197415304547072310e+02
3.298898860251996439e+02
3.380388081573478871e+02
3.445996046663285597e+02
3.498594090762011319e+02
3.539751211739567225e+02
3.569906846673213749e+02
3.588822828748259326e+02
3.596087868664669713e+02
3.591379791777220589e+02
3.574359966671064512e+02
3.544319529513572888e+02
3.499864683372672971e+02
3.438981831718758713e+02
3.359727797139894960e+02
3.261448343901907947e+02
3.145937668857621929e+02
3.017742350298964311e+02
2.883222269737633496e+02
2.748781949817798704e+02
2.619244291664551838e+02
2.497214166852393191e+02
2.383606719256394797e+02
2.278807951881764495e+02
2.183608843160168362e+02
2.099231324492111810e+02
2.026360110970543360e+02
1.963806408589117893e+02
1.907771997608850825e+02
1.852368299365521978e+02
1.791302542472151913e+02
1.719977753399814446e+02
1.637023658464735263e+02
1.544566040795348840e+02
1.447190023285768348e+02
1.350174971907334793e+02
1.257797205199702546e+02
1.172277989076035709e+02
1.093585346505860798e+02
1.019996342563562735e+02
9.490908823857162702e+01
8.787019354952226990e+01
8.074218982674335621e+01
7.345706460355680179e+01
6.598697719342702328e+01
5.832123330132863970e+01
5.047672387789693715e+01
4.253066720906718956e+01
3.463812719429481035e+01
2.700582424108254997e+01
1.983218277575815591e+01
1.325255159876313371e+01
7.317338692796440114e+00
1.994521754521755952e+00
-2.829279288416444160e+00
-7.355104690297650905e+00
-1.186274512614282628e+01
-1.666392420782101169e+01
-2.202390834903764016e+01
-2.808369539637246248e+01
-3.481575023025868632e+01
-4.203199858569013259e+01
-4.944776238829905424e+01
-5.678568776742579871e+01
-6.387680614653734779e+01
-7.070296506921854984e+01
-7.735224529199479093e+01
-8.391661877538689396e+01
-9.040237564586155372e+01
-9.671534806868282885e+01
-1.027352736868597844e+02
-1.084398680456023101e+02
-1.140063510108867035e+02
-1.198197430493234776e+02
-1.263523600261515014e+02
-1.339342727057830871e+02
-1.424893822503602507e+02
-1.513415818652956091e+02
-1.591809811415209879e+02
-1.642244596903553315e+02
-1.645361480373265692e+02
-1.584267800329095621e+02
-1.448423935180198612e+02
-1.236450891542013437e+02
-9.570248681260437706e+01
-6.273927157821387368e+01
-2.698429504011978963e+01
9.270341988150960333e+00
4.405785928346971048e+01
7.597463812639888658e+01
1.042327620535282477e+02
1.285470667329905723e+02
1.489252774898051825e+02
1.654681282562398508e+02
1.782773354051510069e+02
1.874954728069376131e+02
1.934112603283797114e+02
1.965276078097962511e+02
1.975271435286476560e+02
1.971398729660842548e+02
1.959700908101761456e+02
1.943541792713456573e+02
1.923037006730457676e+02
1.895528886508999449e+02
1.856886974547040552e+02
1.803093319570191397e+02
1.731479492598221270e+02
1.641177860212692394e+02
1.532762237823352223e+02
1.407466395620602668e+02
1.266508599624260398e+02
1.110845993320895388e+02
9.413624387251023506e+01
7.592975223698844900e+01
5.666765154893711554e+01
3.665352376226823594e+01
1.628341416298840727e+01
-3.990439050766049434e+00
-2.370902616573719257e+01
-4.245140466827372450e+01
-5.986492376379734281e+01
-7.568624602897361342e+01
-8.976685020355799338e+01
-1.021057472541366877e+02
-1.128699489120783142e+02
-1.223704863839708992e+02
-1.309750991872681993e+02
-1.389777702315723786e+02
-1.464845648862039127e+02
-1.533789405267077655e+02
-1.593888467878760480e+02
-1.642244596903553315e+02
-1.677270626700437504e+02
-1.699711117411625878e+02
-1.712769053598537994e+02
