-2.001341264950214693e+01
-2.321799179049019557e+01
-2.661809464414684001e+01
-3.029695516681813316e+01
-3.419655731196493065e+01
-3.815834844129102521e+01
-4.202410999651578294e+01
-4.574249389733614635e+01
-4.942426771805004648e+01
-5.331589491743395115e+01
-5.770130018205052380e+01
-6.277755409160096178e+01
-6.856594525643417626e+01
-7.490157361541076853e+01
-8.149714582817881592e+01
-8.803502258492670762e+01
-9.423921804471510200e+01
-9.991025574521454189e+01
-1.049361323129844692e+02
-1.092990421900747720e+02
-1.130851820618132706e+02
-1.164892554566168599e+02
-1.197934471070537086e+02
-1.233006484744396687e+02
-1.272273082528163854e+02
-1.316031444167097106e+02
-1.362408553833813869e+02
-1.408028732638169629e+02
-1.449318615101913679e+02
-1.483750198250698134e+02
-1.510399025558145354e+02
-1.529620107973849485e+02
-1.542176649071526526e+02
-1.548474763239203469e+02
-1.548437475912940045e+02
-1.542089966872702007e+02
-1.530470259074104433e+02
-1.516297522192183465e+02
-1.503950818485740228e+02
-1.498627077054161987e+02
-1.504930104500893151e+02
-1.525411488108932190e+02
-1.559575743427830616e+02
-1.603638160817395715e+02
-1.651127491086820953e+02
-1.694341448296842145e+02
-1.726495051046199762e+02
-1.744009160606384512e+02
-1.748025304680576539e+02
-1.744352913271156922e+02
-1.741728419291184764e+02
-1.749027671563251261e+02
-1.772414529004194605e+02
-1.813239445893581490e+02
-1.867087184376535731e+02
-1.924003159835943393e+02
-1.969716174325947122e+02
-1.987587110061885198e+02
-1.961007277769587347e+02
-1.876006680599257948e+02
-1.723793935801213024e+02
-1.502762615990429538e+02
-1.219339450476815330e+02
-8.872124556359560188e+01
-5.249927759463578525e+01
-1.529308997775036971e+01
2.103856612540613469e+01
5.504919145949367021e+01
8.581852355456378234e+01
1.129371003254357220e+02
1.363992025399890053e+02
1.564513388577173885e+02
1.734385582244407544e+02
1.876856433728030993e+02
1.994433467567542948e+02
2.089100920976820248e+02
2.163045878640907347e+02
2.219324522995872826e+02
2.261882308383023314e+02
2.294748478182974054e+02
2.320824823318966992e+02
2.341025769175020628e+02
2.354317037735440010e+02
2.358595968059788106e+02
2.351804125809379116e+02
2.332555580373463897e+02
2.299967458403465628e+02
2.252962127263754439e+02
2.189635995241117143e+02
2.107215053338538837e+02
2.002802088296754448e+02
1.874753474622739304e+02
1.724200914330347985e+02
1.556034904486165544e+02
1.378715042070001005e+02
1.202662446389754791e+02
1.037635657799528559e+02
8.900835898381049560e+01
7.616374632193081595e+01
6.494607747296959133e+01
5.482842774463007629e+01
4.530958924916546948e+01
3.611517959244687859e+01
2.724083284130183813e+01
1.883644290002655097e+01
1.101291995368740828e+01
3.687577038513556005e+00
-3.443706135074752872e+00
-1.079581833278347069e+01
-1.871212209564924223e+01
-2.730699558983021547e+01
-3.640283786349765904e+01
-4.558117120097892183e+01
-5.432209152412584530e+01
-6.217570166453879921e+01
-6.890166901614446715e+01
-7.453022557747061683e+01
-7.932782754872816611e+01
-8.368418189674191865e+01
-8.797188832565804262e+01
-9.244745911426547025e+01
-9.723558513126248215e+01
-1.023774250137053059e+02
-1.078829279664080190e+02
-1.137413289013984468e+02
-1.198882494712502051e+02
-1.261607821873042496e+02
-1.322798635020100448e+02
-1.378867097629463672e+02
-1.426337008977993150e+02
-1.463008818849114618e+02
-1.488892550880049157e+02
-1.506415233705579624e+02
-1.519709637197135521e+02
-1.533320148469362607e+02
-1.550993997574566094e+02
-1.575029342414865710e+02
-1.606192405764990383e+02
-1.643978034783937687e+02
-1.687010806462147912e+02
-1.733421833463548865e+02
-1.781061156284526419e+02
-1.827535835643010671e+02
-1.870249596739926687e+02
-1.906677173421829536e+02
-1.934952068055050347e+02
-1.954572404279352611e+02
-1.966807820617704010e+02
-1.974373768258100199e+02
-1.980186843681911739e+02
-1.985433500692795121e+02
-1.987587110061885198e+02
-1.979217365215466771e+02
-1.948310553631422408e+02
-1.880324624995473073e+02
-1.761518807958656794e+02
-1.582576791087381878e+02
-1.341378169388140975e+02
-1.043995815009093775e+02
-7.035739822786077013e+01
-3.375400818339927156e+01
3.573616502001028650e+00
3.996342912199470732e+01
7.407013019931760311e+01
1.048984888370423505e+02
1.317930687271493753e+02
1.544393013781325408e+02
1.728895077168810417e+02
1.875875453408231124e+02
1.993425638819573180e+02
2.092043480917033094e+02
2.182320518127215792e+02
2.272187359591787583e+02
2.364882012357556960e+02
2.458623534583795731e+02
2.548094304333294815e+02
2.626899989359569645e+02
2.689800751894202904e+02
2.733831055703366246e+02
2.758144789114617197e+02
2.763036052212062259e+02
2.748776516762515030e+02
2.714789462793094685e+02
2.659516222282729814e+02
2.581117584522048105e+02
2.478757756485842947e+02
2.353836620365140675e+02
2.210555838895245415e+02
2.055635172869107805e+02
1.897418187723791050e+02
1.744702465335910233e+02
1.605479614545414790e+02
1.485657149035431530e+02
1.387930813720808487e+02
1.311187173986098742e+02
1.250852871176028458e+02
1.200294883441650313e+02
1.152868722804550572e+02
1.103825315330094554e+02
1.051262453669425412e+02
9.957319709822498055e+01
9.388281934217631886e+01
8.816476857993659166e+01
8.240106379878731957e+01
7.647598521813334571e+01
7.027315578957893649e+01
6.376411451272655029e+01
5.703365274284945485e+01
5.023993125075689647e+01
4.354968577575843369e+01
3.709333502325178955e+01
3.095772618282637012e+01
2.520525730043041079e+01
1.989552249543503848e+01
1.508422932258406135e+01
1.078277969146684079e+01
6.890006876425083249e+00
3.143051178323457151e+00
-8.581464431316447872e-01
-5.534838382190965689e+00
-1.116117747123936965e+01
-1.772183798786675624e+01
-2.487064181967925691e+01
-3.202167737871867814e+01
-3.854307215513046003e+01
-4.397518920925435282e+01
-4.818294204663023095e+01
-5.138295401264797135e+01
-5.404609393600698297e+01
-5.673087143553810563e+01
-5.992143230145497057e+01
-6.392367967300528164e+01
-6.883913558967189772e+01
-7.460805277712985628e+01
-8.109235433894156131e+01
-8.815558794359230887e+01
-9.570195019212488319e+01
-1.036646422263892759e+02
-1.119664728511871772e+02
-1.204859747159954964e+02
-1.290486026597627074e+02
-1.374457604449515031e+02
-1.454774369877428626e+02
-1.530109020817302508e+02
-1.600366800339729423e+02
-1.666868171808674504e+02
-1.731807523969041540e+02
-1.796929345792833601e+02
-1.861749509314711872e+02
-1.921898463054131696e+02
-1.968264021101424248e+02
-1.987587110061885198e+02
-1.964856481745020460e+02
-1.887147108295582711e+02
-1.747714837024605004e+02
-1.548721496586589979e+02
-1.301279392342572976e+02
-1.022513093103362394e+02
-7.306036316487593751e+01
-4.396984974186523942e+01
-1.566740906582555937e+01
1.190275489856594326e+01
