-4.380937069232872716e+01
-1.464389410824080642e+02
-2.360586846703529886e+02
-3.032304933691442557e+02
-3.443228748087555005e+02
-3.615854213601901392e+02
-3.614554847981326589e+02
-3.520188350437496183e+02
-3.406005784620518853e+02
-3.321650736274211795e+02
-3.287800195706960267e+02
-3.300186678154690867e+02
-3.339389479468865147e+02
-3.382172585011928732e+02
-3.410824636645253349e+02
-3.418241798355173842e+02
-3.408018199423271426e+02
-3.390419974003356174e+02
-3.376439068687650433e+02
-3.372564656106643497e+02
-3.378223810796126827e+02
-3.386469640342298248e+02
-3.387222593192556133e+02
-3.371666894546514186e+02
-3.336218349434028028e+02
-3.284637376124039179e+02
-3.227386520600261974e+02
-3.178283296680713192e+02
-3.149601013224728945e+02
-3.147401899329271373e+02
-3.168615065294814599e+02
-3.200439993177240012e+02
-3.221776494428143565e+02
-3.206054100516932408e+02
-3.124950976367638305e+02
-2.952614919281373886e+02
-2.669901630182250756e+02
-2.267951326862911117e+02
-1.750338076869021791e+02
-1.133180717171634058e+02
-4.430403042209249520e+01
2.869846498589309292e+01
1.022075787984512090e+02
1.730354545040184462e+02
2.386451378560921057e+02
2.973426155549580585e+02
3.482964087834022280e+02
3.914203907602309300e+02
4.271777955154076949e+02
4.563607839896376959e+02
4.798826020583315426e+02
4.986073954353938689e+02
5.132423042952832475e+02
5.243122203615598664e+02
5.322136947454023357e+02
5.373115772164244390e+02
5.400241889554961290e+02
5.408464103723135850e+02
5.402791605203760810e+02
5.386702961440046238e+02
5.360230672717325433e+02
5.318677128978205246e+02
5.252842230998519426e+02
5.151003444074042363e+02
5.002041492376178553e+02
4.798595125614982067e+02
4.539203003584772773e+02
4.228875495278837775e+02
3.878124382859894013e+02
3.500935817370844916e+02
3.112382247624615843e+02
2.726516693615474196e+02
2.354946352671557008e+02
2.006172056471847327e+02
1.685567166405906789e+02
1.395830296867991933e+02
1.137754666706622828e+02
9.110380427039771689e+01
7.147153514985353695e+01
5.469552079077662654e+01
4.044653164602541295e+01
2.821658321874869202e+01
1.736563599735904972e+01
7.237931314196186960e+00
-2.716762743860866358e+00
-1.288057850660610981e+01
-2.347813494009564295e+01
-3.462538683805910722e+01
-4.636714054656037831e+01
-5.867550360152130651e+01
-7.142034669366417177e+01
-8.435169083706207971e+01
-9.713176212733294790e+01
-1.094203860666477226e+02
-1.209771158849588915e+02
-1.317300440917180708e+02
-1.417800964785110409e+02
-1.513401166646372076e+02
-1.606366541295341790e+02
-1.698228618086789936e+02
-1.789468321584688226e+02
-1.879844758983332724e+02
-1.969054637915188550e+02
-2.057269809081566336e+02
-2.145259908999945537e+02
-2.234072331809459513e+02
-2.324470800737071556e+02
-2.416451856016651902e+02
-2.509076071258969307e+02
-2.600610728971718117e+02
-2.688844170837916181e+02
-2.771539077841681546e+02
-2.847094039130276997e+02
-2.915312031666158532e+02
-2.977879539936508877e+02
-3.038096667503383514e+02
-3.099699916525922276e+02
-3.165125681268514199e+02
-3.233964768978559050e+02
-3.302387033377918897e+02
-3.363935489892246551e+02
-3.411503442122768206e+02
-3.439783071973736810e+02
-3.447224439932397786e+02
-3.436705159390218114e+02
-3.414675890199375203e+02
-3.389257706938501542e+02
-3.368170416603554713e+02
-3.357199057183859168e+02
-3.359417912433407878e+02
-3.375074859161358063e+02
-3.402012886110309751e+02
-3.436521243382997000e+02
-3.474417379818950167e+02
-3.512049185623939138e+02
-3.546865101004942744e+02
-3.577240272632500933e+02
-3.601427815929616827e+02
-3.615854213601901392e+02
-3.613299377932670495e+02
-3.581585476976932227e+02
-3.503356533054386546e+02
-3.357509444279783679e+02
-3.122570728987413418e+02
-2.781588056539508216e+02
-2.327245355654988259e+02
-1.765516726562570682e+02
-1.116520845202423828e+02
-4.121296005117410743e+01
3.090974316805193922e+01
1.008333617466990972e+02
1.652667692351959374e+02
2.219624438087330418e+02
2.699089103045150182e+02
3.092404384538965587e+02
3.409191838426727941e+02
3.663093710932230920e+02
3.867872797324730527e+02
4.034961226973669000e+02
4.172728734904000021e+02
4.286921798673045600e+02
4.381400780301775058e+02
4.458587269056988589e+02
4.519606394484500242e+02
4.564477204733159965e+02
4.592597422226548929e+02
4.603350261540963970e+02
4.596354964268103913e+02
4.571000324678122411e+02
4.525393694221025953e+02
4.455370159109940005e+02
4.354365080317926413e+02
4.214636443870323887e+02
4.029679691451418648e+02
3.796998802399782562e+02
3.520050708098543737e+02
3.208467407529353750e+02
2.876490944394835765e+02
2.540377972709962364e+02
2.215796267813094289e+02
1.915885616752505598e+02
1.650103635170601990e+02
1.423699104477331900e+02
1.237747207903100559e+02
1.089799150765385036e+02
9.750244616578072510e+01
8.874192569367636452e+01
8.206422193447586722e+01
7.683849809431710298e+01
7.245108321378874905e+01
6.832472835440592007e+01
6.395882055290449841e+01
5.898786678644330550e+01
5.323475963889788432e+01
4.672312794808422609e+01
3.962601639410678445e+01
3.216366244033584820e+01
2.449628850300617700e+01
1.666419914266052160e+01
8.603631666763668306e+00
2.282088004117106550e-01
-8.468834473088911352e+00
-1.735220330121014953e+01
-2.616796583652067198e+01
-3.465584071724443760e+01
-4.270289164974586527e+01
-5.046123450355142381e+01
-5.835805354677874845e+01
-6.696699673346549275e+01
-7.677330407121142741e+01
-8.792346834090163554e+01
-1.000712638157983179e+02
-1.124003566156827105e+02
-1.238304740266628556e+02
-1.333330426152681696e+02
-1.402366276717808091e+02
-1.444144771111557475e+02
-1.463000697898667113e+02
-1.467398779555654755e+02
-1.467437925557486551e+02
-1.472220895862520251e+02
-1.487943143821425451e+02
-1.517167554340339848e+02
-1.559189065074308189e+02
-1.610989807973058703e+02
-1.668240309682486213e+02
-1.726055748957410572e+02
-1.779591649406501688e+02
-1.824811739648342837e+02
-1.859598843499000225e+02
-1.884832510598918418e+02
-1.904646430596392293e+02
-1.925327092407482041e+02
-1.953131572932998097e+02
-1.992055982380259138e+02
-2.042683338218365350e+02
-2.102586239122288418e+02
-2.167840393500795528e+02
-2.234701437155408428e+02
-2.300690584225199871e+02
-2.364918421015615309e+02
-2.427935224805429755e+02
-2.491451707895454035e+02
-2.558044658164144494e+02
-2.630786080848382653e+02
-2.712774958418422671e+02
-2.806643095366020475e+02
-2.914071783265274576e+02
-3.035231738935113412e+02
-3.167954758487975369e+02
-3.306476508883215502e+02
-3.439890014148501791e+02
-3.550919753569509112e+02
-3.615854213601901392e+02
-3.606199533491910074e+02
-3.492064497760814561e+02
-3.246852525993306244e+02
-2.852626668353620971e+02
-2.305346318085763926e+02
-1.618895381328856331e+02
-8.265213290974928384e+01
2.164466595446537411e+00
