4.521921833166870464e+00
8.007938698056307203e+00
1.034986436887939298e+01
1.073900838634158816e+01
8.912511542872707082e+00
5.178540391820748212e+00
2.687940291119690350e-01
-4.908441550859302893e+00
-9.525184380278245655e+00
-1.302796309062970792e+01
-1.522666741570483495e+01
-1.627162248817613488e+01
-1.655081841693817069e+01
-1.655974483551337073e+01
-1.678334119518583023e+01
-1.760068359059286180e+01
-1.921080917411983435e+01
-2.158801179602746245e+01
-2.448433979208627775e+01
-2.749118904450793366e+01
-3.015512831011809425e+01
-3.212014182680733398e+01
-3.324535815107302028e+01
-3.364406055007414409e+01
-3.362151669305604429e+01
-3.353988728023716703e+01
-3.367510096330198621e+01
-3.413300925249921391e+01
-3.485823562471984616e+01
-3.571399322226905326e+01
-3.656997277990612361e+01
-3.734169878798019226e+01
-3.797509352848027220e+01
-3.841955058132343481e+01
-3.863528953744581429e+01
-3.863705675166390563e+01
-3.853363671948771696e+01
-3.852178012592160172e+01
-3.882951447039495463e+01
-3.964111156940401060e+01
-4.104374257418804461e+01
-4.301421371702572571e+01
-4.543803692682023154e+01
-4.814222922921141645e+01
-5.092626357475357679e+01
-5.358425570560046935e+01
-5.592097108609908673e+01
-5.776823815561343167e+01
-5.900458852551076916e+01
-5.957608119533064439e+01
-5.951348345918586347e+01
-5.893867607098540873e+01
-5.805617386568520999e+01
-5.713592214355895749e+01
-5.649654155701605873e+01
-5.648139137093512829e+01
-5.739950101643124469e+01
-5.941358638578124385e+01
-6.240487610684778019e+01
-6.588720227847544209e+01
-6.903166802201587871e+01
-7.080362845239338299e+01
-7.016075894372136190e+01
-6.625183310261840575e+01
-5.857548951880474419e+01
-4.707543733395931440e+01
-3.215625901376442641e+01
-1.461488853211821493e+01
4.496719843978361553e+00
2.404170102444816948e+01
4.295747486985024466e+01
6.036947367962981303e+01
7.564741610401989647e+01
8.841985871682892650e+01
9.857881039736899709e+01
1.062954613183041914e+02
1.120360657027727029e+02
1.165372207644505806e+02
1.206962957186973995e+02
1.253683492602772986e+02
1.311229238116523277e+02
1.380601019699261656e+02
1.457742962543702561e+02
1.534881708935199640e+02
1.603017670727247719e+02
1.654595779847927304e+02
1.685455935472600117e+02
1.695566150210716216e+02
1.688516629934698301e+02
1.670111264605663166e+02
1.646557088683804864e+02
1.622758438218448873e+02
1.601150394765218152e+02
1.581361153283523038e+02
1.560721007502453119e+02
1.535294730433950576e+02
1.500935505542071553e+02
1.454026488303782116e+02
1.391964771872928850e+02
1.313683245266649351e+02
1.220368415827854278e+02
1.116160316770859282e+02
1.008345150398537129e+02
9.065825844451310900e+01
8.210507866004499533e+01
7.598984904532608198e+01
7.268208758323753216e+01
7.196795204438379301e+01
7.307714833518828357e+01
7.487507912878631089e+01
7.616159621105794031e+01
7.598642026344764133e+01
7.389069838825085412e+01
7.000373202633079472e+01
6.496388891313878844e+01
5.969293700094834776e+01
5.510620631409218362e+01
5.185288193329260054e+01
5.015255707495994386e+01
4.975663948812879767e+01
5.003571000494364540e+01
5.017123344332760837e+01
4.940313293972580055e+01
4.726005566457767060e+01
4.369628096380021987e+01
3.908957917575009589e+01
3.410355127187806801e+01
2.946131991049264798e+01
2.570537039717909522e+01
2.302763445657547337e+01
2.123263760282270596e+01
1.984343780008723712e+01
1.830037658091759312e+01
1.616819188054832424e+01
1.327247063581092235e+01
9.724822108694553435e+00
5.846098409959957110e+00
2.033703195999926550e+00
-1.372761421244447888e+00
-4.189801672223076423e+00
-6.436303510924588522e+00
-8.321124994580330281e+00
-1.016595492090481656e+01
-1.227238859310859453e+01
-1.477974651028007713e+01
-1.758617092325094688e+01
-2.038139584665840687e+01
-2.277962623209194248e+01
-2.449322138716233610e+01
-2.547329583164831490e+01
-2.595417427472877137e+01
-2.637302015878626094e+01
-2.719203498763816640e+01
-2.870287760906357732e+01
-3.090634021543895926e+01
-3.352377578374188261e+01
-3.613153891935355944e+01
-3.835113115531042638e+01
-4.000528174982666485e+01
-4.117506973547379800e+01
-4.214878498321995437e+01
-4.330075493205774251e+01
-4.495152790415856714e+01
-4.725095460535597169e+01
-5.011629497742691797e+01
-5.324933416585837165e+01
-5.623641980516534034e+01
-5.870123736945048165e+01
-6.044778642112149214e+01
-6.152694600179214035e+01
-6.219837299055238589e+01
-6.281627430970760884e+01
-6.369743609338375734e+01
-6.501671050996013435e+01
-6.674534040149758596e+01
-6.862896301302437507e+01
-7.019755740887008244e+01
-7.080362845239338299e+01
-6.969492429035761916e+01
-6.613235997012091616e+01
-5.954884163050085988e+01
-4.971214747989887428e+01
-3.683515807094575223e+01
-2.158373654723058621e+01
-4.967407897355890611e+00
1.185519914737860780e+01
2.779207503964327231e+01
4.199404393492442722e+01
5.396177812510310901e+01
6.358057415629299669e+01
7.108564039569310467e+01
7.696180620301009867e+01
8.179467584635415278e+01
8.610860881768488184e+01
9.023728719648987351e+01
9.426763660865439931e+01
9.807358113007973088e+01
1.014197919610748073e+02
1.040875679723058198e+02
1.059718845696467611e+02
1.071183888398311836e+02
1.076959718704159599e+02
1.079236082435161848e+02
1.079849929820584435e+02
1.079628747667964319e+02
1.078076504862179519e+02
1.073400507865515152e+02
1.062838482831804185e+02
1.043196495427186079e+02
1.011433112301394459e+02
9.651599762471678901e+01
9.030619721788723098e+01
8.252846619054319888e+01
7.337148439130253053e+01
6.319276354322988709e+01
5.246037316999775157e+01
4.165285884656666582e+01
3.116555144288607693e+01
2.127332464144017621e+01
1.215734458841958698e+01
3.957979428111435993e+00
-3.192382706413434690e+00
-9.177320301625231380e+00
-1.393304191150510007e+01
-1.748303979524248675e+01
-1.994473912933159809e+01
-2.150516988883229175e+01
-2.238692848297139193e+01
-2.283187352401285253e+01
-2.311138107051760215e+01
-2.354257732994444297e+01
-2.447483100241458587e+01
-2.622413432927077537e+01
-2.896694499311010063e+01
-3.263816400400446582e+01
-3.688934835170779536e+01
-4.114396171596231966e+01
-4.474617516925627569e+01
-4.715977558775269074e+01
-4.815046624362002348e+01
-4.788461001883650425e+01
-4.690171934788988040e+01
-4.596219365786729583e+01
-4.582014724809048545e+01
-4.700022503972731158e+01
-4.965231945574667094e+01
-5.352539196758006312e+01
-5.805983141510484558e+01
-6.256240457760314655e+01
-6.640604227783842362e+01
-6.918953731097282400e+01
-7.080362845239338299e+01
-7.138808010935886728e+01
-7.121850834634834371e+01
-7.059276000868116796e+01
-6.976673671992421077e+01
-6.893953404435575294e+01
-6.825515504060257399e+01
-6.779584097852921332e+01
-6.757109179666942111e+01
-6.752112392983558209e+01
-6.753970227812432370e+01
