-1.841783223510457645e+01
7.300094852873876050e+00
2.906391975499543179e+01
4.396000924208139793e+01
5.073641115705233062e+01
4.984081403465087590e+01
4.297059826998830090e+01
3.240580570152557272e+01
2.038842418206657214e+01
8.701761467879244094e+00
-1.510928352896698357e+00
-9.727110348148748642e+00
-1.590696389048698478e+01
-2.033161988099323025e+01
-2.348615796370363284e+01
-2.599271327785835695e+01
-2.853965070891258904e+01
-3.175426927768963026e+01
-3.603405621994436103e+01
-4.141768477663397618e+01
-4.757523565047131342e+01
-5.393225654062004537e+01
-5.987117769093094921e+01
-6.492380276184064769e+01
-6.889052124632107166e+01
-7.187312870114955388e+01
-7.424489134968061421e+01
-7.657338289506701301e+01
-7.948409685530214119e+01
-8.346406805155091035e+01
-8.866367531154105563e+01
-9.479774104653984068e+01
-1.012166032723734759e+02
-1.071317598916918996e+02
-1.119023242058636072e+02
-1.152621602364318960e+02
-1.173994614241811689e+02
-1.188698706167775470e+02
-1.203920538485124041e+02
-1.226053369875677674e+02
-1.258592691436701045e+02
-1.300771955292318012e+02
-1.347057613668449676e+02
-1.387374763788328380e+02
-1.407903166847359557e+02
-1.392507739659652373e+02
-1.325032942057099774e+02
-1.192459661693773114e+02
-9.883722353814653161e+01
-7.157131625196230118e+01
-3.877584483039760244e+01
-2.666794666004264514e+00
3.403698770584732358e+01
6.866717598393995559e+01
9.918746103265033298e+01
1.246237460965248687e+02
1.451911650093152275e+02
1.620661194549504671e+02
1.768790020705982329e+02
1.911071053000499376e+02
2.055926377611164355e+02
2.203676167452383083e+02
2.348330700800045179e+02
2.481765623630097650e+02
2.598153781854200588e+02
2.696722399543493225e+02
2.781957062132429428e+02
2.861571018348002440e+02
2.943342631642706237e+02
3.032127335042094955e+02
3.128065511353794363e+02
3.226392907062204358e+02
3.318570889655015890e+02
3.394103406358569828e+02
3.442592723874514604e+02
3.455891088053752469e+02
3.430085760755524689e+02
3.366648936094905480e+02
3.272039794743669745e+02
3.155646489093948048e+02
3.026800262183688801e+02
2.892075818774978870e+02
2.753946195380599988e+02
2.611228418191092260e+02
2.460977180475833848e+02
2.300951163759343387e+02
2.131721324370686546e+02
1.957773576782068119e+02
1.787291902361545795e+02
1.630629723005953906e+02
1.497885187730076382e+02
1.396390804835492645e+02
1.328985123162223090e+02
1.293542007818048205e+02
1.283714468800358759e+02
1.290535683044257098e+02
1.304396633029115833e+02
1.316878963306151036e+02
1.321985285824060270e+02
1.316508516681428773e+02
1.299577927581856045e+02
1.271702654176005467e+02
1.233755212418066947e+02
1.186288997593542831e+02
1.129470923439218382e+02
1.063684193212585143e+02
9.904469382109692788e+01
9.129896321635015966e+01
8.360284188877176348e+01
7.648245474692996027e+01
7.039634243589813423e+01
6.561862918542546197e+01
6.214357025802316059e+01
5.964044555629688915e+01
5.750916710151074085e+01
5.506407751178476673e+01
5.179794217204155160e+01
4.760656443330240961e+01
4.284928611768782503e+01
3.819297103263158988e+01
3.429718247369444839e+01
3.148723803515846953e+01
2.957818060382906822e+01
2.793949850777285349e+01
2.576740265589113932e+01
2.243262474476358648e+01
1.774650863224843533e+01
1.203502613960932877e+01
5.998832859465920819e+00
4.301678047867625310e-01
-4.084413032207706351e+00
-7.348899301181177179e+00
-9.562751776542185667e+00
-1.116417855428244366e+01
-1.260349958129508252e+01
-1.416299695140617132e+01
-1.590264152397001851e+01
-1.773721531385879757e+01
-1.958105026551778849e+01
-2.146682709441161307e+01
-2.357418551166770726e+01
-2.617192963118394289e+01
-2.952403917396080146e+01
-3.380080153466337833e+01
-3.900741558860620728e+01
-4.494007906357728643e+01
-5.119550075693572921e+01
-5.725353505929646758e+01
-6.261583554506481164e+01
-6.695017703661832797e+01
-7.018913656031145365e+01
-7.255498963291765335e+01
-7.450674765794033760e+01
-7.661991417584104624e+01
-7.941948951227365683e+01
-8.320405130756938661e+01
-8.792344317818083255e+01
-9.317679521091335459e+01
-9.835332607217441137e+01
-1.028615828687825058e+02
-1.063395529485203497e+02
-1.087540507706104904e+02
-1.103725992958875111e+02
-1.116641652048741662e+02
-1.131982513439962759e+02
-1.155585436054372792e+02
-1.192222465511895848e+02
-1.243538132477735587e+02
-1.305450517537703092e+02
-1.366379941545498582e+02
-1.407903166847359557e+02
-1.408428623681283511e+02
-1.348857741816906639e+02
-1.218065595509913805e+02
-1.016060846148994017e+02
-7.538347731012257213e+01
-4.503717414177933165e+01
-1.282724998932114602e+01
1.904617294086920865e+01
4.875162936842522754e+01
7.499766319641176437e+01
9.709313634344552213e+01
1.149395002826021397e+02
1.289783524346636057e+02
1.400841227182987154e+02
1.493829254090910581e+02
1.580056978046517884e+02
1.668261407149159083e+02
1.762637347561036734e+02
1.862242063758345125e+02
1.961988791561952610e+02
2.054794534631218141e+02
2.134055636315794402e+02
2.195626993232170037e+02
2.238746188051221111e+02
2.265723653599255272e+02
2.280635396841598777e+02
2.287582495646022949e+02
2.289146276675342619e+02
2.285435419159667561e+02
2.273822161310406500e+02
2.249354179005966614e+02
2.205822418868049510e+02
2.137300537871028894e+02
2.039715648825716983e+02
1.911966519389800965e+02
1.756281256914520839e+02
1.577712106993955672e+02
1.382951914797412201e+02
1.179064231523669690e+02
9.728495610460197440e+01
7.710426622055460655e+01
5.807167010659169648e+01
4.089981097593584991e+01
2.617716667550036647e+01
1.419220566307340903e+01
4.809726082615831899e+00
-2.523818381249203213e+00
-8.632486834184966540e+00
-1.437205847589344287e+01
-2.038733233007524603e+01
-2.695118397854878722e+01
-3.394388813487834966e+01
-4.098404658267847367e+01
-4.765804840845483170e+01
-5.373930156178778361e+01
-5.928073969396266563e+01
-6.452145223107815752e+01
-6.965528416217546237e+01
-7.461324936843340083e+01
-7.902836326941371681e+01
-8.243720198970683555e+01
-8.460097017239922934e+01
-8.573999878582034739e+01
-8.653379475131477250e+01
-8.788281398727444582e+01
-9.055466672399607830e+01
-9.488400402397358846e+01
-1.006523861116537120e+02
-1.071774999247753328e+02
-1.135532644117165830e+02
-1.189432768572873726e+02
-1.228300076642114931e+02
-1.251432414389992118e+02
-1.262343696872004273e+02
-1.267205915288589324e+02
-1.272684187495316195e+02
-1.283966953886466626e+02
-1.303511786698948072e+02
-1.330571270388145422e+02
-1.361322596004932848e+02
-1.389535755163667829e+02
-1.407903166847359557e+02
-1.410113506870375204e+02
-1.393389997330526739e+02
-1.360639072979941773e+02
-1.320978139403417799e+02
-1.287742507328969737e+02
-1.274164902453366892e+02
-1.288210119515211147e+02
-1.328786921404101520e+02
-1.385276870203537385e+02
