-4.842102541313713537e+00
-8.461512187079430092e+00
-1.184278212943306663e+01
-1.488631643029070162e+01
-1.769200317062786709e+01
-2.050286555071394901e+01
-2.356664920729184587e+01
-2.698792375773869878e+01
-3.064708872748228430e+01
-3.423115669830756502e+01
-3.736556320037801271e+01
-3.978399340847543897e+01
-4.145461860675856514e+01
-4.260364446765433399e+01
-4.362421579454662890e+01
-4.490866935990774778e+01
-4.667611465505406443e+01
-4.887009715212201399e+01
-5.116914076160757219e+01
-5.310232139175173671e+01
-5.422040731936915137e+01
-5.426019453367296563e+01
-5.325276720648570716e+01
-5.154677172659008733e+01
-4.973507414145406358e+01
-4.849656223403130895e+01
-4.839897272049008592e+01
-4.973178558378758396e+01
-5.242688197263461802e+01
-5.608698835437758135e+01
-6.010385814434218332e+01
-6.382271391611774902e+01
-6.669956146159823618e+01
-6.840770795644951363e+01
-6.887657243673309893e+01
-6.827445102827770995e+01
-6.695961430318763519e+01
-6.541622391784821389e+01
-6.417701198000102636e+01
-6.373127092671232674e+01
-6.442511624086938582e+01
-6.636825124802598452e+01
-6.936376439386178561e+01
-7.288187080636112114e+01
-7.610107373830176414e+01
-7.802639849610950762e+01
-7.766402018610129687e+01
-7.420399160524206650e+01
-6.715868914397796630e+01
-5.643029992453359966e+01
-4.231666455568777963e+01
-2.547765769304250227e+01
-6.867069734214418020e+00
1.238135458262139821e+01
3.111442903324346787e+01
4.834001315988294323e+01
6.338270906503959878e+01
7.597288788435048446e+01
8.624672194464852737e+01
9.466036698723775089e+01
1.018431080311019201e+02
1.084268271876447898e+02
1.148924718624075041e+02
1.214705089201244164e+02
1.281205102842150154e+02
1.345934817450608136e+02
1.405546468328610672e+02
1.457223355126326396e+02
1.499684974161301909e+02
1.533400144750846152e+02
1.560002978978496913e+02
1.581326031121841993e+02
1.598557086663007283e+02
1.611787409204088135e+02
1.619976592610141779e+02
1.621279840889700949e+02
1.613619789031462517e+02
1.595243737574439251e+02
1.564950106969166654e+02
1.521876879656038000e+02
1.465138460428648557e+02
1.393835273762392148e+02
1.307765587125223874e+02
1.208635179348107300e+02
1.101077554944438361e+02
9.927156980325234770e+01
8.928905067196623691e+01
8.103461461540425148e+01
7.507438562635098833e+01
7.150351246440015984e+01
6.993492599868730508e+01
6.963710786413975029e+01
6.975961984514682968e+01
6.956069306763428983e+01
6.856435913084162337e+01
6.661444160944378723e+01
6.383773899125897344e+01
6.055535059530512854e+01
5.718000884528944994e+01
5.411915690006912882e+01
5.168795727201021606e+01
5.003617240320286186e+01
4.910356306053431297e+01
4.862261349928292731e+01
4.817455572918761675e+01
4.728529950525854275e+01
4.553814849771853090e+01
4.267997162156059687e+01
3.869749154104306399e+01
3.384074450681541890e+01
2.857724809246072084e+01
2.347451556140683238e+01
1.903240226501567633e+01
1.551861206553795824e+01
1.287955822466179967e+01
1.077717628873327982e+01
8.743119029297560019e+00
6.382914441482640200e+00
3.538961852941241659e+00
3.402342545120973227e-01
-2.882021451298754755e+00
-5.770508020257430815e+00
-8.124262219254568151e+00
-1.000091254797030871e+01
-1.169561847207469185e+01
-1.361437838774180875e+01
-1.610113972828446549e+01
-1.928410327229934040e+01
-2.299284071171606314e+01
-2.678139346579416724e+01
-3.006512590538119412e+01
-3.233267519242261301e+01
-3.335235903442071503e+01
-3.328864308118193094e+01
-3.268116562572299699e+01
-3.228931885413020098e+01
-3.284734242298185336e+01
-3.480496258964603840e+01
-3.814550721452911830e+01
-4.236231340116326294e+01
-4.662145728456300731e+01
-5.006062195702850204e+01
-5.211117744822367115e+01
-5.271518454359117811e+01
-5.235019554986382673e+01
-5.185819920041369357e+01
-5.215697649862970309e+01
-5.394341032588347673e+01
-5.747405862957084821e+01
-6.246655750818332820e+01
-6.813443925780208588e+01
-7.334537976883196109e+01
-7.686994253270536603e+01
-7.766402018610129687e+01
-7.510831339166315956e+01
-6.912600100015727378e+01
-6.013502072269278642e+01
-4.885928238097575615e+01
-3.609189810486694938e+01
-2.251750101508516622e+01
-8.648918796723243929e+00
5.141752716384033306e+00
1.856039896660990962e+01
3.134974916447127313e+01
4.328591390792663418e+01
5.419677571652309922e+01
6.397464834766782360e+01
7.256532970408002825e+01
7.993954334412377705e+01
8.607164557986516229e+01
9.094706203116385268e+01
9.459844327938131414e+01
9.715043078318436187e+01
9.884545836872986513e+01
1.000267548317484199e+02
1.010694468850401364e+02
1.022774799283707807e+02
1.037906154678542379e+02
1.055487839986418521e+02
1.073313054575705650e+02
1.088441550183952273e+02
1.098008102883277814e+02
1.099527542108372700e+02
1.090702644818249212e+02
1.069187973155194840e+02
1.032796895099044860e+02
9.801917146599726038e+01
9.115847604118401648e+01
8.289002284158289058e+01
7.352601355440785369e+01
6.341425846591387483e+01
5.286990919965032987e+01
4.215080360473180576e+01
3.147657998879528662e+01
2.107414531365878929e+01
1.122170778622768594e+01
2.260418749660221494e+00
-5.445260174352373639e+00
-1.159010903930931313e+01
-1.601895144185646913e+01
-1.878527449599483035e+01
-2.015504564908512464e+01
-2.055887887443618567e+01
-2.051316870444351181e+01
-2.053329879482978981e+01
-2.105134718373348690e+01
-2.233913214330751984e+01
-2.444226978426827301e+01
-2.715295081550265266e+01
-3.006089612996109395e+01
-3.269355631065329248e+01
-3.469789823908833171e+01
-3.597711076562474375e+01
-3.671524579623974205e+01
-3.728644984243841520e+01
-3.810200239156696256e+01
-3.946421468770981278e+01
-4.147853585652755726e+01
-4.404730172682835843e+01
-4.694240647903878028e+01
-4.992898902544594364e+01
-5.288697473604016608e+01
-5.586472729923526259e+01
-5.902397398804932749e+01
-6.249980461968630152e+01
-6.625936078436924959e+01
-7.004743373995795253e+01
-7.345468801429854011e+01
-7.607393269294898630e+01
-7.766402018610129687e+01
-7.824287094495502970e+01
-7.807305525716458305e+01
-7.755386671825598910e+01
-7.706781094342356653e+01
-7.684010013642199510e+01
-7.685974140564005097e+01
-7.689039385572043273e+01
-7.657623908887208586e+01
-7.561519638960375289e+01
-7.392947873020054317e+01
-7.174540401718613225e+01
-6.953363936809680013e+01
-6.783931623311518422e+01
-6.708928242073963588e+01
-6.746133249547010280e+01
-6.885149020940109210e+01
-7.092333653223272449e+01
-7.319982047139885140e+01
-7.516508308002190120e+01
-7.635870038555766826e+01
-7.644870463313584708e+01
-7.527244716671560809e+01
-7.284972483919553099e+01
-6.938623170720198630e+01
-6.527532631989816991e+01
-6.108001582797975715e+01
-5.746585073753870887e+01
-5.507555382022326995e+01
-5.437060418009629359e+01
-5.548637591083188170e+01
-5.815064382629577011e+01
-6.170836502518692157e+01
