-1.788070851540861739e+01
-1.596508865169298552e+01
-1.471650183778427490e+01
-1.465067647539089890e+01
-1.601742286464987686e+01
-1.875187150918046797e+01
-2.248668416487464938e+01
-2.662515293940492711e+01
-3.047651211807994187e+01
-3.343309826534928675e+01
-3.513385234369643229e+01
-3.554836213210967344e+01
-3.494946590997049896e+01
-3.379570812598869622e+01
-3.257873779629057509e+01
-3.168938545930009809e+01
-3.133239320710893594e+01
-3.149676308686194659e+01
-3.197909383874843314e+01
-3.245465705618864405e+01
-3.258322427841941504e+01
-3.212404740469369813e+01
-3.102509585762330602e+01
-2.945015837473302156e+01
-2.771998999896017679e+01
-2.617897758034017031e+01
-2.504687741482268848e+01
-2.433894401046375933e+01
-2.390460107124217970e+01
-2.355857760268672152e+01
-2.321794067590704458e+01
-2.296334420364540563e+01
-2.300311833790882332e+01
-2.357773569012111281e+01
-2.485747836524363308e+01
-2.686664080133425614e+01
-2.944787871934920176e+01
-3.227537202005855477e+01
-3.492266514699451818e+01
-3.697693912553787499e+01
-3.817005777886913620e+01
-3.848215092983157604e+01
-3.817542244815781771e+01
-3.773379910977648422e+01
-3.771322232742046765e+01
-3.854503056717027221e+01
-4.037010082029102875e+01
-4.298470951856970146e+01
-4.592840834698874630e+01
-4.866688568038559737e+01
-5.077943214914323278e+01
-5.207620581041732777e+01
-5.261345155057779266e+01
-5.261123938331839156e+01
-5.230643554205980905e+01
-5.179665962601531959e+01
-5.093697322251508552e+01
-4.933404573823285233e+01
-4.645188947503833532e+01
-4.180446679072212390e+01
-3.516603349319451866e+01
-2.670255086397936140e+01
-1.695139322532185844e+01
-6.654013946204791807e+00
3.472241117667568489e+00
1.291044522402472694e+01
2.139792926897445824e+01
2.886204435147450198e+01
3.530195250267963303e+01
4.069667206661772951e+01
4.499298345001341914e+01
4.817539682814566504e+01
5.036595122286026083e+01
5.187277465844604052e+01
5.313093163301492439e+01
5.455024985623578004e+01
5.635222233507135314e+01
5.849224808335708303e+01
6.071597645818565780e+01
6.271839915549474398e+01
6.430931793825405407e+01
6.548293765187290205e+01
6.634999045609160362e+01
6.697813553295188171e+01
6.724433473050349619e+01
6.679731553249199294e+01
6.516415615483063561e+01
6.195193502813648223e+01
5.704168372354222782e+01
5.067496342714423463e+01
4.338879384740658907e+01
3.583335578712254943e+01
2.856739655037333492e+01
2.193265942183383643e+01
1.605547391841536609e+01
1.094625300285678904e+01
6.617949604669332686e+00
3.151147752850394834e+00
6.816802476039818259e-01
-6.661660245824929660e-01
-8.609340080542056128e-01
-2.612961540009006711e-02
1.539631833171593023e+00
3.395096206599618860e+00
5.036193327424418165e+00
6.002152160377361767e+00
5.975359800195903404e+00
4.839804842269344931e+00
2.675526984947636855e+00
-3.043682070854636379e-01
-3.833135064052125784e+00
-7.632779625486211472e+00
-1.139809749207593015e+01
-1.475819571637783412e+01
-1.727985802155225059e+01
-1.854932966843036368e+01
-1.831026207423085239e+01
-1.659005301949499511e+01
-1.374328382563295037e+01
-1.038195981299465842e+01
-7.221984400021902673e+00
-4.913003531032181570e+00
-3.911103950474796420e+00
-4.414602552407462355e+00
-6.349373945683758791e+00
-9.387596456654776489e+00
-1.300333252069203738e+01
-1.657872855609733165e+01
-1.955658026051612808e+01
-2.159918234765692802e+01
-2.269005831467005407e+01
-2.312796011976235633e+01
-2.340676587312915302e+01
-2.402447906111074616e+01
-2.529776565173163050e+01
-2.726365848254815916e+01
-2.971460844636435894e+01
-3.234074651556933588e+01
-3.488996620302192753e+01
-3.725661581189330462e+01
-3.947120952273517958e+01
-4.162870980541440247e+01
-4.381190836091231233e+01
-4.604054006341131355e+01
-4.824328641271140583e+01
-5.023953757499690909e+01
-5.172971731240577498e+01
-5.230643554205980905e+01
-5.149841787102078428e+01
-4.884460069546550898e+01
-4.397957116951744894e+01
-3.670832974770527812e+01
-2.706143450962402852e+01
-1.533023459685282575e+01
-2.075404388960254920e+00
1.190711079434290554e+01
2.567523942500385559e+01
3.827937432545157748e+01
4.891957882046644812e+01
5.707679117260308743e+01
6.258617198615027633e+01
6.564559037246715434e+01
6.676217697259070860e+01
6.663877144461477542e+01
6.601471861354471571e+01
6.550037316306739399e+01
6.545388278033226470e+01
6.593101719949322614e+01
6.671295785363489017e+01
6.740090168345153643e+01
6.755570380834390676e+01
6.684669175135567798e+01
6.516256575446756472e+01
6.264349060687185045e+01
5.962323389531330520e+01
5.651178467893957702e+01
5.367433033923754948e+01
5.135076244695603265e+01
4.962438404684416327e+01
4.842375407289752332e+01
4.754242058905634849e+01
4.667527401291906841e+01
4.548035512927738466e+01
4.366795463516917408e+01
4.109248558004112795e+01
3.780104014727650963e+01
3.400699581318330189e+01
3.000255342965141736e+01
2.606195886855860877e+01
2.238872238949936389e+01
1.912752117198868262e+01
1.641626355446216223e+01
1.442418085038035080e+01
1.332998259246788386e+01
1.323830476045298177e+01
1.408219270565660075e+01
1.557699897931975741e+01
1.726412227717929682e+01
1.863219404120109601e+01
1.926319410671925780e+01
1.894290117701122966e+01
1.769704285910084707e+01
1.574932293524889282e+01
1.342630445163461061e+01
1.104773932391605484e+01
8.841262366472548706e+00
6.909868365542497060e+00
5.257980874631440038e+00
3.853151056277980935e+00
2.683582550901495445e+00
1.780056886328965415e+00
1.196158245909662909e+00
9.631776801607667693e-01
1.045678390913442168e+00
1.322144016601810801e+00
1.604452025948648775e+00
1.690681604899745283e+00
1.425446426302606540e+00
7.367399730499468724e-01
-3.628047629407156194e-01
-1.796123019490299288e+00
-3.444048198898360447e+00
-5.167237612046736928e+00
-6.836868940454604804e+00
-8.375571795293323518e+00
-9.795465035665037234e+00
-1.121288549622662778e+01
-1.282358767472243777e+01
-1.483878640885717637e+01
-1.740537362581183345e+01
-2.054686435403075606e+01
-2.415354077004677791e+01
-2.802675151958047195e+01
-3.195829757279000916e+01
-3.580883573733329683e+01
-3.954100152022309089e+01
-4.317272686219008904e+01
-4.665423087973511684e+01
-4.972676183380161774e+01
-5.185541109882308319e+01
-5.230643554205980905e+01
-5.036199760746385579e+01
-4.558041316421456912e+01
-3.797969713221630883e+01
-2.806617580955401436e+01
-1.671059725551755548e+01
-4.937125328287988779e+00
6.291087099910701141e+00
1.622588407704245839e+01
2.440125305160457003e+01
3.062266875172659297e+01
3.490641990200284539e+01
3.739618901190664957e+01
3.827827850402221088e+01
3.771701191738763015e+01
3.582866604535030319e+01
3.269527468624414723e+01
2.839997626897079641e+01
2.306034503397049207e+01
1.684556092434273111e+01
9.975591816483188268e+00
2.707206130361166529e+00
