-7.593855625452326308e+01
-9.955755168665388055e+01
-1.216282004293439343e+02
-1.411550780581277422e+02
-1.577953002551838324e+02
-1.719668928221742874e+02
-1.847092342019698492e+02
-1.972719989024494680e+02
-2.105080349905133801e+02
-2.242547675047000553e+02
-2.369347138264895989e+02
-2.455472917930291601e+02
-2.460859215613498918e+02
-2.342688646585492620e+02
-2.063961442588175146e+02
-1.601557403705807587e+02
-9.524127644299097994e+01
-1.365987768857196727e+01
8.037135448009851757e+01
1.809691374437842626e+02
2.814776071579959762e+02
3.755130314318411706e+02
4.579170370174604159e+02
5.254087170224205465e+02
5.768124583334198405e+02
6.128463196868799514e+02
6.355620231826039799e+02
6.476100363442832304e+02
6.515350761185336523e+02
6.492759658478704523e+02
6.419659035001816392e+02
6.300360073796822462e+02
6.135402408937509335e+02
5.925594523343003175e+02
5.675239167502643340e+02
5.393302469984701020e+02
5.092106057499813687e+02
4.784085951930047713e+02
4.477910792374762536e+02
4.175505598009129926e+02
3.871187772798415949e+02
3.553366565306723146e+02
3.208414476385141825e+02
2.825612850329887351e+02
2.401629307418529891e+02
1.942995881681878814e+02
1.465667624137615803e+02
9.917767608000360724e+01
5.446980716102838471e+01
1.440644372207448498e+01
-1.977748722044273677e+01
-4.770608126882162026e+01
-6.977830122490749432e+01
-8.693853090113570659e+01
-1.003850332834528274e+02
-1.112850141583782033e+02
-1.205513584152085542e+02
-1.287268651333932326e+02
-1.359989629131632398e+02
-1.423255764053346013e+02
-1.476139600692267209e+02
-1.518836129924743545e+02
-1.553590907386451647e+02
-1.584660846756175374e+02
-1.617422328966871419e+02
-1.657092523447473980e+02
-1.707575256665325298e+02
-1.770679758469987917e+02
-1.845737138494366718e+02
-1.929669575735588580e+02
-2.017666133056918625e+02
-2.104498099761684955e+02
-2.186137710367613636e+02
-2.261020132245385525e+02
-2.330367007115501110e+02
-2.397468813733059960e+02
-2.466274971918308552e+02
-2.539757756265639728e+02
-2.618470034743828023e+02
-2.699735285773060696e+02
-2.777859061115721033e+02
-2.845416051724289446e+02
-2.895169329168213608e+02
-2.921910567126356000e+02
-2.923678711463246600e+02
-2.902187932569358395e+02
-2.862513575094061480e+02
-2.812119462929268821e+02
-2.759397621381945100e+02
-2.712073234107376152e+02
-2.675871848297948645e+02
-2.653658993851087757e+02
-2.645067016461392200e+02
-2.646625675742795352e+02
-2.652512918005214715e+02
-2.655977643112814235e+02
-2.651165105455569346e+02
-2.634741341901979581e+02
-2.606727552398882608e+02
-2.570359654035459016e+02
-2.531217315338651588e+02
-2.495961585615527838e+02
-2.470788733371397825e+02
-2.459479976568285906e+02
-2.461021820353256544e+02
-2.467184335486775240e+02
-2.460859215613498918e+02
-2.416059281914904773e+02
-2.300174846637553401e+02
-2.078478948717701655e+02
-1.720197794806630327e+02
-1.204878282634777520e+02
-5.274988548871931471e+01
2.990295003626519588e+01
1.244587829573410858e+02
2.265466806783420282e+02
3.309908441691903818e+02
4.324481940662489592e+02
5.260355632921682627e+02
6.078638675473478088e+02
6.753989253362244654e+02
7.275839092058898814e+02
7.647075868489757795e+02
7.880741086242821893e+02
7.995845753266034990e+02
8.013497900903108757e+02
7.954225744868822403e+02
7.836844526354750542e+02
7.678553505757651010e+02
7.495341573699242872e+02
7.301623921988956454e+02
7.108624556677680175e+02
6.922089546728041114e+02
6.740694879829809452e+02
6.556387010714693133e+02
6.356942177582618569e+02
6.129912336492315035e+02
5.866537837733033030e+02
5.564397162128018408e+02
5.228224645543689348e+02
4.868945675225611467e+02
4.501334645659557054e+02
4.140961933784523126e+02
3.801366471391935420e+02
3.492374908104539486e+02
3.219919196411581197e+02
2.986911252559511354e+02
2.794345274570585502e+02
2.641995046382701844e+02
2.528505199027423487e+02
2.451004080590437297e+02
2.404554614550037854e+02
2.381876074441538833e+02
2.373758072434034432e+02
2.370318986926892535e+02
2.362773580679773033e+02
2.344985277369141272e+02
2.314128560181621310e+02
2.270267918404015290e+02
2.215208102899273399e+02
2.151225836093738906e+02
2.080150101764965882e+02
2.002880926060765603e+02
1.919180645387500022e+02
1.827681910096911793e+02
1.726308796859267147e+02
1.613230715669164965e+02
1.488009273340082359e+02
1.352259771661400123e+02
1.209374477485292516e+02
1.063485239455422260e+02
9.183357559842491469e+01
7.767414351888928081e+01
6.408615652552410324e+01
5.128593730024127240e+01
3.951367660842262808e+01
2.896034724787392634e+01
1.962466058839854099e+01
1.119612363356276319e+01
3.063864109552440596e+00
-5.514367511827884982e+00
-1.514375077876937326e+01
-2.605257320600773596e+01
-3.800226850638156861e+01
-5.039065305919109505e+01
-6.249655227842470140e+01
-7.375749264461154553e+01
-8.397127441712177642e+01
-9.335009558103092786e+01
-1.024111315419746688e+02
-1.117494417334595482e+02
-1.217925886733680159e+02
-1.326507709967260666e+02
-1.441320396628929075e+02
-1.559080135799288200e+02
-1.677363393645670726e+02
-1.796126999315272883e+02
-1.917533903456733810e+02
-2.043844001353729141e+02
-2.173978362772488708e+02
-2.299943406799973786e+02
-2.404451694099795986e+02
-2.460859215613498918e+02
-2.436019446453198611e+02
-2.295854746031432114e+02
-2.012555181230557082e+02
-1.571407683339749042e+02
-9.752661538415424047e+01
-2.454404416392048915e+01
5.810270562043400844e+01
1.456733130307552528e+02
2.330526795982717942e+02
3.153996973481470150e+02
3.886750072819424418e+02
4.499751074818711913e+02
4.976398469762102081e+02
5.311461091395597123e+02
5.508529923328965197e+02
5.577076614988002348e+02
5.530223835270047630e+02
5.383734126367380668e+02
5.155806492854177350e+02
4.866669479309944109e+02
4.537150093906305983e+02
4.186229031826526352e+02
3.828378011227275124e+02
3.471674114189632974e+02
3.117368930604799289e+02
2.761122516149375770e+02
2.395644443353164093e+02
2.014006475413830799e+02
1.612575858008393652e+02
1.192632750655054679e+02
7.602667838153760727e+01
3.248087006660830411e+01
-1.034016444619535946e+01
-5.148527839499413972e+01
-9.015193557312989014e+01
-1.256401497358971966e+02
-1.572882763215553439e+02
-1.844943817348889752e+02
-2.068435501701765702e+02
-2.242627397955073718e+02
-2.371005049197926837e+02
-2.460859215613498918e+02
-2.521907321870635030e+02
-2.564458512380830371e+02
-2.597594707190615395e+02
-2.627846169615419853e+02
-2.658832009176194902e+02
-2.691991647956402858e+02
-2.727931042794902510e+02
-2.767554930764961796e+02
-2.812359457644806753e+02
-2.863833450082095737e+02
-2.922469098355308006e+02
-2.987101209372404469e+02
-3.055059170334947680e+02
-3.123071320945059597e+02
-3.188377106346205210e+02
-3.249434990260909331e+02
-3.305975592783726142e+02
