-5.816628064693800582e+01
-8.042998006539843914e+01
-1.004894690370362582e+02
-1.167683175097070460e+02
-1.287604958872007614e+02
-1.370138304422365252e+02
-1.427701316385750943e+02
-1.474575770921621540e+02
-1.522402027776412297e+02
-1.577545503948120427e+02
-1.640679799585577712e+02
-1.708181626855987361e+02
-1.774494096289732568e+02
-1.834490852426835943e+02
-1.885063215037982332e+02
-1.925582637930247358e+02
-1.957387479994000330e+02
-1.982803715745450006e+02
-2.004303805903486762e+02
-2.024209959382688737e+02
-2.044911089510694922e+02
-2.069100997222526530e+02
-2.099442284923036937e+02
-2.137520479331586785e+02
-2.182662218603450981e+02
-2.231532860912442970e+02
-2.279068672182042121e+02
-2.320498464977635535e+02
-2.353544406273332470e+02
-2.379729848247889095e+02
-2.404053193001786326e+02
-2.432927863757194871e+02
-2.470997091461186415e+02
-2.517876697791435561e+02
-2.565841586620637145e+02
-2.599119846429148311e+02
-2.595131329066723538e+02
-2.527746119305303409e+02
-2.372216389546433959e+02
-2.110822814642128833e+02
-1.737793218216230002e+02
-1.262040273909779557e+02
-7.067790911842445212e+01
-1.059214101819231857e+01
5.019361569324902916e+01
1.080348784829526494e+02
1.600822866649968717e+02
2.046128939799240243e+02
2.410610200972570851e+02
2.697961245424729100e+02
2.917595745949016077e+02
3.080855461051005477e+02
3.198034163328093200e+02
3.276722991271639671e+02
3.321513381186134666e+02
3.334733163219146945e+02
3.317728533806375708e+02
3.272246505437417454e+02
3.201566910378463149e+02
3.111022170113809580e+02
3.007535498098924336e+02
2.898095315081083072e+02
2.787668228959988710e+02
2.677491167265641820e+02
2.564581418296575066e+02
2.442749447688134978e+02
2.304756640575793654e+02
2.144809577753241285e+02
1.960477416867958027e+02
1.753397256977933978e+02
1.528659003469441586e+02
1.293292952282866395e+02
1.054592674806013406e+02
8.189585818550031604e+01
5.915850674610673821e+01
3.768437975603614376e+01
1.788690004307515835e+01
1.788544638582436619e-01
-1.506849433905228963e+01
-2.761361073986851977e+01
-3.743172077341683490e+01
-4.475516673071113871e+01
-5.004897222760774866e+01
-5.393025027069019472e+01
-5.705615145884566175e+01
-6.001268707847001593e+01
-6.323335934765137978e+01
-6.696188802707614229e+01
-7.125831312278418750e+01
-7.604043527566676630e+01
-8.115039435752593988e+01
-8.643380736195005909e+01
-9.181211289435229617e+01
-9.732093404425205563e+01
-1.030934286231392605e+02
-1.092952490080690495e+02
-1.160484894798754141e+02
-1.233880326155555309e+02
-1.312684585504187567e+02
-1.396043817406522862e+02
-1.483078779390623936e+02
-1.572917123381532178e+02
-1.664292846232941372e+02
-1.754929717533858593e+02
-1.841197721803871445e+02
-1.918547213015039006e+02
-1.982834255307874116e+02
-2.032040205327758144e+02
-2.067506251647698150e+02
-2.093941912228456772e+02
-2.118039264654548504e+02
-2.146213916343706387e+02
-2.182435277005081389e+02
-2.227045248175897427e+02
-2.276955432482308765e+02
-2.327009594902829122e+02
-2.371896493652863569e+02
-2.407864252400646876e+02
-2.433635919565703603e+02
-2.450367765438312517e+02
-2.460996149242529327e+02
-2.469469131530181301e+02
-2.480048522521428822e+02
-2.496479342866869615e+02
-2.520776710998448209e+02
-2.551698267768372830e+02
-2.583348741145395024e+02
-2.604508188065429977e+02
-2.599119846429148311e+02
-2.548037007106165106e+02
-2.431764676268001608e+02
-2.233660896673893888e+02
-1.942984264603021529e+02
-1.557240506730898062e+02
-1.083447559886282932e+02
-5.381267666439567421e+01
5.403037060222221299e+00
6.627810121393861209e+01
1.256047538129260204e+02
1.804226435927393766e+02
2.284211252921214168e+02
2.682132367848195713e+02
2.994142957527803901e+02
3.225216816203429744e+02
3.386519132215366312e+02
3.492178904212348698e+02
3.556225695668870230e+02
3.590265108769966673e+02
3.602280662264415696e+02
3.596696938102439844e+02
3.575469316733404526e+02
3.539597120588102825e+02
3.490315004133823322e+02
3.429456614853969540e+02
3.358996754571870724e+02
3.280213924278523336e+02
3.192998870121335813e+02
3.095622038022436300e+02
2.985017611978771583e+02
2.857487132056265295e+02
2.709645242300759946e+02
2.539392076434282330e+02
2.346703749604708946e+02
2.134047305224468403e+02
1.906246619979493175e+02
1.669764552892841323e+02
1.431653314089817854e+02
1.198626759721872617e+02
9.765909043201257589e+01
7.706310241358991675e+01
5.851931375167962557e+01
4.241569895707117155e+01
2.906017444078606005e+01
1.862179355397700320e+01
1.105212812204628037e+01
6.026483712921217872e+00
2.954136672635947480e+00
1.078802740124001680e+00
-3.651195070648807217e-01
-2.010409515792874302e+00
-4.280803647874545703e+00
-7.386443203713540129e+00
-1.137097683555513328e+01
-1.619059983837953709e+01
-2.180177247836180499e+01
-2.822078025878499119e+01
-3.552169195125357248e+01
-4.377170298648139379e+01
-5.294014142942985757e+01
-6.283144304090799892e+01
-7.308018798171237052e+01
-8.322126130988550585e+01
-9.281896892249986308e+01
-1.016084688465541745e+02
-1.095843292597887455e+02
-1.169852321962658266e+02
-1.241727973481208380e+02
-1.314598133743779727e+02
-1.389731193957403548e+02
-1.466158800796354740e+02
-1.541327122390364366e+02
-1.612255219372263468e+02
-1.676598218578562296e+02
-1.733330668126475302e+02
-1.783080127052853641e+02
-1.828200652538272379e+02
-1.872537111068609761e+02
-1.920718122308711600e+02
-1.976916012449174218e+02
-2.043335988604748650e+02
-2.119048044284810146e+02
-2.199842125082310247e+02
-2.279389476015249443e+02
-2.351336268906300688e+02
-2.411487423387616786e+02
-2.459186763801674829e+02
-2.497250843544373424e+02
-2.530244821374973299e+02
-2.561490757000107124e+02
-2.589816023040147002e+02
-2.607319234382599120e+02
-2.599119846429148311e+02
-2.545315393448746022e+02
-2.424604529909129838e+02
-2.218606119379204529e+02
-1.915907312697515863e+02
-1.515113106237851355e+02
-1.026385339143998863e+02
-4.710850649498722476e+01
1.206706326875065827e+01
7.142916422709434698e+01
1.275997590768157721e+02
1.777836536243672185e+02
2.201211416656171025e+02
2.538173314432128791e+02
2.790449061269144977e+02
2.966836682025538607e+02
3.079982070688477052e+02
3.143481965545573189e+02
3.169811049976276536e+02
3.169067012795964615e+02
3.148312592941178991e+02
3.111430386777447552e+02
3.059614216900225188e+02
2.992579028796770331e+02
2.910237281550427042e+02
2.814204607408935317e+02
2.708382142555688006e+02
2.598204443055346928e+02
2.488819342841231048e+02
2.383060726317051774e+02
2.280184494805985764e+02
2.175931732162527226e+02
2.063887358989223344e+02
1.937637255129427842e+02
1.792975750443401921e+02
1.629366391837423862e+02
1.450071089147029966e+02
1.260867470914441668e+02
1.067912714085883295e+02
8.757676711160831928e+01
6.865767142729661998e+01
