-1.296542290350844873e+01
-3.603920254737893458e-01
9.156908923445467252e+00
1.349116377535690248e+01
1.209457232309370056e+01
5.937257223181791943e+00
-3.017448112840011021e+00
-1.255154215865889000e+01
-2.085016618899798502e+01
-2.688971438593194563e+01
-3.050482667624498490e+01
-3.218938603503666229e+01
-3.274966296506963204e+01
-3.295441472613487122e+01
-3.330815149213115234e+01
-3.400407885521345719e+01
-3.502389131564424218e+01
-3.629459098552089813e+01
-3.781333495777317921e+01
-3.969224300156660235e+01
-4.212135551669549471e+01
-4.527993663931295032e+01
-4.924065823139972053e+01
-5.390611893837739643e+01
-5.899735908548525742e+01
-6.409519520586209751e+01
-6.872554770917220424e+01
-7.247268454614000177e+01
-7.509496809645241910e+01
-7.661079835828883233e+01
-7.732262026491960683e+01
-7.775875006380252330e+01
-7.853981552834201807e+01
-8.020779557243344016e+01
-8.306974347615124543e+01
-8.710017075385768237e+01
-9.193063673029651284e+01
-9.694034990015970266e+01
-1.014376598272897212e+02
-1.048835452666480279e+02
-1.070739473460563005e+02
-1.082004879380413200e+02
-1.087592704070312948e+02
-1.093478875294154591e+02
-1.104400948673121547e+02
-1.122314989931099376e+02
-1.146098750889467652e+02
-1.172428664053348939e+02
-1.197255112446466683e+02
-1.217139405506096068e+02
-1.229937327519932069e+02
-1.234770883383074249e+02
-1.231647711285365432e+02
-1.221194284905954817e+02
-1.204716314194462825e+02
-1.184434310915135597e+02
-1.163558196567593939e+02
-1.145940865668818134e+02
-1.135269607503467739e+02
-1.133979208244495993e+02
-1.142241186101156813e+02
-1.157476751775344042e+02
-1.174793927165552390e+02
-1.188474912961372354e+02
-1.194149966498305844e+02
-1.190803504920312150e+02
-1.181607013767006436e+02
-1.172960511513847308e+02
-1.171893683190020425e+02
-1.182697254821009949e+02
-1.203942692558929934e+02
-1.226852541600833035e+02
-1.235555569969963159e+02
-1.209343692459392372e+02
-1.126630034342871483e+02
-9.697841224312023201e+01
-7.295679432073336557e+01
-4.079065987541619620e+01
-1.828085635096641681e+00
4.162367621167791754e+01
8.667217845781674157e+01
1.303022428636860468e+02
1.698264048365134045e+02
2.032306601606329082e+02
2.293540792194650066e+02
2.478919792295874913e+02
2.592616707580474440e+02
2.643932661472037466e+02
2.645039025421616543e+02
2.608957211908303293e+02
2.547955323858780616e+02
2.472352301829469639e+02
2.389684357010553128e+02
2.304318317250149448e+02
2.217701730233594049e+02
2.129313344359156588e+02
2.038065177045178871e+02
1.943660849065117588e+02
1.847392112916503208e+02
1.752037987975423050e+02
1.660881282160781325e+02
1.576276761804314788e+02
1.498420764765589865e+02
1.424804394025166232e+02
1.350475471464595216e+02
1.269002981391330138e+02
1.173978298920317371e+02
1.060814602754326899e+02
9.284203607575418005e+01
7.801752698444835232e+01
6.237538871339258151e+01
4.697282021555736975e+01
3.292959232998185115e+01
2.117351546377990346e+01
1.222859874172834083e+01
6.110340820786815286e+00
2.361338896049208991e+00
2.109982675152863862e-01
-1.194537933699986176e+00
-2.558985006399080220e+00
-4.267123278192913816e+00
-6.339815347167149895e+00
-8.534973114603051414e+00
-1.055167001103466262e+01
-1.223634542555858928e+01
-1.368243435292428956e+01
-1.517415496440726486e+01
-1.701932032295814778e+01
-1.938113878782876398e+01
-2.220877261549549431e+01
-2.529228717690682515e+01
-2.839006400132755559e+01
-3.134914753880433125e+01
-3.416273644063660697e+01
-3.695107870797684768e+01
-3.988796721262706058e+01
-4.311658116091081183e+01
-4.669786427096668291e+01
-5.060907791805487932e+01
-5.477642088251430152e+01
-5.911010520448263605e+01
-6.352183204878777190e+01
-6.792736515352503091e+01
-7.224920322297415964e+01
-7.642813448085459527e+01
-8.043709631546634853e+01
-8.428256702445597170e+01
-8.798597745613697896e+01
-9.155446722510696134e+01
-9.496229507192451536e+01
-9.815958099346397603e+01
-1.011054222067549802e+02
-1.038028581270085908e+02
-1.063083353997170377e+02
-1.087015141505257532e+02
-1.110259163842594319e+02
-1.132333450726273583e+02
-1.151681114833990307e+02
-1.166056341717098377e+02
-1.173303526738282443e+02
-1.172217312270954181e+02
-1.163185690528624008e+02
-1.148398552056720945e+02
-1.131485995557961957e+02
-1.116594648419711291e+02
-1.107155906323098833e+02
-1.104824602281076409e+02
-1.109076963200446215e+02
-1.117680149659983613e+02
-1.127792458869010801e+02
-1.137083262036877187e+02
-1.144275033527483600e+02
-1.148970901769842072e+02
-1.151171996403116822e+02
-1.151019984973572292e+02
-1.148967384002485659e+02
-1.146175160900888699e+02
-1.144773067089706018e+02
-1.147660524118563927e+02
-1.157655081264779398e+02
-1.176011133201259753e+02
-1.200636242438603603e+02
-1.224596096627196999e+02
-1.235555569969963159e+02
-1.216616637208842207e+02
-1.148670492260756504e+02
-1.013986920222989880e+02
-8.003982432100966093e+01
-5.051293853531480238e+01
-1.371296810846416747e+01
2.831153395636626868e+01
7.266483060315536591e+01
1.161286115134670069e+02
1.557491139410619212e+02
1.893142583844897899e+02
2.156042267721250028e+02
2.343892724214186387e+02
2.462267891917219345e+02
2.521504407756162891e+02
2.533493093419467073e+02
2.509178482532686871e+02
2.457261815066342479e+02
2.384176138223706971e+02
2.294948253924712276e+02
2.194272789118022047e+02
2.087150912312405922e+02
1.978765584248313303e+02
1.873708769862485042e+02
1.775013037367896231e+02
1.683483176784689022e+02
1.597605049990208954e+02
1.514053341199740430e+02
1.428660617913567705e+02
1.337604801983623588e+02
1.238495491575923495e+02
1.131045891369968928e+02
1.017130805384741592e+02
9.002213696590892766e+01
7.844054358545395189e+01
6.733617468558585983e+01
5.696570712042293394e+01
4.745746583956920972e+01
3.884501659279547425e+01
3.112799060472379153e+01
2.432644306120561595e+01
1.850267715751728304e+01
1.374506113346514269e+01
1.012806149168506487e+01
7.672646086119296882e+00
6.329336854318086125e+00
5.992373715417993907e+00
6.533253320379682094e+00
7.828254294007674474e+00
9.758083173071257832e+00
1.217688247838751181e+01
1.486918177653788220e+01
1.752303420046613169e+01
1.974357191404649470e+01
2.112093248412730873e+01
2.134938601176652284e+01
2.036235942423314427e+01
1.841415620958603228e+01
1.604200158255273578e+01
1.389865597581491308e+01
1.252124190735151288e+01
1.214080818105552240e+01
1.261431165126287723e+01
1.349745542732143910e+01
1.421766491424515877e+01
1.427977208649461360e+01
1.343703494372666363e+01
1.177118792975458916e+01
9.650135740498154036e+00
7.576727453736703310e+00
5.987400628370883382e+00
5.077942660736937341e+00
4.722899589543558818e+00
4.526313089928958533e+00
3.994507972736492718e+00
2.763377707228393376e+00
7.763205172883473892e-01
-1.674431638530805344e+00
