1.059150860612425404e+01
3.745948762602934323e+01
6.003345449048737947e+01
7.524416329121901015e+01
8.196321204261073490e+01
8.100951110594091631e+01
7.455863163419456896e+01
6.527730047287049331e+01
5.552215479289616695e+01
4.683127468270975413e+01
3.978472357445446761e+01
3.417963252395490770e+01
2.938463293035356827e+01
2.471554617111171481e+01
1.970616459172093471e+01
1.421552176695679037e+01
8.385913497180293774e+00
2.517020236266970024e+00
-3.065797816474630011e+00
-8.096305453036301003e+00
-1.239470793340290022e+01
-1.585795102852078209e+01
-1.844028983531087107e+01
-2.013949886282734170e+01
-2.098852374240193086e+01
-2.104758705843983435e+01
-2.040022033887584740e+01
-1.916452505709732534e+01
-1.752217762633172171e+01
-1.574489568604243850e+01
-1.418405669267841951e+01
-1.320386346795624632e+01
-1.307598497617248334e+01
-1.388535329745059066e+01
-1.549703580489632593e+01
-1.760239086211176129e+01
-1.982357026897919638e+01
-2.183442541379334756e+01
-2.345707225093399018e+01
-2.470544896654300970e+01
-2.576325141138013919e+01
-2.690347485955029327e+01
-2.837783067853400354e+01
-3.031862204149055273e+01
-3.269294075791184184e+01
-3.532479134405358678e+01
-3.796665730793291260e+01
-4.038212934760486661e+01
-4.240819345807149432e+01
-4.398551183169295342e+01
-4.515670328667552269e+01
-4.603641939737899236e+01
-4.676475704923925747e+01
-4.746459456488178574e+01
-4.822057832483662310e+01
-4.908164059608810703e+01
-5.007379392339474578e+01
-5.120717289590620425e+01
-5.246970129731675314e+01
-5.381125915463462661e+01
-5.513154262597290511e+01
-5.628758632835587861e+01
-5.712743338997155007e+01
-5.753841557167928755e+01
-5.748706659317938517e+01
-5.703150805017525471e+01
-5.630067359725051546e+01
-5.544939908436177944e+01
-5.460821564278477780e+01
-5.384728516421865407e+01
-5.316706066514681339e+01
-5.252010551691081019e+01
-5.185996185098914424e+01
-5.120123535094553091e+01
-5.066316909199051821e+01
-5.046553445955063211e+01
-5.085719636003868516e+01
-5.198295374713045902e+01
-5.372505840931996346e+01
-5.558114414645014989e+01
-5.664511642703212857e+01
-5.572715020174791789e+01
-5.158886611955834667e+01
-4.321465380707003590e+01
-3.003281601262045086e+01
-1.203574179307224412e+01
1.020105157031577292e+01
3.557351434104226229e+01
6.255814990584697455e+01
8.938062274461819356e+01
1.142519245162846744e+02
1.356457077855708064e+02
1.525452189947679642e+02
1.645764371571367519e+02
1.719828446384585448e+02
1.754623549886126455e+02
1.759363601189761255e+02
1.743302478124010122e+02
1.714197528359937621e+02
1.677595380407732080e+02
1.636792555650199290e+02
1.593202888566741251e+02
1.546942860360439340e+02
1.497565073579179113e+02
1.444830320088314011e+02
1.389250995823177561e+02
1.332127837140549218e+02
1.275057724863666522e+02
1.219213616873264243e+02
1.164814022916547742e+02
1.111037540147950438e+02
1.056352181584725258e+02
9.990360464706415655e+01
9.376654442818096413e+01
8.714647393473924808e+01
8.005152358118242262e+01
7.258594548623963760e+01
6.495298623333491150e+01
5.744788559189667865e+01
5.043229925106483336e+01
4.428373034308539502e+01
3.932666210658415906e+01
3.576435873082075290e+01
3.363226462044920595e+01
3.278678441701012503e+01
3.293107161635124669e+01
3.366786306675701468e+01
3.456613561096591525e+01
3.523345100429683185e+01
3.538823992694556608e+01
3.491771630068250687e+01
3.389522181344490548e+01
3.253442944795376235e+01
3.108647706379614561e+01
2.972344078222285546e+01
2.846661908122729301e+01
2.719576098679601017e+01
2.573029046889058691e+01
2.393500411587801935e+01
2.179263118964265900e+01
1.940823143704186293e+01
1.695098645949398630e+01
1.457134376701014844e+01
1.233689578105461493e+01
1.021241835292189393e+01
8.085365313657263187e+00
5.820095914411822946e+00
3.315860104506668904e+00
5.448456331037263567e-01
-2.444647805141151764e+00
-5.559940134012990143e+00
-8.712481747377438523e+00
-1.185381178131141411e+01
-1.497638012219258030e+01
-1.807959027023627385e+01
-2.112484989735327900e+01
-2.401006093550184772e+01
-2.657997133831405989e+01
-2.866746873722446054e+01
-3.014840929088489219e+01
-3.099191141880236700e+01
-3.129140506339336270e+01
-3.126451594381467913e+01
-3.121518182470553171e+01
-3.146228484524528568e+01
-3.225228934073802378e+01
-3.368215869271433149e+01
-3.565941866634654644e+01
-3.791899407987741455e+01
-4.010142242905761378e+01
-4.187364607912197556e+01
-4.304849210329722808e+01
-4.364987294419965025e+01
-4.389169422511952945e+01
-4.408089147254590756e+01
-4.449287196549061463e+01
-4.527907614260815450e+01
-4.644598355265008394e+01
-4.790390887016699395e+01
-4.954547085237511084e+01
-5.130081256544060153e+01
-5.313495411804057511e+01
-5.498346922144484239e+01
-5.664511642703212857e+01
-5.766581976351745453e+01
-5.726859572707578394e+01
-5.439671159550098167e+01
-4.790158999139118379e+01
-3.684355559854652284e+01
-2.081090595614221428e+01
-1.419105184327378311e-01
2.403601255827872407e+01
4.997295557670769028e+01
7.562324452843732558e+01
9.903561179034554129e+01
1.186926957470890613e+02
1.337085720820909387e+02
1.438493485386425732e+02
1.494063778121486337e+02
1.509948335959306291e+02
1.493586701337191869e+02
1.452397460920753645e+02
1.393265324819416549e+02
1.322558378932511971e+02
1.246194509134809039e+02
1.169361741302866449e+02
1.095836523326334770e+02
1.027241304559106538e+02
9.627656875355782518e+01
8.996976262224160337e+01
8.346807766842792375e+01
7.651969112826554920e+01
6.906068452888942488e+01
6.122635515742543788e+01
5.326600617248195846e+01
4.540696892778304772e+01
3.774001008260962919e+01
3.018532643795574444e+01
2.255261318393842629e+01
1.465638095022848120e+01
6.420508607864277906e+00
-2.079924140275405620e+00
-1.064866380938887502e+01
-1.903781575844373464e+01
-2.700992911558583742e+01
-3.436378165245206162e+01
-4.092798786580760151e+01
-4.654767973356138100e+01
-5.108740866717612050e+01
-5.445655669687653955e+01
-5.664511642703213568e+01
-5.774768237247094760e+01
-5.795887193978236240e+01
-5.754167648891846909e+01
-5.678580148148643048e+01
-5.597095241040976532e+01
-5.533471672850759404e+01
-5.503795729449092988e+01
-5.513449699949003247e+01
-5.556861959819732277e+01
-5.621654295291724424e+01
-5.695838509906143088e+01
-5.774460164310322341e+01
-5.862362208813445363e+01
-5.971769440331820533e+01
-6.115796832355959367e+01
-6.300781541505704553e+01
-6.520756543019614071e+01
-6.756459245291908644e+01
-6.979638898316537166e+01
-7.161436804640483444e+01
-7.281859621085159517e+01
-7.336868672452669671e+01
-7.340501197145776757e+01
-7.321059823593668625e+01
-7.312498570240003914e+01
-7.344281920023647103e+01
-7.433788843012833070e+01
-7.583795991570318051e+01
-7.784715362432068275e+01
-8.019142369158090844e+01
-8.266029385822746178e+01
