-1.615389492005618877e+01
1.140878230765958392e+02
2.218832596247288791e+02
2.913312571930990202e+02
3.169566597212401575e+02
3.037487336071076243e+02
2.639642509363874296e+02
2.124200156375568724e+02
1.621082111283021163e+02
1.213871284867139480e+02
9.317237086238560551e+01
7.582480916609719657e+01
6.501025984047502959e+01
5.574154488106172778e+01
4.400614411430168360e+01
2.767553907926091483e+01
6.668052586919977820e+00
-1.746621347823497672e+01
-4.227950936852386121e+01
-6.523137293210696441e+01
-8.438250011971607023e+01
-9.886092783920761917e+01
-1.090248882811251434e+02
-1.162881450240815298e+02
-1.226500080643413924e+02
-1.300720595647495941e+02
-1.399047171427231717e+02
-1.525410771541470467e+02
-1.673810013364689553e+02
-1.830827982805614056e+02
-1.980040265634427783e+02
-2.106921073510222016e+02
-2.202727204481036551e+02
-2.266112770708506616e+02
-2.302088260847257857e+02
-2.319124427885994066e+02
-2.325968215014253815e+02
-2.329568449169353528e+02
-2.334609039116170379e+02
-2.344174603645620323e+02
-2.360613226440033827e+02
-2.385863478249402476e+02
-2.421054695432202948e+02
-2.465636828990371043e+02
-2.516483925556332792e+02
-2.567412940226732871e+02
-2.609405285810502733e+02
-2.631492516978686922e+02
-2.621910135266373914e+02
-2.569031121117214980e+02
-2.461887361273074646e+02
-2.290542858654203826e+02
-2.046817668461895039e+02
-1.725668407217880542e+02
-1.327039457278080761e+02
-8.575520054577285123e+01
-3.312350187408309665e+01
2.313383172313345426e+01
8.056615397349534646e+01
1.367102269455507724e+02
1.894794634083289111e+02
2.374407827172765337e+02
2.798919767354713599e+02
3.167174889617708118e+02
3.480888608570920724e+02
3.741515665805706021e+02
3.948447050404276979e+02
4.099201717977608723e+02
4.191192113648966142e+02
4.223991222422608871e+02
4.201084071778376483e+02
4.130566868849369939e+02
4.024690682990455457e+02
3.898320896299509855e+02
3.766486270157906802e+02
3.641448597998959258e+02
3.530025552645036555e+02
3.431984317408870311e+02
3.340125898290355053e+02
3.242270170932017663e+02
3.124770355112455036e+02
2.976566019016344171e+02
2.792459228595562877e+02
2.574535516814736411e+02
2.331351597989204549e+02
2.075325693476582671e+02
1.819373415024090548e+02
1.574019843899293392e+02
1.345896853354849441e+02
1.137854015013880939e+02
9.502516090288115436e+01
7.826691868724337553e+01
6.352629364195046691e+01
5.092433434964070926e+01
4.063889152808698668e+01
3.280154266463510737e+01
2.740493809769618849e+01
2.426404559031448471e+01
2.303367387479347173e+01
2.325966319365447532e+01
2.444129970667959384e+01
2.609276847058330162e+01
2.779413309344289473e+01
2.921720470600864061e+01
3.011915035529843365e+01
3.032294694167696747e+01
2.971756749242817719e+01
2.828576461653178242e+01
2.612719284382837159e+01
2.343692774777330357e+01
2.043538841560626906e+01
1.728606125952850192e+01
1.404134399076589190e+01
1.062917572039301639e+01
6.869816965150079113e+00
2.511141236282119937e+00
-2.722518211892019480e+00
-9.075689554447183838e+00
-1.671494963863797523e+01
-2.569920048799442469e+01
-3.596685480340252639e+01
-4.733623237374482073e+01
-5.951283835504692377e+01
-7.209565143085964678e+01
-8.458822333061131360e+01
-9.644092095820020916e+01
-1.071466032847887675e+02
-1.163769566154644082e+02
-1.241076779153426912e+02
-1.306656159612106194e+02
-1.366542121365827711e+02
-1.427724057023642672e+02
-1.496048400413432660e+02
-1.574780741935523452e+02
-1.664309547943145446e+02
-1.762788601809014892e+02
-1.867124844929680023e+02
-1.973707235054449143e+02
-2.078535887960480864e+02
-2.176919621851555178e+02
-2.263402712842000710e+02
-2.332569947505254220e+02
-2.380754910107919784e+02
-2.407905005562307679e+02
-2.418510101536272714e+02
-2.420828043527515376e+02
-2.424458637985432858e+02
-2.437179141576515065e+02
-2.462400887546706372e+02
-2.498336670099137109e+02
-2.539060505426918155e+02
-2.576706032018734049e+02
-2.603759667468834778e+02
-2.614800632845179962e+02
-2.607589448754101795e+02
-2.583633201096543530e+02
-2.548208379447929701e+02
-2.509611229649358108e+02
-2.477501300157399839e+02
-2.460631307241413026e+02
-2.464601568125665096e+02
-2.490189696062313942e+02
-2.532470675059939822e+02
-2.580791468973071687e+02
-2.619771254134918763e+02
-2.631492516978686922e+02
-2.598605645311504873e+02
-2.507418084348199727e+02
-2.349834592725971447e+02
-2.123565691716821675e+02
-1.830889247419331980e+02
-1.476842148940823165e+02
-1.067846697623774617e+02
-6.114604493678517372e+01
-1.172501704507908116e+01
4.019551035159533825e+01
9.295058623844074930e+01
1.445802990759436284e+02
1.930539218050411137e+02
2.365546309132046190e+02
2.737255252621708905e+02
3.038032203073822188e+02
3.266180997848668994e+02
3.424915896593091702e+02
3.520844854902544512e+02
3.562428475166672115e+02
3.558694631583548471e+02
3.518388618455327901e+02
3.449671631754046643e+02
3.360248829908063044e+02
3.257485141353325844e+02
3.148028238022953929e+02
3.036842791190030653e+02
2.926042021535910180e+02
2.814117210242599754e+02
2.696059892648344203e+02
2.564567125713556379e+02
2.412115754413811999e+02
2.233309976480967691e+02
2.026729067017591603e+02
1.795623498285310404e+02
1.547191890833576053e+02
1.290718842731185703e+02
1.035321858962663413e+02
7.881266307897033130e+01
5.533772437669228594e+01
3.326535114391958103e+01
1.261468464531909817e+01
-6.540075150812976190e+00
-2.389743011425306563e+01
-3.887922635584529729e+01
-5.074792930027548721e+01
-5.884225912347915965e+01
-6.282526951429635886e+01
-6.284339764445866194e+01
-5.954212227031543847e+01
-5.394395917712703437e+01
-4.724029243203634110e+01
-4.056241779008193049e+01
-3.478752343858630525e+01
-3.042125110768451890e+01
-2.758041885215336109e+01
-2.607048244961886496e+01
-2.552255774807316513e+01
-2.553965942801364619e+01
-2.580419731809666573e+01
-2.611772847380704121e+01
-2.637651630496907273e+01
-2.651773491832176788e+01
-2.648241181300692304e+01
-2.622405055217411274e+01
-2.575320916757182843e+01
-2.517338689564316923e+01
-2.466419399214742825e+01
-2.440996217919846600e+01
-2.451922580194553802e+01
-2.498642288925233501e+01
-2.570903234736644194e+01
-2.653240109817838999e+01
-2.728311104165260659e+01
-2.777083716574152206e+01
-2.777308848389155571e+01
-2.704077877914733818e+01
-2.535043910806302492e+01
-2.258840434914792183e+01
-1.882005687084074808e+01
-1.429877247273947027e+01
-9.399415188952463751e+00
-4.496342421635682207e+00
1.744951419250337921e-01
4.622302620684958896e+00
9.120906061568057055e+00
1.408845799312675595e+01
1.982210912235741063e+01
2.616549493547070782e+01
3.225434882958794702e+01
3.649436366876225435e+01
3.686899634410149673e+01
3.156174360428162373e+01
1.972386582963860135e+01
2.076427371439230285e+00
-1.899677565634916476e+01
