-1.155624488600979483e+01
5.887278053916679710e+01
1.192985269603191227e+02
1.624672497763471029e+02
1.855417803944381490e+02
1.901544955870185447e+02
1.811102646957641014e+02
1.644518589198150380e+02
1.456443502800376564e+02
1.283986118645804595e+02
1.143172206671426352e+02
1.032439651231829743e+02
9.401479697353313725e+01
8.526978842281107518e+01
7.606222146949968987e+01
6.613585930445282202e+01
5.587912045749523315e+01
4.605969801256598117e+01
3.747454777507397949e+01
3.063424073874904252e+01
2.556884469166570995e+01
2.180686702625938267e+01
1.853110098558110863e+01
1.485697668454568188e+01
1.013300360694475089e+01
4.150965281442879018e+00
-2.816784607743832325e+00
-1.016552485877864598e+01
-1.721712068367396498e+01
-2.346586972289879824e+01
-2.871569881851861794e+01
-3.308634301966409197e+01
-3.691934440240568449e+01
-4.063165847814545373e+01
-4.457020505375304253e+01
-4.891967420556129298e+01
-5.369310954752549492e+01
-5.879318200344985001e+01
-6.409355273545469345e+01
-6.947819007626543453e+01
-7.480873214009220362e+01
-7.985361673793460113e+01
-8.425694563739155285e+01
-8.760586738820344976e+01
-8.958592862145697211e+01
-9.015048056143558597e+01
-8.961736750817857455e+01
-8.864601201836774180e+01
-8.810612270448281436e+01
-8.888412705231351651e+01
-9.167334988116211036e+01
-9.678124137128176585e+01
-1.039837172750897309e+02
-1.124615022963298259e+02
-1.208508145276702095e+02
-1.274188254473501587e+02
-1.303367954976447720e+02
-1.279906371331431387e+02
-1.192593569438688377e+02
-1.037097551415828889e+02
-8.168726365988771931e+01
-5.430339759367940644e+01
-2.331636455390403384e+01
9.103717934684244284e+00
4.070396140984167488e+01
6.949797058463514077e+01
9.403835736901235975e+01
1.135501736215590540e+02
1.279218712273363394e+02
1.375868544199950350e+02
1.433347349100167776e+02
1.460936163725760650e+02
1.467361240645262228e+02
1.459595864788438462e+02
1.442556159136099723e+02
1.419409053131255405e+02
1.392066379811033130e+02
1.361580449323512312e+02
1.328337012741334320e+02
1.292061092801549194e+02
1.251741698401759351e+02
1.205629850175066053e+02
1.151433471909427055e+02
1.086749600718715385e+02
1.009689464952876392e+02
9.195588141801106019e+01
8.173507669669302800e+01
7.057900430419952897e+01
5.888480371009817560e+01
4.709542942740520743e+01
3.562994136725219363e+01
2.484868029672199441e+01
1.504872670297986659e+01
6.465652577257607447e+00
-7.403341448352067644e-01
-6.519017398593192070e+00
-1.097038476330364887e+01
-1.436387986424630014e+01
-1.711537177856394720e+01
-1.971690225716089273e+01
-2.263187484009166184e+01
-2.618345592962695179e+01
-3.047464791062179756e+01
-3.537613422057420820e+01
-4.059345251084821626e+01
-4.578657707533500343e+01
-5.069023934845971269e+01
-5.519210579822675555e+01
-5.935521087366788606e+01
-6.339031722275347391e+01
-6.758423956900213625e+01
-7.219147570158342830e+01
-7.731457594533671340e+01
-8.282202135687347777e+01
-8.835408606387139230e+01
-9.343298900651613792e+01
-9.764019240397155386e+01
-1.007867081361308550e+02
-1.030024865805943932e+02
-1.047027876327591258e+02
-1.064402148031722817e+02
-1.087038070575778335e+02
-1.117506125804557939e+02
-1.155313653930809608e+02
-1.197201808516739732e+02
-1.238153636916347011e+02
-1.272628071636269169e+02
-1.295622868639143519e+02
-1.303367954976447720e+02
-1.293588114050040758e+02
-1.265291132658858118e+02
-1.218076822864093742e+02
-1.151099278028694499e+02
-1.062085701366730746e+02
-9.469251326114559220e+01
-8.002050530624644864e+01
-6.167882359988314533e+01
-3.941641171100267371e+01
-1.349016781939024412e+01
1.517718269730124092e+01
4.501581289354368209e+01
7.403367635143897019e+01
1.001894773376447887e+02
1.217898214682564060e+02
1.377842148328730900e+02
1.478889625494969948e+02
1.525424661333901213e+02
1.527382123827029545e+02
1.497914491611354322e+02
1.450881754234320340e+02
1.398573844058387863e+02
1.350023734713674912e+02
1.310142775371704147e+02
1.279666513931256588e+02
1.255695664782769114e+02
1.232631135527739161e+02
1.203459716218505662e+02
1.161370240952418555e+02
1.101431240870232102e+02
1.021745536450415131e+02
9.234944120683189794e+01
8.097749425081130425e+01
6.838566629625306348e+01
5.479036814337587202e+01
4.029805918061127556e+01
2.503942964963019335e+01
9.356727799047000360e+00
-6.080541085134058221e+00
-2.033121224907263169e+01
-3.242326330147213298e+01
-4.168903371054131668e+01
-4.803856733376243682e+01
-5.203127716427249538e+01
-5.470006674889155818e+01
-5.720362292464560028e+01
-6.046622615039007087e+01
-6.496070925689144815e+01
-7.069976669458665697e+01
-7.738469202186590223e+01
-8.459664244330045335e+01
-9.193538670430442039e+01
-9.907770398182837823e+01
-1.057783027472274284e+02
-1.118453017943552936e+02
-1.171155344021539406e+02
-1.214522439447678295e+02
-1.247755315518169681e+02
-1.271075864804620892e+02
-1.285944463265105355e+02
-1.294743347106759188e+02
-1.299917070475469245e+02
-1.302893213291709458e+02
-1.303367954976447720e+02
-1.299544781497625934e+02
-1.289448699096349458e+02
-1.272650128646138228e+02
-1.251334373966023890e+02
-1.229889473810958549e+02
-1.213056375716493847e+02
-1.203607833908626787e+02
-1.200881735423402432e+02
-1.201028020153755449e+02
-1.198823762769973911e+02
-1.189990050235662551e+02
-1.172631403383110751e+02
-1.146881652171738182e+02
-1.112832324584641412e+02
-1.067799391817909509e+02
-1.004430129335288768e+02
-9.108658498628217615e+01
-7.733431687179482594e+01
-5.806139958228074249e+01
-3.287415160235620704e+01
-2.445687854334699374e+00
3.144407009763216365e+01
6.621374564851575428e+01
9.904104366466475540e+01
1.274833481622271449e+02
1.499526767960661289e+02
1.659151950928420263e+02
1.757938938619291491e+02
1.806522112640149658e+02
1.818012960244221290e+02
1.804772072975404456e+02
1.776720332739797641e+02
1.741152149040731558e+02
1.703405855620492559e+02
1.667589421593603163e+02
1.636728290707405051e+02
1.612116164835461518e+02
1.592258848913932638e+02
1.572258130694046372e+02
1.544330956333120355e+02
1.499456311722173609e+02
1.429481531829192136e+02
1.328883332212410266e+02
1.195713642299715644e+02
1.031670182961216113e+02
8.414451114009216326e+01
6.315718710856523899e+01
4.090633880206872419e+01
1.802444932709814651e+01
-4.978385000146104744e+00
-2.768221869074823616e+01
-4.966240869377256217e+01
-7.039346605518730371e+01
-8.920894494273908037e+01
-1.053353796094404800e+02
-1.179828456433492647e+02
-1.264663923701802446e+02
-1.303367954976447720e+02
-1.294942826932659727e+02
-1.242490027158893611e+02
-1.152958733045471149e+02
-1.035989812284461209e+02
-9.022294059597857085e+01
-7.617384033709048197e+01
-6.228976488356369146e+01
-4.916735184047097107e+01
-3.708761616595604949e+01
-2.594548543767365345e+01
-1.524973399594193069e+01
