-6.383518695492040251e+01
-8.027834142840416121e+01
-9.109753812595670297e+01
-9.209353462056066064e+01
-8.137294648898607363e+01
-5.961018669287061300e+01
-2.964627259723360453e+01
4.378368402871728904e+00
3.808044734254372088e+01
6.779936239344019100e+01
9.124222084082194328e+01
1.076839697192283580e+02
1.177364021048945801e+02
1.228250618674056938e+02
1.245845345545180862e+02
1.243765588288352291e+02
1.230543594901290305e+02
1.209810974839465985e+02
1.182174398051561752e+02
1.147551670318660229e+02
1.106871634187628786e+02
1.062510331793637022e+02
1.017464985957972488e+02
9.738542225516438577e+01
9.316180019147940072e+01
8.881210130237492706e+01
8.388724995871393730e+01
7.790655677776817356e+01
7.053150862476564953e+01
6.169084945635535888e+01
5.161090799694960651e+01
4.074906615626166939e+01
2.966997996346334077e+01
1.892011211828691586e+01
8.941566932866670925e+00
3.606321865738237875e-02
-7.635360030306468815e+00
-1.404048096625083808e+01
-1.926875447451697809e+01
-2.352928977230374841e+01
-2.713888092464999247e+01
-3.048079213773921481e+01
-3.392338410579920094e+01
-3.770689593336378209e+01
-4.183547319452735991e+01
-4.603390953854327705e+01
-4.981680046820800811e+01
-5.266830950570614078e+01
-5.427364325817684687e+01
-5.470771134652621015e+01
-5.448592457345425544e+01
-5.442816209918836279e+01
-5.537398744327482092e+01
-5.786956978112215211e+01
-6.196834100235923870e+01
-6.723299127559376132e+01
-7.292940304608418955e+01
-7.831591307668439583e+01
-8.289555251994779894e+01
-8.652753227345459663e+01
-8.936812580966305575e+01
-9.169142412137615850e+01
-9.368906337332278156e+01
-9.534693616672549865e+01
-9.645319260738500589e+01
-9.672781371496895986e+01
-9.600727763871665843e+01
-9.439266418265255254e+01
-9.228612665458970810e+01
-9.029057584145429871e+01
-8.900771412894675905e+01
-8.881136242795669489e+01
-8.967810291991584393e+01
-9.113011589496090892e+01
-9.230149033404715908e+01
-9.209353462056066064e+01
-8.935727319035190419e+01
-8.305436543174344877e+01
-7.239289835326900402e+01
-5.695258304135887784e+01
-3.680093961132793368e+01
-1.256468239261079844e+01
1.459453067836875206e+01
4.312278727608356377e+01
7.130639352269857056e+01
9.752935189155954276e+01
1.204929166078040481e+02
1.393604741047664106e+02
1.538115012212216470e+02
1.639955533780653241e+02
1.703910404986074525e+02
1.736070121328740470e+02
1.742016601988438822e+02
1.725943669057572265e+02
1.691007491516140817e+02
1.640468324316059920e+02
1.578747530151041758e+02
1.511681296700361941e+02
1.445744584184564587e+02
1.386474473526038764e+02
1.336661559227427460e+02
1.295072708377890081e+02
1.256357287300030521e+02
1.212336625338137281e+02
1.154301548802187654e+02
1.075529206048209971e+02
9.731684358154285519e+01
8.489681911149344273e+01
7.088516351454782694e+01
5.617169972932146749e+01
4.178536802061275068e+01
2.871696871887842306e+01
1.773932915932288878e+01
9.261817295544535256e+00
3.272349452940211734e+00
-5.970327215827104794e-01
-2.896676685760365189e+00
-4.153708946354122133e+00
-4.736385252507329113e+00
-4.852295251029147494e+00
-4.659382304740184111e+00
-4.398221395416396007e+00
-4.447010257313262827e+00
-5.256414698646810990e+00
-7.200031870888512486e+00
-1.042821544465294892e+01
-1.480872289497570193e+01
-1.998540596400237490e+01
-2.552058604817883491e+01
-3.104534546564871533e+01
-3.634863986270831759e+01
-4.138364445724074869e+01
-4.621704691956263389e+01
-5.095736256773597006e+01
-5.567993075284270788e+01
-6.035433272723915366e+01
-6.478914541638619085e+01
-6.862554221721407544e+01
-7.141431055475273126e+01
-7.278285478578874290e+01
-7.264070329965490203e+01
-7.132048313691628039e+01
-6.955805507887393446e+01
-6.829414610152291232e+01
-6.837894505026942227e+01
-7.030670668720105709e+01
-7.407308517876676035e+01
-7.917193174588120996e+01
-8.468879452034101973e+01
-8.943557646173695730e+01
-9.209353462056066064e+01
-9.135763248367005929e+01
-8.608322423760679953e+01
-7.543080610939597364e+01
-5.900881703056921879e+01
-3.700306000152819053e+01
-1.025379431788296003e+01
1.978028724865832544e+01
5.120871722102987178e+01
8.201487682561572967e+01
1.103819978696345174e+02
1.349302797197880750e+02
1.548126191176921225e+02
1.696932296537680713e+02
1.796676429322543811e+02
1.851619967381168408e+02
1.868170821830011903e+02
1.853601743437814662e+02
1.814933678228821634e+02
1.758423664576301917e+02
1.689811124996249418e+02
1.614899731281364552e+02
1.539731525045704075e+02
1.469893681522821396e+02
1.409162777546515599e+02
1.358197545198138130e+02
1.313992024997182000e+02
1.270416747137231823e+02
1.219759209075949826e+02
1.154872214545345912e+02
1.071305155289206112e+02
9.687045978819446646e+01
8.509798346954890746e+01
7.252132875215446006e+01
5.998205944034425841e+01
4.827318860212798768e+01
3.801969573162296001e+01
2.963089952121599424e+01
2.328541093108279014e+01
1.890353830592683337e+01
1.610968596435485267e+01
1.424627784103421035e+01
1.250546610535120351e+01
1.017453511147865974e+01
6.898644611982836850e+00
2.828196528746300231e+00
-1.434151023851118367e+00
-5.078392127802011657e+00
-7.431705334275370944e+00
-8.266205837928154665e+00
-7.941346214127399605e+00
-7.315042702777397210e+00
-7.453462104550752088e+00
-9.253039559938905256e+00
-1.312088381566515238e+01
-1.883211029709013218e+01
-2.561244779407274308e+01
-3.241114420825128661e+01
-3.826017456406053441e+01
-4.258342845540450128e+01
-4.534187222598349365e+01
-4.697467675448469038e+01
-4.818516812982672093e+01
-4.967716728804019510e+01
-5.194824447096786457e+01
-5.519984548855482842e+01
-5.936109061991878377e+01
-6.417860027520326582e+01
-6.931660877965678935e+01
-7.443356481459335328e+01
-7.923143673339187387e+01
-8.348630308666423616e+01
-8.705455202282769278e+01
-8.983035010303598256e+01
-9.163913842593362347e+01
-9.209353462056066064e+01
-9.048417556551436292e+01
-8.579376358706102224e+01
-7.688680266257297546e+01
-6.284547672481687641e+01
-4.333532725761877202e+01
-1.885069076453628156e+01
9.265433523669628357e+00
3.903734704460600824e+01
6.822584017735789530e+01
9.472068665521365460e+01
1.168454923643834746e+02
1.335340017025699808e+02
1.444033947437657162e+02
1.497617337423858430e+02
1.505500285245128111e+02
1.481877568338003357e+02
1.443058457702898636e+02
1.404087537074778993e+02
1.375631195177870723e+02
1.362157354651322407e+02
1.361909099312290437e+02
1.368465670901774729e+02
1.373211758382525716e+02
1.367890062781076779e+02
1.346519984033741366e+02
1.306296092969321876e+02
1.247550991393369770e+02
1.173241925748985750e+02
1.088450171167228007e+02
1.000032453620188448e+02
9.161113008546033143e+01
8.449490676622525598e+01
7.930890272453680723e+01
7.632287555447197747e+01
7.527283928761326592e+01
7.536786036158116531e+01
