-8.305482095154118838e+00
-3.171581122979105771e+00
8.600678106818300250e-01
3.053700884876959343e+00
3.228221711138043126e+00
1.728435189404333716e+00
-7.840036815245481350e-01
-3.604143200537221148e+00
-6.207421020017863000e+00
-8.354670999337347581e+00
-1.006751387521250329e+01
-1.151551055042223837e+01
-1.288580841386058040e+01
-1.429676053964778859e+01
-1.577697661594551448e+01
-1.729247636700582902e+01
-1.879135941625456141e+01
-2.024275365030069906e+01
-2.165765565021230898e+01
-2.308756796876871675e+01
-2.460497630076203990e+01
-2.627670977801740193e+01
-2.814264777582637578e+01
-3.020646323487162732e+01
-3.243627980642025932e+01
-3.476897823795182774e+01
-3.711624822864457229e+01
-3.937661042036058490e+01
-4.145498698701006646e+01
-4.328124146139134609e+01
-4.481387799504181402e+01
-4.602050386013593908e+01
-4.683675849328194829e+01
-4.711518429535048824e+01
-4.658424908440895251e+01
-4.484169244086480433e+01
-4.140066948728863139e+01
-3.579232241737262399e+01
-2.770808945543817359e+01
-1.714244771726265526e+01
-4.479747889371037850e+00
9.526351346510558926e+00
2.389411555396370446e+01
3.763059581950452070e+01
4.993768889643824593e+01
6.032842219196606237e+01
6.862648193064958946e+01
7.487965332365217819e+01
7.924521832271784660e+01
8.189857890997022594e+01
8.299344474786090586e+01
8.267688059419111823e+01
8.113827371289778512e+01
7.865263829978133003e+01
7.557877645743953110e+01
7.229836119436467357e+01
6.911921919214231025e+01
6.618948107403734582e+01
6.346347157270314909e+01
6.073272208038402908e+01
5.770718907071341874e+01
5.411677633551145306e+01
4.980244683970177988e+01
4.477419111363293780e+01
3.922339190800733633e+01
3.348521274513518620e+01
2.795461827952324541e+01
2.297382160115173022e+01
1.872809832438086985e+01
1.519576737519680520e+01
1.218007763801958809e+01
9.410258559155575853e+00
6.665219487562621836e+00
3.870244486977853615e+00
1.135970346130785069e+00
-1.272660658291715929e+00
-3.033960276527107425e+00
-3.906402455001313001e+00
-3.854002278155532757e+00
-3.106201278841742131e+00
-2.122483468479267721e+00
-1.471549188972597122e+00
-1.669928298225519470e+00
-3.037516387637933413e+00
-5.615024883509134312e+00
-9.163790254632148802e+00
-1.324346431974984739e+01
-1.734056014605917895e+01
-2.100319288607870405e+01
-2.393349665118847014e+01
-2.600895948367258725e+01
-2.724345001063451477e+01
-2.773241028166134825e+01
-2.762523215069205662e+01
-2.713143140389101404e+01
-2.653104957246709361e+01
-2.615538084331338808e+01
-2.632783856563209213e+01
-2.728309952752515954e+01
-2.909859962061752725e+01
-3.166796185243356376e+01
-3.472440428123335465e+01
-3.790248904277941477e+01
-4.082311619163399286e+01
-4.318871931033143596e+01
-4.486546905961156284e+01
-4.591378871219724545e+01
-4.653341876792980969e+01
-4.692476618428932511e+01
-4.711518429535048824e+01
-4.682902224820350767e+01
-4.547591790609012463e+01
-4.228806481179242382e+01
-3.657049493313414246e+01
-2.797017125886085864e+01
-1.665587789765027082e+01
-3.336857021005496193e+00
1.088749568197468953e+01
2.479120942097870639e+01
3.730533527966492358e+01
4.772946153478833509e+01
5.581407934240782254e+01
6.170741550969650291e+01
6.580772360668885312e+01
6.858956456582558303e+01
7.046739286647405720e+01
7.172633408826933987e+01
7.251357284977049744e+01
7.286651965266335651e+01
7.275630874998761044e+01
7.213350762741541189e+01
7.096705179588948909e+01
6.926857480341973883e+01
6.709772525006550836e+01
6.454875903509594082e+01
6.172148137391108946e+01
5.868384401202422396e+01
5.544163566823237232e+01
5.193358677066124329e+01
4.805918846102375142e+01
4.373041114182507272e+01
3.893058269056574261e+01
3.376143725904245230e+01
2.845690122934703936e+01
2.334807627197368873e+01
1.878565718906185467e+01
1.505087281503185004e+01
1.229243888865491385e+01
1.050861170580754056e+01
9.566117026131520262e+00
9.234141146482862439e+00
9.217959364445775350e+00
9.190226038368324524e+00
8.825765351058707964e+00
7.845623776452161025e+00
6.070023448939544153e+00
3.469510343391750240e+00
1.926080429561629614e-01
-3.454623677260197923e+00
-7.085933238462736483e+00
-1.034703390432538939e+01
-1.301703416285873161e+01
-1.505648010465902331e+01
-1.658587995689077133e+01
-1.781110864299008512e+01
-1.893197670350844675e+01
-2.006981787600940947e+01
-2.123661902471238960e+01
-2.235301632896959489e+01
-2.330766864063947708e+01
-2.403425881970007083e+01
-2.457039077939202798e+01
-2.506677800774789233e+01
-2.573905565468628964e+01
-2.678575721414110689e+01
-2.831479144179029106e+01
-3.031500242020776170e+01
-3.268164666078916269e+01
-3.527217011656669143e+01
-3.795369160993488578e+01
-4.061383419170440590e+01
-4.312902988974501284e+01
-4.530305995884280179e+01
-4.680099543240679338e+01
-4.711518429535048824e+01
-4.560466035483479175e+01
-4.162963155547345195e+01
-3.475505762327757964e+01
-2.494404283349351914e+01
-1.264932491583389051e+01
1.249245087376255725e+00
1.564209715072523110e+01
2.944241123520237124e+01
4.179742203347171881e+01
5.219355362550482624e+01
6.044474532537289946e+01
6.659932244149013059e+01
7.082022126352748614e+01
7.328802601044566245e+01
7.415808292603388452e+01
7.357752092161118185e+01
7.173707137817616797e+01
6.891205205925348309e+01
6.545636009016055823e+01
6.174580357551145227e+01
5.809651152020054354e+01
5.469680161834931198e+01
5.158534349946377517e+01
4.868323635846864050e+01
4.585407248329924101e+01
4.295240094028985567e+01
3.984085299701592220e+01
3.638849742456307723e+01
3.247673760901375317e+01
2.802598469987219687e+01
2.303288196884639305e+01
1.759538673796567210e+01
1.191099113557783795e+01
6.252612074392791541e+00
9.361335079161401396e-01
-3.716080466554959383e+00
-7.423247661928698449e+00
-1.000757011438968291e+01
-1.145301281060204346e+01
-1.193564445489225889e+01
-1.180518520497284030e+01
-1.151331356413870743e+01
-1.150564372799174251e+01
-1.211330540867092864e+01
-1.348268291627060300e+01
-1.556236554066109257e+01
-1.813950662065748531e+01
-2.090328571881854813e+01
-2.351401005961518109e+01
-2.566445907861832509e+01
-2.713116912382356105e+01
-2.782211759006871432e+01
-2.782204365267583768e+01
-2.741662707136566723e+01
-2.706292519387225326e+01
-2.728684974108683292e+01
-2.852444870248003639e+01
-3.095929980202522813e+01
-3.442432883750531403e+01
-3.842194864533783516e+01
-4.226883791839931348e+01
-4.531043800848496517e+01
-4.711518429535048824e+01
-4.757542696640383184e+01
-4.689616314696417021e+01
-4.550214552681681823e+01
-4.390877899959333064e+01
-4.259014582565278317e+01
-4.186484632544129170e+01
-4.181744671367948740e+01
-4.227399911839360414e+01
-4.284739732146148583e+01
-4.305434202174047442e+01
-4.247653277789349602e+01
-4.090978570813233262e+01
-3.844207789565254529e+01
-3.543129358442420340e+01
