-6.508694897733732887e+01
-8.247026041776624083e+01
-9.834462181025497785e+01
-1.116077579603839354e+02
-1.218029579790009080e+02
-1.290805186087303582e+02
-1.339803983028077425e+02
-1.371832336512813413e+02
-1.393387213284952963e+02
-1.409959935150903334e+02
-1.425970602394281457e+02
-1.444846335245380260e+02
-1.469012570242200582e+02
-1.499783868504136990e+02
-1.537211581293039160e+02
-1.580020082546360811e+02
-1.625820818972184441e+02
-1.671657209010450060e+02
-1.714677594503876890e+02
-1.752648818778405939e+02
-1.784178261116417445e+02
-1.808698745100579970e+02
-1.826335975805296812e+02
-1.837740743767857623e+02
-1.843899704803051520e+02
-1.845917076217188253e+02
-1.844821626540093860e+02
-1.841506692435864920e+02
-1.836832390639343657e+02
-1.831764288550138531e+02
-1.827386155533865235e+02
-1.824765086601832422e+02
-1.824794402135847236e+02
-1.828119526476922090e+02
-1.835114032750077513e+02
-1.845816406334443229e+02
-1.859840054233279716e+02
-1.876390757170174197e+02
-1.894509066857673361e+02
-1.913486601831471035e+02
-1.933187917502463335e+02
-1.953920045905299503e+02
-1.975683958071071515e+02
-1.997033991028839353e+02
-2.014051011627919934e+02
-2.019897292638727322e+02
-2.005161241501894551e+02
-1.958936400121638428e+02
-1.870421370948790809e+02
-1.730749781949103863e+02
-1.534705091333136693e+02
-1.281948728625266085e+02
-9.774578666807532557e+01
-6.310526017919568176e+01
-2.561034931018821226e+01
1.323357783207810456e+01
5.196032768406554680e+01
8.932267942654637238e+01
1.243961716568024656e+02
1.565841883683499134e+02
1.855458221135421297e+02
2.111026067363135326e+02
2.331808860516309778e+02
2.518124577846968180e+02
2.671694108576027133e+02
2.795814709492080965e+02
2.894944073032795586e+02
2.973664380554989748e+02
3.035396217773993612e+02
3.081424946260748357e+02
3.110687476902767230e+02
3.120418054948523832e+02
3.107383760993907345e+02
3.069234678279556192e+02
3.005490218779220299e+02
2.917840132296253728e+02
2.809695476000604231e+02
2.685216438151645661e+02
2.548271033501487750e+02
2.401800127147914736e+02
2.247834192714690005e+02
2.088073778027278422e+02
1.924694640909959276e+02
1.760939612283151519e+02
1.601134942913091095e+02
1.450037519139920903e+02
1.311786249758047802e+02
1.188970435059110713e+02
1.082260038140339162e+02
9.907093196014425018e+01
9.124729201858741590e+01
8.454773325701056308e+01
7.876642895553747792e+01
7.367284100696036830e+01
6.896278304082866839e+01
6.423262051086760493e+01
5.901371657995269260e+01
5.287484506779163240e+01
4.556125313480846728e+01
3.710713557273552965e+01
2.785642229696903627e+01
1.836522102428081382e+01
9.217601965899412164e+00
8.279757684992326006e-01
-6.692203387502676293e+00
-1.355301431269812440e+01
-2.018474554967205137e+01
-2.706066787924669370e+01
-3.452101876467842345e+01
-4.267096527184440902e+01
-5.138222072427191733e+01
-6.037564113435833235e+01
-6.933521399693566423e+01
-7.800679321184823323e+01
-8.624977371501624646e+01
-9.403034823139770992e+01
-1.013726891299492934e+02
-1.083042498226475914e+02
-1.148254893153352896e+02
-1.209106960403273092e+02
-1.265283707058154619e+02
-1.316658568046843243e+02
-1.363457466627002646e+02
-1.406238528548295790e+02
-1.445631596992911341e+02
-1.481912572966276969e+02
-1.514662306617840670e+02
-1.542816244154886363e+02
-1.565231340910546294e+02
-1.581559971450291187e+02
-1.592953472848503793e+02
-1.602134165209913306e+02
-1.612710817909240575e+02
-1.628044460825491910e+02
-1.650191298116035625e+02
-1.679353174914803617e+02
-1.713973613979821380e+02
-1.751316680127363838e+02
-1.788229680872937308e+02
-1.821872478455513829e+02
-1.850347226327875489e+02
-1.873203054725188110e+02
-1.891709189492135295e+02
-1.908675843011673976e+02
-1.927572483191857771e+02
-1.950902605892768236e+02
-1.978227264162331096e+02
-2.004569041346031213e+02
-2.019897292638727322e+02
-2.010062749217644580e+02
-1.959131084037250048e+02
-1.852657882447676059e+02
-1.681065882357203236e+02
-1.442124089759108188e+02
-1.141750053019987092e+02
-7.929270742153086360e+01
-4.131360065455793062e+01
-2.107147097083981180e+00
3.664790631587067082e+01
7.368193091360028291e+01
1.082157407508873774e+02
1.399119872310059236e+02
1.687456083294756013e+02
1.948538638139869192e+02
2.184111899358710787e+02
2.395520106619113676e+02
2.583471653022355667e+02
2.748236458169359935e+02
2.890033376990293164e+02
3.009340953608958102e+02
3.106983479607561094e+02
3.184001901579047171e+02
3.241402911289363828e+02
3.279869370152812280e+02
3.299498060187986539e+02
3.299688972054138389e+02
3.279358249648516903e+02
3.237508555938420614e+02
3.173897745427112227e+02
3.089392413474359955e+02
2.985785129241652385e+02
2.865243256758151347e+02
2.729811701211671675e+02
2.581337568221152878e+02
2.421895729243848905e+02
2.254466684656395330e+02
2.083435386526171271e+02
1.914536895905922904e+02
1.754145534530734096e+02
1.608141375512022933e+02
1.480786656918998290e+02
1.373987591808873958e+02
1.287090259922130144e+02
1.217162699612119354e+02
1.159641351726979934e+02
1.109206298641570072e+02
1.060727387203079388e+02
1.010096433294515350e+02
9.547720798292168354e+01
8.939476658435972922e+01
8.283739711605215916e+01
7.599300685818974443e+01
6.910117620414180806e+01
6.238007635808845919e+01
5.595566868157628448e+01
4.981604341280466031e+01
4.381284552261674747e+01
3.771869155506217908e+01
3.132581912692650405e+01
2.454494262949737049e+01
1.745316929157565511e+01
1.026099418347142134e+01
3.213486610650523545e+00
-3.519596691480284534e+00
-9.905888611358072637e+00
-1.603944881168367331e+01
-2.207338915851194372e+01
-2.813354069750246111e+01
-3.424889451674836494e+01
-4.032437550094961409e+01
-4.616859346565955491e+01
-5.157054436506300021e+01
-5.639678142143935702e+01
-6.066598419882176074e+01
-6.456423873474287234e+01
-6.839263723841310139e+01
-7.247185955255655188e+01
-7.704360882692441237e+01
-8.219963259682864987e+01
-8.785117958550617345e+01
-9.374324355556517219e+01
-9.951720632073958939e+01
-1.048163962535446387e+02
-1.094063379338349193e+02
-1.132617026175059607e+02
-1.165773112894679855e+02
-1.196944840251804578e+02
-1.229759936482586369e+02
-1.266860677342409218e+02
-1.309245186350677841e+02
-1.356350812602693736e+02
-1.406759033788148372e+02
-1.459176512017033644e+02
-1.513250836343961225e+02
-1.569827142338675401e+02
-1.630462480297205161e+02
-1.696341041373832752e+02
-1.767038840187404674e+02
-1.839694673151825839e+02
-1.908939936527372083e+02
-1.967524947127477901e+02
-2.007261507517485200e+02
-2.019897292638727322e+02
-1.997756869184524078e+02
-1.934189969624956689e+02
-1.823954010304642850e+02
-1.663673825954608958e+02
-1.452493130924933098e+02
-1.192910298355352268e+02
-8.915795684977364033e+01
-5.596681802589840515e+01
-2.123379966517865114e+01
