-3.716487066717150611e+01
-9.281576910219769161e+01
-1.409873637075819488e+02
-1.763951797515115913e+02
-1.972233398603362389e+02
-2.051317344928047532e+02
-2.041720222004862251e+02
-1.991905117562498049e+02
-1.943437094795576172e+02
-1.921626533113164044e+02
-1.933241840572134720e+02
-1.970355254997521683e+02
-2.017732632737686629e+02
-2.060582568166729232e+02
-2.089911239984516556e+02
-2.103993095609165209e+02
-2.106130126428024312e+02
-2.100287507238768683e+02
-2.086804936525220455e+02
-2.060046779780623183e+02
-2.008842657262013915e+02
-1.919366484608269730e+02
-1.779205580795495791e+02
-1.581096686437764731e+02
-1.325129092797058661e+02
-1.018871962004059668e+02
-6.756134481263586622e+01
-3.115124674432362895e+01
5.725995281250052749e+00
4.165407000339832422e+01
7.551021432039780734e+01
1.064776364801538904e+02
1.340239112911948212e+02
1.578768743695761714e+02
1.780070047131115984e+02
1.946102356023524180e+02
2.080780509757533707e+02
2.189401054931805106e+02
2.277709498652938578e+02
2.350707375389019376e+02
2.411546855679085013e+02
2.460984185440732688e+02
2.497676147363632424e+02
2.519151271110880828e+02
2.522892630326216761e+02
2.506977806373407418e+02
2.470127244610159210e+02
2.411428433171215602e+02
2.330121237342936809e+02
2.225714859769434781e+02
2.098527712606154978e+02
1.950505904704019713e+02
1.785905944735112314e+02
1.611320916844646547e+02
1.434777237957205216e+02
1.264162614875535127e+02
1.105699742553609894e+02
9.631599552239693196e+01
8.380126440569557644e+01
7.301594258938889936e+01
6.386978487017562145e+01
5.623183984448669293e+01
4.992609406112399029e+01
4.470390885493425515e+01
4.022372593455222756e+01
3.605826906083807160e+01
3.173395452905225511e+01
2.679960808810025341e+01
2.091711821898141821e+01
1.395263388355137124e+01
6.028189604758990683e+00
-2.503667792940071912e+00
-1.116196677830075323e+01
-1.947046437273576203e+01
-2.706493745450238109e+01
-3.374630826525842764e+01
-3.948707040803193280e+01
-4.441234255592215163e+01
-4.876918777935356530e+01
-5.288558906209604515e+01
-5.711584956110597489e+01
-6.177439261960106620e+01
-6.707082559844036496e+01
-7.306623607469458648e+01
-7.966579796636169419e+01
-8.664853863008703172e+01
-9.372119300649647755e+01
-1.005766044999209470e+02
-1.069409642130963363e+02
-1.126052443944092261e+02
-1.174458465072152933e+02
-1.214415906034552251e+02
-1.246883111274115521e+02
-1.274013292586965065e+02
-1.298888357863958731e+02
-1.324873746711020317e+02
-1.354725408526535375e+02
-1.389763337444605327e+02
-1.429438770240703036e+02
-1.471480790374828871e+02
-1.512591862082167040e+02
-1.549449258503932754e+02
-1.579658674879497084e+02
-1.602364308581711043e+02
-1.618393504777632188e+02
-1.629980820922598639e+02
-1.640211149760348519e+02
-1.652341912860827904e+02
-1.669121367739578545e+02
-1.692178582287162101e+02
-1.721597256720257860e+02
-1.755844848632967512e+02
-1.792178645532517578e+02
-1.827474633011933633e+02
-1.859234699739927237e+02
-1.886438292916252237e+02
-1.909948913536846646e+02
-1.932304949096782707e+02
-1.956845242277482555e+02
-1.986267965625005161e+02
-2.020974229166189673e+02
-2.057792959449521106e+02
-2.089624171197000635e+02
-2.106130126428024312e+02
-2.095204629200044337e+02
-2.044825628615759285e+02
-1.944932075214435656e+02
-1.789009376666372191e+02
-1.575138762019957710e+02
-1.306389696895923862e+02
-9.905411276755408778e+01
-6.391917675908466379e+01
-2.663956981282025183e+01
1.129829320287855055e+01
4.849789695623686470e+01
8.380521814004667647e+01
1.164144119545388776e+02
1.458999006578255546e+02
1.721620025128273141e+02
1.952998998384683489e+02
2.154578449676308765e+02
2.327106414743302594e+02
2.470439294018399039e+02
2.584390535702232228e+02
2.670107535004352712e+02
2.731065754381127135e+02
2.772901002704686562e+02
2.801916102523176733e+02
2.822838002603803034e+02
2.836845262270776402e+02
2.840789078077559680e+02
2.827981056518360106e+02
2.790280352139425304e+02
2.720795733825625575e+02
2.616380663681086389e+02
2.479171287293297326e+02
2.316667402221544023e+02
2.140278613561262091e+02
1.962776902643585402e+02
1.795507170800078143e+02
1.646263417741102444e+02
1.518388065809405418e+02
1.411119971450753212e+02
1.320802183639868588e+02
1.242406880055510499e+02
1.170900130220758797e+02
1.102150295584984576e+02
1.033312765988437576e+02
9.628398893433060834e+01
8.903620233431948350e+01
8.165780541501173673e+01
7.430622747185370258e+01
6.717820242385595009e+01
6.042980956893539712e+01
5.409633942970619103e+01
4.805995479214191590e+01
4.209115665902741199e+01
3.594646665747663405e+01
2.947230418445336397e+01
2.266159899135758948e+01
1.563519217423449703e+01
8.561516878822796883e+00
1.560033328045543399e+00
-5.363587260676683677e+00
-1.232350333624123628e+01
-1.949799903294339032e+01
-2.702853279280597576e+01
-3.490996172876262449e+01
-4.292442358044453243e+01
-5.066575792516321997e+01
-5.766373769734377674e+01
-6.356204379376970337e+01
-6.826568976293265223e+01
-7.198334667824150301e+01
-7.514522717986031353e+01
-7.824095787438231753e+01
-8.165581053145260171e+01
-8.557337397629153486e+01
-8.996769105587041793e+01
-9.465780202322383730e+01
-9.937957509739877082e+01
-1.038522944383438471e+02
-1.078462751622930682e+02
-1.112561539843384395e+02
-1.141585431888246092e+02
-1.168183297099896549e+02
-1.196242150474205346e+02
-1.229691012460493624e+02
-1.271225036644369197e+02
-1.321508071980551051e+02
-1.379149042706841044e+02
-1.441280499323346760e+02
-1.504305238800909592e+02
-1.564544305366289336e+02
-1.618855736150991049e+02
-1.665384025161411898e+02
-1.704351831530445907e+02
-1.738474869921757318e+02
-1.772505629831501892e+02
-1.811750595917993394e+02
-1.859981921747936155e+02
-1.917554096597381204e+02
-1.980445577432413131e+02
-2.040483826588084355e+02
-2.086526486505515265e+02
-2.106130126428024312e+02
-2.087307523589141169e+02
-2.020192966884564214e+02
-1.898516119637749284e+02
-1.720649171253058682e+02
-1.489889220146410764e+02
-1.213808850128790908e+02
-9.028913089386244906e+01
-5.689782977036315970e+01
-2.240474529219759603e+01
1.204803687390219835e+01
4.540488902961075723e+01
7.671740034719888968e+01
1.051783181820539852e+02
1.301778918787051964e+02
1.513726569368886885e+02
1.687370457367315737e+02
1.825620618684022531e+02
1.933823325969884763e+02
2.018432477725969250e+02
2.085431247840362232e+02
2.138920559553729959e+02
2.180225540304125218e+02
2.207699603715636840e+02
2.217175466632498342e+02
2.202867986217891030e+02
2.158579139648267926e+02
2.079189352371781467e+02
1.962422037505016590e+02
1.810625856786903114e+02
1.631942207399305573e+02
1.440003807555585240e+02
1.251547506447444533e+02
1.082101500914076553e+02
9.409540057016778292e+01
8.274241778287611737e+01
7.304781406954965917e+01
