7.213605478488702261e+00
4.155603397364896523e+01
6.795140621142209625e+01
8.090847335471397628e+01
7.879292012090868980e+01
6.381484927188031975e+01
4.080453976487736156e+01
1.541750493317799453e+01
-7.540614781340444495e+00
-2.517345902464133900e+01
-3.674460524475987455e+01
-4.323093662491137223e+01
-4.650055979675448015e+01
-4.848758045731402433e+01
-5.063539700217945239e+01
-5.370616290173686735e+01
-5.789492505037748060e+01
-6.309442211962110036e+01
-6.914285247326893113e+01
-7.594218886818023861e+01
-8.343088783578659218e+01
-9.148281831789256557e+01
-9.983429525603906995e+01
-1.081013005285825415e+02
-1.158781408902432588e+02
-1.228628180076872525e+02
-1.289531177890224285e+02
-1.342777203019917920e+02
-1.391490902506267275e+02
-1.439528598307975926e+02
-1.490166817168665148e+02
-1.545092311656588606e+02
-1.604022543635920499e+02
-1.665024530653269608e+02
-1.725366006880965131e+02
-1.782509927450862790e+02
-1.834755404715762381e+02
-1.881259452700357429e+02
-1.921675130640300040e+02
-1.955934094360947029e+02
-1.984462708550050252e+02
-2.008610143480782426e+02
-2.030779556459267781e+02
-2.053908283761860787e+02
-2.080404104435695274e+02
-2.111088341728505213e+02
-2.144793356735324608e+02
-2.178890650087114125e+02
-2.210429758756077092e+02
-2.237231520370790747e+02
-2.258475422024421277e+02
-2.274777192189319805e+02
-2.287953055130550695e+02
-2.300493959901816083e+02
-2.314644995118723045e+02
-2.331265129202443234e+02
-2.349076835452315208e+02
-2.364915829217227099e+02
-2.375024577511192376e+02
-2.376786367615750635e+02
-2.370067763431646028e+02
-2.357594444167958727e+02
-2.344270076018518125e+02
-2.335736388737599327e+02
-2.336621003146825899e+02
-2.348970757123987596e+02
-2.371460315429112597e+02
-2.399888680145338071e+02
-2.428950742438941006e+02
-2.454522441927487932e+02
-2.475352462479877431e+02
-2.493418478290332416e+02
-2.512953219902493629e+02
-2.538720062507717614e+02
-2.574233474696435451e+02
-2.620370354827944652e+02
-2.674481022810068680e+02
-2.729902240725153888e+02
-2.775785234135558426e+02
-2.797343141104686879e+02
-2.776803606951136771e+02
-2.695291642633512765e+02
-2.535533027511345381e+02
-2.284857893539091265e+02
-1.937764320730656209e+02
-1.497424988933537975e+02
-9.758806060266006455e+01
-3.929937170339931640e+01
2.256074349684779179e+01
8.513186755472840161e+01
1.455756494222503648e+02
2.013944345805500404e+02
2.507004113598359538e+02
2.923918632294343638e+02
3.262105624650683353e+02
3.526742015424712235e+02
3.728941029792742938e+02
3.883081223437129665e+02
4.003842189103549458e+02
4.103633071205982787e+02
4.190925787657437809e+02
4.269635794366735126e+02
4.339404268476733364e+02
4.396560731368741699e+02
4.435616857414733545e+02
4.451170418800656421e+02
4.439914884885862989e+02
4.402152606052489432e+02
4.342145691998474604e+02
4.267008325214872002e+02
4.184463035544887930e+02
4.100276032777161390e+02
4.016285726117288277e+02
3.929654829987001676e+02
3.833535659092923424e+02
3.718921604757813952e+02
3.577118466437949564e+02
3.402088585081396559e+02
3.192006367804528395e+02
2.949701468945773968e+02
2.682107225565786734e+02
2.399154799043582216e+02
2.112563219265242367e+02
1.834698102638663499e+02
1.577388672708509887e+02
1.350585958578097063e+02
1.160999156149058535e+02
1.011047679500343435e+02
8.984148279341685850e+01
8.163566209930348805e+01
7.548397476766510295e+01
7.023855361602522862e+01
6.481729066646337856e+01
5.838378028738663517e+01
5.046236794340784115e+01
4.097915767799140951e+01
3.022708394077151084e+01
1.875631740888325893e+01
7.209603151881980310e+00
-3.852482960440640980e+00
-1.408331084966878066e+01
-2.340267385289101654e+01
-3.196060226246453340e+01
-4.002843561278807272e+01
-4.785745330894124550e+01
-5.556478733190257202e+01
-6.310126263133584246e+01
-7.031447311306004622e+01
-7.706663104616065141e+01
-8.334074999439238240e+01
-8.928253085431471447e+01
-9.516049431487256527e+01
-1.012653384949632454e+02
-1.077989732526055207e+02
-1.148071910540247984e+02
-1.221789878936718594e+02
-1.296921825399249144e+02
-1.370685542203004275e+02
-1.440224381270706999e+02
-1.503103383349395301e+02
-1.557841301811027961e+02
-1.604282360652726993e+02
-1.643544134753210244e+02
-1.677489750980328438e+02
-1.707976535701598664e+02
-1.736252507450651876e+02
-1.762742116855138192e+02
-1.787251343706746241e+02
-1.809464981754211124e+02
-1.829492902383821047e+02
-1.848153592361493907e+02
-1.866768749142451043e+02
-1.886529532097361823e+02
-1.907832360376068834e+02
-1.930088821887258632e+02
-1.952222081028435241e+02
-1.973545251682880917e+02
-1.994411495491374922e+02
-2.016211898382999834e+02
-2.040787172381588448e+02
-2.069656664769916574e+02
-2.103426353249583372e+02
-2.141496479741753944e+02
-2.182041843244325889e+02
-2.222267389412542684e+02
-2.259013279935666674e+02
-2.289734060953766743e+02
-2.313656275308669024e+02
-2.332639932655733901e+02
-2.351189647183753095e+02
-2.375379916762856283e+02
-2.411018979771222916e+02
-2.461734760297577509e+02
-2.527574428299391229e+02
-2.604343834549521830e+02
-2.683584008872815616e+02
-2.752945197759651137e+02
-2.796817024096461068e+02
-2.797343141104686879e+02
-2.736128874599937149e+02
-2.596755502446040964e+02
-2.367701303666325998e+02
-2.044857036493925193e+02
-1.632854769815116640e+02
-1.144832193032283101e+02
-6.007320154851925054e+01
-2.461256738935475141e+00
5.583284005799434624e+01
1.124324552593638060e+02
1.652805443572195827e+02
2.127376783979309778e+02
2.536341999184705855e+02
2.873115964913300786e+02
3.136628507871163833e+02
3.331455969100958896e+02
3.467244197260807823e+02
3.557160381046026032e+02
3.615514644033647755e+02
3.655079575064382880e+02
3.684832761194952582e+02
3.708776170427510692e+02
3.726172065166287553e+02
3.733113436950896471e+02
3.724947433980892697e+02
3.698754822228464150e+02
3.654971235846052764e+02
3.597485573949594482e+02
3.532166170397613882e+02
3.464457386468159825e+02
3.397053640355209154e+02
3.328497713386138344e+02
3.253064635218956937e+02
3.161858449683721233e+02
3.044806245537888572e+02
2.893058888718552453e+02
2.701173017689196740e+02
2.468527420137919250e+02
2.199775969776462148e+02
1.904497630499619163e+02
1.596267434919842287e+02
1.291181244340784815e+02
1.005757491984791727e+02
7.543403299610454837e+01
5.465300693912487873e+01
3.854468118613532823e+01
2.675273328534193240e+01
1.840391341243967815e+01
1.238253603842882100e+01
7.635661756928286081e+00
3.415031063991484928e+00
-6.112841256369065945e-01
-4.406110017078184171e+00
-7.747255179031860450e+00
-1.047043498677716400e+01
-1.266367400755292749e+01
-1.472975781282458740e+01
-1.729819093895437732e+01
-2.103224093332738676e+01
-2.640535659572934435e+01
-3.351365332060160540e+01
-4.197481060204498249e+01
-5.095534594200930201e+01
