9.547676818353300732e+00
2.230941915737856363e+01
3.287755252489879609e+01
3.970869758743661038e+01
4.229483628730546485e+01
4.116170434667643008e+01
3.753998764514954445e+01
3.288908131021764092e+01
2.846274443725548764e+01
2.503855688999435358e+01
2.284938932990748839e+01
2.168932853815446293e+01
2.112357469871619031e+01
2.071346296169561896e+01
2.017840141834676615e+01
1.945267222058388867e+01
1.864130051328413629e+01
1.791443581369753346e+01
1.739152579505768870e+01
1.706073426478539190e+01
1.676581545941039764e+01
1.626900462971789096e+01
1.536131363975112052e+01
1.396192429649136457e+01
1.215482369474921853e+01
1.014978519067105012e+01
8.192554378973806450e+00
6.462783809749529595e+00
4.994248859029609022e+00
3.644793946680789709e+00
2.132542004304253780e+00
1.309534969459824616e-01
-2.613952248170050119e+00
-6.191205542109512905e+00
-1.048631904333116971e+01
-1.519909722819092579e+01
-1.990735351930404207e+01
-2.416364728347811663e+01
-2.760639189956047446e+01
-3.005794189559584950e+01
-3.158068307279071263e+01
-3.247081694655877016e+01
-3.318583266261324383e+01
-3.422332124666169761e+01
-3.598791428607204779e+01
-3.868551734501310335e+01
-4.226745295134970348e+01
-4.643061077192653840e+01
-5.067756419483114882e+01
-5.443881254026489103e+01
-5.723821735829885426e+01
-5.885165548832650728e+01
-5.939637275194639443e+01
-5.930818320498325136e+01
-5.920668504098310336e+01
-5.969591595516569527e+01
-6.117596534594918012e+01
-6.373242345001536080e+01
-6.713142934998028011e+01
-7.090568787337025469e+01
-7.449240567105717048e+01
-7.737814022647307866e+01
-7.920976546132821738e+01
-7.984305791511393124e+01
-7.932182957246745048e+01
-7.780362950631300123e+01
-7.546058168718762715e+01
-7.238422214360518581e+01
-6.852048918320322457e+01
-6.365945267706539568e+01
-5.749524882431911976e+01
-4.974599111263098905e+01
-4.028983381744549774e+01
-2.925740808622256139e+01
-1.703990354203858004e+01
-4.214029938553820465e+00
8.579626838857830506e+00
2.075705827978168827e+01
3.187197915137411997e+01
4.164093210852218618e+01
4.992120784212999496e+01
5.667072127300718876e+01
6.192202678209800126e+01
6.578419267249751101e+01
6.845864934075062536e+01
7.023925590321096024e+01
7.147368120476657793e+01
7.248687115013085247e+01
7.349280608471681830e+01
7.453337229951368670e+01
7.547602362142619370e+01
7.607911130018052859e+01
7.610507773611827531e+01
7.543607629510533741e+01
7.413627548343046669e+01
7.242465512671640226e+01
7.056806442330785956e+01
6.874761626734563436e+01
6.696468952976245248e+01
6.503354463519855244e+01
6.266943178955804683e+01
5.963874556860074705e+01
5.590575620194776718e+01
5.170409640575487487e+01
4.749042442655139951e+01
4.379372573728564078e+01
4.102546059643823639e+01
3.933274753587219408e+01
3.855440568117534639e+01
3.829401253085633527e+01
3.807400229378736611e+01
3.750025656586832667e+01
3.636786029863777969e+01
3.467733824384315255e+01
3.257903821554101853e+01
3.028815036296219532e+01
2.800709596086518971e+01
2.587276813643533302e+01
2.393020146008406002e+01
2.212847874405950321e+01
2.033662498816573816e+01
1.837610224091159594e+01
1.605898831817254546e+01
1.322059152442131058e+01
9.746888888443066890e+00
5.602814033989412579e+00
8.565702270491637460e-01
-4.316807968099396042e+00
-9.664323156232962120e+00
-1.490889379123329306e+01
-1.980702795801489202e+01
-2.419197693693961071e+01
-2.799516324774575438e+01
-3.124584466399100791e+01
-3.405235529826359198e+01
-3.657251896241319145e+01
-3.898327726960398820e+01
-4.145521880758239064e+01
-4.413027016527752977e+01
-4.709846456752767097e+01
-5.037337342269660212e+01
-5.387266460884840313e+01
-5.741791321866448783e+01
-6.076681726519402815e+01
-6.367371304987177894e+01
-6.595340811279689319e+01
-6.752057817606591072e+01
-6.839582153572146694e+01
-6.869177616097402961e+01
-6.859748653272994545e+01
-6.836287022157078752e+01
-6.826807552618035402e+01
-6.856865808844928267e+01
-6.943206001767896396e+01
-7.089351000471414466e+01
-7.284625733124912017e+01
-7.506077693472246892e+01
-7.721865162027056328e+01
-7.894688384271177028e+01
-7.984305791511393124e+01
-7.949374372568144054e+01
-7.750219257706396547e+01
-7.354171721494648750e+01
-6.743246325651178097e+01
-5.921430546206396883e+01
-4.917616655840888029e+01
-3.781484150246831888e+01
-2.573084497128326831e+01
-1.350224539077654740e+01
-1.585475351909498620e+00
9.726579210517428464e+00
2.028582152541304851e+01
3.002769971673648897e+01
3.889847115983477011e+01
4.680264156694309463e+01
5.359094029250235991e+01
5.909399580637302307e+01
6.319269189811318910e+01
6.590082702779153578e+01
6.742233796054139816e+01
6.814604467596022630e+01
6.856288209519019006e+01
6.912594459997593788e+01
7.010475469281726646e+01
7.149632114502043123e+01
7.303811626405344271e+01
7.432409820135096368e+01
7.497469901243492529e+01
7.478699359121719681e+01
7.380613491921322122e+01
7.229619598453881224e+01
7.062431522363685588e+01
6.910058287031401392e+01
6.783567487064483714e+01
6.667676424318074169e+01
6.525275092444751124e+01
6.311445700290887828e+01
5.991642329239832065e+01
5.557270342296687460e+01
5.033324438159086611e+01
4.475631374844382293e+01
3.958023218536546040e+01
3.552281918544748152e+01
3.306409954404641383e+01
3.228774417857363943e+01
3.284735105657497911e+01
3.407701133693750961e+01
3.520428458574682651e+01
3.558262765539703310e+01
3.485882476231957128e+01
3.302469360360213813e+01
3.035233205344749408e+01
2.725668950595983375e+01
2.414949952510309217e+01
2.133469271200680950e+01
1.895792179293025015e+01
1.699251070788251639e+01
1.524655836962148570e+01
1.340159022213153506e+01
1.110204345417727900e+01
8.084138003367051795e+00
4.290191946283465008e+00
-9.328280191095120188e-02
-4.697242981203082479e+00
-9.100896792149919534e+00
-1.296764307202095345e+01
-1.612884985076279776e+01
-1.859770978395203755e+01
-2.053632725890280142e+01
-2.220879575665777850e+01
-2.393130153196554843e+01
-2.601011964536297327e+01
-2.866396754936060987e+01
-3.194806590532205703e+01
-3.571159981859339183e+01
-3.961945028315079043e+01
-4.324977143021178705e+01
-4.624139368862650201e+01
-4.842879220671546392e+01
-4.989858258468667174e+01
-5.094081868698953031e+01
-5.192775918824793280e+01
-5.319128387689694648e+01
-5.495819924880665042e+01
-5.734986392527200394e+01
-6.040442525336771240e+01
-6.407511054208669066e+01
-6.819235093482382126e+01
-7.241579598646839599e+01
-7.621718310497914217e+01
-7.892567587984909494e+01
-7.984305791511393124e+01
-7.840411216030393859e+01
-7.433213355761351693e+01
-6.773766391381553831e+01
-5.912760345521724048e+01
-4.931557194825717261e+01
-3.924589124137668250e+01
-2.976532473609156781e+01
-2.139882931314389225e+01
-1.420280955828190450e+01
-7.766480689735147713e+00
