-3.519043247257107510e+01
-4.394514086970413302e+01
-5.192558179013063580e+01
-5.863601539590295175e+01
-6.398755198755582541e+01
-6.827682260401920189e+01
-7.202459143777255690e+01
-7.575958465274290177e+01
-7.983984143971642311e+01
-8.436917155893921461e+01
-8.921612061973604568e+01
-9.410574127540166955e+01
-9.874156812491811763e+01
-1.029152539142310445e+02
-1.065633723327530760e+02
-1.097411800265237360e+02
-1.125098045947815137e+02
-1.147701881839056171e+02
-1.161104800012845004e+02
-1.157494269241447000e+02
-1.126402948817727463e+02
-1.057386328753819953e+02
-9.435180092214245917e+01
-7.842838873770813279e+01
-5.865800360809180347e+01
-3.633806146589775210e+01
-1.307413540822757803e+01
9.553214224418471900e+00
3.023599935446662101e+01
4.805512400586184896e+01
6.249401368260261336e+01
7.340500117195077223e+01
8.096223643149598104e+01
8.560113821003621126e+01
8.793278356930953521e+01
8.863514321090740111e+01
8.834153424430635937e+01
8.755274500038215990e+01
8.659118909058580016e+01
8.560145056153646692e+01
8.459017249050720011e+01
8.349212087190066711e+01
8.224489157116036608e+01
8.084842711926130221e+01
7.938150123657165125e+01
7.795783712963900314e+01
7.663620429641092358e+01
7.533508450471686047e+01
7.380919438875095295e+01
7.170889777687244759e+01
6.869430136232763573e+01
6.455285589286674508e+01
5.927850388066399034e+01
5.309291201749220335e+01
4.641045470259425798e+01
3.976208919100831451e+01
3.369702801354808486e+01
2.868050197761596110e+01
2.500729651385680441e+01
2.275027147197560851e+01
2.175414244707437206e+01
2.167350960450942665e+01
2.204987123337270560e+01
2.241777757737825638e+01
2.241433218576395703e+01
2.185191600558689018e+01
2.072525295102721543e+01
1.915888564212603384e+01
1.733048791508660713e+01
1.540526322018256167e+01
1.349193866843465273e+01
1.160928402307185259e+01
9.656739122136611897e+00
7.406874699124500694e+00
4.548755174160280745e+00
7.879849469218640490e-01
-4.031766280942797209e+00
-9.841696654295503777e+00
-1.633587850862938140e+01
-2.304178990949435146e+01
-2.945191269437515658e+01
-3.517437084000587788e+01
-4.004898161281784041e+01
-4.418288862232954983e+01
-4.789165714794539497e+01
-5.157178698724001009e+01
-5.555575990916386786e+01
-5.999990802395597456e+01
-6.483529708888227105e+01
-6.978788902901462166e+01
-7.445692505778897896e+01
-7.842985512837240947e+01
-8.140499319042450566e+01
-8.328955312871249816e+01
-8.424252965239872992e+01
-8.464169851008293222e+01
-8.497718632045958032e+01
-8.570803725654795358e+01
-8.714030031191423120e+01
-8.937128824406836713e+01
-9.230353841194740028e+01
-9.570000408135531700e+01
-9.925114851013282191e+01
-1.026428816047103822e+02
-1.056258828891988912e+02
-1.080787765502914937e+02
-1.100393247489012651e+02
-1.116723203489202803e+02
-1.131652628529043767e+02
-1.145823721665238821e+02
-1.157336982914182784e+02
-1.161104800012845004e+02
-1.149118647962667978e+02
-1.111620709331481294e+02
-1.038976637032874351e+02
-9.238848590446947640e+01
-7.634444225496282854e+01
-5.605496462633844601e+01
-3.241495655330206915e+01
-6.816470942199288174e+00
1.907546001264083557e+01
4.360818215265237541e+01
6.541533201534599584e+01
8.361200442465207061e+01
9.786989172249892022e+01
1.083691601446741828e+02
1.156580627099840797e+02
1.204669198849591254e+02
1.235205775068902199e+02
1.253875283392976456e+02
1.264020668938490815e+02
1.266849600013037218e+02
1.262537652319916788e+02
1.251682051487977816e+02
1.236329180581233373e+02
1.220018542734177345e+02
1.206824471197314779e+02
1.199876302717108558e+02
1.200037684819542250e+02
1.205293281568028476e+02
1.211050647978132417e+02
1.211229745728314668e+02
1.199828686049217197e+02
1.172557646139346303e+02
1.128049377876794068e+02
1.068222526127425880e+02
9.976987230089416414e+01
9.225641969256574271e+01
8.489649417495404293e+01
7.819858269713598986e+01
7.250663500932702732e+01
6.799419875891871357e+01
6.468970592226177985e+01
6.250695160102294778e+01
6.126599955642460316e+01
6.070902161752771775e+01
6.052791278921016271e+01
6.041193673326877445e+01
6.010045711447470040e+01
5.941268111729142731e+01
5.823824254926663713e+01
5.649886526825637389e+01
5.411019680030157275e+01
5.097210540688300284e+01
4.699846679453048637e+01
4.217340364500168448e+01
3.660191437617839938e+01
3.052197295255717790e+01
2.426577704681168157e+01
1.818404679527169066e+01
1.255919582804828849e+01
7.530220343285896512e+00
3.048386311751512423e+00
-1.117724433227913039e+00
-5.317051610455994393e+00
-9.902097703309507892e+00
-1.510422393998203816e+01
-2.094708322536774503e+01
-2.723129753797351071e+01
-3.359313094107925934e+01
-3.961502035882006112e+01
-4.495285686781962653e+01
-4.943943803343607613e+01
-5.312786524254413933e+01
-5.626074283774154594e+01
-5.918409131279294400e+01
-6.224590400891052866e+01
-6.571489840741323007e+01
-6.973489755662662049e+01
-7.431159395423676983e+01
-7.932134458525909793e+01
-8.453705462997892539e+01
-8.967397230503551953e+01
-9.445423126816811532e+01
-9.867394177592083793e+01
-1.022477737889574172e+02
-1.052145078530569720e+02
-1.077048628785196200e+02
-1.098848413542495308e+02
-1.118872958592119033e+02
-1.137373242203145054e+02
-1.152771446663114858e+02
-1.161104800012845004e+02
-1.156021072657993045e+02
-1.129629202940063948e+02
-1.074186369096112088e+02
-9.841692042410076624e+01
-8.579889985142445141e+01
-6.986931449860182397e+01
-5.134548694761927123e+01
-3.121893996467597532e+01
-1.058901657822250897e+01
9.481448380101594964e+00
2.806306953146444627e+01
4.440822044318998962e+01
5.796946345503757669e+01
6.841611901045621380e+01
7.566479129085884381e+01
7.991117411262267467e+01
8.162892981719095076e+01
8.150529702758255723e+01
8.031175967387807191e+01
7.874592094732946634e+01
7.730432428966514635e+01
7.623556196834353216e+01
7.558015370204442718e+01
7.525730064547043696e+01
7.514263439565837643e+01
7.510311834238119388e+01
7.499255017633188913e+01
7.463479835103238713e+01
7.382042436173301780e+01
7.232578844513214733e+01
6.995072875596383710e+01
6.656936074604166720e+01
6.218869604017218222e+01
5.699899198618660989e+01
5.138366452039797849e+01
4.585869825532640931e+01
4.094460719521504188e+01
3.701755965759398492e+01
3.420422876356273889e+01
3.236434396665931246e+01
3.116469507589363630e+01
3.021311832797198349e+01
2.920130361607314740e+01
2.800331933784515570e+01
2.669457711193825133e+01
2.548811522896247439e+01
2.461621059882451235e+01
2.420423321155578122e+01
2.418746826838774666e+01
2.430603280727639159e+01
2.417784157678942236e+01
2.341298859269141630e+01
2.172019942740665854e+01
1.897122574889609581e+01
1.521265739849888909e+01
1.063110337532960870e+01
5.488159813334942960e+00
5.031663603476221880e-02
-5.456359866824284310e+00
