-1.935294777857670567e+01
-3.084017431307440660e+01
-4.151779418397492805e+01
-5.084820757339217323e+01
-5.876156463707614819e+01
-6.556903962359791649e+01
-7.170762115815028892e+01
-7.746307291802607153e+01
-8.281314419166957919e+01
-8.745948672466955998e+01
-9.101398078630036537e+01
-9.323106464879832345e+01
-9.417509030219791555e+01
-9.426304280842390426e+01
-9.417379766969733623e+01
-9.464704436480461425e+01
-9.623104988764015388e+01
-9.907834692633798568e+01
-1.028908965400205204e+02
-1.070564946343794475e+02
-1.109247727142574291e+02
-1.140973271851168960e+02
-1.165925843919410738e+02
-1.188038504949263228e+02
-1.212726905484067288e+02
-1.243946642675516614e+02
-1.282090972723786990e+02
-1.323761950794621498e+02
-1.363370508602997120e+02
-1.395565530420188338e+02
-1.417296138668783385e+02
-1.428782845684553706e+02
-1.433245115253033077e+02
-1.435619542233039567e+02
-1.440788252994257164e+02
-1.452019434014292472e+02
-1.470215022627296833e+02
-1.494118312572665559e+02
-1.521137470072548865e+02
-1.548267986934105807e+02
-1.572811019533482124e+02
-1.592884299708674121e+02
-1.607835323497554896e+02
-1.618580029928237138e+02
-1.627723311515817386e+02
-1.639217231818358584e+02
-1.657414948030921664e+02
-1.685662251587512230e+02
-1.724784382755631214e+02
-1.771763522641018938e+02
-1.818743339433564472e+02
-1.852596614324469328e+02
-1.855561838857848045e+02
-1.807391041975303949e+02
-1.688861657573582988e+02
-1.485800285270057373e+02
-1.192473183263004444e+02
-8.134468220032810848e+01
-3.635333434098085093e+01
1.340952041252095128e+01
6.511726281803198901e+01
1.158247030962811834e+02
1.628412928829457655e+02
2.040252524212864671e+02
2.379682127729773811e+02
2.640597937405185576e+02
2.824321065173981538e+02
2.937990100861028395e+02
2.992268610993131119e+02
2.998930272448038181e+02
2.968918556361012406e+02
2.911280281160914001e+02
2.833034577646866410e+02
2.739737093591450616e+02
2.636320279435520320e+02
2.527743141798365798e+02
2.419125857206841204e+02
2.315378719896379494e+02
2.220614536783214135e+02
2.137583663670455962e+02
2.067123470117332431e+02
2.007590294421720785e+02
1.954543588642318070e+02
1.901185511286784617e+02
1.839838003448757604e+02
1.764134501963217190e+02
1.671062596357126040e+02
1.561939303896458000e+02
1.441895529575093633e+02
1.318170185198117110e+02
1.198028344052869159e+02
1.087170969900667075e+02
9.891476289172615566e+01
9.057610646048598824e+01
8.380108433994976735e+01
7.869170597939752554e+01
7.536679103879876607e+01
7.389369220537865601e+01
7.417450798809069568e+01
7.585702039233679272e+01
7.832953837480334869e+01
8.081584353020429035e+01
8.254383424040420891e+01
8.293529646639184705e+01
8.175075066890607900e+01
7.912534588926841650e+01
7.546638501653136188e+01
7.125275948533246151e+01
6.683982426978386115e+01
6.237034385059462238e+01
5.781537356543922357e+01
5.308344791703470378e+01
4.811190949818500684e+01
4.289498114425146014e+01
3.746027036994306769e+01
3.183493198117107426e+01
2.603572431738701098e+01
2.009026548904149934e+01
1.407143193480599663e+01
8.115135528134841181e+00
2.397011788934930276e+00
-2.933471237827910194e+00
-7.830906496096010194e+00
-1.239588109213271316e+01
-1.684948818608397758e+01
-2.144892428753589186e+01
-2.638586336513052544e+01
-3.171575021045396525e+01
-3.734466202016232472e+01
-4.306394431397389866e+01
-4.859861827726042804e+01
-5.364526735224140452e+01
-5.790508315244707660e+01
-6.113168135644007606e+01
-6.319714672573836367e+01
-6.415375573088314809e+01
-6.425744759847573562e+01
-6.392883985976478556e+01
-6.365248200019228619e+01
-6.384527878665196710e+01
-6.474530261989703206e+01
-6.636595072782144200e+01
-6.852657906677730182e+01
-7.093264182651287797e+01
-7.326457309825988773e+01
-7.524958983133227264e+01
-7.671207751567061450e+01
-7.760542964428634605e+01
-7.802134931069473112e+01
-7.816466887914300798e+01
-7.828577834766439025e+01
-7.858581153124355012e+01
-7.914078615189532684e+01
-7.989764204163763850e+01
-8.075521654350879430e+01
-8.168086247707051939e+01
-8.278373897574400075e+01
-8.429548426999002686e+01
-8.646977885528205832e+01
-8.945655421178167899e+01
-9.321055692154594396e+01
-9.746768405432494831e+01
-1.017932487498462564e+02
-1.056891579663199252e+02
-1.087321102415195071e+02
-1.106960465284224995e+02
-1.116095674471801829e+02
-1.117302150910075369e+02
-1.114610670345776811e+02
-1.112525326516171020e+02
-1.115162236660802790e+02
-1.125563863417524431e+02
-1.145217207370602779e+02
-1.173904490012457984e+02
-1.210013145485625188e+02
-1.251228265101079415e+02
-1.295288595750718628e+02
-1.340448080060337759e+02
-1.385491750821827850e+02
-1.429447531575257813e+02
-1.471326732292241388e+02
-1.510178883729282973e+02
-1.545453380233402925e+02
-1.577352108862601199e+02
-1.606840043181478563e+02
-1.635280571024540848e+02
-1.663974422449830683e+02
-1.693898518569951364e+02
-1.725654643506984485e+02
-1.759330066639641643e+02
-1.793940026150678193e+02
-1.826401668742468303e+02
-1.850374558443399735e+02
-1.855561838857848045e+02
-1.828063469933117062e+02
-1.752080644828779441e+02
-1.612766645141361153e+02
-1.399509178342442510e+02
-1.108705512593386970e+02
-7.452917180692645616e+01
-3.227137916553801489e+01
1.385902257791594039e+01
6.138523826045194198e+01
1.077247724155831605e+02
1.505174233260950700e+02
1.878970257362624920e+02
2.186602872428188391e+02
2.423048818609971704e+02
2.589365124092802262e+02
2.690785433433219964e+02
2.734518295219535275e+02
2.728050041250644426e+02
2.678439980424800524e+02
2.592484251644555115e+02
2.477206217207596808e+02
2.340182672202513459e+02
2.189509206700936659e+02
2.033413829629386100e+02
1.879614596819816654e+02
1.734585736006355887e+02
1.602920589668046034e+02
1.486908875343850980e+02
1.386354212034641193e+02
1.298651115391410542e+02
1.219213128852843653e+02
1.142357836295844606e+02
1.062576777555741785e+02
9.758362881680952228e+01
8.804553811453332912e+01
7.773199092572541247e+01
6.695126695886381185e+01
5.616097678216042510e+01
4.588952365845269554e+01
3.666858392885951901e+01
2.898374227936400160e+01
2.322936664885872560e+01
1.964107496905415573e+01
1.820054778585627631e+01
1.855598744812161272e+01
2.003111020865774350e+01
2.176715728291994978e+01
2.296608514803189394e+01
2.313209579371924818e+01
2.219711714694721039e+01
2.047472277185514500e+01
1.847415615365174801e+01
1.666458178830001913e+01
1.528627691474287431e+01
1.427557650365129760e+01
1.332425236657992684e+01
1.204053492984763096e+01
1.013182933874286640e+01
7.515360871437353651e+00
4.301146768996478187e+00
6.650541791595570018e-01
-3.308641633255715142e+00
-7.723667779338087236e+00
-1.285234276874758130e+01
-1.900367042679653906e+01
-2.633527154014590010e+01
-3.469683676027364072e+01
-4.358981097657436976e+01
