3.951324796096075431e+01
4.370864359222775875e+01
4.737699784998247310e+01
5.018184473523601952e+01
5.198449596934676720e+01
5.277586710615058507e+01
5.256241669045577680e+01
5.129612880286833843e+01
4.888775379365786478e+01
4.527949821262058094e+01
4.052305238966528123e+01
3.481429559123422024e+01
2.846209995374280410e+01
2.180332735182448545e+01
1.510743220290107125e+01
8.524239916077661405e+00
2.103527526700367467e+00
-4.133178709807500795e+00
-1.012181154532385818e+01
-1.573218837507931056e+01
-2.080295866370027369e+01
-2.521320611270191847e+01
-2.895305883213661957e+01
-3.215841641538297324e+01
-3.509142715300536963e+01
-3.806899448476017511e+01
-4.135965794557424857e+01
-4.508645337192937319e+01
-4.918440155255644441e+01
-5.344558965964300512e+01
-5.763636049524915705e+01
-6.162309254649579771e+01
-6.543730503946390797e+01
-6.925042996302302356e+01
-7.327957202539845127e+01
-7.767472664116027659e+01
-8.243680213785566480e+01
-8.739768387182452614e+01
-9.227172454881608132e+01
-9.676087443060744420e+01
-1.006654394866950781e+02
-1.039442307963239642e+02
-1.067015586200632242e+02
-1.091298657418433038e+02
-1.114558781142724513e+02
-1.139090843481460809e+02
-1.166924000742645546e+02
-1.199330125311840334e+02
-1.236273530206179601e+02
-1.276217603624465937e+02
-1.316533368077847115e+02
-1.354310776205493028e+02
-1.387115205963742426e+02
-1.413375349680804334e+02
-1.432445459326537787e+02
-1.444599879850360367e+02
-1.451117360286017686e+02
-1.454340507000309799e+02
-1.457437074225911999e+02
-1.463731054331796884e+02
-1.475836259565641626e+02
-1.495063436733874198e+02
-1.521407230015969390e+02
-1.554012958642004492e+02
-1.591772610878640535e+02
-1.633750187738560271e+02
-1.679300142695984164e+02
-1.727838674995750807e+02
-1.778292015140693252e+02
-1.828351265908259222e+02
-1.873759075630392203e+02
-1.907877454751059645e+02
-1.921741445775388399e+02
-1.904696242267377215e+02
-1.845559362624712207e+02
-1.734111802103811613e+02
-1.562687733052877945e+02
-1.327704683954010534e+02
-1.031004132824695603e+02
-6.806907479618783441e+01
-2.909254047176150237e+01
1.197120688105231423e+01
5.310098066576858145e+01
9.241344377038501534e+01
1.283883165675701434e+02
1.599719903563427579e+02
1.865762368338349404e+02
2.080177259705978940e+02
2.244348710631892629e+02
2.361979951597567720e+02
2.438208334790145955e+02
2.478843333033734950e+02
2.489818115040157238e+02
2.476827283014810632e+02
2.445039726021747413e+02
2.398838953935579923e+02
2.341666343363124270e+02
2.276093249187344156e+02
2.204212614750259718e+02
2.128310444784623883e+02
2.051519261788843380e+02
1.977916490301191459e+02
1.911637887801698810e+02
1.855169022035566115e+02
1.807708423587359334e+02
1.764731343010843432e+02
1.719293875266060354e+02
1.664566627487887445e+02
1.596352354334437962e+02
1.514431467942833365e+02
1.422349136498382620e+02
1.326097269814448509e+02
1.232490893337166540e+02
1.147828203408602405e+02
1.077038209546462468e+02
1.023270742620930918e+02
9.877669404357581584e+01
9.698118447408705833e+01
9.666749390988638879e+01
9.736664726954238347e+01
9.845826229097919224e+01
9.927161087914784332e+01
9.922950468687898251e+01
9.798673340739819082e+01
9.550323156157854498e+01
9.201982704274807645e+01
8.795429094392937941e+01
8.376730488421141274e+01
7.984416551089668701e+01
7.641685427264444286e+01
7.353247687539956701e+01
7.106309334721163395e+01
6.875005530386235364e+01
6.627664766423050935e+01
6.335259363090799667e+01
5.977864082726285488e+01
5.546275964138977344e+01
5.038723453421114584e+01
4.455804450416424345e+01
3.798130628767230377e+01
3.069306524309713424e+01
2.282495501020663653e+01
1.465430540741784071e+01
6.597647084371023318e+00
-8.523568013462834436e-01
-7.222037789202333080e+00
-1.216476532894708207e+01
-1.556508881992572668e+01
-1.760539175015397717e+01
-1.875446592788073730e+01
-1.966481081292663902e+01
-2.100972563936371529e+01
-2.331831100931416501e+01
-2.686211946588435850e+01
-3.161874933756302752e+01
-3.730204827205581353e+01
-4.342835356496953381e+01
-4.939873301746647627e+01
-5.460275324989914481e+01
-5.855200914247971866e+01
-6.102062671461045795e+01
-6.213864972821719590e+01
-6.238647136862143583e+01
-6.247377877331965124e+01
-6.313398171179465379e+01
-6.490394487682831937e+01
-6.797136333399556918e+01
-7.214857972632817962e+01
-7.697845231327620752e+01
-8.191758593103901376e+01
-8.650813565278663475e+01
-9.046844118112531419e+01
-9.369270583905995409e+01
-9.619957258631404784e+01
-9.807602350509439759e+01
-9.944405594922325520e+01
-1.004586085748755124e+02
-1.013256047854498121e+02
-1.023077788191820474e+02
-1.036849775990223321e+02
-1.056713641217612292e+02
-1.083392606274764915e+02
-1.116093347891510348e+02
-1.153233804081006184e+02
-1.193556782104810168e+02
-1.236912826722604564e+02
-1.284223710458634287e+02
-1.336661831455949425e+02
-1.394529868141836744e+02
-1.456444490572071118e+02
-1.519224299238265985e+02
-1.578548570282278831e+02
-1.630161035402227867e+02
-1.671195914921169958e+02
-1.701138066815160812e+02
-1.722058352830694616e+02
-1.738063136986020822e+02
-1.754184317669978839e+02
-1.775021721484395698e+02
-1.803351917167607894e+02
-1.838842266154291281e+02
-1.877059739497993576e+02
-1.909046208869439170e+02
-1.921741445775388399e+02
-1.899442967826946642e+02
-1.826276154109639265e+02
-1.689298200943892994e+02
-1.481475630211295993e+02
-1.203610986193732231e+02
-8.645804740201933214e+01
-4.798969717384520806e+01
-6.922044279441266212e+00
3.463777565709886375e+01
7.468298708420655885e+01
1.114950962066248223e+02
1.437763559053211111e+02
1.707252133638778844e+02
1.920446817427935855e+02
2.078730056951980885e+02
2.186472346412753893e+02
2.249444607347394367e+02
2.273599129371248182e+02
2.264542327716008572e+02
2.227540378891250157e+02
2.167640268639393071e+02
2.089638589808046163e+02
1.997938026574812511e+02
1.896445291026449524e+02
1.788531529055918554e+02
1.676949380184570089e+02
1.563675851575389686e+02
1.449809261515864875e+02
1.335659462394668537e+02
1.221011405878444975e+02
1.105391637054961222e+02
9.881875989402406901e+01
8.686592676544209723e+01
7.460560911028936459e+01
6.200109207067633577e+01
4.911467838070516478e+01
3.616011246017411906e+01
2.350985274539151249e+01
1.163295995378240377e+01
9.711113827225323902e-01
-8.199711878235399709e+00
-1.585254763376925347e+01
-2.218908201381292145e+01
-2.752253886753890555e+01
-3.212523009456544543e+01
-3.612141850301333079e+01
-3.947872498925138984e+01
-4.209208563172524720e+01
-4.390086911915555135e+01
-4.496883243862568236e+01
-4.549009655083180803e+01
-4.572927305724264357e+01
-4.593079370335157563e+01
-4.623970914418394074e+01
-4.667011282256032700e+01
-4.713389799832041405e+01
-4.750611674343288371e+01
-4.767995502216989223e+01
