-2.661178818252772516e+01
8.599839394910649304e+00
3.814592221765276037e+01
5.793745754965286210e+01
6.642823732951779903e+01
6.466267443514341551e+01
5.553648972507649262e+01
4.266986604914555414e+01
2.933876668040648639e+01
1.777907211953799305e+01
8.968105194591537099e+00
2.799212366771783422e+00
-1.532561624930234956e+00
-5.110769424142537432e+00
-8.956094183921921470e+00
-1.380657762938375299e+01
-2.002018022177235679e+01
-2.758077298465786242e+01
-3.617834043945231315e+01
-4.532825368840749292e+01
-5.449637654609190207e+01
-6.320554453664149008e+01
-7.110810658287471142e+01
-7.801615028352895820e+01
-8.388904940548010813e+01
-8.878993662337948933e+01
-9.283501846796909263e+01
-9.616037777082129878e+01
-9.891191730789979886e+01
-1.012401603948867574e+02
-1.032806180057187504e+02
-1.051250883842955233e+02
-1.068088411739515635e+02
-1.083301307366180737e+02
-1.096933997662722646e+02
-1.109489653841449126e+02
-1.122015136559432449e+02
-1.135786700342104609e+02
-1.151774131270066732e+02
-1.170189309893040814e+02
-1.190350679905748166e+02
-1.210932826075269162e+02
-1.230499277143062216e+02
-1.248057104758079134e+02
-1.263309309694214591e+02
-1.276416190032862801e+02
-1.287387003472468336e+02
-1.295517111746936223e+02
-1.299316696143453100e+02
-1.297087416995935598e+02
-1.287920210911619279e+02
-1.272677484236347993e+02
-1.254533129190199929e+02
-1.238777141158664108e+02
-1.231808380169991324e+02
-1.239509629423166643e+02
-1.265376266086682335e+02
-1.308755101684885460e+02
-1.363489428904270255e+02
-1.417326126068667804e+02
-1.452504885676889899e+02
-1.447778519844958680e+02
-1.381689846794614027e+02
-1.236463558993363847e+02
-1.001571348605188945e+02
-6.760299186935490923e+01
-2.688496344661709259e+01
2.023571677423219128e+01
7.140812182806632791e+01
1.240201091842021697e+02
1.755178023669896561e+02
2.236656965001013759e+02
2.667188978484731479e+02
3.035064182359751044e+02
3.334457103883606806e+02
3.565094091397755278e+02
3.731484190670748831e+02
3.841623687012710775e+02
3.905188247482475958e+02
3.931530834275294524e+02
3.928050667524108235e+02
3.899448024645679425e+02
3.848026589047944412e+02
3.774780242355196833e+02
3.680763262699335883e+02
3.568256818057616329e+02
3.441380271883207911e+02
3.305937591903199859e+02
3.168480569653177099e+02
3.034874511103490704e+02
2.908916569869978730e+02
2.791523111935222801e+02
2.680680697150381775e+02
2.572055035678507124e+02
2.460078509063553724e+02
2.339368770609330852e+02
2.206254516593229766e+02
2.059993801938984177e+02
1.903182854737309526e+02
1.741071407434675109e+02
1.579980878087839073e+02
1.425483369016630775e+02
1.281132911438481869e+02
1.148225673160862357e+02
1.026492404346022624e+02
9.151934134452358194e+01
8.140460152856624632e+01
7.236459176445094954e+01
6.452843873967488264e+01
5.802356140175564292e+01
5.287753380332372188e+01
4.893833476276023475e+01
4.586035876309807691e+01
4.317542955071395738e+01
4.042257513872937835e+01
3.727832793321668703e+01
3.363052888283552733e+01
2.956764591938296149e+01
2.529407987363535426e+01
2.101335738903681971e+01
1.683313580437820178e+01
1.273174120118939356e+01
8.591934077940877046e+00
4.274236249195610071e+00
-3.103849864042160789e-01
-5.158474323475076062e+00
-1.017447546621296794e+01
-1.520971229893871168e+01
-2.012268330400907246e+01
-2.483408407855249322e+01
-2.935139524763125962e+01
-3.375174275484111774e+01
-3.813365882403469698e+01
-4.256687776546556279e+01
-4.706776808383816046e+01
-5.160511375295880043e+01
-5.611983569111060888e+01
-6.054209360077317115e+01
-6.480195734959966103e+01
-6.883726397773048689e+01
-7.260114589032562549e+01
-7.607033519174629532e+01
-7.925572998912446110e+01
-8.221283772115012312e+01
-8.504140404282773602e+01
-8.786258789845953743e+01
-9.077701895156357637e+01
-9.382519628390699040e+01
-9.697214396056321561e+01
-1.001218859951877675e+02
-1.031524026678990822e+02
-1.059566782997227108e+02
-1.084757141339269992e+02
-1.107118870068450178e+02
-1.127171425877816660e+02
-1.145607412778582841e+02
-1.162931489843298323e+02
-1.179302433624498292e+02
-1.194762913003467872e+02
-1.209810878598975705e+02
-1.225978402902127016e+02
-1.245949080280449266e+02
-1.272870208633248694e+02
-1.308834904021769319e+02
-1.352887764243003517e+02
-1.399220862503102580e+02
-1.436340766796661796e+02
-1.447778519844958680e+02
-1.414400447602975817e+02
-1.317804260848832598e+02
-1.143965136895203045e+02
-8.862334695890240255e+01
-5.470115009275744455e+01
-1.377779678624268911e+01
3.224359197073360406e+01
8.096281116168600533e+01
1.297836228430429344e+02
1.762087753686947451e+02
2.181003967147964602e+02
2.538827371815629306e+02
2.826592417481173243e+02
3.042223022779404573e+02
3.189600934177391878e+02
3.276923465428900499e+02
3.314757598189273722e+02
3.314138809065355531e+02
3.285000121149991514e+02
3.235142903145131186e+02
3.169807880476885202e+02
3.091757597993054105e+02
3.001768608931922699e+02
2.899487941729595946e+02
2.784550566705095207e+02
2.657648534482472087e+02
2.521078194669920549e+02
2.378407154787460911e+02
2.233338671032972798e+02
2.088352513089643026e+02
1.943888718353559568e+02
1.798538140353448682e+02
1.650107595459682273e+02
1.496935627215435431e+02
1.338741476259265539e+02
1.176642618535642981e+02
1.012560171808456744e+02
8.486280781442444265e+01
6.871054265288962881e+01
5.307665832183201360e+01
3.832634544552891498e+01
2.488974109535993406e+01
1.316376888082744401e+01
3.378642578703153987e+00
-4.499689951888613315e+00
-1.077721381360957942e+01
-1.594728403814011841e+01
-2.055842528895843202e+01
-2.509145424435828886e+01
-2.988095844910678167e+01
-3.508510457833926921e+01
-4.069263009376795281e+01
-4.655716180640376933e+01
-5.244926972325929171e+01
-5.811214662968477285e+01
-6.331064595754293123e+01
-6.787601025807177280e+01
-7.175221996511380951e+01
-7.503572538089687782e+01
-7.798229387285327618e+01
-8.095479070411768419e+01
-8.431248861374052694e+01
-8.828099837230935520e+01
-9.286278951854794173e+01
-9.783250121317153969e+01
-1.028183434389442255e+02
-1.074299684851202699e+02
-1.113782259861382045e+02
-1.145474712721662627e+02
-1.170112132274969241e+02
-1.190029385121222134e+02
-1.208551768181038710e+02
-1.229146689659571905e+02
-1.254467829517502366e+02
-1.285544414936398709e+02
-1.321401554175823208e+02
-1.359279678182073496e+02
-1.395393386718739066e+02
-1.425918160450480627e+02
-1.447778519844958680e+02
-1.458980850328138388e+02
-1.458583452876850970e+02
-1.446604779821696525e+02
-1.424068827543805753e+02
-1.393121862116980765e+02
-1.356987591808161824e+02
-1.319595252037508999e+02
-1.284938014182100687e+02
-1.256384166970570107e+02
-1.236150937003982904e+02
-1.225033734274981327e+02
-1.222373353109908010e+02
-1.226192456214280639e+02
-1.233471183857314628e+02
