6.049497275550482556e+00
-2.720645702295741586e+01
-5.599190244094127422e+01
-7.706150503634934523e+01
-8.916030566319290074e+01
-9.306307362280576001e+01
-9.101625073924815013e+01
-8.588801628320230463e+01
-8.034184992751148968e+01
-7.624947648804310063e+01
-7.443707328034825821e+01
-7.475731081520518728e+01
-7.640444134839920309e+01
-7.834112031684992417e+01
-7.969378350538953271e+01
-8.000375714980029329e+01
-7.928330734643628830e+01
-7.789587527502980890e+01
-7.633429649277600504e+01
-7.499706121086244082e+01
-7.405422993450751790e+01
-7.344802290663866984e+01
-7.300358236405801904e+01
-7.257291271321450665e+01
-7.213197205889508723e+01
-7.179016963239236304e+01
-7.171983383170881154e+01
-7.204507910257161996e+01
-7.273763343946475857e+01
-7.355525144861927345e+01
-7.403753962715373405e+01
-7.355796343002612048e+01
-7.142322106187556585e+01
-6.700283168411333179e+01
-5.985700057167014165e+01
-4.982263067841748239e+01
-3.703247946400125556e+01
-2.187327650987060679e+01
-4.910173405499119070e+00
1.319270986402399792e+01
3.173456229869671574e+01
5.001652359285188965e+01
6.736768631702071275e+01
8.317772521526947571e+01
9.694609324520753546e+01
1.083396831979249129e+02
1.172388029117851289e+02
1.237513549747920365e+02
1.281853631105549596e+02
1.309848294867639424e+02
1.326454910188961662e+02
1.336290003228464229e+02
1.342883021889618931e+02
1.348136017973671414e+02
1.352120215762972464e+02
1.353348117575606011e+02
1.349521533714502652e+02
1.338523795377073213e+02
1.319280070493838366e+02
1.292153453394492999e+02
1.258718287684695269e+02
1.220971817891091291e+02
1.180282118371519147e+02
1.136559954348736454e+02
1.088131032656241786e+02
1.032477680958886168e+02
9.675608282809639604e+01
8.931248061514077108e+01
8.113887507190106874e+01
7.267798434314225631e+01
6.447638872858537695e+01
5.702560181443039511e+01
5.063131190049942632e+01
4.536349565560219332e+01
4.109421571751352076e+01
3.758757299594636692e+01
3.459154760650099547e+01
3.189529297237896088e+01
2.934249609828769323e+01
2.681485677752463204e+01
2.421016490179739833e+01
2.143629167618411557e+01
1.842996394438351970e+01
1.519125093536867332e+01
1.180789004514335439e+01
8.441255617414286760e+00
5.265478345057649001e+00
2.381941871977841352e+00
-2.483067651263244358e-01
-2.816156015081025643e+00
-5.608990587611224043e+00
-8.909817112570010522e+00
-1.289162925649417346e+01
-1.754644516925866782e+01
-2.267331416017315959e+01
-2.792892656335822466e+01
-3.292435593282499440e+01
-3.733707673156676776e+01
-4.100075850478631168e+01
-4.393913095402470503e+01
-4.633070282604739987e+01
-4.842290449779617489e+01
-5.043480341940872336e+01
-5.248506036996810309e+01
-5.456942188991213527e+01
-5.659925447807183474e+01
-5.848948583694640035e+01
-6.025132403144176152e+01
-6.202968749814954208e+01
-6.404977431461138337e+01
-6.649068901420226041e+01
-6.935387958720787083e+01
-7.240841869589769431e+01
-7.525829229321610114e+01
-7.750574459208553435e+01
-7.892566908939546977e+01
-7.955884525921638328e+01
-7.967855659314751904e+01
-7.965406766474116296e+01
-7.978554997307425367e+01
-8.019385496690513548e+01
-8.081504505572223707e+01
-8.149250090559978332e+01
-8.210766601537838483e+01
-8.267247862733427155e+01
-8.333270467117422697e+01
-8.428545295709329821e+01
-8.566338670729946614e+01
-8.745085717519171453e+01
-8.946382748166382726e+01
-9.137541349907165511e+01
-9.274894380312196063e+01
-9.306307362280576001e+01
-9.174495977451887541e+01
-8.823248162673237971e+01
-8.206433390569034714e+01
-7.297338899720922711e+01
-6.095561039952087157e+01
-4.630136450210878962e+01
-2.958776715245864963e+01
-1.162904222880143124e+01
6.620646394198205442e+00
2.420454606808316100e+01
4.030982134108194259e+01
5.437856530918639208e+01
6.614883535615344101e+01
7.562043622579408009e+01
8.297187137312280925e+01
8.847163282368272519e+01
9.241923830108021320e+01
9.512455484381996484e+01
9.690674204724832919e+01
9.808471299539688459e+01
9.894323816183339204e+01
9.968167610307700954e+01
1.003691204506502572e+02
1.009298036347836103e+02
1.011686559157276974e+02
1.008309989794298360e+02
9.967997778878135762e+01
9.756845132080196947e+01
9.447877579358393518e+01
9.051251522749464584e+01
8.583501060550852912e+01
8.060396661568947252e+01
7.492016353700702780e+01
6.882558662814905404e+01
6.234638852898737582e+01
5.555216380530626452e+01
4.859624437314406009e+01
4.171654351075815725e+01
3.519800905201276464e+01
2.931154676777578061e+01
2.425039875081244389e+01
2.008706320033747517e+01
1.676678599236947065e+01
1.413588855159252233e+01
1.198801261804455720e+01
1.011075645156385150e+01
8.324024871639171153e+00
6.507967124109939050e+00
4.619470928394260767e+00
2.694574351950716817e+00
8.317625847853662435e-01
-8.473260863903195883e-01
-2.252610142162913220e+00
-3.376238573119627162e+00
-4.319831538968415430e+00
-5.289692658804526104e+00
-6.559275122663107638e+00
-8.400853482018382223e+00
-1.099625861873730237e+01
-1.435292257992128739e+01
-1.826346460817210371e+01
-2.233853060515183131e+01
-2.611282388119990117e+01
-2.918972224368013713e+01
-3.136986193985548255e+01
-3.271397103265432094e+01
-3.351733064821598873e+01
-3.420808193704552025e+01
-3.520811956784783803e+01
-3.680519059733487097e+01
-3.907724905522081826e+01
-4.188938508079320400e+01
-4.495711504507347200e+01
-4.794578276949515327e+01
-5.056464912106939380e+01
-5.262465097042689877e+01
-5.405558714613304971e+01
-5.490083514749645133e+01
-5.530752566897875511e+01
-5.551056052549803610e+01
-5.579231882746258719e+01
-5.640687734942377318e+01
-5.748655632352972589e+01
-5.897602774246124824e+01
-6.063941494598209658e+01
-6.215278043900631388e+01
-6.324727251561961339e+01
-6.383571654093555736e+01
-6.405639962174566904e+01
-6.420572610285600490e+01
-6.459257042494198231e+01
-6.539554867064171617e+01
-6.660178309394663643e+01
-6.805192419582112962e+01
-6.955391099883691197e+01
-7.099961360975802904e+01
-7.243079368330683110e+01
-7.403171482516069091e+01
-7.605359710384882987e+01
-7.869542918926831021e+01
-8.197889354007575946e+01
-8.566101740078825344e+01
-8.922208233536878197e+01
-9.194457743012948470e+01
-9.306307362280576001e+01
-9.193023063260315553e+01
-8.813605539490582430e+01
-8.154621381788862777e+01
-7.227069595876878338e+01
-6.060463158028984765e+01
-4.698285269579587009e+01
-3.196620406961125127e+01
-1.624844094936540628e+01
-6.530670042111275109e-01
1.391171393398457923e+01
2.655212701092604277e+01
3.652143113315845824e+01
4.334026211935632489e+01
4.686190951331938948e+01
4.726902721243861549e+01
4.501988375858464053e+01
4.077382480560022771e+01
3.531559376669300576e+01
2.947942647902151236e+01
2.405791365551325356e+01
1.967790417761019484e+01
1.664946485958296307e+01
1.484137870409959703e+01
1.366939848675960434e+01
