-1.143222482106124716e+01
-1.239485563363492737e+01
-1.365006657092389197e+01
-1.531948462041171943e+01
-1.728837045150874729e+01
-1.925482719003827725e+01
-2.086941629605239257e+01
-2.189305343532971904e+01
-2.230114504225331018e+01
-2.229298814979376431e+01
-2.221003575117265783e+01
-2.240329725532264504e+01
-2.310538398657719483e+01
-2.435647694335556679e+01
-2.601024784669203171e+01
-2.781133172022534339e+01
-2.950458352264114836e+01
-3.092628287791159636e+01
-3.204417663286574225e+01
-3.294389818318097696e+01
-3.378410223991030392e+01
-3.474818057624652567e+01
-3.600707873341401921e+01
-3.769115170757284261e+01
-3.986687964721987498e+01
-4.252466419028529998e+01
-4.558686098536212938e+01
-4.893231444352054638e+01
-5.242135061994422784e+01
-5.590874213518901570e+01
-5.924341613829636088e+01
-6.225819000979664963e+01
-6.475369322811749839e+01
-6.648843526804849091e+01
-6.719712369203475077e+01
-6.665479232188501157e+01
-6.477759780206355344e+01
-6.171734885875707022e+01
-5.789312431260289316e+01
-5.392479482532855428e+01
-5.048035847518818287e+01
-4.809517440604761873e+01
-4.703790633329933257e+01
-4.727253661286579955e+01
-4.851452334853507153e+01
-5.033825231092716734e+01
-5.228837008318416935e+01
-5.397170925344782688e+01
-5.512815685958637602e+01
-5.567898510808136336e+01
-5.573981045467335349e+01
-5.558217301583110270e+01
-5.554129619786188954e+01
-5.589282511532019271e+01
-5.674295215324266906e+01
-5.797639358397303511e+01
-5.927943351376278969e+01
-6.021590882193520144e+01
-6.031041193564900027e+01
-5.910270177473909570e+01
-5.616956437145658754e+01
-5.113718849156865787e+01
-4.371114911726322561e+01
-3.373459228611011440e+01
-2.126001908637654125e+01
-6.600218344630629730e+00
9.676537876385838288e+00
2.681686774954037134e+01
4.399222302530334616e+01
6.040591235032687933e+01
7.537031847199703805e+01
8.835270979186178408e+01
9.899665120319866674e+01
1.071226433309173416e+02
1.127157405899719436e+02
1.159168166400755524e+02
1.170270477120580921e+02
1.165095308392999414e+02
1.149550129355195764e+02
1.129949781872023920e+02
1.111823959139106250e+02
1.098825876158292374e+02
1.092098417822217442e+02
1.090265842436015191e+02
1.090049165370417796e+02
1.087318065956425244e+02
1.078218177234983983e+02
1.059994827879723260e+02
1.031305507043836940e+02
9.920410152953434135e+01
9.428409901526480041e+01
8.845677331523691578e+01
8.180037761660034334e+01
7.439511939992154055e+01
6.636999231704672297e+01
5.795593965810759585e+01
4.950287298451530660e+01
4.143661475699209262e+01
3.416825774641687019e+01
2.799681600306521645e+01
2.305110532295823589e+01
1.929707974871906373e+01
1.660167859836016646e+01
1.481414022037463241e+01
1.382069070818248591e+01
1.354931928536191066e+01
1.393026524732149696e+01
1.483825581394638959e+01
1.605050832488074875e+01
1.724956678972316837e+01
1.807833177367195887e+01
1.822386804087601675e+01
1.749084656988626918e+01
1.583620931138691823e+01
1.335773650783493238e+01
1.024465277983954081e+01
6.709971381628675680e+00
2.933657805486086900e+00
-9.563365444676232840e-01
-4.858056654469073976e+00
-8.647283719290857817e+00
-1.214982129367970032e+01
-1.516781707496876308e+01
-1.755442481159322199e+01
-1.929102132811829051e+01
-2.051697766926022126e+01
-2.149745275495119756e+01
-2.255409303478084837e+01
-2.399425234297157772e+01
-2.605863211266463964e+01
-2.888584998420062533e+01
-3.248244493204109773e+01
-3.669713015685508140e+01
-4.121977787920327074e+01
-4.563145128623719415e+01
-4.950726185487636144e+01
-5.253822151828451581e+01
-5.462172175276127462e+01
-5.588260390487285179e+01
-5.661608093746070836e+01
-5.717393047269125361e+01
-5.783701347283299299e+01
-5.872431195404604409e+01
-5.977441318272845194e+01
-6.080100633263306520e+01
-6.158877450481578819e+01
-6.198394341529947837e+01
-6.194833755584008372e+01
-6.156862625572800596e+01
-6.102641640715307858e+01
-6.054077403430187587e+01
-6.030187032012833015e+01
-6.042172259130649081e+01
-6.092337308854160938e+01
-6.176767383865941952e+01
-6.288939835970936088e+01
-6.420447805675810571e+01
-6.557044131003691234e+01
-6.671828214244573019e+01
-6.719712369203475077e+01
-6.637182485084115058e+01
-6.349666765941358904e+01
-5.785998959763357163e+01
-4.895810380386525651e+01
-3.663631197301037901e+01
-2.115026862726985257e+01
-3.140003682469107105e+00
1.646165236879389582e+01
3.655916635073994314e+01
5.604093564534456817e+01
7.391987145506152501e+01
8.944097217221403184e+01
1.021340178725896521e+02
1.118100864001465879e+02
1.185250103692080188e+02
1.225399618387045990e+02
1.242911128592543406e+02
1.243540546454048723e+02
1.233800988874873639e+02
1.219981675601400610e+02
1.207015093577025624e+02
1.197538819326480279e+02
1.191501941272579614e+02
1.186530442746636993e+02
1.178978226050660112e+02
1.165247290178489408e+02
1.142816473875202234e+02
1.110623675208261005e+02
1.068844718729831413e+02
1.018394899280381338e+02
9.604760680622301550e+01
8.963046169467331481e+01
8.270289730565349373e+01
7.538563532693798663e+01
6.783786777164596060e+01
6.029032376103970137e+01
5.304396080520487544e+01
4.641248226617052097e+01
4.062704420646504389e+01
3.575776154287014208e+01
3.170485212392521035e+01
2.826794709799334626e+01
2.524988990223637231e+01
2.253481682217819682e+01
2.010859054278011371e+01
1.802998647049216885e+01
1.637719586865113541e+01
1.518613276412178514e+01
1.439245870397900084e+01
1.379966942710959188e+01
1.310079620220565744e+01
1.196156940621924036e+01
1.013657655029770410e+01
7.563838522017789501e+00
4.387952724353302969e+00
8.965150571233222454e-01
-2.600964342183223366e+00
-5.892184788499736925e+00
-8.921561744486679046e+00
-1.176835296150823851e+01
-1.456837371698296835e+01
-1.742925598435251899e+01
-2.038242049947121259e+01
-2.338891983986319900e+01
-2.638489125841712379e+01
-2.932975443281897654e+01
-3.222153932034795787e+01
-3.506826801047844810e+01
-3.783543749844726989e+01
-4.041032470015751699e+01
-4.261987087397006491e+01
-4.430467373932061292e+01
-4.540831118101313280e+01
-4.602704827898299555e+01
-4.639261542802844218e+01
-4.680264560049521805e+01
-4.753644913514918358e+01
-4.879045334865418937e+01
-5.064875649610144137e+01
-5.308225830771799281e+01
-5.595727069107726948e+01
-5.904238183729351164e+01
-6.202434196881473838e+01
-6.455450258715112000e+01
-6.633157263821691174e+01
-6.719712369203475077e+01
-6.720109796045574058e+01
-6.659978436115608247e+01
-6.577712578685407152e+01
-6.511534599666782697e+01
-6.486236689746426975e+01
-6.504177138925747670e+01
-6.542953346082420296e+01
-6.559410021843521577e+01
-6.498082953846321175e+01
-6.302292205111120182e+01
-5.926285038849206899e+01
-5.345860224661297622e+01
-4.564127750736528100e+01
-3.610573614834517286e+01
-2.534896063149867373e+01
-1.399203748230770827e+01
