-1.152203864105561451e+02
-1.130439949751648641e+02
-1.123436407952032852e+02
-1.141827338563530958e+02
-1.190030512254430590e+02
-1.266146754650190047e+02
-1.363770976681146863e+02
-1.474717957901329441e+02
-1.591514472240236557e+02
-1.708811753604693422e+02
-1.823510531762766789e+02
-1.934035975435571970e+02
-2.039467501432289680e+02
-2.139041190008633180e+02
-2.232154101914058799e+02
-2.318688383348570596e+02
-2.399337518830307943e+02
-2.475632366417504784e+02
-2.549511896112209399e+02
-2.622550560838458296e+02
-2.695230469710815555e+02
-2.766727053739543862e+02
-2.835439811274287081e+02
-2.900059935930871120e+02
-2.960610617360475771e+02
-3.018834692348963245e+02
-3.077510326824006484e+02
-3.138598843059042451e+02
-3.200506939548403693e+02
-3.255180940867273307e+02
-3.286128890921002608e+02
-3.268540647244244610e+02
-3.172250824844983299e+02
-2.967378051209736327e+02
-2.631367909974795793e+02
-2.155382560830343266e+02
-1.547974732622504064e+02
-8.348261284225804957e+01
-5.465420080487749743e+00
7.473849209488149370e+01
1.526843672351005239e+02
2.245868228420397372e+02
2.876732711782939873e+02
3.402864630557658643e+02
3.817946221494372594e+02
4.123971435051906269e+02
4.329010760211231172e+02
4.445124883375051468e+02
4.486576348438735522e+02
4.468285627608326536e+02
4.404412519341962593e+02
4.307061941116672301e+02
4.185315074411448109e+02
4.044840992997304738e+02
3.888151934204535678e+02
3.715293256462510385e+02
3.524651749150413025e+02
3.313709354546113559e+02
3.079810132221803656e+02
2.821085335826236360e+02
2.537517581668091111e+02
2.231916961724948294e+02
1.910507525876356851e+02
1.582845705279163440e+02
1.260868269238534651e+02
9.570909786071744918e+01
6.823714790247015571e+01
4.439828076905578769e+01
2.447181019769723065e+01
8.329550658037486954e+00
-4.428681543312233515e+00
-1.431897635599425911e+01
-2.186558085630483106e+01
-2.756874187443451163e+01
-3.192713377917334583e+01
-3.546828212599029229e+01
-3.874713519251933747e+01
-4.229887916555505001e+01
-4.655882287962663924e+01
-5.178100796987301635e+01
-5.799493151052151774e+01
-6.503068735863438121e+01
-7.261308571951090585e+01
-8.048589797867090567e+01
-8.850653988953345674e+01
-9.667005658602295171e+01
-1.050649682513243874e+02
-1.137962675648027755e+02
-1.229145673834884036e+02
-1.323761106680884154e+02
-1.420425061025352989e+02
-1.517167956350296834e+02
-1.612031215360960061e+02
-1.703719141895153371e+02
-1.792122390633102214e+02
-1.878551673020058104e+02
-1.965540426684362387e+02
-2.056138591188235409e+02
-2.152803718253861121e+02
-2.256247050561694039e+02
-2.364710195251451808e+02
-2.474005663776014785e+02
-2.578353716517046905e+02
-2.671791491318140288e+02
-2.749798066374451082e+02
-2.810713062322511746e+02
-2.856520610584346400e+02
-2.892709798677257140e+02
-2.927175430190115435e+02
-2.968312313033173950e+02
-3.022525203152993640e+02
-3.091463840023761804e+02
-3.169492581225309209e+02
-3.242118471105241611e+02
-3.286128890921002608e+02
-3.271893921745290754e+02
-3.167730421305644768e+02
-2.945623726183976601e+02
-2.587153330577768315e+02
-2.088223582535400737e+02
-1.461289872011944624e+02
-7.343199391726966496e+01
5.335370022100827114e+00
8.572078471613430395e+01
1.634107186193517407e+02
2.347732726959028469e+02
2.971908059228742331e+02
3.491646427652701163e+02
3.902302474044947758e+02
4.207462901295783695e+02
4.416274341690598249e+02
4.540843504736104137e+02
4.594135821223202356e+02
4.588521439919247200e+02
4.534924440456976527e+02
4.442476463418565800e+02
4.318559624062297644e+02
4.169039048048572340e+02
3.998399541118122897e+02
3.809602156311854060e+02
3.603798388955403311e+02
3.380330695107042516e+02
3.137404491353943854e+02
2.873417280359408892e+02
2.588482454325181834e+02
2.285537676673118028e+02
1.970656270856136416e+02
1.652559449630634560e+02
1.341578198067648486e+02
1.048340629774951509e+02
7.823841642133987762e+01
5.508834464872327885e+01
3.577530537504878794e+01
2.033690337973089157e+01
8.496446853796481236e+00
-2.498007021003569861e-01
-6.531557107629993197e+00
-1.101872372869037164e+01
-1.436072811099662871e+01
-1.714219995343899683e+01
-1.984361542206871576e+01
-2.280939996010427251e+01
-2.623941903188014635e+01
-3.021686886640530645e+01
-3.476703619810211165e+01
-3.992257936149209030e+01
-4.576655960305853910e+01
-5.243515906091865020e+01
-6.007888496004177625e+01
-6.879859136805467301e+01
-7.858678423048304751e+01
-8.930483053221942669e+01
-1.007077421196259621e+02
-1.125032738715721621e+02
-1.244183736034518120e+02
-1.362475929536508374e+02
-1.478705975883991073e+02
-1.592427940022571136e+02
-1.703724897108466223e+02
-1.812933148363846101e+02
-1.920338529949291910e+02
-2.025907405223293551e+02
-2.129177637170641333e+02
-2.229361678033647820e+02
-2.325563230918754698e+02
-2.416960748104528420e+02
-2.502900875973935513e+02
-2.582949588206195131e+02
-2.656972542913185293e+02
-2.725280722322997917e+02
-2.788835122148977348e+02
-2.849449023651259836e+02
-2.909830176477782970e+02
-2.973195356260892481e+02
-3.042160787039518368e+02
-3.116777983734290274e+02
-3.191995404028949679e+02
-3.255361971085415576e+02
-3.286128890921002608e+02
-3.256721563299061017e+02
-3.136809791252991317e+02
-2.899231492707264124e+02
-2.526278446740560639e+02
-2.014642329812143942e+02
-1.377682774889280779e+02
-6.444190574023537010e+01
1.445154983615345756e+01
9.430053180738546814e+01
1.706268323491272270e+02
2.396844736019986044e+02
2.988537197361309836e+02
3.467742683529684768e+02
3.832427939995823181e+02
4.089582626541667310e+02
4.252107182891232924e+02
4.335850091688667476e+02
4.357144208858433103e+02
4.330892491516956397e+02
4.269139562178070264e+02
4.180153950481088145e+02
4.068181582182813827e+02
3.934010173861778412e+02
3.776260220779074075e+02
3.593024340300538029e+02
3.383318014168510786e+02
3.147928135811370680e+02
2.889588818421849510e+02
2.612715533092939495e+02
2.322988791925418752e+02
2.026950007868753119e+02
1.731643233586449071e+02
1.444311275330036892e+02
1.172188866813234824e+02
9.224085972641432818e+01
7.018862317068654022e+01
5.169112340638904612e+01
3.722628941501332633e+01
2.700223937081814540e+01
2.085892619789972713e+01
1.824578077152865774e+01
1.830186087609378021e+01
2.001979351158417941e+01
2.243884008869921587e+01
2.480353412654745071e+01
2.664322389139472946e+01
2.776102482733109511e+01
2.815246339516082585e+01
2.789459529112353664e+01
2.705103023778128701e+01
2.562669240900003231e+01
2.358272321537435445e+01
2.089400765206770672e+01
1.760919428391194685e+01
1.386975260823346723e+01
9.869174109875345380e+00
5.773074170538407657e+00
1.647176970803368334e+00
-2.563662096324648587e+00
-6.989155011932574268e+00
-1.173848035178325944e+01
-1.680430890722634985e+01
-2.202241069402280260e+01
