3.120590560728244611e+01
-7.520699230075851460e+01
-1.685766964089886812e+02
-2.396758488292083769e+02
-2.851632186707803953e+02
-3.074623109507724052e+02
-3.127362574614933806e+02
-3.080157723995560559e+02
-2.986315482138946322e+02
-2.867620830351516474e+02
-2.713757064851923246e+02
-2.493372005964204163e+02
-2.171131946980385408e+02
-1.724122612836021915e+02
-1.152244115645654290e+02
-4.800854105481925416e+01
2.489890165841224956e+01
9.833726018951691117e+01
1.674358123769737006e+02
2.284602263953179886e+02
2.792260911618752175e+02
3.190851985479517907e+02
3.486091527215783685e+02
3.691379414255526967e+02
3.823385500406707251e+02
3.898636338826009364e+02
3.931449853666608192e+02
3.933141389022869134e+02
3.912134571107652619e+02
3.874486944049673980e+02
3.824429189921527836e+02
3.764751390304581378e+02
3.697070059693905364e+02
3.622054170975989678e+02
3.539628044818960007e+02
3.449123399069711127e+02
3.349368812591044389e+02
3.238757521958850134e+02
3.115378169030499862e+02
2.977274343318106276e+02
2.822796516734964030e+02
2.650890788753774245e+02
2.461152871396883484e+02
2.253617828471806490e+02
2.028470008209748414e+02
1.785979151618972764e+02
1.526891080485897021e+02
1.253247378975448498e+02
9.693135574397997800e+01
6.821318664203073467e+01
4.012792779588890113e+01
1.376717178802687869e+01
-9.838149462027958592e+00
-2.993186830990592995e+01
-4.619376938764632712e+01
-5.879068770752100903e+01
-6.830230650282831562e+01
-7.555147872566192291e+01
-8.139821979381927974e+01
-8.656512970398190987e+01
-9.154734932468575437e+01
-9.662213407733730719e+01
-1.019281608559038403e+02
-1.075598354357882727e+02
-1.136291577909363752e+02
-1.202757365723894765e+02
-1.276344409137378051e+02
-1.357860493848943975e+02
-1.447167286426158341e+02
-1.543041754739089981e+02
-1.643383286728316079e+02
-1.745725420906311172e+02
-1.847864365384935468e+02
-1.948318996025284378e+02
-2.046400469818096894e+02
-2.141896418293679005e+02
-2.234607200821752713e+02
-2.324030950190783358e+02
-2.409356973036809393e+02
-2.489727661878982303e+02
-2.564598871726069547e+02
-2.633996454273357699e+02
-2.698512588932680387e+02
-2.759001892586323947e+02
-2.816097794825282676e+02
-2.869796292747453776e+02
-2.919354808107655117e+02
-2.963597121992525558e+02
-3.001479023249870011e+02
-3.032610775935291940e+02
-3.057470462706813237e+02
-3.077238825152550703e+02
-3.093377950754228323e+02
-3.107147057611459218e+02
-3.119221041112313628e+02
-3.129518264334058699e+02
-3.137279165989330636e+02
-3.141377816145308657e+02
-3.140800111431674395e+02
-3.135168001350936606e+02
-3.125134217522588074e+02
-3.112465796377994138e+02
-3.099708169221595426e+02
-3.089454878950398324e+02
-3.083408795259728663e+02
-3.081569204335590939e+02
-3.081934377872105415e+02
-3.080999114853843821e+02
-3.075071516901518862e+02
-3.062096403774398254e+02
-3.043314674549037022e+02
-3.023875682060779013e+02
-3.011711943972108543e+02
-3.014642319610785535e+02
-3.036473510523286450e+02
-3.073348363771691538e+02
-3.111525660228813877e+02
-3.127362574614933806e+02
-3.089817557350627908e+02
-2.965342884006014401e+02
-2.724431192652912159e+02
-2.348369158469563160e+02
-1.834330153120340583e+02
-1.197222075026023447e+02
-4.676938037874408138e+01
3.130628104648416610e+01
1.100179499559372971e+02
1.851866139869230778e+02
2.534619453858930456e+02
3.126118437717310599e+02
3.615747565228595590e+02
4.003235832452313616e+02
4.296187464551014159e+02
4.507300033477438319e+02
4.651853099251549679e+02
4.745701733954767292e+02
4.803701907874165613e+02
4.838405273256209398e+02
4.859019304724924950e+02
4.870846181242113744e+02
4.875435834131351953e+02
4.871469904058330940e+02
4.856127484285470928e+02
4.826549538189768214e+02
4.781028399908396409e+02
4.719641488236036366e+02
4.644192093452549557e+02
4.557494187034424726e+02
4.462216247100444662e+02
4.359646134923734735e+02
4.248790641434441682e+02
4.126133583152587789e+02
3.986190956114362507e+02
3.822797330112470604e+02
3.630848614742052405e+02
3.408031812764156712e+02
3.156009132700346527e+02
2.880694546382854355e+02
2.591589488445105189e+02
2.300434821488205728e+02
2.019558319855808008e+02
1.760254606718677906e+02
1.531414154458715871e+02
1.338521555141404633e+02
1.183124323110419880e+02
1.062887451920302055e+02
9.722914595783140612e+01
9.038685192884689457e+01
8.496888596451714193e+01
8.027135988994112381e+01
7.576700456846656095e+01
7.112794101509027200e+01
6.618969682020524203e+01
6.087887541503292965e+01
5.513328798921161678e+01
4.884415434972345338e+01
4.184280878266383752e+01
3.393476630241494263e+01
2.496154995863238213e+01
1.486131881325438542e+01
3.706108383913246485e+00
-8.292894191413353155e+00
-2.080901309625587459e+01
-3.344364134251947007e+01
-4.578013400581865255e+01
-5.744093871312072963e+01
-6.814247256099972105e+01
-7.774071951669388625e+01
-8.625757528361549475e+01
-9.387758725160477979e+01
-1.009093383005336335e+02
-1.077147516688163478e+02
-1.146202323068436897e+02
-1.218323180245155584e+02
-1.293845203833746211e+02
-1.371377673325176261e+02
-1.448397912949089061e+02
-1.522209241816061933e+02
-1.590811931001737776e+02
-1.653272365867775591e+02
-1.709508168962721015e+02
-1.759797244759528496e+02
-1.804443081084527876e+02
-1.843807089755333664e+02
-1.878592025005552557e+02
-1.910104299508083727e+02
-1.940289281121768568e+02
-1.971496696802862516e+02
-2.006068170072543637e+02
-2.045901270289340630e+02
-2.092127782673082947e+02
-2.144950907902023403e+02
-2.203588861138162827e+02
-2.266292599419127498e+02
-2.330535799228476890e+02
-2.393530560987169906e+02
-2.453075931306570396e+02
-2.508509470829735051e+02
-2.561395805237929721e+02
-2.615595305354527227e+02
-2.676451971246356720e+02
-2.749013052417110998e+02
-2.835466887292937486e+02
-2.932313554167333791e+02
-3.028059861085272928e+02
-3.102355699221122904e+02
-3.127362574614933806e+02
-3.071675068205518073e+02
-2.906332119518631316e+02
-2.611601338908266712e+02
-2.182677163710194748e+02
-1.632518029716122783e+02
-9.908114715889973922e+01
-2.992240731947768495e+01
3.957993120379967422e+01
1.050779142004274007e+02
1.631570703508088229e+02
2.117002299492992279e+02
2.499336233872278683e+02
2.782059522630530637e+02
2.976162022135606549e+02
3.096202528031478209e+02
3.157163037710654976e+02
3.172567644803427811e+02
3.153793899177968001e+02
3.110100146045828637e+02
3.048776841726617022e+02
2.975029403397873011e+02
2.891585310296524653e+02
2.798375786548386941e+02
2.692776217704672490e+02
2.570713311023101824e+02
2.428544945140177447e+02
2.265207292153835965e+02
2.083908185357118441e+02
1.892697334174868331e+02
1.703509149706022470e+02
1.529662956822948843e+02
1.382267423097412404e+02
1.266483063077399436e+02
1.179018034266477315e+02
1.108231239287300696e+02
