-9.078897371407661865e+01
-1.097713662859922437e+02
-1.279098558889372583e+02
-1.445180317738784765e+02
-1.591989867346660787e+02
-1.718821875655053475e+02
-1.827657232532302487e+02
-1.921879311098702487e+02
-2.004827938350888417e+02
-2.078858589377110775e+02
-2.145352144086185149e+02
-2.205594134154504786e+02
-2.261890413824442021e+02
-2.318076748416872590e+02
-2.378903289029435655e+02
-2.448429626761061968e+02
-2.528109902529069757e+02
-2.615377052987156503e+02
-2.703229243451920070e+02
-2.780779466045330537e+02
-2.834322766579315385e+02
-2.848521840098966891e+02
-2.807713315741304427e+02
-2.697615494676489334e+02
-2.507528200163873180e+02
-2.232615425065946511e+02
-1.875516700021152303e+02
-1.446647217279826236e+02
-9.630261416754456150e+01
-4.459703767139099995e+01
8.176050396214943561e+00
5.987869765870146921e+01
1.087436983306612746e+02
1.535256152391484932e+02
1.935524051074186787e+02
2.286749479381203685e+02
2.591280869958021071e+02
2.853358002744806186e+02
3.077123248300163141e+02
3.265183895818661313e+02
3.418127732279691031e+02
3.534979154375017174e+02
3.614210479225141057e+02
3.654835766591444894e+02
3.657272407645467638e+02
3.623818597011451175e+02
3.558632537150186863e+02
3.467116535508455968e+02
3.354756046886184322e+02
3.225721411113820523e+02
3.081730240171135051e+02
2.921636951378095546e+02
2.741981866782388124e+02
2.538440645550943486e+02
2.307861914914685144e+02
2.050353120681803603e+02
1.770692404333414913e+02
1.478378734531027590e+02
1.186045370599387923e+02
9.066512060378053661e+01
6.504654244902388882e+01
4.230021869518520816e+01
2.246407119626826443e+01
5.191140472793104976e+00
-1.002797724097949228e+01
-2.365541459108081312e+01
-3.599586017291977669e+01
-4.720952987206638340e+01
-5.740375155980641608e+01
-6.672745924283955787e+01
-7.540983834347865411e+01
-8.372790100132040436e+01
-9.192939539812162764e+01
-1.001577477679658728e+02
-1.084180781267155851e+02
-1.165976646351435875e+02
-1.245285873120342615e+02
-1.320649913868668932e+02
-1.391451365890233092e+02
-1.458193468786168978e+02
-1.522427511922887504e+02
-1.586443011118582547e+02
-1.652828073844594883e+02
-1.723901374709606387e+02
-1.800988109888552913e+02
-1.883710886627441141e+02
-1.969721612379263433e+02
-2.055208082472367153e+02
-2.135998140517662307e+02
-2.208641460810994772e+02
-2.270949660820234328e+02
-2.321991867559231935e+02
-2.361928642681747306e+02
-2.391994449202205431e+02
-2.414568346573868496e+02
-2.432986440279229612e+02
-2.450808495031926668e+02
-2.470654008358749820e+02
-2.493197672212178873e+02
-2.517049213719476768e+02
-2.539804170642831309e+02
-2.559773163340873623e+02
-2.577380248943509287e+02
-2.595387159109297386e+02
-2.617779590815103461e+02
-2.647853917470071110e+02
-2.686422797446000459e+02
-2.730977789364877140e+02
-2.776136727714891776e+02
-2.815046925556660540e+02
-2.841001274281296105e+02
-2.848521840098966891e+02
-2.833471459156367018e+02
-2.792198291594407351e+02
-2.720164479796744104e+02
-2.610809398178758443e+02
-2.455356851577176940e+02
-2.243893224417614363e+02
-1.967515434984456704e+02
-1.620927843275599969e+02
-1.204709114037862037e+02
-7.265937323721516350e+01
-2.014178388257071717e+01
3.502964787137732827e+01
9.048883287296465028e+01
1.438794745405670028e+02
1.931850366188832311e+02
2.369939377929488558e+02
2.746410546261241166e+02
3.061992168344926313e+02
3.323323851668475299e+02
3.540508992158645469e+02
3.724264086529188376e+02
3.883311988403924602e+02
4.022607827414930739e+02
4.142790138123049246e+02
4.240947774624129352e+02
4.312415316077696730e+02
4.352928249086690471e+02
4.360277391658833039e+02
4.334804463931964733e+02
4.278647637346852548e+02
4.194267921755764519e+02
4.083114760654590327e+02
3.945167374262894100e+02
3.779596646544727037e+02
3.586180109606208362e+02
3.366701350773676609e+02
3.125615507988889590e+02
2.869713740130872566e+02
2.607037477684628470e+02
2.345535696987990946e+02
2.091872112892423843e+02
1.850618778058225757e+02
1.624020310248801024e+02
1.412464221230692090e+02
1.215549228961649106e+02
1.033305948729177288e+02
8.669918450743655569e+01
7.190759163439055612e+01
5.923989534737372509e+01
4.888141553726728006e+01
4.077812813613765286e+01
3.454510405422175268e+01
2.947243370637605508e+01
2.464856499155177971e+01
1.917269870834500978e+01
1.238655067847519042e+01
4.043431555148911727e+00
-5.646813079010726710e+00
-1.611118389380827409e+01
-2.660620046990933929e+01
-3.644204604854245133e+01
-4.517417795843623196e+01
-5.271415712008499099e+01
-5.932662464868128893e+01
-6.550664240748729128e+01
-7.177834123588903026e+01
-7.849836948826987282e+01
-8.575022715192096712e+01
-9.336888417202746382e+01
-1.010684379014943346e+02
-1.086004112614554344e+02
-1.158683995702397738e+02
-1.229596477506463827e+02
-1.300986685214799081e+02
-1.375525901644825524e+02
-1.455172945892815903e+02
-1.540108878336248210e+02
-1.628115372348605376e+02
-1.714795447966271809e+02
-1.794743774223278194e+02
-1.863292997248553036e+02
-1.918136121795158147e+02
-1.960145845862033411e+02
-1.993066262578569479e+02
-2.022261007023113280e+02
-2.053080142040013243e+02
-2.089474059910333210e+02
-2.133273103219268876e+02
-2.184246036646221398e+02
-2.240824460383504402e+02
-2.301235585039567582e+02
-2.364619192626126392e+02
-2.431582690109541431e+02
-2.503753988785836668e+02
-2.582244875202332537e+02
-2.665409922649753867e+02
-2.746715486513673454e+02
-2.813678427131125659e+02
-2.848521840098966891e+02
-2.830602538063528186e+02
-2.740154222142428466e+02
-2.562559240354082135e+02
-2.292089974333846953e+02
-1.933943634291951525e+02
-1.503738004722123378e+02
-1.024498000734051288e+02
-5.221386225819286153e+01
-2.094770474930406579e+00
4.596887751622673335e+01
9.068009464315926493e+01
1.313707100371699141e+02
1.678646716249947701e+02
2.002666630420684442e+02
2.287387496551233426e+02
2.533425048744178696e+02
2.740088148803944250e+02
2.906365006465131273e+02
3.032477769832713079e+02
3.120978666496696974e+02
3.176684072888871242e+02
3.205448878922275640e+02
3.212434722338387019e+02
3.200739434008812054e+02
3.170913519847100588e+02
3.121300441605343394e+02
3.048813037399585824e+02
2.949866637119865231e+02
2.821395013809354850e+02
2.661844923099829430e+02
2.471884704094704830e+02
2.254594960568876729e+02
2.015189665019973404e+02
1.760552694799681888e+02
1.498811525778212399e+02
1.238917411012401573e+02
9.900747164766210062e+01
7.609547845661236920e+01
5.587664415912156812e+01
3.883185699191988505e+01
2.512537292252554266e+01
1.457032813757328604e+01
6.664968656497499921e+00
7.144864813055207264e-01
-3.984244121978704811e+00
-7.961093349886773751e+00
-1.147286285625225588e+01
-1.452668502712815268e+01
-1.700224944130766147e+01
-1.879619268193481929e+01
-1.990437800446591865e+01
