1.711389062803152967e+02
2.095269904651843262e+00
-1.448239636690257157e+02
-2.532278752316421446e+02
-3.161877557469364319e+02
-3.366088095556863209e+02
-3.247524691768456933e+02
-2.942752608746192777e+02
-2.583081796065677054e+02
-2.266698581286278227e+02
-2.046569785358638569e+02
-1.932822775603164018e+02
-1.904785944765678209e+02
-1.926757292214906556e+02
-1.962375815058353510e+02
-1.984401367310161390e+02
-1.978859037179648226e+02
-1.944216542677859820e+02
-1.887316391003139984e+02
-1.818184394340655672e+02
-1.745613643354207625e+02
-1.674700923368673671e+02
-1.606571908211226400e+02
-1.539736271015393072e+02
-1.472147539752698435e+02
-1.403107836610268464e+02
-1.334403291373216121e+02
-1.270301542939494084e+02
-1.216332478064735483e+02
-1.177159601079715117e+02
-1.154234891994286158e+02
-1.144169836560644740e+02
-1.138719190288449568e+02
-1.126818845902050725e+02
-1.098260330589083651e+02
-1.047700311692332207e+02
-9.773268205565184985e+01
-8.968881584815414953e+01
-8.207641519098126537e+01
-7.628932555958195394e+01
-7.311990687785532828e+01
-7.233658308399472503e+01
-7.253476642073539438e+01
-7.131190714743166836e+01
-6.572820181842104148e+01
-5.294782951419153960e+01
-3.091017839836823100e+01
1.144812546529465180e+00
4.245714394029408822e+01
9.091286043389855820e+01
1.435457237211732888e+02
1.972018680119119267e+02
2.491423066239975981e+02
2.974034533347610250e+02
3.408563841909232224e+02
3.790392361557875347e+02
4.119127123675784219e+02
4.396702536534331784e+02
4.626516609941906495e+02
4.813302685915454049e+02
4.963105974671956915e+02
5.082793316963384882e+02
5.178829951946859182e+02
5.255554523672249161e+02
5.313656848723085204e+02
5.349664669031412814e+02
5.356872861063638993e+02
5.327535952639025254e+02
5.255598509310996178e+02
5.138962846889594402e+02
4.980418966288715410e+02
4.786889883012989912e+02
4.567339135737569791e+02
4.330195967628339417e+02
4.081276739014877535e+02
3.822922112863076336e+02
3.554558646179467019e+02
3.274357987805714743e+02
2.981332074985234613e+02
2.677133551678719527e+02
2.366958322190671709e+02
2.059221282723744082e+02
1.764062942097441180e+02
1.491126874462750891e+02
1.247276630598795748e+02
1.034951376670888123e+02
8.517256864544708606e+01
6.913224307106966648e+01
5.458160174809490428e+01
4.082338129237292890e+01
2.745337403235285478e+01
1.441842195851594255e+01
1.919419104847991164e+00
-9.785775420249944290e+00
-2.058060274113118027e+01
-3.059680382573871782e+01
-4.019026869423710480e+01
-4.980974890978500724e+01
-5.982363012714462513e+01
-7.037993584967382787e+01
-8.135810200363009415e+01
-9.243217352421436317e+01
-1.032177979732509101e+02
-1.134412550245905891e+02
-1.230592414609626246e+02
-1.322756831097408963e+02
-1.414458591469942803e+02
-1.509124810589775905e+02
-1.608524753893092338e+02
-1.712069432786508685e+02
-1.817221401378419898e+02
-1.920675389347017301e+02
-2.019560503758640664e+02
-2.112030381442583575e+02
-2.197148554325371208e+02
-2.274471785065017286e+02
-2.343815091453471666e+02
-2.405390363396698490e+02
-2.460152345394397742e+02
-2.510012904593748999e+02
-2.557656870228460093e+02
-2.605939125654481927e+02
-2.657117102481361144e+02
-2.712287207064053973e+02
-2.771250726161018747e+02
-2.832745887904068809e+02
-2.894781154149276290e+02
-2.954857180243295716e+02
-3.010135110812105950e+02
-3.057840961814820275e+02
-3.096121751815919652e+02
-3.125183119664031892e+02
-3.148100780140035795e+02
-3.170536292067295108e+02
-3.198921917387816620e+02
-3.237444240369386534e+02
-3.284921671090846189e+02
-3.332927755441104978e+02
-3.366088095556863209e+02
-3.364617950657450365e+02
-3.308312347948056527e+02
-3.180749790842015727e+02
-2.972609540883744330e+02
-2.683426437042909356e+02
-2.321549923149902099e+02
-1.902432789149211487e+02
-1.445716844566316865e+02
-9.718991604667894535e+01
-4.994890639214636252e+01
-4.333274088967115745e+00
3.857462138211005254e+01
7.803501983399465303e+01
1.135530325214703851e+02
1.447915378895674792e+02
1.715204911312121112e+02
1.936070871767293227e+02
2.110379045289141686e+02
2.239571117586069136e+02
2.326993489069742509e+02
2.377908553894219779e+02
2.398949149200174702e+02
2.396972708621949835e+02
2.377576792713529699e+02
2.343729403270041303e+02
2.294950036926989867e+02
2.227366720405426861e+02
2.134818670541191068e+02
2.010879203430311009e+02
1.851265316053790571e+02
1.655823161640583976e+02
1.429369732761862224e+02
1.181113052563249255e+02
9.228899286449660622e+01
6.667954688564626053e+01
4.229124058883118664e+01
1.978297789011770647e+01
-5.615598238992163260e-01
-1.874666227842399735e+01
-3.492640686295801800e+01
-4.929207902668764518e+01
-6.202556336024692030e+01
-7.330405020106874758e+01
-8.331477966324976592e+01
-9.225482852810986856e+01
-1.003195035733133409e+02
-1.076913135807659501e+02
-1.145337373953017703e+02
-1.209903052164269468e+02
-1.271914359740457456e+02
-1.332678260467763778e+02
-1.393585375748438082e+02
-1.455962417841352305e+02
-1.520641077248475597e+02
-1.587442729683190237e+02
-1.654941002432254606e+02
-1.720772457253284529e+02
-1.782469434310214922e+02
-1.838463383900453891e+02
-1.888769421000985744e+02
-1.935048938703799308e+02
-1.980107900554813227e+02
-2.027094273257055477e+02
-2.078609254081128199e+02
-2.135873523005218431e+02
-2.198163571931020215e+02
-2.262803570537030282e+02
-2.325839917065566738e+02
-2.383181847814942671e+02
-2.431737101461576742e+02
-2.470123421949463136e+02
-2.498863060140595849e+02
-2.520305002318752656e+02
-2.538551598500200157e+02
-2.559309097819898966e+02
-2.589174366642379255e+02
-2.633938468963716559e+02
-2.696177171636738876e+02
-2.773217775279963462e+02
-2.856797682972262464e+02
-2.935053914640119501e+02
-2.996285356351514793e+02
-3.032981820475138193e+02
-3.044484812815107944e+02
-3.037325405941945178e+02
-3.023298744197807650e+02
-3.016118886004843489e+02
-3.027729148532887393e+02
-3.065103725612611925e+02
-3.128024774468522651e+02
-3.208114220310475275e+02
-3.289318373789442944e+02
-3.349941860474100395e+02
-3.366088095556863209e+02
-3.315954911765678048e+02
-3.184015748784429434e+02
-2.964005937309963201e+02
-2.660005921580716404e+02
-2.285562379014724570e+02
-1.861295617186736422e+02
-1.411621305621029592e+02
-9.612321394727005952e+01
-5.319826713600237156e+01
-1.407038011922756482e+01
2.018292712269641243e+01
4.908790471411185763e+01
7.269061903745057407e+01
9.140582426315339148e+01
1.058104064771185620e+02
1.164127493062885037e+02
1.234587168770816845e+02
1.268457441860397239e+02
1.261930568797074841e+02
1.210644290034193205e+02
1.112827691177540430e+02
9.723558791474965801e+01
8.005476289581883975e+01
6.156590904681979737e+01
4.395311573096978464e+01
2.918028677142564220e+01
1.833259851350248937e+01
1.114001466848471011e+01
5.943893719903925899e+00
