-2.306065090278747576e+01
-3.192620163748680540e+01
-4.195826202522192716e+01
-5.390818068831181620e+01
-6.784928797106546483e+01
-8.316650021512518265e+01
-9.877788177737659225e+01
-1.134834752610448732e+02
-1.263008754958710540e+02
-1.366760569476840033e+02
-1.445318836716498083e+02
-1.501873331167776655e+02
-1.542100319193415885e+02
-1.572551199575982537e+02
-1.599224892659045167e+02
-1.626537374064091068e+02
-1.656876587696447132e+02
-1.690802095536810157e+02
-1.727657764034500474e+02
-1.766172063604007292e+02
-1.804792706384252483e+02
-1.841875780636213165e+02
-1.876005073927646265e+02
-1.906522091811230837e+02
-1.934032692956789106e+02
-1.960500048131128779e+02
-1.988676799001730160e+02
-2.021018690151275905e+02
-2.058580982829634252e+02
-2.100428935581698511e+02
-2.143793682130185516e+02
-2.184853088043141724e+02
-2.219827833607935474e+02
-2.246037796960507080e+02
-2.262585817895813989e+02
-2.270454364464193873e+02
-2.272040174940610484e+02
-2.270388304742850778e+02
-2.268460368600994457e+02
-2.268650626458043007e+02
-2.272545280512334784e+02
-2.280782813287476642e+02
-2.292947761449303243e+02
-2.307616742757644772e+02
-2.322724731985133531e+02
-2.336236169466159822e+02
-2.346837237771405285e+02
-2.354243171554210505e+02
-2.358891327211451596e+02
-2.361217465136575981e+02
-2.361079910192693774e+02
-2.357838887485708881e+02
-2.351090286210551881e+02
-2.341532354471403892e+02
-2.331379518940109676e+02
-2.324082989936375441e+02
-2.323419349339116877e+02
-2.332063609142208236e+02
-2.349832414705524855e+02
-2.372063391023708334e+02
-2.388847397264940753e+02
-2.385694521979894773e+02
-2.345668217294566489e+02
-2.252378744865903002e+02
-2.092883767074640389e+02
-1.859730355930974781e+02
-1.551938884821898625e+02
-1.175207909681491287e+02
-7.416540088459129265e+01
-2.690673777603435468e+01
2.206556311727055686e+01
7.041899478567788151e+01
1.160346168438717314e+02
1.573609811354241117e+02
1.936372703620401694e+02
2.248887866298065887e+02
2.516923613504113177e+02
2.748164007902051367e+02
2.948937072741385919e+02
3.122499634272144249e+02
3.269134711896265344e+02
3.387413211355102476e+02
3.475668170697341566e+02
3.532998271385262683e+02
3.559568394497756572e+02
3.556321558003455721e+02
3.524402487056232758e+02
3.464637291400562162e+02
3.377337610980256386e+02
3.262538687903147547e+02
3.120587369748963056e+02
2.952837912880744966e+02
2.762161553942576120e+02
2.553035172476634216e+02
2.331112409525035503e+02
2.102394971158802264e+02
1.872345967004746399e+02
1.645322340561874341e+02
1.424465799529477010e+02
1.211907251636603462e+02
1.009058912969202879e+02
8.168624721958589419e+01
6.359811552880864838e+01
4.669873091169424129e+01
3.105413030340811531e+01
1.674050964303459921e+01
3.809126261860452445e+00
-7.783781246830187683e+00
-1.824755315915073695e+01
-2.797521774393529626e+01
-3.746936973855749642e+01
-4.718308920886490654e+01
-5.734236021398353955e+01
-6.784405522477598538e+01
-7.829205443049085034e+01
-8.816300969391765818e+01
-9.702858894615046381e+01
-1.047365093440030819e+02
-1.114756497150487036e+02
-1.177055909942143472e+02
-1.239884231196052156e+02
-1.307925589114050240e+02
-1.383369461236094082e+02
-1.465240180166796335e+02
-1.549841465329862160e+02
-1.632197775384113072e+02
-1.707946420595476411e+02
-1.774870602753330218e+02
-1.833424033389787553e+02
-1.886117954078301295e+02
-1.936168199517842083e+02
-1.986037919945476631e+02
-2.036435768367512651e+02
-2.086082374314585763e+02
-2.132269575505064836e+02
-2.171974449896580666e+02
-2.203095461158308126e+02
-2.225322157023471448e+02
-2.240315877852983419e+02
-2.251209368933109829e+02
-2.261688313717871495e+02
-2.274944696704951355e+02
-2.292729289044409029e+02
-2.314756578516523575e+02
-2.338727258901837445e+02
-2.361034012677534122e+02
-2.377892474808543568e+02
-2.386471789044762204e+02
-2.385694521979894773e+02
-2.376576114289374289e+02
-2.362065080065057430e+02
-2.346296431232197222e+02
-2.333158150233096251e+02
-2.324288867238818739e+02
-2.316973962201240056e+02
-2.302655749756735588e+02
-2.266781816889240417e+02
-2.190459643531530389e+02
-2.053870605489513537e+02
-1.840734787609561636e+02
-1.542594157415558414e+02
-1.161577671910002607e+02
-7.107136252420791322e+01
-2.116304667387758798e+01
3.096542916812982682e+01
8.275603299424935244e+01
1.320982899374124031e+02
1.775538041100639646e+02
2.183717634871749453e+02
2.543370184760454720e+02
2.855395463744337121e+02
3.121681184447131727e+02
3.344078968949736463e+02
3.524611438139128268e+02
3.666365285351218972e+02
3.774141879814648064e+02
3.854190912405649669e+02
3.913004495370748828e+02
3.955702299569423985e+02
3.984714173931841970e+02
3.999296923947895266e+02
3.996043820817982350e+02
3.970130285773311698e+02
3.916798343366457402e+02
3.832621075543066809e+02
3.716302065075041128e+02
3.568973275232866627e+02
3.394073796474760911e+02
3.196936654301565568e+02
2.984209834843736644e+02
2.763214891039745567e+02
2.541334310184407457e+02
2.325499894810805017e+02
2.121764939645454433e+02
1.934833574604999455e+02
1.767477804381811666e+02
1.620039293794187643e+02
1.490426171196941141e+02
1.374879195588503080e+02
1.269338426855598527e+02
1.170854142136103349e+02
1.078449077002880472e+02
9.931126363966518511e+01
9.169624128832141707e+01
8.518907185665239012e+01
7.981879649950565181e+01
7.536812327059296024e+01
7.138061395673648235e+01
6.727214448938687497e+01
6.251280508698357607e+01
5.680575822433780786e+01
5.018335102331627695e+01
4.297867171655053653e+01
3.568906793643127173e+01
2.879112794944023079e+01
2.257701587785872377e+01
1.706391013321289307e+01
1.199499130846567496e+01
6.918045139686149980e+00
1.308916565254818920e+00
-5.296527484784164130e+00
-1.319301084665269030e+01
-2.243930599084926314e+01
-3.283897742761415373e+01
-4.396108640460288086e+01
-5.519654323389349315e+01
-6.585457216328704533e+01
-7.529717918504518082e+01
-8.308702193385533974e+01
-8.910748035554553326e+01
-9.361522487531766501e+01
-9.719756541003715711e+01
-1.006257796944882159e+02
-1.046323271659952354e+02
-1.096905578620449830e+02
-1.158992114015961192e+02
-1.230302868083851138e+02
-1.307064575657501564e+02
-1.386039018236850779e+02
-1.465808055071675255e+02
-1.546958016812486392e+02
-1.631448805490175573e+02
-1.721668686314009165e+02
-1.819485765999540092e+02
-1.925317481394801291e+02
-2.037155422513019118e+02
-2.149677915217818338e+02
-2.253829941009812217e+02
-2.337256190621482972e+02
-2.385694521979894773e+02
-2.385089102323144914e+02
-2.323988400562155050e+02
-2.195794994205268438e+02
-2.000493409196038499e+02
-1.745452375475234987e+02
-1.444851274911096652e+02
-1.117468187065566099e+02
-7.830685824576266896e+01
-4.582165430843575393e+01
-1.527075507725185588e+01
1.321768654233137852e+01
4.028617583044574957e+01
