-3.008318122287851537e+01
-4.378345856355575449e+01
-5.606203318973643235e+01
-6.586158124233537592e+01
-7.274006010787557841e+01
-7.689434624403187968e+01
-7.899408314032010026e+01
-7.991107322305917648e+01
-8.044694592230841579e+01
-8.114100898191452416e+01
-8.219736166464346638e+01
-8.352580334627556624e+01
-8.486027464451966296e+01
-8.590624054852052893e+01
-8.647096042316172770e+01
-8.654164961281207979e+01
-8.629262204593922547e+01
-8.602403679012437010e+01
-8.605864185335508409e+01
-8.663690825813907281e+01
-8.784518236201333252e+01
-8.959255114091925520e+01
-9.163662186862663361e+01
-9.365152568585023118e+01
-9.532368936300895257e+01
-9.644688293215260444e+01
-9.697711920239738959e+01
-9.701499721077071570e+01
-9.671208485511643005e+01
-9.613397634069336561e+01
-9.513286481489998891e+01
-9.327845065565530547e+01
-8.987834764636994578e+01
-8.409739265511099404e+01
-7.515706158746537824e+01
-6.256262067537296900e+01
-4.628305386173490632e+01
-2.681674748559302301e+01
-5.117964897599602381e+00
1.758480228904952014e+01
4.001007060031346896e+01
6.101602131823793229e+01
7.972574669328189145e+01
9.558080565152141617e+01
1.083403559533605858e+02
1.180455059922914245e+02
1.249574226070142799e+02
1.294690291629516423e+02
1.319973205521739885e+02
1.328822014560182936e+02
1.323288591958219627e+02
1.304180002918022865e+02
1.271758197061193840e+02
1.226654214776595637e+02
1.170534351992829585e+02
1.106212779348698234e+02
1.037168585694412570e+02
9.666569859015464772e+01
8.967406516088979629e+01
8.275964006209862589e+01
7.573736320192678306e+01
6.827259228984222261e+01
5.999638614022296679e+01
5.065877632542309783e+01
4.027350934962943541e+01
2.919288425762288597e+01
1.806485442039588207e+01
7.672559649221870615e+00
-1.285397592534458511e+00
-8.385421656685581482e+00
-1.356717115864644363e+01
-1.709370734850000417e+01
-1.941081458158898343e+01
-2.097159613809425593e+01
-2.210072903267324307e+01
-2.294534475672443108e+01
-2.351244455366125763e+01
-2.375342140293360771e+01
-2.364534293419892208e+01
-2.323816436747612002e+01
-2.266548428737603871e+01
-2.212853779558900413e+01
-2.186004968902671663e+01
-2.207504743820754101e+01
-2.292303873026795458e+01
-2.445806675902731087e+01
-2.663529946847250685e+01
-2.933164396114286987e+01
-3.238078571951540141e+01
-3.561148556717922986e+01
-3.887937109070645647e+01
-4.208659531484038041e+01
-4.519087763719726780e+01
-4.820814893482933172e+01
-5.120478453878676817e+01
-5.426779310143191992e+01
-5.745167826319219984e+01
-6.072413074483161921e+01
-6.394557186597472764e+01
-6.690425423410071915e+01
-6.939589513295420886e+01
-7.130882718475848492e+01
-7.267341084904550996e+01
-7.365571709497672259e+01
-7.450189606063736392e+01
-7.545791598055801330e+01
-7.669515852678105716e+01
-7.826554717286956020e+01
-8.009596816235632843e+01
-8.201944204007784833e+01
-8.383359801190641747e+01
-8.537182602719722979e+01
-8.656453702255853955e+01
-8.746207014758243758e+01
-8.820101144459322029e+01
-8.892690642253033673e+01
-8.971835623595588061e+01
-9.055982721343372077e+01
-9.137665208346713541e+01
-9.210375632285361291e+01
-9.274272247582447903e+01
-9.337445986049544899e+01
-9.411795678698263146e+01
-9.504583324386872789e+01
-9.608347426007524916e+01
-9.692738640443418774e+01
-9.701499721077071570e+01
-9.556528359708701714e+01
-9.169317763245253161e+01
-8.457986347434555796e+01
-7.365868857284056048e+01
-5.876504820856413147e+01
-4.020915669989999941e+01
-1.875336048009189938e+01
4.501968218826220891e+00
2.829776406618777429e+01
5.141450611487741895e+01
7.283754971968376424e+01
9.185303850538083736e+01
1.080647477843733100e+02
1.213478606073266803e+02
1.317712521977331335e+02
1.395206195006551297e+02
1.448429927323843742e+02
1.480169620903395753e+02
1.493411172951467734e+02
1.491309580464864837e+02
1.477181755656204132e+02
1.454460171983633359e+02
1.426496059752549286e+02
1.396118512152137612e+02
1.365009930222077514e+02
1.333153330256382105e+02
1.298661874977629225e+02
1.258154335052772410e+02
1.207625060451283048e+02
1.143610374679831523e+02
1.064363498752332760e+02
9.706917479198278897e+01
8.661545964780353302e+01
7.565025463024707619e+01
6.484746209915320492e+01
5.482844938859410178e+01
4.602601827619009356e+01
3.860869228585422519e+01
3.249002890638340091e+01
2.741610421237166761e+01
2.309475495779872034e+01
1.931480155823619427e+01
1.601064060516482357e+01
1.325482919059906450e+01
1.119235904481063137e+01
9.948037050524645153e+00
9.539685164629021941e+00
9.823743232340476084e+00
1.049205207375755400e+01
1.112579592015594265e+01
1.129350534162575670e+01
1.066227565182604664e+01
9.084081063827635916e+00
6.626635591449133500e+00
3.539533758419037390e+00
1.728962569115521930e-01
-3.116951074612579475e+00
-6.042912221213537549e+00
-8.431170886362119532e+00
-1.024029803328415156e+01
-1.156490196644395851e+01
-1.262306751939151184e+01
-1.371969211027725066e+01
-1.518323297779220127e+01
-1.728664446833865753e+01
-2.017581564034418307e+01
-2.383318728352129767e+01
-2.809432541218206580e+01
-3.271210854187576444e+01
-3.743807724295429296e+01
-4.207978605810209416e+01
-4.650811361204507222e+01
-5.062271333038694365e+01
-5.431197673848012641e+01
-5.744453880598609885e+01
-5.990430648624560206e+01
-6.165018312053875604e+01
-6.276471173510562096e+01
-6.346016513196416042e+01
-6.403153175503661032e+01
-6.477304702833561123e+01
-6.589536121925905832e+01
-6.748035580522147825e+01
-6.948690563675258147e+01
-7.179086456072256794e+01
-7.423092152725524784e+01
-7.664536672998899292e+01
-7.890508326942814676e+01
-8.095182143306438149e+01
-8.283319167123052296e+01
-8.470540581710299932e+01
-8.677625530171184209e+01
-8.919071609192089056e+01
-9.189935283243208630e+01
-9.456601261829308669e+01
-9.655613771523690048e+01
-9.701499721077071570e+01
-9.501599473078879043e+01
-8.974169935846487078e+01
-8.065361953300676134e+01
-6.761005548351117511e+01
-5.090640209696431384e+01
-3.123570145949366861e+01
-9.586759926991422986e+00
1.289584794688775560e+01
3.506572247056003278e+01
5.591708942867358445e+01
7.468917064811134310e+01
9.091212453979457564e+01
1.043891820193315993e+02
1.151280178157254142e+02
1.232500470159514663e+02
1.289125816423319293e+02
1.322705935035493781e+02
1.334856586655213277e+02
1.327687050320744788e+02
1.304269310235164312e+02
1.268790176459594079e+02
1.226133732102097724e+02
1.180921119034984059e+02
1.136352381417385260e+02
1.093343818671399958e+02
1.050335266470962949e+02
1.003861656882412063e+02
9.497310965863218257e+01
8.845055291575599199e+01
8.069109389364214735e+01
7.188104468377505896e+01
6.254628141334138292e+01
5.348920063994452789e+01
4.562802105690651189e+01
3.975035833738034796e+01
3.623798817072733414e+01
3.486957983375398840e+01
3.481474939898171783e+01
