5.589315403361837298e+00
3.530915263649163194e+01
5.936144924125457578e+01
7.371476661784173245e+01
7.701051117599755003e+01
7.058207674200885151e+01
5.766291855428342217e+01
4.221909844250950528e+01
2.784953505405889018e+01
1.704412068849974560e+01
1.089703265995617798e+01
9.217039683033764419e+00
1.089357844564579736e+01
1.436766372385373458e+01
1.808873099942803009e+01
2.087181724281047934e+01
2.209248238008466814e+01
2.168950800612932284e+01
1.999990174580561586e+01
1.750643382510437362e+01
1.460157444934844051e+01
1.145071621254210470e+01
7.986416207521102706e+00
4.008473938041333895e+00
-6.756082231495259549e-01
-6.141136945314684681e+00
-1.230812131377589047e+01
-1.896981660134419556e+01
-2.585531580097605442e+01
-3.269336333674574036e+01
-3.925828553695971124e+01
-4.539194280798510306e+01
-5.100474594089940439e+01
-5.606633675001311445e+01
-6.060153776984882512e+01
-6.470206749563269000e+01
-6.854537717131756835e+01
-7.239213774281161307e+01
-7.653499397541463622e+01
-8.119955680533178111e+01
-8.643690260880089227e+01
-9.206712700735458554e+01
-9.771731501583229829e+01
-1.029485616896223803e+02
-1.074134904269905064e+02
-1.109662434341268806e+02
-1.136774835169666460e+02
-1.157629215535653344e+02
-1.174742107839854981e+02
-1.190073793226527386e+02
-1.204647910257611301e+02
-1.218752649914640358e+02
-1.232453496719083859e+02
-1.245997052932466147e+02
-1.259821880404124954e+02
-1.274219864764436920e+02
-1.288947438803115233e+02
-1.303092060251142073e+02
-1.315319327319568288e+02
-1.324434968003054109e+02
-1.330052538064093710e+02
-1.333023545814206159e+02
-1.335226857393777493e+02
-1.338485634900476384e+02
-1.342792571829515680e+02
-1.344456007547210277e+02
-1.334963203264254332e+02
-1.301183211140533729e+02
-1.227095220070754067e+02
-1.096746153217286235e+02
-8.977838647118242932e+01
-6.246914684537148332e+01
-2.807739034181813764e+01
1.218171851153827845e+01
5.641104510913359604e+01
1.023724609473984231e+02
1.478504696740322970e+02
1.909282411923530276e+02
2.301233132390510718e+02
2.644037042648801616e+02
2.931462428409340646e+02
3.160904640152922411e+02
3.333071264282688730e+02
3.451696834035882375e+02
3.523028709484246974e+02
3.554894304220343315e+02
3.555411510107674644e+02
3.531671017917487916e+02
3.488801227523811122e+02
3.429681267463241738e+02
3.355317232178352924e+02
3.265675956578351133e+02
3.160641530876384877e+02
3.040743676208870738e+02
2.907411608936139373e+02
2.762718819045874170e+02
2.608842631102178302e+02
2.447622100196463180e+02
2.280518541369843319e+02
2.109010284523568828e+02
1.935181922271209771e+02
1.762140532516464191e+02
1.593961222231724264e+02
1.435130045660616247e+02
1.289763829125625136e+02
1.160993719888409998e+02
1.050732670530268820e+02
9.597959481158152073e+01
8.881917782498955205e+01
8.353568913669401752e+01
8.001541918369160555e+01
7.806061805022245892e+01
7.735588803561496718e+01
7.745908886209288369e+01
7.783990035309948041e+01
7.796769519094746670e+01
7.742900618333078455e+01
7.603935436108494628e+01
7.390519218672355350e+01
7.139561009212637543e+01
6.901073878656326599e+01
6.718177735234957026e+01
6.607977471174226025e+01
6.551502023602151326e+01
6.497120711500802770e+01
6.376216043542398637e+01
6.125049349843351365e+01
5.704452375999908753e+01
5.110277395048643712e+01
4.371984461078019990e+01
3.541738736770820850e+01
2.679038145051933384e+01
1.835670974886299689e+01
1.044594208077504049e+01
3.154879724736474600e+00
-3.616568417971421923e+00
-1.006622848290076888e+01
-1.637757183592778176e+01
-2.265223789083844963e+01
-2.891395060593949040e+01
-3.516116961049803535e+01
-4.141412682461299255e+01
-4.771229934584664534e+01
-5.406141891767342145e+01
-6.036986527951640369e+01
-6.642430116244705118e+01
-7.193222116758465745e+01
-7.662218667081862122e+01
-8.036005439999354394e+01
-8.322501750227388584e+01
-8.550141472393116260e+01
-8.758101910499635778e+01
-8.981857159480190944e+01
-9.241115676926918354e+01
-9.535973297242421154e+01
-9.852475539733006826e+01
-1.017370816895778205e+02
-1.049029366884972774e+02
-1.080565226321038210e+02
-1.113460862367801667e+02
-1.149635219740726200e+02
-1.190356042881574865e+02
-1.234965169485469971e+02
-1.279682312064691132e+02
-1.316849521290189955e+02
-1.334963203264254332e+02
-1.319654419149302100e+02
-1.255535143941930016e+02
-1.128677697498766861e+02
-9.293389658813413234e+01
-6.544931040977962766e+01
-3.096144261918179552e+01
9.096173501570291364e+00
5.256210901792847778e+01
9.689062185666654159e+01
1.395876263721781356e+02
1.785962177555311996e+02
2.125138709443875484e+02
2.406101946608662558e+02
2.627042162690382838e+02
2.789961241702831103e+02
2.899229108599694769e+02
2.960600480343618983e+02
2.980596286973614042e+02
2.966071889605640877e+02
2.923845472396691321e+02
2.860332240856347994e+02
2.781166447479774888e+02
2.690795735219602420e+02
2.592056848390047890e+02
2.485847710264235104e+02
2.371132024743590421e+02
2.245480426224879409e+02
2.106124913023160445e+02
1.951228261973087399e+02
1.780915764137715200e+02
1.597661870478355013e+02
1.405849073338319215e+02
1.210634261085481995e+02
1.016568892464278235e+02
8.266001159349973193e+01
6.419785316519512719e+01
4.631556469783971153e+01
2.911579656270374983e+01
1.285867021721116288e+01
-2.036866301828712089e+00
-1.508539664174877259e+01
-2.586412099882718962e+01
-3.412135120553404732e+01
-3.983890830362617663e+01
-4.324485199405199864e+01
-4.477602126855569509e+01
-4.499628766266411617e+01
-4.449689453642874071e+01
-4.381961550682691353e+01
-4.342617959157281859e+01
-4.369660910511732510e+01
-4.491589411293207945e+01
-4.722801799793134592e+01
-5.057790697460919915e+01
-5.468657893143058857e+01
-5.909514864975029269e+01
-6.327969628607205266e+01
-6.680419042780368954e+01
-6.946156306471868902e+01
-7.135716996002351209e+01
-7.290423073562142520e+01
-7.471996421847806857e+01
-7.743853394281069313e+01
-8.149449066556175580e+01
-8.695876333244558509e+01
-9.349975711823820745e+01
-1.004903778873030689e+02
-1.072167032082420519e+02
-1.131020607855402460e+02
-1.178601870020319780e+02
-1.215283320588303013e+02
-1.243844022693184286e+02
-1.267957730378501395e+02
-1.290643177423643806e+02
-1.313210696151945172e+02
-1.334963203264254332e+02
-1.353627794309903436e+02
-1.366309917135746161e+02
-1.370667934068918328e+02
-1.365939841109900783e+02
-1.353428738134466016e+02
-1.336180168685027922e+02
-1.317915083086548123e+02
-1.301676304786923879e+02
-1.288841078309112902e+02
-1.278973824080987640e+02
-1.270537920912360192e+02
-1.262073546973264087e+02
-1.253318289880609626e+02
-1.245847095136995648e+02
-1.242972051223577239e+02
-1.248839830090401648e+02
-1.266946519225787569e+02
-1.298583780948173398e+02
-1.341850278403245511e+02
-1.391707436887637073e+02
