4.146820644816457957e+01
4.552767325970057755e+01
5.163607281708361540e+01
6.132910859216566024e+01
7.528140387226127928e+01
9.318159319095127557e+01
1.138560601192732520e+02
1.355856943704660580e+02
1.565144152740667209e+02
1.750335859954886359e+02
1.900450554986309157e+02
2.010550915465479136e+02
2.081144281587983187e+02
2.116653021837234405e+02
2.123640391672085457e+02
2.109241791946261628e+02
2.079948004143035973e+02
2.040732725362721851e+02
1.994557155077089874e+02
1.942368104213842344e+02
1.883646852311896112e+02
1.817353620026888450e+02
1.742901810276891865e+02
1.660746293459658887e+02
1.572347106313973768e+02
1.479596526954737783e+02
1.384063390878184805e+02
1.286436360412379827e+02
1.186374619361067317e+02
1.082794661167197461e+02
9.745356934743055888e+01
8.612680137074832487e+01
7.443639384019422778e+01
6.273316049721059073e+01
5.154743437083163116e+01
4.147338163747375717e+01
3.300899832705817261e+01
2.641777497474823377e+01
2.167060448528709671e+01
1.848514686017677278e+01
1.643480818017721035e+01
1.507699984112842451e+01
1.405140824104650754e+01
1.311638795581657213e+01
1.212260067294122834e+01
1.095678790057120366e+01
9.503561371359257492e+00
7.656374986913764502e+00
5.369823915800685299e+00
2.711287393491943476e+00
-1.326695090405571875e-01
-2.908556227943808636e+00
-5.383135133612547918e+00
-7.427871520508539049e+00
-9.073173976085826098e+00
-1.051914780076487332e+01
-1.209605373141028295e+01
-1.417405176717375781e+01
-1.703978227854624805e+01
-2.078171015862050552e+01
-2.523578247136850905e+01
-3.002399779906105692e+01
-3.467859613773062932e+01
-3.880428393532566389e+01
-4.221094447216225376e+01
-4.496150165735063098e+01
-4.731816097817062428e+01
-4.961333962470966696e+01
-5.209838424546985891e+01
-5.482743543803721309e+01
-5.761964952023097908e+01
-6.011552339306579995e+01
-6.190910668608290734e+01
-6.270873030593074304e+01
-6.246618719311602774e+01
-6.142446863017111980e+01
-6.006427018521365824e+01
-5.896688700913672676e+01
-5.864071495209951479e+01
-5.937054164792252209e+01
-6.113989266930556710e+01
-6.365025197924299505e+01
-6.642615730329900714e+01
-6.896369193014227506e+01
-7.086580846842936410e+01
-7.192193273656752694e+01
-7.212269971236817412e+01
-7.162754005934658608e+01
-7.070763683143754008e+01
-6.967692419005740589e+01
-6.881679430136161102e+01
-6.829766877748733123e+01
-6.810382343310939746e+01
-6.797268001000846027e+01
-6.736418265538370065e+01
-6.547913389300835263e+01
-6.134462069439840093e+01
-5.397442198694938043e+01
-4.258715021744126261e+01
-2.682898423182867731e+01
-6.924678989855337363e+00
1.630330777502346606e+01
4.155640996313598379e+01
6.728011977092614870e+01
9.191909641645551687e+01
1.141502261462778023e+02
1.330528518984970958e+02
1.481901497364781903e+02
1.595914279064460288e+02
1.676457825055088051e+02
1.729394255174014177e+02
1.760842027369014318e+02
1.775858765070379377e+02
1.777833497309636641e+02
1.768595236576049956e+02
1.748979590183689083e+02
1.719512770932905141e+02
1.680948316510386178e+02
1.634515195123291562e+02
1.581853930545116214e+02
1.524716965893241536e+02
1.464568573027056004e+02
1.402240167990594273e+02
1.337788175109053554e+02
1.270635692472091733e+02
1.199951911674259577e+02
1.125113897692795888e+02
1.046090283614321237e+02
9.636737849939956391e+01
8.795746314923684395e+01
7.963913102577589598e+01
7.174057832790680322e+01
6.461105433720786095e+01
5.854816097550189369e+01
5.372339617386723631e+01
5.014217464021468373e+01
4.766076674445076833e+01
4.605097650114083763e+01
4.507778381814857482e+01
4.455123676249693432e+01
4.433170127001300642e+01
4.429688169938336983e+01
4.430235458557298500e+01
4.416802341125258380e+01
4.370070171436153572e+01
4.273751632118525379e+01
4.118623663511124988e+01
3.904783491626611891e+01
3.641771922546028151e+01
3.346407362425924248e+01
3.038140365002643506e+01
2.732693881890590859e+01
2.436419675851568201e+01
2.144515200747782302e+01
1.844878300978909991e+01
1.526322937217505782e+01
1.186773943988197644e+01
8.362653467542905616e+00
4.925228589942399537e+00
1.718753200386679225e+00
-1.188526517813407679e+00
-3.851722551746860290e+00
-6.419759132711497784e+00
-9.071824916557091001e+00
-1.195022340702169572e+01
-1.511212036648400669e+01
-1.851158837983546590e+01
-2.201407214652071787e+01
-2.543831860823462421e+01
-2.861451735015407394e+01
-3.144088300231064181e+01
-3.391679994520730190e+01
-3.613583991312923160e+01
-3.824003247640190750e+01
-4.035887341240953674e+01
-4.256583893213436909e+01
-4.487270283508928514e+01
-4.725622054299022068e+01
-4.969216273430035358e+01
-5.217238698161067134e+01
-5.469857125029594158e+01
-5.726457000902333050e+01
-5.984344421216785292e+01
-6.238582703307376676e+01
-6.482627965018836846e+01
-6.709203115304538301e+01
-6.911036006839165680e+01
-7.081147526596951991e+01
-7.212269971236817412e+01
-7.294810977901769888e+01
-7.313026266080153448e+01
-7.240438436935023958e+01
-7.036774477824485530e+01
-6.649192479936873212e+01
-6.019179303144994719e+01
-5.094427832954320934e+01
-3.843236523866510623e+01
-2.267742999528250891e+01
-4.118584069572122530e+00
1.639512020878648357e+01
3.771336846362144257e+01
5.857664724836372017e+01
7.784182688685606877e+01
9.467415429828179185e+01
1.086479686943433194e+02
1.197315575719231759e+02
1.281728988526368767e+02
1.343353201537295263e+02
1.385450019505650516e+02
1.410016543155746831e+02
1.417710297965318205e+02
1.408384831044077146e+02
1.381831766249822806e+02
1.338433811051759221e+02
1.279635916090165608e+02
1.208191733379171637e+02
1.128074314731984771e+02
1.043957310821284636e+02
9.603452851314457916e+01
8.806171179105477620e+01
8.062750547872643381e+01
7.365886779137760243e+01
6.687498428657644922e+01
5.986227373764002380e+01
5.220277465661915528e+01
4.362180613164982645e+01
3.410037682005287252e+01
2.390521876058840434e+01
1.352314998142496449e+01
3.526759745097184151e+00
-5.575919249588530135e+00
-1.345373519114694183e+01
-1.999386533272237543e+01
-2.527212227170796055e+01
-2.947813333418279313e+01
-3.282969172300828120e+01
-3.550624403392281181e+01
-3.762343217415019581e+01
-3.925471024375692508e+01
-4.047955077121834222e+01
-4.141925615728959542e+01
-4.223294135040584507e+01
-4.307966706771875920e+01
-4.407543965020545329e+01
-4.526952059077743229e+01
-4.664775242449571380e+01
-4.815868010676757649e+01
-4.975139978395862528e+01
-5.140894352469182849e+01
-5.316189470855324117e+01
-5.507646217672992606e+01
-5.722323841212288187e+01
-5.963943844089595814e+01
-6.229709927370895883e+01
-6.508607303405405275e+01
-6.781684615002484406e+01
-7.024569382114958671e+01
-7.212269971236817412e+01
-7.325758570832145722e+01
-7.358688700206580791e+01
-7.321587469851273511e+01
-7.241107605474775255e+01
