-3.153387313605942310e+01
-3.643624744261335024e+01
-4.499963657919893478e+01
-5.957748169207213351e+01
-8.043931044599125357e+01
-1.057869721260410074e+02
-1.324454416365652492e+02
-1.568815833365098342e+02
-1.761679736741367606e+02
-1.886134592869069309e+02
-1.939485240925067728e+02
-1.931146359229294660e+02
-1.878110617723415032e+02
-1.799795700303194508e+02
-1.713741906023530817e+02
-1.632995287121168531e+02
-1.565289982543891938e+02
-1.513554383210255310e+02
-1.477045050386541902e+02
-1.452640331546559196e+02
-1.436260919954623887e+02
-1.424543738209688684e+02
-1.416514014179631431e+02
-1.414463099048407173e+02
-1.423263787498135571e+02
-1.448159285788044599e+02
-1.492073781153073071e+02
-1.553893480410667962e+02
-1.628621629923532623e+02
-1.709242950243788641e+02
-1.789306135736557053e+02
-1.865041228959372006e+02
-1.936150554579413665e+02
-2.005035249250911704e+02
-2.074955199955291505e+02
-2.148097402964635592e+02
-2.224416469074405995e+02
-2.301559527981917483e+02
-2.375680186022847238e+02
-2.442744052668947177e+02
-2.499892195730319315e+02
-2.546379569739212627e+02
-2.583652298850825559e+02
-2.614481558723801982e+02
-2.641604541442180789e+02
-2.666608314636166597e+02
-2.689628475532998664e+02
-2.709994296191451326e+02
-2.727460488408564743e+02
-2.743306056425708448e+02
-2.760567277083653721e+02
-2.783083688368118374e+02
-2.813692770092154660e+02
-2.852463933144155703e+02
-2.895948575287104632e+02
-2.937916550240843208e+02
-2.971237720981244479e+02
-2.989903526180175390e+02
-2.990000851918423450e+02
-2.968891447121347937e+02
-2.922754263831084245e+02
-2.843558381895172715e+02
-2.717006812363476911e+02
-2.522816039620452955e+02
-2.237909270439357101e+02
-1.841995386657575864e+02
-1.324003199156705932e+02
-6.872940990868973188e+01
4.825076359997041209e+00
8.481932371340592169e+01
1.669027711771359179e+02
2.465437205026970560e+02
3.197104464167680362e+02
3.833356425205687401e+02
4.355032716956441163e+02
4.754064504293753544e+02
5.031771746584657876e+02
5.196754012695248548e+02
5.262806337574470490e+02
5.246903019671619859e+02
5.167134426177863133e+02
5.040621249531365606e+02
4.881785075365699527e+02
4.701571245796522476e+02
4.507931005502148309e+02
4.307146029328935128e+02
4.104978809705210097e+02
3.906731456436287431e+02
3.716112953483155366e+02
3.533711149545857779e+02
3.356119413633687145e+02
3.176282907946848582e+02
2.984946286635719161e+02
2.772706418783837421e+02
2.532125313248383804e+02
2.259440676806045758e+02
1.955548963700007050e+02
1.626138862817223014e+02
1.281064696500951356e+02
9.331599006703436316e+01
5.966769186638892819e+01
2.855185789564745491e+01
1.149056066792315534e+00
-2.171265794692647688e+01
-3.964366159510723975e+01
-5.271135779483554273e+01
-6.139303242529040006e+01
-6.646896639069062473e+01
-6.886741565222834538e+01
-6.949121032177923496e+01
-6.907778633254744705e+01
-6.814345323305455793e+01
-6.702600560765783655e+01
-6.598895626345598941e+01
-6.532262781542860353e+01
-6.539129223406908409e+01
-6.661635585830735806e+01
-6.941744181815683135e+01
-7.413376683621518737e+01
-8.093199731457100654e+01
-8.971034086776117533e+01
-1.000418157682206441e+02
-1.112201893723450041e+02
-1.224334633410633728e+02
-1.330078001597916852e+02
-1.426084584558731763e+02
-1.513024248397052531e+02
-1.594626739504324462e+02
-1.675691945336446622e+02
-1.759974855951510051e+02
-1.848799171319344055e+02
-1.940904137738896793e+02
-2.033452396761295518e+02
-2.123524131184142334e+02
-2.209187536735478261e+02
-2.289595155418966783e+02
-2.364259610098206394e+02
-2.432195816172164200e+02
-2.491664309101892059e+02
-2.540853154771439222e+02
-2.579234937063162079e+02
-2.608837047652618821e+02
-2.634555104896328999e+02
-2.663031524992991876e+02
-2.700348959039174019e+02
-2.749479271236376690e+02
-2.808668212466314458e+02
-2.871518539842992936e+02
-2.928708154886239186e+02
-2.970619733824896116e+02
-2.990000851918423450e+02
-2.983906102506334150e+02
-2.954286117792689197e+02
-2.906758645375433616e+02
-2.847509188128927349e+02
-2.778975830481617209e+02
-2.695731669600950795e+02
-2.582401917024819227e+02
-2.415061642490083500e+02
-2.166260731692207173e+02
-1.812211651739773401e+02
-1.339657050963265306e+02
-7.500889321747131078e+01
-6.021692989413978125e+00
7.008596702666500278e+01
1.496326581317667319e+02
2.286694554121404508e+02
3.034325993706186182e+02
3.707132805514457914e+02
4.281264099508234722e+02
4.742496207343426704e+02
5.086136881441954642e+02
5.315655758792545384e+02
5.440601666756151644e+02
5.474397170161817030e+02
5.432418390635698415e+02
5.330558829892643189e+02
5.184295822679903267e+02
5.008151451251258663e+02
4.815377056239198055e+02
4.617664389077823444e+02
4.424709632324783684e+02
4.243562938153650066e+02
4.077846135015764162e+02
3.927056477807255987e+02
3.786286514630257329e+02
3.646726151588754874e+02
3.497152002577704479e+02
3.326248189837313589e+02
3.125225446463238086e+02
2.890011080976643143e+02
2.622371275610621524e+02
2.329681820610504985e+02
2.023514462936796008e+02
1.717534941333339020e+02
1.425328252189970613e+02
1.158686085005355437e+02
9.266189218836247221e+01
7.350049271624790492e+01
5.866012928571429086e+01
4.812231806509100096e+01
4.160747154999666009e+01
3.862813811911436801e+01
3.855684148711712567e+01
4.068841795039844556e+01
4.427921311050969422e+01
4.856979327889232678e+01
5.281863344762992085e+01
5.636283890196435209e+01
5.868501869795555592e+01
5.944481614444784867e+01
5.845969328565972489e+01
5.566616229732888854e+01
5.110116476168218469e+01
4.490235973029241734e+01
3.729143205417234697e+01
2.852132653809530183e+01
1.881259961424163407e+01
8.322659388769139355e+00
-2.831152316562484117e+00
-1.450979459086294554e+01
-2.648755872023874502e+01
-3.842122795654196210e+01
-4.988190714564819928e+01
-6.045552147761775075e+01
-6.988038654239264247e+01
-7.815837502885231913e+01
-8.557745004251457033e+01
-9.262128187820930236e+01
-9.979567055086033633e+01
-1.074460841439602774e+02
-1.156521116244398684e+02
-1.242485766825395785e+02
-1.329559671969195733e+02
-1.415495715385930566e+02
-1.499893083722303970e+02
-1.584622586244453828e+02
-1.673270022123554668e+02
-1.769758228823562263e+02
-1.876540357076929126e+02
-1.993014380568850470e+02
-2.114922473950655615e+02
-2.235217293471702362e+02
-2.346216994444145882e+02
-2.442198059945719422e+02
-2.521325314927352110e+02
-2.586145315345975746e+02
-2.642535186881210620e+02
-2.697581222289161360e+02
-2.757068946739689181e+02
-2.823112821575846283e+02
-2.892194308031789660e+02
-2.953795284043456491e+02
-2.990000851918423450e+02
-2.976683373157608798e+02
-2.886763223836798034e+02
-2.695360829841904433e+02
-2.385712441621065523e+02
-1.954166103733918192e+02
-1.412799669526016260e+02
-7.889978124671357307e+01
-1.221760420107349532e+01
