-9.938387805518601681e+00
-2.635095785175102634e+01
-4.085922843378946823e+01
-5.209407483400562455e+01
-5.959413153440058863e+01
-6.383382745147140724e+01
-6.595356703925295960e+01
-6.731558225470440959e+01
-6.905556405322472813e+01
-7.178396819596449063e+01
-7.551632617485840626e+01
-7.981370969242121305e+01
-8.404235917803207201e+01
-8.764124972598663987e+01
-9.030961983660039039e+01
-9.207036658735947299e+01
-9.320990660863786559e+01
-9.413064786901884418e+01
-9.517678483923594968e+01
-9.650258847763475956e+01
-9.803374737429214747e+01
-9.952852581594132175e+01
-1.007008570747061214e+02
-1.013474995759535773e+02
-1.014305207423483211e+02
-1.010908207607314182e+02
-1.005916936362794019e+02
-1.002070094882719502e+02
-1.000810563992593103e+02
-1.000991705459218650e+02
-9.981163952124109073e+01
-9.843975709048699230e+01
-9.496920516419775993e+01
-8.831676685244994474e+01
-7.754475025469525917e+01
-6.208407666975034545e+01
-4.191023767448290727e+01
-1.761391110293276796e+01
9.662599827683019171e+00
3.840203239706548999e+01
6.694418582355079650e+01
9.371173845709795103e+01
1.173883129096674196e+02
1.370331322109284429e+02
1.521357820227488560e+02
1.626189013413568887e+02
1.687885434721054878e+02
1.712278447502359313e+02
1.706426455549546404e+02
1.676925875644193979e+02
1.628609097840666493e+02
1.564142642515117245e+02
1.484721534219456203e+02
1.391531913800232019e+02
1.287211322061838530e+02
1.176486336931091046e+02
1.065592964177000823e+02
9.607425220924372411e+01
8.663716533571611933e+01
7.839328858122576094e+01
7.116038620125313230e+01
6.448425263649232875e+01
5.774940025430952062e+01
5.031978303711435530e+01
4.169292696573533874e+01
3.164306621426054988e+01
2.031224387453346480e+01
8.209346353691298503e+00
-3.893371721573249289e+00
-1.513721143754643528e+01
-2.477326716287563357e+01
-3.231950029359026644e+01
-3.763276246059959362e+01
-4.087941095182291207e+01
-4.242857784140769439e+01
-4.272176464029755039e+01
-4.217087065839224636e+01
-4.110735190854246923e+01
-3.977394506686880504e+01
-3.834080032577718100e+01
-3.693671267697610006e+01
-3.569104090483731540e+01
-3.477243278763157264e+01
-3.439963490104987187e+01
-3.480557599809567648e+01
-3.616173319980941869e+01
-3.849943390937391285e+01
-4.167467221020195467e+01
-4.540199395982191533e+01
-4.934318959927755088e+01
-5.320545090868179017e+01
-5.680307042643683246e+01
-6.006515451537223527e+01
-6.300567396422967903e+01
-6.568569598833960299e+01
-6.818523686528578764e+01
-7.058347552579780881e+01
-7.294278315836604065e+01
-7.530097585051166220e+01
-7.767710244979966205e+01
-8.008354512902549516e+01
-8.252865428964666705e+01
-8.500363939881721365e+01
-8.746568000817282496e+01
-8.983622199030754985e+01
-9.202253536774050247e+01
-9.395291367848984976e+01
-9.560550600612961603e+01
-9.701280135400229199e+01
-9.823618631594034412e+01
-9.932228403558738705e+01
-1.002644571658713204e+02
-1.009906332544972827e+02
-1.013863796311446634e+02
-1.013474995759535773e+02
-1.008416086795359803e+02
-9.994935862843878738e+01
-9.886331687854850259e+01
-9.784427052724714713e+01
-9.715042391553372170e+01
-9.695715154600461005e+01
-9.727951828260738409e+01
-9.790539494399030218e+01
-9.834747832833720338e+01
-9.782846189158549066e+01
-9.532196500872284162e+01
-8.967276200661862617e+01
-7.980099155424476010e+01
-6.495711764382460274e+01
-4.495912569350785759e+01
-2.033510970497104964e+01
7.682989611267235119e+00
3.732822312395981612e+01
6.659688796968100633e+01
9.359913128680506134e+01
1.168628455809288624e+02
1.355096009504347307e+02
1.492719778162247337e+02
1.583783668048577056e+02
1.633707197676663441e+02
1.649288733350635141e+02
1.637490573357594599e+02
1.604818776122685335e+02
1.557067254182007048e+02
1.499195355742158995e+02
1.435254125692117952e+02
1.368365269927035968e+02
1.300759456304462560e+02
1.233880304676947048e+02
1.168555819015806492e+02
1.105168360484168204e+02
1.043670845335949906e+02
9.833610914175804396e+01
9.225669541270718810e+01
8.585814463446799039e+01
7.880835115296470406e+01
7.079666438799445416e+01
6.162631856134839836e+01
5.128469361383341152e+01
3.997475764129145404e+01
2.810614205160910473e+01
1.624842453918215668e+01
5.047289261409716232e+00
-4.887065051232172053e+00
-1.308953436911516377e+01
-1.930922324494303055e+01
-2.351827713789745999e+01
-2.587191321042777048e+01
-2.664874911330132790e+01
-2.619559032278158384e+01
-2.488384661497791939e+01
-2.307231242452144926e+01
-2.107325652862676435e+01
-1.913058206193124278e+01
-1.742341687680714202e+01
-1.609492051529754519e+01
-1.528438057829633046e+01
-1.513398425470732711e+01
-1.576020414524475122e+01
-1.720839565151331385e+01
-1.942396441188391520e+01
-2.226365181990284015e+01
-2.554382732570284986e+01
-2.909747546598299905e+01
-3.280609653788096125e+01
-3.659267999810667504e+01
-4.039272186645475671e+01
-4.413697564141708796e+01
-4.776817726604442527e+01
-5.128273288965736754e+01
-5.476118463743573983e+01
-5.835101999126909078e+01
-6.219637141343020659e+01
-6.634857029238456505e+01
-7.070626396404699676e+01
-7.501408438081382712e+01
-7.891710658469959583e+01
-8.204986964557255646e+01
-8.413563853807893622e+01
-8.507178901598396692e+01
-8.497649405828549618e+01
-8.417746739947401124e+01
-8.314152979355198170e+01
-8.236787133634172164e+01
-8.228088436805315098e+01
-8.315078563027280723e+01
-8.505306407661899470e+01
-8.786646892250614371e+01
-9.130367925592557299e+01
-9.496391630827589836e+01
-9.839744209691130550e+01
-1.011805846283153301e+02
-1.030033686965294919e+02
-1.037566927820801084e+02
-1.035823665426301972e+02
-1.028451430708906855e+02
-1.020146322342288698e+02
-1.014881625240642080e+02
-1.014134870511204838e+02
-1.015702357633551003e+02
-1.013474995759535773e+02
-9.982328257824515561e+01
-9.592183338875001652e+01
-8.860861600893301215e+01
-7.708333255246230920e+01
-6.094149144573964350e+01
-4.028440598883104684e+01
-1.576179329975367338e+01
1.146666631160631589e+01
3.985738035052523998e+01
6.768672129531989867e+01
9.329924876617047858e+01
1.153445929150103666e+02
1.329426854986632804e+02
1.457418832681375989e+02
1.538761561176293071e+02
1.578556674203198895e+02
1.584281313190093670e+02
1.564417399149692187e+02
1.527342747470718791e+02
1.480594935721290994e+02
1.430420633038277174e+02
1.381445640862291100e+02
1.336420010054081331e+02
1.296144597681416144e+02
1.259694896961727437e+02
1.224936796448878766e+02
1.189203897046146778e+02
1.149960953749885419e+02
1.105305834758192844e+02
1.054217213003570492e+02
9.965199522580111591e+01
9.326343910241742208e+01
8.632840672696178785e+01
7.893631064360933181e+01
7.120348142554635729e+01
6.329249027507387382e+01
5.541514831794201257e+01
4.779903868793027044e+01
4.062008776334833016e+01
3.393349298588799456e+01
2.764998221024431047e+01
