1.008876786456304160e+02
1.482135229468751731e+02
1.971140990956552912e+02
2.485049948206848569e+02
3.022537875804576402e+02
3.570849469361334059e+02
4.108198772013205371e+02
4.608495238528923892e+02
5.046780225001033386e+02
5.403837052619818451e+02
5.668927377666858547e+02
5.840218036280903107e+02
5.923118624305991489e+02
5.927363396153691610e+02
5.864015481213087924e+02
5.743479700996765587e+02
5.575066847386011659e+02
5.367811258821038791e+02
5.131553373474974933e+02
4.877286837849790118e+02
4.616439037882365142e+02
4.359483820720502081e+02
4.114512089270117485e+02
3.886147199428625072e+02
3.674916409731928297e+02
3.477150499441619331e+02
3.285564887422319771e+02
3.090629685795881869e+02
2.882607998020603191e+02
2.653843026668677112e+02
2.400661258660112765e+02
2.124316861454273351e+02
1.830767570980310381e+02
1.529480714568817916e+02
1.231653804444176501e+02
9.482516758231997756e+01
6.882942680371915856e+01
4.578412234210939147e+01
2.599167376899500681e+01
9.520914924816018754e+00
-3.692826558241023349e+00
-1.376390658848826831e+01
-2.081642315735617643e+01
-2.500047095830653632e+01
-2.656322424240087798e+01
-2.594992063043493147e+01
-2.388122535560366089e+01
-2.134164036052381874e+01
-1.943671401854045655e+01
-1.913502947367789631e+01
-2.098405179368384665e+01
-2.493405876104780816e+01
-3.037563030001015818e+01
-3.639348614270427618e+01
-4.212630413328422208e+01
-4.707292310154223003e+01
-5.122280403834028562e+01
-5.497977469437864784e+01
-5.894066300310356610e+01
-6.364051362442123150e+01
-6.936593738142221355e+01
-7.608948981706272718e+01
-8.352839449078318523e+01
-9.129222565508530352e+01
-9.905164973560957264e+01
-1.066476830115548751e+02
-1.140884971328021606e+02
-1.214426220750931691e+02
-1.286986223794987438e+02
-1.356813619716071742e+02
-1.420786238620290476e+02
-1.475639064237552134e+02
-1.519458552758376015e+02
-1.552639996285620896e+02
-1.577866532763209193e+02
-1.599212921830361722e+02
-1.620825110983238631e+02
-1.645645032775152288e+02
-1.674501957083389811e+02
-1.705757111955337564e+02
-1.735585746163361023e+02
-1.758866760071294948e+02
-1.770524385106427872e+02
-1.767041954691146088e+02
-1.747756193655806953e+02
-1.715489837230385035e+02
-1.676235837699340436e+02
-1.637807504371775167e+02
-1.607609190033280129e+02
-1.589905724021627691e+02
-1.583183971991655028e+02
-1.578366626404356907e+02
-1.558612172390350565e+02
-1.501091698981371678e+02
-1.380560021797184902e+02
-1.174008954550392616e+02
-8.654069569147446828e+01
-4.495150126701724957e+01
6.602424950835377615e+00
6.607809535588810945e+01
1.303887510130625742e+02
1.958310353516101259e+02
2.586269691350597668e+02
3.154655059292151122e+02
3.639177580035344590e+02
4.026326545519432329e+02
4.312923418773673347e+02
4.503888107487466641e+02
4.609307083281055384e+02
4.641754427808991181e+02
4.614250855048107383e+02
4.538799849561222572e+02
4.425478690781380919e+02
4.282316105517460301e+02
4.116103967367791938e+02
3.933789491881118465e+02
3.743650076640320208e+02
3.555468797106859711e+02
3.379370004036231876e+02
3.223567884305619486e+02
3.091791423192427715e+02
2.981412674515944445e+02
2.883196166335214343e+02
2.783094962013800568e+02
2.665782710226840209e+02
2.518882519631185346e+02
2.336482056969209680e+02
2.120788874049885067e+02
1.881563950681987478e+02
1.633768222175420988e+02
1.394244830847379149e+02
1.178263675407118996e+02
9.966634130673330105e+01
8.542588891039723364e+01
7.499560215065594093e+01
6.784592674601908868e+01
6.327676966737028152e+01
6.063326011269557370e+01
5.940983987511491193e+01
5.924045824760374046e+01
5.982831088151251464e+01
6.087321062344299349e+01
6.203116647196867461e+01
6.292079352329934494e+01
6.317494173460860907e+01
6.251418829588613590e+01
6.080520958744968851e+01
5.807880609025719565e+01
5.450668165791579156e+01
5.034545826982663641e+01
4.585066008086351985e+01
4.116865633405856784e+01
3.624052446466632205e+01
3.077268606685809971e+01
2.431203985103175569e+01
1.640821243453086709e+01
6.793753878316977080e+00
-4.493685540404271705e+00
-1.708840860497809899e+01
-3.037241938712158174e+01
-4.361891340093731628e+01
-5.615164403649626479e+01
-6.746400855512698058e+01
-7.726797617549530628e+01
-8.548915134181666531e+01
-9.225037241762612439e+01
-9.786508261307523071e+01
-1.028157944886015116e+02
-1.076716120743570286e+02
-1.129263295705314079e+02
-1.187998285860703618e+02
-1.251022784854461349e+02
-1.312666354837986944e+02
-1.365820609268632211e+02
-1.405386638678491238e+02
-1.431060130074228312e+02
-1.447871810653355453e+02
-1.464138017947782942e+02
-1.487925970773501092e+02
-1.523827661024922691e+02
-1.571457114466508926e+02
-1.626105863483475957e+02
-1.681039391700887791e+02
-1.730286288325759756e+02
-1.770524385106427872e+02
-1.800935043370881203e+02
-1.820798511179587251e+02
-1.825879964775147926e+02
-1.805378540661703255e+02
-1.741241025289602931e+02
-1.610726564538518062e+02
-1.391742481852588753e+02
-1.069299087926896163e+02
-6.409596038911742255e+01
-1.195478532571625152e+01
4.676309569260963883e+01
1.082713956827274302e+02
1.683261006017072248e+02
2.228894727985734505e+02
2.687191668041041339e+02
3.037637921471336995e+02
3.272964868635159519e+02
3.397891785357190884e+02
3.425963420483477648e+02
3.375527802029173472e+02
3.265888975396122760e+02
3.114415447884196055e+02
2.935017708955133457e+02
2.737965148361977299e+02
2.530594074062909726e+02
2.318275516127502840e+02
2.105139432161368518e+02
1.894330389390789549e+02
1.687825886231804873e+02
1.486042353300659897e+02
1.287578860562086334e+02
1.089423220382662549e+02
8.876860327889065161e+01
6.785583268809497781e+01
4.590536306905399044e+01
2.273776709504251414e+01
-1.682159120035152000e+00
-2.719950760256786282e+01
-5.340348967032964822e+01
-7.958077618742287029e+01
-1.047325766158919436e+02
-1.276746290079665584e+02
-1.472064312532779127e+02
-1.623101922112581974e+02
-1.723256979314300850e+02
-1.770524385106427872e+02
-1.767586493535865202e+02
-1.721153062669485792e+02
-1.640983896356286209e+02
-1.538974152898725833e+02
-1.428330137338924430e+02
-1.322492778087589329e+02
-1.233494920832198147e+02
-1.169971891649915676e+02
-1.135629802191887734e+02
-1.129016825866825826e+02
-1.144828759225114823e+02
-1.176177102342435603e+02
-1.216816455252877631e+02
-1.262472430054162800e+02
-1.310951670490521508e+02
-1.361326946163427181e+02
-1.412872721028323895e+02
-1.464388844572127653e+02
-1.514155605131582263e+02
-1.560335651121541787e+02
-1.601459427962134896e+02
-1.636727000357383019e+02
-1.666082571296154526e+02
-1.690165891401853457e+02
-1.710201325207572154e+02
-1.727770753764342544e+02
-1.744434141427070415e+02
-1.761302226179624597e+02
-1.778740962193386395e+02
-1.796305527685108530e+02
-1.812869643010502045e+02
