1.993667557560074144e+01
5.928793969525928276e+01
9.298279232946408968e+01
1.168937172541233593e+02
1.293231094575873783e+02
1.310194365660284745e+02
1.244629612294587986e+02
1.128271048421546112e+02
9.902863590655422854e+01
8.513223878930807587e+01
7.218298791731986341e+01
6.038439532436061086e+01
4.945993007077873926e+01
3.903113393324946401e+01
2.888908203444178469e+01
1.910026150600444339e+01
9.954373560132978582e+00
1.814522066323380756e+00
-5.045871094006841417e+00
-1.054632415959857283e+01
-1.480593786816712409e+01
-1.806148335966951635e+01
-2.054427324285827439e+01
-2.238193105123772142e+01
-2.357686472328131799e+01
-2.407013477003249591e+01
-2.385235238822352599e+01
-2.306092938554166238e+01
-2.201616412946819423e+01
-2.118315684004619470e+01
-2.107739244892154673e+01
-2.214491130367700222e+01
-2.464782895546564845e+01
-2.858268323712663772e+01
-3.365451945667090428e+01
-3.932039712733259762e+01
-4.490187912579249740e+01
-4.974811495061257460e+01
-5.341014793114513992e+01
-5.577143338365861069e+01
-5.708447286998967485e+01
-5.789355982094990338e+01
-5.886468357984382038e+01
-6.057726355450247269e+01
-6.334809001950623042e+01
-6.714877760305083143e+01
-7.164244740415443857e+01
-7.631761559000895545e+01
-8.066251486927689029e+01
-8.431621151233818523e+01
-8.715006205246952220e+01
-8.926220106228915085e+01
-9.089863733347665686e+01
-9.233783389139378528e+01
-9.378296250994269201e+01
-9.529732829588633081e+01
-9.680151836266998089e+01
-9.813021556517355748e+01
-9.912367036186741132e+01
-9.971210701623623152e+01
-9.995342687078512256e+01
-1.000076628189141559e+02
-1.000642340552926726e+02
-1.002621615942123441e+02
-1.006441600746003360e+02
-1.011629296056572827e+02
-1.017284766167089316e+02
-1.022666821034987237e+02
-1.027589892722588019e+02
-1.032492011106513843e+02
-1.038257107501031129e+02
-1.045985383478501518e+02
-1.056804574757775015e+02
-1.071633746312483453e+02
-1.090798076479925385e+02
-1.113606933812990718e+02
-1.138209472727249647e+02
-1.161964421613304808e+02
-1.182235196104964814e+02
-1.197244687258757949e+02
-1.206623173383761980e+02
-1.211500940823730730e+02
-1.214207596173554293e+02
-1.217710605165201230e+02
-1.224916241001396173e+02
-1.237955851469446742e+02
-1.257563885871918501e+02
-1.282579228290796323e+02
-1.309546644651337033e+02
-1.332480606316548801e+02
-1.343031660435962920e+02
-1.331327769777598178e+02
-1.287502233517480761e+02
-1.203532713396497940e+02
-1.074809849056791933e+02
-9.009720098413330902e+01
-6.858874136969984647e+01
-4.369909371804122600e+01
-1.642744248771672844e+01
1.208938567703672007e+01
4.070555659031349194e+01
6.839465667959484563e+01
9.435694439827859981e+01
1.180830441519314320e+02
1.393602002626189176e+02
1.582193678376159482e+02
1.748354984397774388e+02
1.894085508989600442e+02
2.020620740752112283e+02
2.127916609022585703e+02
2.214772235996819063e+02
2.279499168882609013e+02
2.320880392611228729e+02
2.339108351206152747e+02
2.336389355359678461e+02
2.316916311190824160e+02
2.286053110992569373e+02
2.248931101695327754e+02
2.209025619698500691e+02
2.167299207256357647e+02
2.122131982765409077e+02
2.069888617523183711e+02
2.005893963048651756e+02
1.925671942911509404e+02
1.826267456590875042e+02
1.707323664797890785e+02
1.571559740030043599e+02
1.424483685834160553e+02
1.273429719645865816e+02
1.126172000251482928e+02
9.894563138671907154e+01
8.678650311664105743e+01
7.633969393942273030e+01
6.758835248793940309e+01
6.039552332306757165e+01
5.459803895682014740e+01
5.004687528233302629e+01
4.658489554316965098e+01
4.399705658470549707e+01
4.198006305171124097e+01
4.015717095822798655e+01
3.813726988851723121e+01
3.560387845072403223e+01
3.241063646439806689e+01
2.864542001444221242e+01
2.461994114149686297e+01
2.076662633727141127e+01
1.747256929141477144e+01
1.491821440493735196e+01
1.299013334035882572e+01
1.130467813689200973e+01
9.334032902994595204e+00
6.588754625374492413e+00
2.790734335977874903e+00
-2.026940769022325117e+00
-7.528721485605556651e+00
-1.318722907797780941e+01
-1.845299620361919324e+01
-2.292160271763741264e+01
-2.643953131361674380e+01
-2.911957666942882739e+01
-3.127911691077191847e+01
-3.333852103150179147e+01
-3.571100797296534068e+01
-3.870198056464646896e+01
-4.243506012531510407e+01
-4.682487218884763536e+01
-5.160660983445598760e+01
-5.641199985701509689e+01
-6.086603503552461802e+01
-6.467631207041432617e+01
-6.769215055854724028e+01
-6.991906409046265480e+01
-7.148756514294011311e+01
-7.259272656995771911e+01
-7.343099147953381589e+01
-7.415438118891491115e+01
-7.484794380244274237e+01
-7.552892419918626388e+01
-7.616567521670631891e+01
-7.671060163561337220e+01
-7.713424428917926434e+01
-7.744602972269393604e+01
-7.769439456758605900e+01
-7.795018572707800786e+01
-7.828614393273488758e+01
-7.876527885608595625e+01
-7.944079413423801839e+01
-8.036121386750951956e+01
-8.157659917345290523e+01
-8.314660812002736634e+01
-8.514613274489263972e+01
-8.765658706622399166e+01
-9.073668112535257535e+01
-9.438424462902806056e+01
-9.851171870018669097e+01
-1.029499937333179957e+02
-1.074767551278499695e+02
-1.118543035337421685e+02
-1.158649318616053847e+02
-1.193419923162649638e+02
-1.222004307947643440e+02
-1.244646936753762247e+02
-1.262779378164474053e+02
-1.278693134610637969e+02
-1.294687532811163067e+02
-1.311864453146985738e+02
-1.328973290928381630e+02
-1.341746997135400932e+02
-1.343031660435962920e+02
-1.323793911948197888e+02
-1.274842415732039740e+02
-1.188837880567790535e+02
-1.061968482783520926e+02
-8.947033393744807483e+01
-6.914153114140381717e+01
-4.592136330505995545e+01
-2.066483807977164133e+01
5.718837114868874139e+00
3.230681426994610916e+01
5.818151835243391190e+01
8.246522070818411976e+01
1.043880637070558208e+02
1.233755986067239263e+02
1.391227288411197378e+02
1.516255776205123311e+02
1.611593977336755756e+02
1.682025272009969683e+02
1.733138801196225529e+02
1.769862243972661986e+02
1.795185550555968632e+02
1.809591205652503163e+02
1.811495521579691399e+02
1.798541824992955185e+02
1.769119424892198253e+02
1.723344186502993693e+02
1.663085318808356874e+02
1.591208549319985082e+02
1.510557616574919848e+02
1.423140279294680113e+02
1.329760111791002544e+02
1.230148334713427971e+02
1.123474729007564434e+02
1.008985649034141261e+02
8.865651397831338443e+01
7.571651580240310864e+01
6.230861926581069099e+01
4.880304652172726065e+01
3.568729101328523257e+01
2.351893789104943977e+01
1.286118746237271182e+01
4.204331985863916543e+00
-2.123699961274670756e+00
-6.046397205247007633e+00
-7.804487381901800802e+00
-7.968945626719719399e+00
-7.374422764851669143e+00
-6.961595585172503320e+00
-7.546177192673042100e+00
-9.570692918577474728e+00
-1.292874004847371694e+01
-1.695594361228606317e+01
