1.739334623042047667e+01
3.669399441238995507e+01
5.180253947622595234e+01
5.977553950509590663e+01
5.965233522428989943e+01
5.247618733529541402e+01
4.069864573742191993e+01
2.728511683755819917e+01
1.486967437069355924e+01
5.203249535694263628e+00
-1.020996551762547000e+00
-4.025197770825389654e+00
-4.626170156720959881e+00
-3.878676408407745413e+00
-2.777069924181771121e+00
-2.055049376009909778e+00
-2.091735594501148654e+00
-2.921662827677008245e+00
-4.335000552495471560e+00
-6.031656322959723759e+00
-7.771476779356980558e+00
-9.464470546667644868e+00
-1.117615896467329861e+01
-1.306506410449834021e+01
-1.529540010078093637e+01
-1.796667605200745754e+01
-2.108098144495405535e+01
-2.454520418194985609e+01
-2.819431618484570734e+01
-3.182710798534776586e+01
-3.525525289288999886e+01
-3.836264677115720900e+01
-4.115472415847013110e+01
-4.376862185447009068e+01
-4.643066222676839772e+01
-4.937669591732434071e+01
-5.276842945449310207e+01
-5.663469752529786660e+01
-6.085322521853327515e+01
-6.517938747340772920e+01
-6.931913393103492638e+01
-7.302369342572995947e+01
-7.616419792133902433e+01
-7.874934367256945222e+01
-8.088297122562578068e+01
-8.269415804391216795e+01
-8.428134762392654977e+01
-8.569302071143724220e+01
-8.694277535368036069e+01
-8.804439333536230095e+01
-8.904929029687791342e+01
-9.006508569292536492e+01
-9.123482928336170517e+01
-9.267336708994766070e+01
-9.438743827526137409e+01
-9.622863497981238368e+01
-9.792021406282827911e+01
-9.915713213897949174e+01
-9.973320747310825141e+01
-9.963629306240247274e+01
-9.907434511189512705e+01
-9.842569748811642683e+01
-9.812777964932882924e+01
-9.853299013248926030e+01
-9.977649836351184831e+01
-1.017135412652817763e+02
-1.039705001715676786e+02
-1.061008776432097847e+02
-1.077737799879815128e+02
-1.089003895157540853e+02
-1.096405035300419257e+02
-1.102981930310135397e+02
-1.111721748740129101e+02
-1.124420890034790403e+02
-1.141378101475271620e+02
-1.161807178374499756e+02
-1.184486375210342430e+02
-1.208222218884241244e+02
-1.232009350331473314e+02
-1.254985772653842844e+02
-1.276284302886965207e+02
-1.294780767376393840e+02
-1.308700271228133261e+02
-1.315117889777526159e+02
-1.309538607937132042e+02
-1.285873979474307589e+02
-1.237102888585404799e+02
-1.156611689646183976e+02
-1.039800540688059556e+02
-8.853307965248986022e+01
-6.955153059015219696e+01
-4.757070787654945576e+01
-2.329651438106064631e+01
2.538119354809831307e+00
2.926025451625682194e+01
5.625683317993647137e+01
8.291271214624039487e+01
1.085496094088316426e+02
1.324263159488193651e+02
1.538231387049777368e+02
1.721824904876259836e+02
1.872403894049651853e+02
1.990814219143985326e+02
2.080839234001559248e+02
2.147751516655178534e+02
2.196613896488976820e+02
2.231089738476143225e+02
2.253185787345550466e+02
2.263770929098145928e+02
2.263305515955005944e+02
2.252251630508482094e+02
2.231014628483047773e+02
2.199644320152576711e+02
2.157631010832423613e+02
2.103973019853709161e+02
2.037475394808982685e+02
1.957151039163486530e+02
1.862642558275624936e+02
1.754625008550000018e+02
1.635095104232727863e+02
1.507386737935732413e+02
1.375809109313781278e+02
1.244970085314035373e+02
1.118996613177930897e+02
1.000920953680003578e+02
8.924534930289624413e+01
7.941894187110663950e+01
7.060691746487469800e+01
6.278208409916658184e+01
5.592112452610774653e+01
5.000764842547162203e+01
4.501999520932305643e+01
4.091638737126150716e+01
3.762794924655727158e+01
3.505889422955856105e+01
3.308438312194075337e+01
3.154130378661660217e+01
3.022146626040667883e+01
2.888425645398426767e+01
2.729556090244356881e+01
2.528014330983363678e+01
2.276391951323347840e+01
1.978730006827296961e+01
1.648327306932204550e+01
1.302520142331358599e+01
9.556668173480108663e+00
6.122953469712467900e+00
2.633259542773619621e+00
-1.116687887360300557e+00
-5.356268301523765984e+00
-1.022129539637586149e+01
-1.566504970290493404e+01
-2.144472504772803845e+01
-2.718746363796547172e+01
-3.250196678854321419e+01
-3.708752616828996196e+01
-4.080249500509869875e+01
-4.367733304044122633e+01
-4.587988948391185318e+01
-4.765310854917719752e+01
-4.924882695138246902e+01
-5.088108940040069683e+01
-5.271372505653328489e+01
-5.487371308882554644e+01
-5.745922028045997365e+01
-6.051529440136387450e+01
-6.398290722479559633e+01
-6.765939165885346540e+01
-7.121174262948235878e+01
-7.425679449371862972e+01
-7.648383149503513323e+01
-7.776814880746613312e+01
-7.822248416532958970e+01
-7.815912141481071274e+01
-7.797591404686750138e+01
-7.801295069695893858e+01
-7.843805793537119087e+01
-7.920629475786047635e+01
-8.010704644332371061e+01
-8.087552605840915021e+01
-8.132096259331132160e+01
-8.142179738424756863e+01
-8.135520769704005772e+01
-8.145416475577948745e+01
-8.211045662193232886e+01
-8.365666250589940489e+01
-8.625919750675500097e+01
-8.984727735232061718e+01
-9.410038925759108963e+01
-9.851391807660941424e+01
-1.025428745328680691e+02
-1.057855041450584679e+02
-1.081331557793146771e+02
-1.098108151074368379e+02
-1.112787655307609782e+02
-1.130367234149455271e+02
-1.154202998128398718e+02
-1.184776784293370611e+02
-1.219697004835119003e+02
-1.254736723104637406e+02
-1.285188732989775815e+02
-1.306694798085380569e+02
-1.315117889777526159e+02
-1.305752042864584439e+02
-1.272697127245729973e+02
-1.209150934214671906e+02
-1.108756153700870755e+02
-9.674833359131513078e+01
-7.852711749600645419e+01
-5.668065413208084635e+01
-3.211732350873468533e+01
-6.046025709692637307e+00
2.022747926191335921e+01
4.551357549095372690e+01
6.890909758345739533e+01
8.988558908218962529e+01
1.082738104416076226e+02
1.241530340674529924e+02
1.376928535185315354e+02
1.490186902628295229e+02
1.581595508529018446e+02
1.650916790716952960e+02
1.698381386319280182e+02
1.725537757391629725e+02
1.735390354263459471e+02
1.731751426216956986e+02
1.718210214216286715e+02
1.697281789233826430e+02
1.670100795803810456e+02
1.636654806126879294e+02
1.596252536276538194e+02
1.547875973293967320e+02
1.490279445826363371e+02
1.421971926325375648e+02
1.341312958731990079e+02
1.246829786244509108e+02
1.137687478826153153e+02
1.014163122452106620e+02
8.780000110848831696e+01
7.325874802049931134e+01
5.829610325807271920e+01
4.355867724929465368e+01
2.977977268566911917e+01
1.767373349010827255e+01
7.789531168250663384e+00
3.709713218743679874e-01
-4.708950017736377447e+00
-7.897600641878607775e+00
-9.813582450451448835e+00
-1.106755278091172912e+01
-1.212949783753247601e+01
-1.328236311319855645e+01
-1.465108261121763888e+01
-1.626373447744941458e+01
-1.809975860390866131e+01
-2.010189405396290852e+01
-2.215980938040531356e+01
-2.409853180293226416e+01
-2.570679462661095016e+01
-2.681064165027285640e+01
-2.735389768625505980e+01
-2.742924336906869343e+01
