-2.442474531922807301e+01
-2.477239868047703908e+01
-2.509892369948801871e+01
-2.534598643162870957e+01
-2.541565497331198742e+01
-2.521968366618222035e+01
-2.475110752862864061e+01
-2.413309831106136016e+01
-2.361146276171614034e+01
-2.348710168672903364e+01
-2.401349161644898089e+01
-2.530063771564026354e+01
-2.726658215036618671e+01
-2.965828272734999516e+01
-3.213150341577151181e+01
-3.435191113336573920e+01
-3.607502621148354649e+01
-3.718239043881857242e+01
-3.767768213938030897e+01
-3.766040138149733707e+01
-3.729119579411461416e+01
-3.675163164346924560e+01
-3.619617834968117620e+01
-3.569994596104321261e+01
-3.521447997862350121e+01
-3.454637695212550597e+01
-3.336904837093659637e+01
-3.127230567485386814e+01
-2.784772283685772720e+01
-2.279416298331044999e+01
-1.601238235844222402e+01
-7.656964730816714138e+00
1.867311618177827981e+00
1.195524315274644422e+01
2.187966814182097508e+01
3.088957575892901630e+01
3.832761346326901730e+01
4.375626845818032251e+01
4.705591998747217986e+01
4.844734854787016332e+01
4.841681610111960765e+01
4.756668950456086264e+01
4.644689041601044721e+01
4.542684106300484359e+01
4.464728947155870742e+01
4.405728063241642189e+01
4.350741376869906674e+01
4.285133408905213059e+01
4.201225879446600686e+01
4.099473303980097683e+01
3.984801110824056991e+01
3.860552597045707302e+01
3.723254055482003366e+01
3.561080845469960110e+01
3.357454106595499610e+01
3.098873936478164381e+01
2.783691860349086511e+01
2.427341446137852898e+01
2.060696120532987763e+01
1.721508883473864060e+01
1.442375909759327257e+01
1.240146519850019402e+01
1.110784336303541409e+01
1.031547899995895179e+01
9.698439771548022392e+00
8.955440776833722083e+00
7.919089665801157807e+00
6.606930076416304587e+00
5.194029412562962023e+00
3.918666183442392814e+00
2.960762280767005095e+00
2.346303490744781506e+00
1.919893895454638511e+00
1.395270187333791156e+00
4.599340463225072284e-01
-1.108266922635008589e+00
-3.355187400416630439e+00
-6.122983163306099819e+00
-9.085653841359043525e+00
-1.183243000579691184e+01
-1.397623914520164945e+01
-1.526249351128742227e+01
-1.565088654588193506e+01
-1.534366123500912238e+01
-1.474337662425533146e+01
-1.434286994759062495e+01
-1.457668777946884120e+01
-1.568464202385905537e+01
-1.763882303201724611e+01
-2.016166345479176769e+01
-2.282609277049738594e+01
-2.519749749751687062e+01
-2.696545744814745404e+01
-2.802339718035014471e+01
-2.847733816135902174e+01
-2.859014611784172999e+01
-2.868678006080988752e+01
-2.905245190549942080e+01
-2.984998083874027941e+01
-3.107434096253335554e+01
-3.255683296595584153e+01
-3.402320587195843871e+01
-3.519405747517633642e+01
-3.589533893649112883e+01
-3.613241007970983532e+01
-3.608652590344295419e+01
-3.602530531331429131e+01
-3.616661384223774434e+01
-3.656782246243638923e+01
-3.710264615560819124e+01
-3.753734363567392762e+01
-3.766040138149733707e+01
-3.739387858664913011e+01
-3.683194777248770890e+01
-3.619346640712566909e+01
-3.571394289288426904e+01
-3.552400882314135089e+01
-3.556281349296420302e+01
-3.555826320686033881e+01
-3.507781750769063933e+01
-3.362670627160476045e+01
-3.075965195422191556e+01
-2.617866766887613039e+01
-1.980188071125305882e+01
-1.179724797945069881e+01
-2.577551895585152408e+00
7.248567419329932981e+00
1.697272399640885254e+01
2.591993875973302508e+01
3.358593595996777736e+01
3.972864223134168071e+01
4.437495645017224177e+01
4.774700158623723922e+01
5.015567626756563158e+01
5.191524117229546675e+01
5.330058104323767054e+01
5.453152282527005923e+01
5.575383749373135345e+01
5.700118997808202437e+01
5.815585253428132972e+01
5.895140266912222415e+01
5.905066459207818497e+01
5.818745586539051828e+01
5.631121625492609439e+01
5.365485138285521316e+01
5.067707348877361540e+01
4.789819183016589932e+01
4.570915928348106405e+01
4.424527938385752179e+01
4.337341073653641388e+01
4.277854929711740084e+01
4.209296980146150702e+01
4.100751734436551033e+01
3.933251680632165659e+01
3.701130437384301075e+01
3.410815816902748310e+01
3.078828777812175943e+01
2.729577508852114320e+01
2.392915327720259810e+01
2.101112183302503666e+01
1.884596006913671573e+01
1.766107358053687904e+01
1.753998368070486080e+01
1.836787900199930235e+01
1.981988777713466021e+01
2.141517343281270769e+01
2.263033188537070828e+01
2.303019183035403117e+01
2.236404808415304046e+01
2.059949529101518806e+01
1.790045069811595368e+01
1.457296746161166290e+01
1.099716027421678533e+01
7.552291787035771975e+00
4.541740466495198802e+00
2.134258786014510356e+00
3.418373490916479795e-01
-9.572577840733300647e-01
-1.961142847181127635e+00
-2.875370416308582477e+00
-3.853592886765206060e+00
-4.960453762751862783e+00
-6.161281888245794036e+00
-7.337729955412150673e+00
-8.324635899678987982e+00
-8.961230024676369865e+00
-9.149024683824110937e+00
-8.905688445335057324e+00
-8.397497945367664585e+00
-7.929254257068773626e+00
-7.878760854441008377e+00
-8.585599333277352585e+00
-1.023269021697543479e+01
-1.277312328505613692e+01
-1.593604615340854735e+01
-1.930455350157129857e+01
-2.242785185863116837e+01
-2.492764113028955464e+01
-2.657476282909520648e+01
-2.732796056012892194e+01
-2.733417144054943293e+01
-2.689301916003697102e+01
-2.639159266846188956e+01
-2.621896014271451492e+01
-2.667352748321018652e+01
-2.788246811515843859e+01
-2.975898018168079062e+01
-3.202094608334292758e+01
-3.427419297190978398e+01
-3.613008178855414343e+01
-3.730502850411905058e+01
-3.766040138149733707e+01
-3.717799060474809636e+01
-3.589896619157512703e+01
-3.386119315326610035e+01
-3.105711394431070005e+01
-2.742275596020964201e+01
-2.286417788056383316e+01
-1.731851038866716408e+01
-1.082777897225797936e+01
-3.591424141481226684e+00
4.027679861076451040e+00
1.154778311412291814e+01
1.845055407525462599e+01
2.427973798574382513e+01
2.873298708044976024e+01
3.172700260787281579e+01
3.341924063171755677e+01
3.417184560600767895e+01
3.445532789466621182e+01
3.471373596050010946e+01
3.523465690449886267e+01
3.606995899220614632e+01
3.703585010837781510e+01
3.779393944721986998e+01
3.798739383769780176e+01
3.738347299238353827e+01
3.596550586526900872e+01
3.393467600431986853e+01
3.162154914051885868e+01
2.934828709145782710e+01
2.730299221935203136e+01
2.548036113389166957e+01
2.371434607637334935e+01
2.178838055068238333e+01
1.956859718575510243e+01
1.708683430740658338e+01
1.452351072641661034e+01
1.209925105099825515e+01
9.941761924888300683e+00
8.010135909716346703e+00
6.120381500487752646e+00
4.052829898232459094e+00
1.680080050736433517e+00
-9.444527765334598257e-01
-3.566913480924300828e+00
-5.782227232427455732e+00
-7.138325345474610728e+00
-7.273865224539294516e+00
-6.053325583616269157e+00
-3.649629331762724860e+00
-5.318715219413743256e-01
