-1.289305565345091154e+01
-1.806178646609804517e+01
-2.264262533309171843e+01
-2.618701069092719536e+01
-2.848974626747182981e+01
-2.962401502895904315e+01
-2.990984921946972719e+01
-2.983054587018484227e+01
-2.991741264740707607e+01
-3.062336017629595375e+01
-3.220672120410829109e+01
-3.465210782865564454e+01
-3.765847316462331662e+01
-4.071261756186125069e+01
-4.323545525769037567e+01
-4.475466645366945784e+01
-4.504500627144968661e+01
-4.419336983034921218e+01
-4.257418449829958718e+01
-4.074562946376012462e+01
-3.929665951547667646e+01
-3.869078992343035139e+01
-3.915748494506018318e+01
-4.066430820643906685e+01
-4.296454635548904122e+01
-4.567864052064915370e+01
-4.836263766663464025e+01
-5.054808599740494657e+01
-5.177373010061091207e+01
-5.163328260669118208e+01
-4.983592013460338421e+01
-4.625113298633155523e+01
-4.091283892870637118e+01
-3.398275914264618791e+01
-2.569743243231250318e+01
-1.633070965929157481e+01
-6.188269887856019835e+00
4.379102661115843453e+00
1.497516200421441113e+01
2.519013980814839826e+01
3.465408531739742415e+01
4.308114023308511520e+01
5.028036088651695934e+01
5.613480445884763270e+01
6.057622468641444868e+01
6.358590021955975402e+01
6.522947621609569069e+01
6.570414294110214826e+01
6.536150577115725469e+01
6.467581301368656455e+01
6.414933043331190277e+01
6.417608037718719061e+01
6.491018100100851029e+01
6.619173583371869540e+01
6.756708548143177495e+01
6.840997463984476212e+01
6.811579433788693905e+01
6.630881411893702193e+01
6.298506210589550136e+01
5.852940656601725067e+01
5.359561631035986551e+01
4.889599357635492538e+01
4.498048387691535765e+01
4.208379769267801151e+01
4.009131526172624405e+01
3.862949770420472362e+01
3.723688354270468182e+01
3.554108437317670166e+01
3.337275552080795649e+01
3.078301407508834231e+01
2.797621036534771477e+01
2.520534225599843481e+01
2.268571126178138542e+01
2.055884297163846952e+01
1.890027384819018152e+01
1.773953218862950365e+01
1.706417749443295051e+01
1.680356290764148142e+01
1.680993046108742917e+01
1.686053956518559005e+01
1.669557071818035965e+01
1.608742094685435120e+01
1.491410560792013484e+01
1.319747934521513244e+01
1.108098612809625116e+01
8.757984168252068713e+00
6.394078757105419619e+00
4.087840498746439621e+00
1.882918148256961466e+00
-1.919743836031786444e-01
-2.092831678093281411e+00
-3.762631089200828782e+00
-5.159781028174966977e+00
-6.288386238384319427e+00
-7.212241567287289712e+00
-8.051455987284365179e+00
-8.967484870955448883e+00
-1.013794031512888338e+01
-1.171898068832863515e+01
-1.379654081132803256e+01
-1.633700167375329215e+01
-1.915788419380087504e+01
-2.194085870003008409e+01
-2.429785641615488245e+01
-2.587955977749133751e+01
-2.649133771546691918e+01
-2.616798790711747813e+01
-2.517058281985957890e+01
-2.390403630777782240e+01
-2.279024708985744141e+01
-2.214927221643658228e+01
-2.213477689899255552e+01
-2.274216575482207148e+01
-2.387019082887652033e+01
-2.539295586159002838e+01
-2.720421260798676144e+01
-2.922155085112709116e+01
-3.136489329668621906e+01
-3.353579614870301384e+01
-3.561651252391859401e+01
-3.749027570698920186e+01
-3.907181136477611716e+01
-4.033390404911966698e+01
-4.131765968199763250e+01
-4.212110512604598256e+01
-4.287271579317508952e+01
-4.370235827815960050e+01
-4.471421149717677679e+01
-4.595767393969987324e+01
-4.739943859093504130e+01
-4.891339320949631286e+01
-5.030108468577225977e+01
-5.133195651321879893e+01
-5.177373010061091207e+01
-5.139090793644349020e+01
-4.991978192658837798e+01
-4.705771644929642150e+01
-4.250799994755762867e+01
-3.608993578602346730e+01
-2.787129034477455747e+01
-1.824562272711868971e+01
-7.893927400364988856e+00
2.370354348259977595e+00
1.181491777568591139e+01
1.997766629222815027e+01
2.675952679005886381e+01
3.238640229161800477e+01
3.725823552312567699e+01
4.175230535041412594e+01
4.606572468069207815e+01
5.015648163911443191e+01
5.379192480483618510e+01
5.666890259964628740e+01
5.854921219655698650e+01
5.935954494079393129e+01
5.922710653696377392e+01
5.844647124694525075e+01
5.739237226373693090e+01
5.640746495414994399e+01
5.570135788288307310e+01
5.529151624352027028e+01
5.500065483097506558e+01
5.450952572139980390e+01
5.345222746245946865e+01
5.152901665642360030e+01
4.860213355603328012e+01
4.474429809013184212e+01
4.022750383368424565e+01
3.545913435458137286e+01
3.088598114899215830e+01
2.689404918565116631e+01
2.373031972162723235e+01
2.146221682091283967e+01
1.997899892767147989e+01
1.903211886152233134e+01
1.830756358510979354e+01
1.751805114816223252e+01
1.649330077901681335e+01
1.523632319252911493e+01
1.391536220975648952e+01
1.278350977717745707e+01
1.205408107982959542e+01
1.178873615027840138e+01
1.185530133491273830e+01
1.197832891608424788e+01
1.185809224871220913e+01
1.130283360256070146e+01
1.031816099030752554e+01
9.118207973378323672e+00
8.052052673368496727e+00
7.469914297216853072e+00
7.580503138468877466e+00
8.358076530655885961e+00
9.535651263462824545e+00
1.068334747260913886e+01
1.134046332676654423e+01
1.115481383852377917e+01
9.982723573320598121e+00
7.919511555021855997e+00
5.258344164600002202e+00
2.399288686862418807e+00
-2.605737201694036109e-01
-2.426698891867452801e+00
-3.971542252186489375e+00
-4.948197467966190644e+00
-5.553868868688200067e+00
-6.061123943365538835e+00
-6.742464644042114763e+00
-7.807802895688631395e+00
-9.362243338263560588e+00
-1.138465851431110565e+01
-1.372815306210919495e+01
-1.614481664126053317e+01
-1.833542520735932158e+01
-2.002029371109498612e+01
-2.101856528618939990e+01
-2.131152883232522299e+01
-2.106192560238037714e+01
-2.057434471441970913e+01
-2.020629347017050037e+01
-2.026138571426018942e+01
-2.090358354266021834e+01
-2.212085922415845118e+01
-2.374601995632390583e+01
-2.552425997600392904e+01
-2.720478783950280999e+01
-2.862579147183065942e+01
-2.976243763550746380e+01
-3.072130942085854244e+01
-3.168642350051992906e+01
-3.284223323832969754e+01
-3.431033758743122064e+01
-3.612871094346025558e+01
-3.827099484949653174e+01
-4.067208026743304572e+01
-4.322996706538280165e+01
-4.579061900574991739e+01
-4.814746448204731877e+01
-5.007009258170033661e+01
-5.134150404537095369e+01
-5.177373010061091207e+01
-5.119526174990710388e+01
-4.943127106663011006e+01
-4.630445192630651263e+01
-4.167077670391692124e+01
-3.548397508804124811e+01
-2.786644213646451718e+01
-1.915642177277172920e+01
-9.902742517135163069e+00
-7.934351259252760968e-01
7.466861712643360960e+00
1.428894175918058096e+01
1.929363320539343363e+01
2.234252083156923874e+01
2.350929199895682586e+01
2.301911996430653318e+01
2.118693992781820867e+01
1.836794920169622358e+01
1.491110289626079322e+01
1.110560074739092329e+01
7.133921971978594456e+00
3.060392502704296191e+00
