-1.298392973827179731e+01
-1.967833365064894124e+01
-2.587924319515063587e+01
-3.126161963740904071e+01
-3.574541098754390589e+01
-3.944070184503826937e+01
-4.252461633632493232e+01
-4.512322292541566071e+01
-4.724546234459970151e+01
-4.878841468396251457e+01
-4.961112658475479975e+01
-4.964921118592706506e+01
-4.901894953444023884e+01
-4.805364039942654841e+01
-4.724077266752667015e+01
-4.707982089573909690e+01
-4.792210733847146287e+01
-4.985569977243459761e+01
-5.266853022679146079e+01
-5.589262032186789497e+01
-5.891736912128930470e+01
-6.115320440743172981e+01
-6.221305615841835390e+01
-6.205555058678439195e+01
-6.102214314497054204e+01
-5.972797300303454904e+01
-5.883379545307370506e+01
-5.879703943092039964e+01
-5.972268615462446206e+01
-6.138569024910241012e+01
-6.340355987412584682e+01
-6.545984925418663636e+01
-6.746282175371754875e+01
-6.956812574125596882e+01
-7.206099897710375046e+01
-7.514596896744032506e+01
-7.872199162836376729e+01
-8.223202248821291960e+01
-8.466278501706119641e+01
-8.472375153054197483e+01
-8.116039454734445258e+01
-7.309078991319047702e+01
-6.024353757398644404e+01
-4.303033101984059527e+01
-2.246348003622753353e+01
3.062581542921716249e-02
2.285605126783208263e+01
4.451408594795760365e+01
6.384435441530469291e+01
8.017945413778841157e+01
9.337168877926706045e+01
1.036979759649587720e+02
1.116914043489901331e+02
1.179610631587157457e+02
1.230464960954170692e+02
1.273258024511865472e+02
1.309756036424030867e+02
1.339764991650586694e+02
1.361620804455141922e+02
1.373056148434476427e+02
1.372202339706055341e+02
1.358339153143285216e+02
1.332128608346312149e+02
1.295402011126094521e+02
1.250769666096427102e+02
1.201219763852450342e+02
1.149690818161083570e+02
1.098571270336848613e+02
1.049159129365179979e+02
1.001226277257796937e+02
9.529662609751466107e+01
9.016014946813022846e+01
8.446000533944905442e+01
7.809855419585454683e+01
7.120498141541941095e+01
6.410752915107845240e+01
5.722161700041274202e+01
5.091066243889868304e+01
4.538213067646807986e+01
4.065431853728941292e+01
3.659278659010541901e+01
3.299015356940257249e+01
2.965603946954924552e+01
2.648946037980233115e+01
2.351293101935837626e+01
2.085380430843475352e+01
1.867348065741406771e+01
1.707070634925781860e+01
1.600395986044432917e+01
1.527131782350263123e+01
1.455600352069490988e+01
1.351371261995512540e+01
1.186538173855786127e+01
9.468525681132486937e+00
6.354391642777039273e+00
2.722654666363917286e+00
-1.111627544579171456e+00
-4.808077017973754863e+00
-8.097215968963318744e+00
-1.084796095285641471e+01
-1.308387148985960025e+01
-1.494502712184235804e+01
-1.661827959296198287e+01
-1.827853452757798891e+01
-2.007159409860244637e+01
-2.212931527021181921e+01
-2.458081030587161564e+01
-2.753448629306518569e+01
-3.103969818735344433e+01
-3.505979950976159643e+01
-3.947867702767615583e+01
-4.413115006089463321e+01
-4.882847965872463192e+01
-5.336442665228530302e+01
-5.751778076156534780e+01
-6.107856379835276073e+01
-6.390379533743511331e+01
-6.597733500935214579e+01
-6.743691347450680951e+01
-6.854721268108150412e+01
-6.962614547361216921e+01
-7.095319273663311321e+01
-7.269231645621654536e+01
-7.484876055204212264e+01
-7.726202643673319415e+01
-7.963142843526910042e+01
-8.157544857121541781e+01
-8.272451048440659349e+01
-8.283058473253440468e+01
-8.186030209179499195e+01
-8.003718290287740444e+01
-7.781365120967494420e+01
-7.577490126824935146e+01
-7.449670223345627562e+01
-7.439442481251695938e+01
-7.560411015485676955e+01
-7.792138964992734884e+01
-8.080069233335073875e+01
-8.340762816111745792e+01
-8.472375153054197483e+01
-8.370102438416651580e+01
-7.944177798538822799e+01
-7.136058673395365304e+01
-5.928748519763720992e+01
-4.349251452378079819e+01
-2.463282131643723005e+01
-3.642582905616029265e+00
1.839691815969913691e+01
4.036657774374005214e+01
6.118138300329856349e+01
7.984653465203069800e+01
9.553525448642048445e+01
1.076981933826329083e+02
1.161671654858900240e+02
1.211940615230377460e+02
1.233888209514987722e+02
1.235674135685596724e+02
1.225580437790051889e+02
1.210262941798011127e+02
1.193715328828324260e+02
1.177213315216429805e+02
1.160102869115567330e+02
1.140925669382073266e+02
1.118326202510365306e+02
1.091484658645264147e+02
1.060134384883721879e+02
1.024318726669820165e+02
9.840437478231115165e+01
9.390094088615306589e+01
8.885587872154857791e+01
8.318728440289426374e+01
7.684080988309078464e+01
6.985683867303002614e+01
6.244117557957581965e+01
5.499333899361759848e+01
4.805024559422814434e+01
4.214384224721208483e+01
3.761949459761233783e+01
3.449070865975967592e+01
3.240439435880318086e+01
3.075310441139925999e+01
2.890232637806563076e+01
2.643525655457701617e+01
2.329944482396875216e+01
1.978791387005531632e+01
1.637418288608230910e+01
1.349106387692492071e+01
1.135784673702837289e+01
9.921033758394823820e+00
8.910474031492020330e+00
7.962972901317197483e+00
6.754325305303630955e+00
5.100575469553268348e+00
3.009365962798804084e+00
6.702351139104960609e-01
-1.615887117972544029e+00
-3.545611033060669381e+00
-4.921490969536074012e+00
-5.723715355043120567e+00
-6.123735627022770522e+00
-6.433113669782732913e+00
-6.997409612479437158e+00
-8.069525776007166584e+00
-9.718113864301969329e+00
-1.182007644266302648e+01
-1.414345556835543860e+01
-1.647309445181261367e+01
-1.870566766914431156e+01
-2.086154958729136766e+01
-2.301542680030444643e+01
-2.520130038069358491e+01
-2.736117955493498499e+01
-2.936711783046938962e+01
-3.108783748069376074e+01
-3.244538899053064540e+01
-3.343084683960442050e+01
-3.409193008970136418e+01
-3.452537018676731861e+01
-3.488542034435100447e+01
-3.538608390798090397e+01
-3.627017598674666488e+01
-3.774638508880824617e+01
-3.992374107356349100e+01
-4.277669830941855622e+01
-4.615460394409395661e+01
-4.982503769411276551e+01
-5.353111702448263287e+01
-5.704776385668392180e+01
-6.022442882505126249e+01
-6.300217792735772804e+01
-6.540582452966762617e+01
-6.752798557119132283e+01
-6.951687074368567210e+01
-7.155739811016465524e+01
-7.382584773874887674e+01
-7.641340156157676233e+01
-7.923759825627868736e+01
-8.197595425183506279e+01
-8.405636469941649125e+01
-8.472375153054197483e+01
-8.317564023946448515e+01
-7.873034628524716538e+01
-7.097624119089127248e+01
-5.986238893318448362e+01
-4.572096409911539894e+01
-2.923548152913837228e+01
-1.137423087498214791e+01
6.698130746499451504e+00
2.372745906717035069e+01
3.849654275860616082e+01
4.996437350726368720e+01
5.739794937545050857e+01
6.047250660884405704e+01
5.932520499059124575e+01
5.455640942775943358e+01
4.717205770624583749e+01
3.845414814350331056e+01
2.974785196768873163e+01
2.217930309984451043e+01
1.636830568432966260e+01
1.224371289668445684e+01
9.062333072053974092e+00
