2.255217818776402083e+01
3.540987269539144222e+00
-1.314611824010489727e+01
-2.580507916188882689e+01
-3.378330745428327475e+01
-3.753017787883435119e+01
-3.832955828909739182e+01
-3.784504514396485320e+01
-3.763263081461080617e+01
-3.875698953232276267e+01
-4.160113467654790043e+01
-4.589298665402760946e+01
-5.090562393477635794e+01
-5.574407690662950188e+01
-5.962304112940731216e+01
-6.206304670555297776e+01
-6.297036857733414195e+01
-6.260067857040485251e+01
-6.143225185679222022e+01
-5.999304896099421569e+01
-5.869601029019123928e+01
-5.773357839792676316e+01
-5.706149712130743978e+01
-5.646631862998708584e+01
-5.567699130029753007e+01
-5.446944165358779344e+01
-5.272982351235525300e+01
-5.047034909404071357e+01
-4.780998749981591800e+01
-4.493451405136693211e+01
-4.204491280686535504e+01
-3.930104756119693832e+01
-3.677256098789395367e+01
-3.441431036757919060e+01
-3.207918096945442699e+01
-2.956668180277549141e+01
-2.669273923773086210e+01
-2.336230006213764199e+01
-1.962633193839830170e+01
-1.570305021518099409e+01
-1.194669653967232392e+01
-8.763783648627743617e+00
-6.499602214270311151e+00
-5.330863774919755826e+00
-5.194297155847735326e+00
-5.762344966440366534e+00
-6.462601811274048202e+00
-6.536798766040277542e+00
-5.140014662142895929e+00
-1.476763418719649223e+00
5.046125983046280794e+00
1.468823984890165235e+01
2.730881105607284098e+01
4.239115460093462673e+01
5.915324714693450403e+01
7.670538779450868105e+01
9.419816637964690642e+01
1.109154797687511120e+02
1.262997413449205055e+02
1.399269742108003811e+02
1.514647969980828179e+02
1.606467572999313518e+02
1.672832265353090975e+02
1.713036576744698607e+02
1.728001724396187342e+02
1.720387851416836611e+02
1.694273763385057805e+02
1.654572415130084835e+02
1.606433802111722571e+02
1.554778351439513244e+02
1.503959471372328949e+02
1.457471584392752675e+02
1.417634817609076663e+02
1.385297986865048188e+02
1.359707240394311327e+02
1.338658539459938197e+02
1.318903724019040453e+02
1.296663619492698842e+02
1.268115502197180575e+02
1.229818951027588838e+02
1.179116410121366414e+02
1.114537312708653758e+02
1.036170935131719091e+02
9.459096533820239472e+01
8.474419014415150286e+01
7.459102243654707820e+01
6.472292171656641813e+01
5.571298850785254331e+01
4.800500153951263371e+01
4.180896162536087957e+01
3.703942267104352482e+01
3.333517727427599908e+01
3.017326139430307919e+01
2.704431965489094480e+01
2.362012422309301485e+01
1.984472429008376793e+01
1.591913320753695871e+01
1.220050873111801515e+01
9.068914851536259647e+00
6.813016493705465138e+00
5.563181001093678191e+00
5.278970914117255830e+00
5.783216531983526920e+00
6.821331423362117619e+00
8.118580157875424419e+00
9.418874720258054722e+00
1.050746952837754833e+01
1.122845750912145668e+01
1.150137394880776043e+01
1.133005095840069565e+01
1.079390822370642766e+01
1.002130336969204727e+01
9.156573453518427996e+00
8.332183996014665084e+00
7.647186394729619252e+00
7.149763014241889536e+00
6.827613765247871669e+00
6.612281725729610926e+00
6.398521136725648262e+00
6.073880721821375062e+00
5.548822223553255384e+00
4.775177640290102943e+00
3.746333571100647575e+00
2.486200683595752636e+00
1.043478827630035966e+00
-5.001604544164557353e-01
-2.020737496761551455e+00
-3.365968080451157363e+00
-4.401253658849206829e+00
-5.066675452217715758e+00
-5.411621537067041743e+00
-5.586821162117818318e+00
-5.795222777891286370e+00
-6.221545590203557907e+00
-6.972913544188308776e+00
-8.060034556601571865e+00
-9.423781254890659653e+00
-1.098350088476994557e+01
-1.267621346110566805e+01
-1.447125051162858256e+01
-1.636379588549807096e+01
-1.836012146061506556e+01
-2.046499945979341817e+01
-2.266964327252508227e+01
-2.492829481357610177e+01
-2.712180215996779964e+01
-2.903449811431623573e+01
-3.038377123797006618e+01
-3.091553273685509140e+01
-3.053000242757065763e+01
-2.937048264600597491e+01
-2.781766438374880579e+01
-2.637802765011133133e+01
-2.550875934056212202e+01
-2.545177112173618283e+01
-2.614477336285025189e+01
-2.724945808806377556e+01
-2.829671972698627869e+01
-2.890019778694163222e+01
-2.894825759961106826e+01
-2.868060552991925860e+01
-2.860302207225725724e+01
-2.927071433509924248e+01
-3.103583710910748650e+01
-3.387561084383406040e+01
-3.738448181109122004e+01
-4.093724403013129631e+01
-4.394373265959568897e+01
-4.607125496631434203e+01
-4.733943256130593369e+01
-4.806983874143563895e+01
-4.874104662482346129e+01
-4.981909000908474638e+01
-5.161194409856634024e+01
-5.416856833931496595e+01
-5.723042490189357778e+01
-6.024343067573916954e+01
-6.243757984976184616e+01
-6.297036857733414195e+01
-6.110772647143094360e+01
-5.639314681643820393e+01
-4.875033474801282551e+01
-3.848630380058742162e+01
-2.620130253043330271e+01
-1.264843566645401118e+01
1.399570891085289759e+00
1.523454058950642676e+01
2.824210449914447452e+01
3.990175449047653444e+01
4.978930120661522807e+01
5.759603485470138651e+01
6.315854247938773369e+01
6.648345471606529600e+01
6.775118415380569559e+01
6.728822895331902032e+01
6.550802558336303605e+01
6.283232603746515110e+01
5.961296523702311134e+01
5.607489536377072881e+01
5.229746063172325421e+01
4.824375110314762338e+01
4.383385246540311186e+01
3.903635647609220172e+01
3.393746767832779199e+01
2.875507505475469827e+01
2.379213158515845805e+01
1.934789330700883170e+01
1.561648271203235794e+01
1.260692255676911344e+01
1.011733818829974041e+01
7.778165294081645698e+00
5.149988734545942748e+00
1.843016788307988207e+00
-2.372080520865530673e+00
-7.480150229050055444e+00
-1.317936759426064341e+01
-1.890383739703507260e+01
-2.393238562432908623e+01
-2.757430274975139639e+01
-2.937627440795990452e+01
-2.927049669513070995e+01
-2.760367123863381522e+01
-2.503610612559906556e+01
-2.234988967257854497e+01
-2.023405156560633600e+01
-1.911596798912274053e+01
-1.908648152950843624e+01
-1.993314062174950863e+01
-2.126305898517484749e+01
-2.267000259328623457e+01
-2.388436459939822143e+01
-2.484855541028354864e+01
-2.569063177828136801e+01
-2.661766286315996410e+01
-2.779043401672247882e+01
-2.924374946612859105e+01
-3.088077170329393084e+01
-3.252772603597231438e+01
-3.401689682392967029e+01
-3.526705464077897290e+01
-3.633175717442075126e+01
-3.738993851529488666e+01
-3.867613137713638594e+01
-4.038219089412537244e+01
-4.257966164775659479e+01
-4.519784494981533385e+01
-4.806034049732853930e+01
-5.095468003380183575e+01
-5.369909885115790615e+01
-5.617791488647045384e+01
-5.833606749333479513e+01
-6.014549937373278965e+01
-6.156887382096531525e+01
-6.254078571306763479e+01
-6.297036857733414195e+01
-6.275730407703160552e+01
-6.181084375575944989e+01
-6.006610254156089468e+01
-5.750134409819540338e+01
-5.416427057524670374e+01
-5.020226811910193732e+01
-4.587162999192297264e+01
