-1.111166615839709806e+02
-1.598442751262166723e+02
-2.011002288187169995e+02
-2.285028886449903212e+02
-2.373687965834097326e+02
-2.251064941350306015e+02
-1.913258830871266696e+02
-1.377511481406803000e+02
-6.797998470280579397e+01
1.291420227643683916e+01
9.893953153200490647e+01
1.838680563429177823e+02
2.619676533147831492e+02
3.286764320883634127e+02
3.810954121176653757e+02
4.181859285246843001e+02
4.406170542090924300e+02
4.503092775254313551e+02
4.498172582106247432e+02
4.417331380770926899e+02
4.282564138707269308e+02
4.109931669009858979e+02
3.909604726210280319e+02
3.687197839340053065e+02
3.445597478565840674e+02
3.186735615607209411e+02
2.912988634002645085e+02
2.628038723693516658e+02
2.337192319072441080e+02
2.047236234725527595e+02
1.765869512310154619e+02
1.500746105805241655e+02
1.258336764136379315e+02
1.042999960183797441e+02
8.565854053516881095e+01
6.985877659243953985e+01
5.665973570019077954e+01
4.567865091788594611e+01
3.643674762883867402e+01
2.841233131089940400e+01
2.110836815806267452e+01
1.412206401704585801e+01
7.187287205331202244e+00
1.670932931930693144e-01
-6.999811153622832904e+00
-1.437079289571198970e+01
-2.205532898733288505e+01
-3.023181815055291466e+01
-3.911956829190444296e+01
-4.891649213709186483e+01
-5.972214698617269590e+01
-7.147064535300923183e+01
-8.390070068427196759e+01
-9.658393408847170747e+01
-1.090111763395976396e+02
-1.207072297571223771e+02
-1.313273740661536237e+02
-1.406998390979018723e+02
-1.488120941404904443e+02
-1.557687504794166387e+02
-1.617530177922436962e+02
-1.670060418944162279e+02
-1.718170996403168544e+02
-1.765039675083851876e+02
-1.813645957374909301e+02
-1.866021857252661391e+02
-1.922514431709983000e+02
-1.981418083121158702e+02
-2.039203576035667993e+02
-2.091365276508640250e+02
-2.133714813643429125e+02
-2.163763367529992934e+02
-2.181693740552767622e+02
-2.190447631235808785e+02
-2.194740301401292868e+02
-2.199314675145357114e+02
-2.207199780722762057e+02
-2.218794692001810631e+02
-2.232166742202234104e+02
-2.244353501847460848e+02
-2.253080185515736389e+02
-2.258232264544756163e+02
-2.262514161631811476e+02
-2.270861502550155819e+02
-2.288366408778927621e+02
-2.316836162096988687e+02
-2.350706389280397275e+02
-2.373687965834097326e+02
-2.357818584463165053e+02
-2.266188191119541102e+02
-2.059558797405875907e+02
-1.705595739884225281e+02
-1.188259961042008115e+02
-5.144535334043459329e+01
2.844261978440769667e+01
1.156903347331627430e+02
2.040824777158433676e+02
2.875172093438748107e+02
3.610993620305722516e+02
4.218588838588337921e+02
4.689445798503195988e+02
5.033147321136135588e+02
5.270854350589354453e+02
5.427636001291941739e+02
5.525791605844619880e+02
5.580622512278871454e+02
5.599187927527736974e+02
5.581683011011400595e+02
5.524411129073851043e+02
5.423088005498958637e+02
5.275482826090682238e+02
5.082941505845704455e+02
4.850774672934213072e+02
4.587658734158256379e+02
4.304236448136389868e+02
4.011233974405470804e+02
3.717662291747759582e+02
3.429808022735126656e+02
3.151455211080282766e+02
2.885148248588317301e+02
2.633734476665155739e+02
2.401307891694667660e+02
2.193011262148362448e+02
2.013702920109914771e+02
1.866050596166385844e+02
1.748976299692840541e+02
1.657303787237454173e+02
1.582889330312015659e+02
1.516733062595952788e+02
1.451057316798580814e+02
1.380443414557706205e+02
1.301769408819924649e+02
1.213407588948373359e+02
1.114413143140147611e+02
1.004186094595069392e+02
8.826574205293000830e+01
7.507534041741340047e+01
6.107917347665424757e+01
4.665189151671634704e+01
3.226621042015361240e+01
1.840343899661000648e+01
5.434297916998289679e+00
-6.500725282875592370e+00
-1.756193083440936675e+01
-2.817868839683936244e+01
-3.889949025890865641e+01
-5.017353758599489311e+01
-6.216265320108217907e+01
-7.467662702295464783e+01
-8.726370877567322282e+01
-9.940725497715922643e+01
-1.107298983137899882e+02
-1.211160706969349974e+02
-1.307159366854947962e+02
-1.398474493298105585e+02
-1.488436356845101045e+02
-1.579026723682706574e+02
-1.669940503617360719e+02
-1.758519719443485769e+02
-1.840547124058376198e+02
-1.911638380708772047e+02
-1.968852261749809145e+02
-2.012081818673667613e+02
-2.044777292776023501e+02
-2.073622195663256775e+02
-2.106961468991263473e+02
-2.152059445158784570e+02
-2.211620363736697072e+02
-2.280386296932500727e+02
-2.342920696519535113e+02
-2.373687965834097326e+02
-2.340090509893519766e+02
-2.208276085534608910e+02
-1.950532350385444715e+02
-1.552341340900257762e+02
-1.016980586970842069e+02
-3.661932976148140995e+01
3.632890117239622896e+01
1.126272544158436801e+02
1.876769812615988826e+02
2.574835933307049345e+02
3.191157670809623141e+02
3.708855328571865471e+02
4.122767750438369490e+02
4.436986491618671380e+02
4.661571459077035797e+02
4.809302400715541808e+02
4.893067753342828610e+02
4.924169953909576520e+02
4.911561565729745666e+02
4.861843661237127208e+02
4.779710050923371227e+02
4.668458050649706479e+02
4.530320344897256746e+02
4.366649977779833307e+02
4.178177614535996440e+02
3.965504957566287203e+02
3.729789139870264307e+02
3.473415067257082001e+02
3.200464553507523533e+02
2.916921281847871796e+02
2.630639396125313851e+02
2.351037721324923382e+02
2.088348973867166762e+02
1.852296309887596237e+02
1.650371637846615442e+02
1.486209978640198415e+02
1.358614811180203787e+02
1.261576636136842211e+02
1.185306557856734742e+02
1.118029849920066141e+02
1.048121426372324976e+02
9.661155794471252989e+01
8.661754884180967906e+01
7.467564081746630222e+01
6.103797105357360664e+01
4.626064714973874459e+01
3.105065172512478711e+01
1.611202434330499500e+01
2.037067512571002936e+00
-1.074757737537195723e+01
-2.200475824431511995e+01
-3.170433899104301645e+01
-4.003173131551742614e+01
-4.736724114224460891e+01
-5.422151632299828350e+01
-6.113116189895926311e+01
-6.853872843970103190e+01
-7.669296141726601945e+01
-8.559995118093166866e+01
-9.503754903231418893e+01
-1.046282272426917359e+02
-1.139528499492469393e+02
-1.226732534076279251e+02
-1.306220310584822073e+02
-1.378293078069797559e+02
-1.444854098542002987e+02
-1.508628208202132726e+02
-1.572262727159458109e+02
-1.637509668790017088e+02
-1.704576055931408121e+02
-1.771687767098865720e+02
-1.834991843200018593e+02
-1.889054081431912948e+02
-1.928180496946710605e+02
-1.948439419911749440e+02
-1.949751606577906387e+02
-1.937181186302625520e+02
-1.920818823981220760e+02
-1.914132908395379502e+02
-1.930984861550400353e+02
-1.981626333895544860e+02
-2.068198740134231173e+02
-2.180705049873429004e+02
-2.294907027738357215e+02
-2.373687965834097326e+02
-2.372807760592553450e+02
-2.250672159295845347e+02
-1.980087640453188556e+02
-1.558602995450303865e+02
-1.013647281978761896e+02
-3.997495480233851595e+01
