1.631958839207895195e+01
8.583664093188632549e+00
1.105636987350095746e+00
-5.883025159669906579e+00
-1.229146810460783534e+01
-1.816493016082507239e+01
-2.362469912880754919e+01
-2.878663595393091512e+01
-3.370344911516760078e+01
-3.835541115178993721e+01
-4.268348588724977333e+01
-4.664028958844973261e+01
-5.023088472140149463e+01
-5.352442452647080273e+01
-5.663753064331014997e+01
-5.970897247228545979e+01
-6.288411941295246521e+01
-6.630624073943648966e+01
-7.009464800934425455e+01
-7.429847392067405565e+01
-7.884357369655963055e+01
-8.351341002117219148e+01
-8.799968456568038278e+01
-9.202063576749202412e+01
-9.545618065799983754e+01
-9.842438705843864000e+01
-1.012464108141670351e+02
-1.043090518997638156e+02
-1.078932584586709851e+02
-1.120507471614687915e+02
-1.165800557664761925e+02
-1.211075775890467412e+02
-1.252351207394438433e+02
-1.286830299664546828e+02
-1.313602888137241109e+02
-1.333415135617053693e+02
-1.347924901232534864e+02
-1.359074304308681747e+02
-1.368883723479900425e+02
-1.379522581774375567e+02
-1.393364254484274056e+02
-1.412839175822591073e+02
-1.440018590743871982e+02
-1.475952137227609171e+02
-1.519927545952043317e+02
-1.568988235051523361e+02
-1.618080586677396582e+02
-1.661006577889004063e+02
-1.692020190643979163e+02
-1.707602221504972704e+02
-1.707780948141014790e+02
-1.696423520554375273e+02
-1.680264941111309440e+02
-1.666941981369222674e+02
-1.662708338603741538e+02
-1.670647427521918189e+02
-1.690005251025463053e+02
-1.716802400437002802e+02
-1.745391177389572022e+02
-1.770358490296651723e+02
-1.788179684434170724e+02
-1.798182657799075628e+02
-1.802601966733366510e+02
-1.805739879768262028e+02
-1.812433505135033727e+02
-1.826142528828877687e+02
-1.847068424521317240e+02
-1.870776595077980744e+02
-1.887757170057734868e+02
-1.884219179137426750e+02
-1.844169456957101829e+02
-1.752465444020148198e+02
-1.598125256069398006e+02
-1.376952579308869247e+02
-1.092692053901248528e+02
-7.564271667245367325e+01
-3.844895287829117336e+01
4.482528755283993194e-01
3.925849322120313190e+01
7.651401997753211504e+01
1.112219139547190281e+02
1.428999113555189524e+02
1.714969516695309153e+02
1.972251492678119007e+02
2.203599739121054597e+02
2.410809324640051443e+02
2.594074065392952662e+02
2.752392798697891863e+02
2.884675230719615229e+02
2.990972461548435604e+02
3.073254321598673755e+02
3.135357043635650598e+02
3.182131085543971949e+02
3.218244457065927122e+02
3.247223137883265736e+02
3.271037553987832780e+02
3.290142363148769959e+02
3.303706949461799809e+02
3.309889835762228358e+02
3.306171656539195283e+02
3.289801893097354650e+02
3.258348350517661061e+02
3.210214808011640457e+02
3.144910183968237334e+02
3.062936694267409621e+02
2.965363694484232155e+02
2.853278885701955687e+02
2.727307044103937415e+02
2.587370068247720383e+02
2.432875059187086606e+02
2.263439660928909802e+02
2.079989681977998259e+02
1.885725369720069295e+02
1.686364952591278836e+02
1.489389609164250885e+02
1.302525286340188302e+02
1.132067077837794926e+02
9.817169730868191380e+01
8.523590142309149087e+01
7.427155091345078120e+01
6.503860448993277998e+01
5.727028765070662786e+01
5.071159905531062861e+01
4.511058411100245991e+01
4.017803454380010209e+01
3.554810854413864973e+01
3.078497682172038807e+01
2.546218524912297099e+01
1.929113462025385317e+01
1.223345434940834586e+01
4.536629259395805747e+00
-3.325150798691330234e+00
-1.078060645874133527e+01
-1.731745246625522938e+01
-2.261889500942789155e+01
-2.664170277200758363e+01
-2.961455964463066692e+01
-3.196271768842427008e+01
-3.418992301969907999e+01
-3.675611329259075433e+01
-3.997858643101483267e+01
-4.397053383405398819e+01
-4.862690384979944014e+01
-5.366606325995566351e+01
-5.871957741060278124e+01
-6.343707313403913162e+01
-6.756640635942426343e+01
-7.098954188004410071e+01
-7.371806464189326391e+01
-7.586110330643201394e+01
-7.757994318929746669e+01
-7.904719783660502230e+01
-8.042710104448094910e+01
-8.187776630124808719e+01
-8.355640069910417367e+01
-8.560690144381638333e+01
-8.812779789109141859e+01
-9.113366233685195539e+01
-9.452263625538026304e+01
-9.806065110730799006e+01
-1.013989748605640386e+02
-1.041428436429135758e+02
-1.059704439559144191e+02
-1.067674346036813233e+02
-1.067143689488995904e+02
-1.062706812608711147e+02
-1.060476389445725829e+02
-1.066218511781208065e+02
-1.083646650674215408e+02
-1.113416975296521940e+02
-1.153024100363685704e+02
-1.197581250450302264e+02
-1.241296165574343746e+02
-1.279188283624602889e+02
-1.308416602616679256e+02
-1.328769427057789869e+02
-1.342309112174450831e+02
-1.352499776921789305e+02
-1.363190966106148778e+02
-1.377717849471909517e+02
-1.398288327882950171e+02
-1.425761776181565210e+02
-1.459788484840689762e+02
-1.499091155594522888e+02
-1.541609539148740282e+02
-1.584440676537149955e+02
-1.623858027335471661e+02
-1.655822813928804749e+02
-1.677092466940244435e+02
-1.686499374995852634e+02
-1.685702793216468649e+02
-1.678963739465509093e+02
-1.672025505785922803e+02
-1.670583300193356422e+02
-1.678904511543043725e+02
-1.698981217148955523e+02
-1.730300853803279324e+02
-1.770043738716568384e+02
-1.813371022513084654e+02
-1.853537003653127897e+02
-1.881842652043663691e+02
-1.887757170057734868e+02
-1.859596919455731836e+02
-1.785917575165497624e+02
-1.657476602918992796e+02
-1.469404139692804563e+02
-1.223002796534463243e+02
-9.264290952160186521e+01
-5.936981223382974093e+01
-2.421279297048314305e+01
1.108909079277235676e+01
4.506476559283674277e+01
7.666382842070376569e+01
1.052790718413534989e+02
1.306752979560245649e+02
1.528704897171675725e+02
1.720100346529358717e+02
1.882691679951836932e+02
2.018084982043333184e+02
2.127835055317179638e+02
2.213803939448858387e+02
2.278421340262379147e+02
2.324677396832013585e+02
2.355902274070877240e+02
2.375402865633966769e+02
2.385943716955494551e+02
2.389139713052962009e+02
2.385046989927038794e+02
2.372278103959663156e+02
2.348672641565600543e+02
2.312185884647721252e+02
2.261573516313958976e+02
2.196683565192126935e+02
2.118441726331425912e+02
2.028675064673932695e+02
1.929770759576617536e+02
1.824055090754074797e+02
1.712917841069319138e+02
1.596031372926235008e+02
1.471196107391629369e+02
1.335119443735455889e+02
1.184900151274169247e+02
1.019547113687586659e+02
8.408477571791520688e+01
6.532927001067882600e+01
4.632318442443546047e+01
2.776814814856609459e+01
1.031835896047333279e+01
-5.501507713134018651e+00
-1.933400897040332822e+01
-3.098506362017944582e+01
-4.039578756957478589e+01
-4.761492401688001763e+01
-5.279321091331343752e+01
-5.620382115560930458e+01
-5.826589841131804803e+01
-5.953054008501803906e+01
-6.060018043657779430e+01
-6.198868207764849103e+01
-6.396732630013242726e+01
-6.646113388872053918e+01
-6.905060353882878132e+01
