6.993235746948698761e+01
5.118775409383461295e+01
4.075280327296829341e+01
4.451482989786542532e+01
6.450282212061674159e+01
9.873566432222183664e+01
1.422681159574960361e+02
1.888831668231234460e+02
2.327732965114446415e+02
2.697205465574695609e+02
2.975808238176341547e+02
3.161450955345475222e+02
3.266037862474777285e+02
3.308747124397012840e+02
3.310033864575797224e+02
3.287524992070884764e+02
3.254058817718639602e+02
3.217477629080877364e+02
3.181492536729693938e+02
3.146937465468505479e+02
3.112867492344796574e+02
3.077151612378855816e+02
3.036486507202067742e+02
2.986101577057604004e+02
2.919666596033601991e+02
2.829860554833240940e+02
2.709699775318994170e+02
2.554255518835742862e+02
2.362108865321233679e+02
2.135977206958828560e+02
1.882340166632529588e+02
1.610337568289569958e+02
1.330434931864503767e+02
1.053245145636501690e+02
7.885992797367654816e+01
5.447386748244581867e+01
3.275112027841800000e+01
1.396466267492376723e+01
-1.962461233453886678e+00
-1.543325060378730740e+01
-2.708362541594106432e+01
-3.764192228515717886e+01
-4.778046161587462848e+01
-5.799559997144815782e+01
-6.853772653647713753e+01
-7.939856270791089798e+01
-9.035262795497008881e+01
-1.010399504661333481e+02
-1.110698183284115999e+02
-1.201248729473500134e+02
-1.280477889363857287e+02
-1.348919902178596715e+02
-1.409182273038447022e+02
-1.465317485459417242e+02
-1.521759865905964091e+02
-1.582131871593900883e+02
-1.648256602890213287e+02
-1.719656640718467600e+02
-1.793650852641361269e+02
-1.865915475964112602e+02
-1.931226491352444441e+02
-1.984171144937432700e+02
-2.019811574494491708e+02
-2.034406409265901914e+02
-2.026249485187223343e+02
-1.996493968159381325e+02
-1.949589691853636850e+02
-1.892835130265474390e+02
-1.834714226539735478e+02
-1.782192511496074872e+02
-1.737785286723289744e+02
-1.697602137953479655e+02
-1.651361152524853253e+02
-1.584531712825968270e+02
-1.481787178417577877e+02
-1.330485988605161083e+02
-1.123173162142904857e+02
-8.587242864263754427e+01
-5.422488146488947791e+01
-1.840892694529636486e+01
2.016811387610672313e+01
5.989004627987706897e+01
9.909099995409323469e+01
1.362079021099980309e+02
1.699224675630106844e+02
1.992739490365359813e+02
2.237211622188630145e+02
2.431488970876723101e+02
2.578292104854273248e+02
2.683453341768003497e+02
2.754773292469182593e+02
2.800564316674939391e+02
2.828170282302769465e+02
2.842881535596385447e+02
2.847552655695597537e+02
2.842933155279890798e+02
2.828422540060470283e+02
2.802832326279016115e+02
2.764821627021001973e+02
2.712902864745432225e+02
2.645185252798104329e+02
2.559210345362410237e+02
2.452219915403549351e+02
2.321951511715899699e+02
2.167704377602026398e+02
1.991190380586515118e+02
1.796732987385167633e+02
1.590656327205661569e+02
1.380069327139389088e+02
1.171551372465922611e+02
9.703290423527276687e+01
7.802731404553706795e+01
6.045242751926327429e+01
4.461276973067999307e+01
3.080705249783561328e+01
1.925545196657557057e+01
9.986223491184851753e+00
2.744591142964871722e+00
-3.021106145301004631e+00
-8.073746891808070814e+00
-1.322186271534648938e+01
-1.912865410598171678e+01
-2.616290441881328377e+01
-3.434509036836207940e+01
-4.340617159591108987e+01
-5.292977161515965179e+01
-6.251302016871306932e+01
-7.188039206970684347e+01
-8.091578066125566693e+01
-8.961702008960975263e+01
-9.800867394835395885e+01
-1.060672542691416993e+02
-1.137060737911495494e+02
-1.208289983048664737e+02
-1.274149764444707955e+02
-1.335730080797171411e+02
-1.395251994280899623e+02
-1.455183952683850350e+02
-1.517038752382549660e+02
-1.580405930635689913e+02
-1.642685015229584735e+02
-1.699720916399638213e+02
-1.747192033778376299e+02
-1.782266806716215797e+02
-1.804875129764090218e+02
-1.818080897799810600e+02
-1.827446453936448734e+02
-1.839649333519851098e+02
-1.860686652280666351e+02
-1.893894550731186541e+02
-1.938032946223454758e+02
-1.985901407776983660e+02
-2.024103061355170894e+02
-2.034406409265901914e+02
-1.996656214662952777e+02
-1.892592187143472415e+02
-1.709587614847395969e+02
-1.443349781321311696e+02
-1.099011063853318433e+02
-6.905083807325887335e+01
-2.385365799491098926e+01
2.323929821575672250e+01
6.971571427165875434e+01
1.132897204452778794e+02
1.521152174574521041e+02
1.849106128327177885e+02
2.110060791847594430e+02
2.303344736400672446e+02
2.433770266082152602e+02
2.510572564295353004e+02
2.545736009019384767e+02
2.551832439928346332e+02
2.539815396874955127e+02
2.517368215591633032e+02
2.488257517963605778e+02
2.452774964835902267e+02
2.408966426889659829e+02
2.354147251469925095e+02
2.286235260647353300e+02
2.204581746003769069e+02
2.110122819915622756e+02
2.004831492035771987e+02
1.890707869871116884e+02
1.768828987300390168e+02
1.639040105140598484e+02
1.500540835006895293e+02
1.353068887739098898e+02
1.198018550448271213e+02
1.038926010394666690e+02
8.811791777255058378e+01
7.311692153848080977e+01
5.951608893664273126e+01
4.780702964075365458e+01
3.823731839052899062e+01
3.075038264951944456e+01
2.500561959394612899e+01
2.047657983186754649e+01
1.658944841949990945e+01
1.285246784617779880e+01
8.937269281804450571e+00
4.691814288921914766e+00
8.883678674289186006e-02
-4.857803131615277437e+00
-1.015892659398629227e+01
-1.586068581106736808e+01
-2.200207954434146629e+01
-2.855813692660256464e+01
-3.541419930821103890e+01
-4.239174019017193018e+01
-4.931027849415552566e+01
-5.604724914637512256e+01
-6.256190248762662520e+01
-6.887619331714363113e+01
-7.503364478837481499e+01
-8.106465280325309664e+01
-8.697285256683557009e+01
-9.274004607473973749e+01
-9.834159234170837749e+01
-1.037681632994879948e+02
-1.090512377628936633e+02
-1.142826977278181886e+02
-1.196120252618146083e+02
-1.252097413461767559e+02
-1.312035119567392769e+02
-1.376141344576599863e+02
-1.443277627772047254e+02
-1.511263730257223870e+02
-1.577677128431806182e+02
-1.640814518192080982e+02
-1.700406100112119248e+02
-1.757707190856481247e+02
-1.814739441960468014e+02
-1.872788706260944025e+02
-1.930675603358831722e+02
-1.983483883016433822e+02
-2.022208908222119987e+02
-2.034406409265901914e+02
-2.005711060749880801e+02
-1.922087737323604983e+02
-1.772629469860535210e+02
-1.552456235919530343e+02
-1.264946486441926510e+02
-9.224806988546680486e+01
-5.452540836260340029e+01
-1.583443429623197574e+01
2.122281680556569938e+01
5.434287074022176967e+01
8.181168821873023944e+01
1.026243651363231493e+02
1.164252914230357590e+02
1.233306231282037970e+02
1.237400691829269874e+02
1.182387963622960854e+02
1.076293400230441364e+02
9.304410779774420348e+01
7.602259746207610647e+01
5.843706662148647979e+01
4.221638017700598766e+01
2.891398449637753743e+01
1.925305480326107954e+01
1.283085150887207249e+01
8.146721757685071452e+00
