-3.920630625759648780e+01
-6.072731652393656532e+01
-8.059994146033223217e+01
-9.770686909470313708e+01
-1.115990822331180254e+02
-1.223764954246315710e+02
-1.303349635265077495e+02
-1.355836381818111533e+02
-1.378189097584529463e+02
-1.363353286451539645e+02
-1.302367620993445030e+02
-1.187439718031366880e+02
-1.014847411715548731e+02
-7.867759355955851674e+01
-5.116839333201065898e+01
-2.033461961936491491e+01
1.209889436697510234e+01
4.429429842927011407e+01
7.455001911204315945e+01
1.015111775392623485e+02
1.242806066425101790e+02
1.424078806337768128e+02
1.557915714752144822e+02
1.645579357706502037e+02
1.689645868513779874e+02
1.693466444444872536e+02
1.660998387616477316e+02
1.596841797783619938e+02
1.506285863902013489e+02
1.395185221162332425e+02
1.269566857916718448e+02
1.135046434465021861e+02
9.963230579450022617e+01
8.569989751435910819e+01
7.196966538168588556e+01
5.862259364410387974e+01
4.576492025180316148e+01
3.343639696949115603e+01
2.164302783879792358e+01
1.041804242097234301e+01
-1.155059164567084906e-01
-9.720639723806421273e+00
-1.808539745012134858e+01
-2.491522599409776717e+01
-3.004024475854353682e+01
-3.349376973390285173e+01
-3.553492180770835773e+01
-3.660816590002949056e+01
-3.724662836422599810e+01
-3.793986418621800283e+01
-3.900533553263360886e+01
-4.051627241303839355e+01
-4.232785332543011236e+01
-4.420091454024067446e+01
-4.596680793740901549e+01
-4.764716597856046576e+01
-4.946353225978822366e+01
-5.173149133434435498e+01
-5.469541765959797885e+01
-5.839136472637468955e+01
-6.261152796815085253e+01
-6.698975131669419625e+01
-7.116405953879436197e+01
-7.493859926531891347e+01
-7.837962597442140122e+01
-8.181721897816137812e+01
-8.575631573597200941e+01
-9.072189359302862499e+01
-9.708008459749822805e+01
-1.048802464528917255e+02
-1.137444273992777823e+02
-1.228117315252746096e+02
-1.307506769772928976e+02
-1.358684076363542772e+02
-1.363353286451539645e+02
-1.304994329083158675e+02
-1.172177979078341252e+02
-9.612213977750352001e+01
-6.774210602829896288e+01
-3.346116433921166333e+01
4.673782413458042129e+00
4.423916715855858683e+01
8.276169363417437808e+01
1.180348731386460628e+02
1.483776596357180892e+02
1.727913896884006135e+02
1.909901839315563734e+02
2.033136238519056178e+02
2.105587358254048809e+02
2.137764347060212060e+02
2.140722162326763396e+02
2.124434630743346020e+02
2.096758804103394880e+02
2.063065160953516397e+02
2.026446561732705050e+02
1.988282789499480145e+02
1.948842847358432948e+02
1.907631670379718685e+02
1.863410373139986973e+02
1.814139440191325434e+02
1.757251031542972441e+02
1.690475256217549713e+02
1.613018176363855787e+02
1.526528213633010012e+02
1.435285099104675055e+02
1.345407714294103130e+02
1.263326686837904020e+02
1.194041363121179273e+02
1.139725379651544017e+02
1.099117476067284827e+02
1.067887582013821941e+02
1.039872924099492195e+02
1.008811169382778132e+02
9.700198722886699443e+01
9.214749933065144205e+01
8.639688290489422684e+01
8.003622938277976573e+01
7.342320768403328657e+01
6.684032115434129651e+01
6.039268600384160379e+01
5.399110807226404773e+01
4.742124159261617677e+01
4.045673887228002030e+01
3.295921214882585559e+01
2.492696480448830698e+01
1.648564505864152707e+01
7.833367825483779967e+00
-8.426322316378644928e-01
-9.456816495069766404e+00
-1.809103149816845502e+01
-2.699763761999303568e+01
-3.652555723569138024e+01
-4.699826234500470434e+01
-5.859812594736425240e+01
-7.129318798159675907e+01
-8.480248563205779533e+01
-9.857684095878948938e+01
-1.117871496312521629e+02
-1.233409762606418383e+02
-1.319605501468315367e+02
-1.363353286451539645e+02
-1.353220834220192330e+02
-1.281341287056613965e+02
-1.144575152395145778e+02
-9.448387331612987339e+01
-6.887930418910171682e+01
-3.871924598621235702e+01
-5.406546131166919622e+00
2.942572257804651414e+01
6.403084020644708119e+01
9.668671637488603210e+01
1.258537342950385494e+02
1.503435462194870809e+02
1.694783877338000480e+02
1.832013264677788129e+02
1.920824386260015046e+02
1.971809884233794321e+02
1.997815701903402612e+02
2.010881129728513486e+02
2.019797997194982884e+02
2.028966031565349226e+02
2.038644419253895990e+02
2.046212204213413770e+02
2.047754119607402572e+02
2.039294425462535401e+02
2.017359424977033484e+02
1.979029467576145862e+02
1.921898121381595104e+02
1.844281371803676564e+02
1.745756006569993986e+02
1.627825252113892134e+02
1.494337287465437498e+02
1.351319811086804066e+02
1.206140926262369817e+02
1.066208496795368035e+02
9.375969726390439973e+01
8.240040471251950294e+01
7.263502385560573771e+01
6.431510360192497444e+01
5.715144629145952138e+01
5.083679679997447209e+01
4.514460386267933956e+01
3.997049414867128547e+01
3.531088573828449739e+01
3.120232483621941810e+01
2.765836727173564213e+01
2.463057954731103649e+01
2.199883469440717931e+01
1.958208337591929649e+01
1.715857051217346907e+01
1.448745638265443603e+01
1.132965398866480911e+01
7.472351714735815165e+00
2.761369238368047263e+00
-2.863128977711383527e+00
-9.341088959121563562e+00
-1.649411411841140307e+01
-2.406476311933704437e+01
-3.178635157350861107e+01
-3.945563347627194162e+01
-4.697561870877299839e+01
-5.435344900279190483e+01
-6.166524485409706813e+01
-6.901494386344546683e+01
-7.650837755715070898e+01
-8.424395769372247855e+01
-9.230252518416034491e+01
-1.007146422691687064e+02
-1.093949488833197563e+02
-1.180515433174558950e+02
-1.260971132695239589e+02
-1.326025252539750170e+02
-1.363353286451539645e+02
-1.359094566124581434e+02
-1.300391932634913132e+02
-1.178523657960865592e+02
-9.915416299809984935e+01
-7.454449589910439045e+01
-4.534895168207620486e+01
-1.339764172942525988e+01
1.927051722722165294e+01
5.070054530770029544e+01
7.925351798760229372e+01
1.037433807528754670e+02
1.234710516061600174e+02
1.381782916437752533e+02
1.479635922799473349e+02
1.532025900049159759e+02
1.544961343728821532e+02
1.526345999929184529e+02
1.485355334843780497e+02
1.431164223165957878e+02
1.371159297710819089e+02
1.309350172585122323e+02
1.245797059355895726e+02
1.177398716223203365e+02
1.099701260800721485e+02
1.008909150110717547e+02
9.032233667447518144e+01
7.830180797149553484e+01
6.499934239298215743e+01
5.059549339930734391e+01
3.520028776989846619e+01
1.886168040586589711e+01
1.653960498371731092e+00
-1.621531113369316301e+01
-3.434998792898601039e+01
-5.219503447313611844e+01
-6.913566230350214425e+01
-8.461895637036361961e+01
-9.824666206500521071e+01
-1.098100774481162034e+02
-1.192730278206325920e+02
-1.267286780969709667e+02
-1.323491727925222960e+02
-1.363353286451539645e+02
-1.388762842545157525e+02
-1.401337821783171762e+02
-1.402542217288106485e+02
-1.393927874098523318e+02
-1.377294786062554408e+02
-1.354685407784523932e+02
