-2.447963500890158883e+01
-3.671265092690949672e+01
-4.750480049019324014e+01
-5.580452053539318058e+01
-6.120778039808033100e+01
-6.398288097382493333e+01
-6.490427558074662784e+01
-6.497426711153792667e+01
-6.512478313673184971e+01
-6.598763527576562637e+01
-6.779670028963573714e+01
-7.043581139598126128e+01
-7.358798178624303432e+01
-7.690435626211302633e+01
-8.011711495989176512e+01
-8.306251837327216947e+01
-8.562950186497430138e+01
-8.768438260386612626e+01
-8.903429900202850433e+01
-8.947184470357611019e+01
-8.889208342777347127e+01
-8.741843741843881332e+01
-8.545630917254254655e+01
-8.362894327907761749e+01
-8.261251273187475874e+01
-8.293376909518146078e+01
-8.480245683768883680e+01
-8.802727375891336692e+01
-9.202757433036802581e+01
-9.593085003214777373e+01
-9.875044686624735846e+01
-9.963697825219978199e+01
-9.815330639175012095e+01
-9.446568268905934929e+01
-8.934475885693829866e+01
-8.395072727127330836e+01
-7.948291554388079305e+01
-7.683639709231270842e+01
-7.639177588357128457e+01
-7.798504706296320421e+01
-8.101960903975540873e+01
-8.464343174386317514e+01
-8.792302094648641742e+01
-8.997318704446092852e+01
-9.002964725173674765e+01
-8.747716986808447359e+01
-8.186441437096426910e+01
-7.293756103743190522e+01
-6.070200425994686100e+01
-4.548500043626637535e+01
-2.795014727295880519e+01
-9.029421074573884098e+00
1.021948286210876056e+01
2.878874244174938468e+01
4.588342937010087041e+01
6.103875283771165527e+01
7.416327514964177681e+01
8.548582516391600450e+01
9.541468462365527614e+01
1.043624187249930202e+02
1.126084227926798320e+02
1.202478444621932567e+02
1.272312702223915437e+02
1.334610434649137005e+02
1.388907399320211482e+02
1.435778064188657481e+02
1.476639545689372994e+02
1.512966958699898612e+02
1.545410474632792273e+02
1.573383793263295729e+02
1.595400108227541409e+02
1.609952863460879371e+02
1.616404562837454932e+02
1.615375073054391351e+02
1.608440478985497180e+02
1.597301106341294030e+02
1.582801009681478490e+02
1.564282241898765164e+02
1.539662680761611568e+02
1.506257803024964232e+02
1.461915687181444241e+02
1.405838710346819198e+02
1.338654232006534244e+02
1.261750035901323344e+02
1.176378111261059018e+02
1.083243699009387910e+02
9.829894021847592001e+01
8.772858147031882936e+01
7.696933070535276045e+01
6.655675199241703410e+01
5.709737220706171712e+01
4.912079551531503796e+01
4.295689399081134496e+01
3.866717807808598906e+01
3.603528293094398549e+01
3.461611624548127253e+01
3.383240506258871960e+01
3.309231773343711325e+01
3.190062863751480648e+01
2.994455276701157942e+01
2.713934254272977498e+01
2.362208265342703584e+01
1.969649319450673985e+01
1.574870054142760267e+01
1.215488135820613280e+01
9.190685762164937600e+00
6.953356027501881087e+00
5.323136748271373619e+00
3.992413218303170197e+00
2.561192226957208717e+00
6.609816837838968784e-01
-1.938354281429536918e+00
-5.266120221730363760e+00
-9.143788571734893011e+00
-1.323374338145165474e+01
-1.712952077953864460e+01
-2.046483717312042216e+01
-2.302184666300160387e+01
-2.481512012457944039e+01
-2.611319209117960938e+01
-2.736515377019981443e+01
-2.904326500678422462e+01
-3.146552916154778146e+01
-3.468042950181281725e+01
-3.846062596484269136e+01
-4.238711702347079324e+01
-4.596430612516438430e+01
-4.872203629216584631e+01
-5.030352865477534152e+01
-5.055326512691145524e+01
-4.959143772740570455e+01
-4.782918278785488297e+01
-4.588727208812080249e+01
-4.443190533135584985e+01
-4.398720609102782220e+01
-4.478704248182658176e+01
-4.670595662075457710e+01
-4.929409128685582431e+01
-5.192550898988236696e+01
-5.402374813527354291e+01
-5.527138497734782163e+01
-5.570462414285504593e+01
-5.566196721027545635e+01
-5.563871578137526797e+01
-5.612547324565250051e+01
-5.747974009011184648e+01
-5.984661060253163356e+01
-6.313153407685838658e+01
-6.702300672425477046e+01
-7.105888423940901077e+01
-7.472634284103301638e+01
-7.757588770030946534e+01
-7.931851074935202917e+01
-7.987830589453474772e+01
-7.939120817003291108e+01
-7.815908659773660361e+01
-7.657907972390025009e+01
-7.506920630530864003e+01
-7.400314059212013262e+01
-7.365908730808050109e+01
-7.418770236710383870e+01
-7.560275542671392657e+01
-7.778819653487123276e+01
-8.051088319258442993e+01
-8.344172485410899753e+01
-8.620116865064488820e+01
-8.843339529894707596e+01
-8.988611605896359436e+01
-9.045975374993655294e+01
-9.020348110398258257e+01
-8.926417455555373692e+01
-8.782191276350886255e+01
-8.605771317042594148e+01
-8.417950460893968057e+01
-8.248267897127553283e+01
-8.137965022293343509e+01
-8.134038311615854866e+01
-8.273992092790453512e+01
-8.566741450355725362e+01
-8.977885229405322320e+01
-9.426552022097911276e+01
-9.797113519365852596e+01
-9.963697825219978199e+01
-9.820345278723131344e+01
-9.306685222013747705e+01
-8.420022034502839858e+01
-7.210179741024157352e+01
-5.760677628528188166e+01
-4.164472515955374377e+01
-2.502687355711989170e+01
-8.319880134391034687e+00
8.171818833921195235e+00
2.432499886214714024e+01
4.005607537640118210e+01
5.517929143536343162e+01
6.933263142138764579e+01
8.201645610935065633e+01
9.273318387643494987e+01
1.011576678203806949e+02
1.072510639399631316e+02
1.112663333273755626e+02
1.136516107511405238e+02
1.149025069687942278e+02
1.154294727786088686e+02
1.154925708885352407e+02
1.152204073052814834e+02
1.146849825845774689e+02
1.139723276154938247e+02
1.131954969926935348e+02
1.124452594015307625e+02
1.117267736907468105e+02
1.109366910624694071e+02
1.098906767024889888e+02
1.083690915011975591e+02
1.061530272100344945e+02
1.030565432309346932e+02
9.897137831850521650e+01
9.391101628439677995e+01
8.801379872409557947e+01
8.148325149456800887e+01
7.449322490860187429e+01
6.711356763775280854e+01
5.929528653904502278e+01
5.091837283210443843e+01
4.188422922125393910e+01
3.222767967719959614e+01
2.221127987891648203e+01
1.235180517640140962e+01
3.343051333735651554e+00
-4.113678679731510357e+00
-9.509321420864305097e+00
-1.267444638600072615e+01
-1.381456726079132658e+01
-1.342950303790958344e+01
-1.216819633640220744e+01
-1.068494131069062192e+01
-9.532063753173897425e+00
-9.088716544338179659e+00
-9.519212992894889425e+00
-1.076499423362313834e+01
-1.257616001470035982e+01
-1.458050310181379494e+01
-1.638010167428826236e+01
-1.765545510172250943e+01
-1.824502370624438186e+01
-1.817181727290478932e+01
-1.761613638997249609e+01
-1.685758151638999180e+01
-1.620428786422993994e+01
-1.591155212384163953e+01
-1.610027963984998323e+01
-1.671188110252688830e+01
-1.753837350834355391e+01
-1.832647329307653550e+01
-1.890576964162827522e+01
-1.927729231499683493e+01
-1.962496402039505838e+01
-2.024980640061697557e+01
-2.145222558154570436e+01
-2.340119513227849879e+01
-2.603763126240169967e+01
-2.905797189774565226e+01
