-4.936049863969707019e+00
-7.164766122471903032e+01
-1.297575449756040484e+02
-1.730927763015816083e+02
-1.993166836792106835e+02
-2.099361447993954073e+02
-2.091367253861408528e+02
-2.020938940232275911e+02
-1.934310120346252688e+02
-1.862636692762660005e+02
-1.819530052611623319e+02
-1.804248764768429965e+02
-1.807778235736928139e+02
-1.819074191503219140e+02
-1.829626593272794537e+02
-1.835510701972798984e+02
-1.836869581021203146e+02
-1.835385014982581708e+02
-1.830842768725449901e+02
-1.818223524190192677e+02
-1.786613362904176654e+02
-1.720584780646139791e+02
-1.603751703100793691e+02
-1.423331362204634445e+02
-1.174159397539087877e+02
-8.608561857753244340e+01
-4.975299394964079625e+01
-1.052006739352806619e+01
2.922007071020894386e+01
6.720538099009995392e+01
1.016390694040508578e+02
1.313742614586091406e+02
1.559460117263521965e+02
1.754882915018397966e+02
1.905859748937524216e+02
2.021024306825191275e+02
2.110059912709485559e+02
2.182063446214408202e+02
2.244137938163506192e+02
2.300469183706780143e+02
2.352174558511183307e+02
2.397992861978051167e+02
2.435534922567797480e+02
2.462612464193028927e+02
2.478201953532165192e+02
2.482759330824405311e+02
2.477800099353046619e+02
2.464938755599036995e+02
2.444886602251117722e+02
2.416975284936921753e+02
2.379429647656978659e+02
2.330083579679805155e+02
2.266963387098342366e+02
2.188363533053666004e+02
2.092505543966125572e+02
1.977224607252253747e+02
1.840156619137920870e+02
1.679638140766930690e+02
1.496122342632846483e+02
1.293523510513948054e+02
1.079753052721265618e+02
8.659697185128371189e+01
6.646365044115751175e+01
4.869930955987770460e+01
3.407233142505503309e+01
2.284521962733420253e+01
1.474324572801701549e+01
9.046650011732202401e+00
4.778242117523312515e+00
9.316627368576213541e-01
-3.323213396108532613e+00
-8.506429416982218328e+00
-1.478422282162891044e+01
-2.200714823308404533e+01
-2.981045953856678921e+01
-3.775491264306073447e+01
-4.547789836462433755e+01
-5.281102602501015753e+01
-5.981940089514123571e+01
-6.674221747949428618e+01
-7.385694908941067638e+01
-8.133013347305993079e+01
-8.912962734044543822e+01
-9.703915999511103507e+01
-1.047545968733361121e+02
-1.119996031694901149e+02
-1.186046400398780492e+02
-1.245292496613478193e+02
-1.298378105832950666e+02
-1.346504220143555131e+02
-1.390920685159644563e+02
-1.432611404931995480e+02
-1.472296241591990906e+02
-1.510691381826441386e+02
-1.548765588340382919e+02
-1.587678015178457827e+02
-1.628310419434271807e+02
-1.670667298914864034e+02
-1.713571904018625105e+02
-1.754892154684139882e+02
-1.792198799992379179e+02
-1.823554587964051450e+02
-1.848113404057490357e+02
-1.866308489851317916e+02
-1.879604019334477982e+02
-1.890016571238781182e+02
-1.899690969297178924e+02
-1.910612930855433831e+02
-1.924278696938995097e+02
-1.941191585337972754e+02
-1.960413463293652399e+02
-1.979628941455183053e+02
-1.995963348234036232e+02
-2.007290001151881143e+02
-2.013372648465934276e+02
-2.016199198093197822e+02
-2.019268802416895312e+02
-2.026124790988164932e+02
-2.038761277989709981e+02
-2.056548375554884842e+02
-2.076099057026079038e+02
-2.092172714113798122e+02
-2.099361447993954073e+02
-2.093992933670512571e+02
-2.075545694266981798e+02
-2.047060379108716575e+02
-2.014468916947450623e+02
-1.985120230253760667e+02
-1.965901778803059017e+02
-1.961319681864557936e+02
-1.971849622188398996e+02
-1.992873566249312205e+02
-2.014521786502877205e+02
-2.022620115712307722e+02
-2.000674203888561635e+02
-1.932546628752019728e+02
-1.805325987089162822e+02
-1.611838020958956577e+02
-1.352268399881140795e+02
-1.034502507680897168e+02
-6.730847483002030174e+01
-2.870601087179671751e+01
1.028020205987979807e+01
4.768638008198908551e+01
8.190872651151254047e+01
1.118728711543975862e+02
1.370989680986424730e+02
1.576565441985024165e+02
1.740294100271429443e+02
1.869320941123483522e+02
1.971281943744453145e+02
2.052941523724799424e+02
2.119503698892530394e+02
2.174552619506956717e+02
2.220400176913326789e+02
2.258581320685181311e+02
2.290297857912552217e+02
2.316682487997766771e+02
2.338802850139079226e+02
2.357410193120445001e+02
2.372584627713237921e+02
2.383519005620441646e+02
2.388595495192264195e+02
2.385705253497683316e+02
2.372620036590195127e+02
2.347248791631367055e+02
2.307748981186464903e+02
2.252555597392195352e+02
2.180347991859195815e+02
2.089914215894207530e+02
1.979987577737470872e+02
1.849351969236232378e+02
1.697511438835352067e+02
1.525854655725442512e+02
1.338800483881386185e+02
1.144258940163996101e+02
9.529713084994666872e+01
7.767385371918821590e+01
6.259857230452468002e+01
5.073962626005784671e+01
4.224238684206159178e+01
3.672726507698838816e+01
3.343744730433842705e+01
3.147324007555046421e+01
3.001907789595434650e+01
2.849100442307783965e+01
2.658083725521872509e+01
2.421465695887276581e+01
2.146338168024649917e+01
1.844179754127141280e+01
1.521923933704025700e+01
1.175941471913400704e+01
7.914686803928539405e+00
3.495985765975540005e+00
-1.600411000026348063e+00
-7.278861140687421738e+00
-1.321937451597806579e+01
-1.896410246626258456e+01
-2.406993180639771168e+01
-2.825434891275607896e+01
-3.148046150527689946e+01
-3.396096728585788327e+01
-3.608778351866820344e+01
-3.831231213676180403e+01
-4.101060715381331079e+01
-4.436694047652694906e+01
-4.830584281413112535e+01
-5.250007713032911028e+01
-5.646816026444665226e+01
-5.974167871765530435e+01
-6.204473999429619369e+01
-6.341182846978309584e+01
-6.418879520068217914e+01
-6.490700760824030624e+01
-6.607555390724925815e+01
-6.797929584724184338e+01
-7.057591420813128025e+01
-7.354020028436522693e+01
-7.643035944297997730e+01
-7.889362849883856654e+01
-8.081714616166915732e+01
-8.236174900085107708e+01
-8.386988866923620378e+01
-8.569391065255884143e+01
-8.802854829465125874e+01
-9.083091287154623217e+01
-9.386618239112270601e+01
-9.685072623779478818e+01
-9.961455715032614933e+01
-1.021983110231132201e+02
-1.048386605909380620e+02
-1.078572785605451685e+02
-1.115152138932796788e+02
-1.159013028340734621e+02
-1.208955289566049629e+02
-1.262119977741884469e+02
-1.314995108489446238e+02
-1.364618848535707230e+02
-1.409544675657365076e+02
-1.450233273144504267e+02
-1.488793892779706312e+02
-1.528268319019738612e+02
-1.571774898709372792e+02
-1.621789548502006539e+02
-1.679696600031729474e+02
-1.745560849544602320e+02
-1.817961586531585851e+02
-1.893772268435832018e+02
-1.967908321864712207e+02
-2.033185044636165344e+02
-2.080478739536457340e+02
-2.099361447993954073e+02
-2.079271594446684048e+02
-2.011090908236717780e+02
-1.888778528343500795e+02
-1.710572311434997061e+02
-1.479309323361287909e+02
-1.201706732295290152e+02
-8.869180444973810040e+01
-5.450495358536397106e+01
-1.862514293012098321e+01
1.794949044825536077e+01
