-5.901932735863075408e+01
-6.922189908457248464e+01
-7.823089188236048130e+01
-8.516928138994067865e+01
-8.969352824249472178e+01
-9.204940681638666433e+01
-9.296320535364442605e+01
-9.340402388257223265e+01
-9.428363902056557322e+01
-9.618547351064705708e+01
-9.921524534591964084e+01
-1.030232311055274437e+02
-1.069769684321535976e+02
-1.104077245906573808e+02
-1.128401362839044566e+02
-1.141326485579196230e+02
-1.144919371222898690e+02
-1.143708524913303961e+02
-1.143021556865750341e+02
-1.147375290238540515e+02
-1.159440185807865475e+02
-1.179721943142492364e+02
-1.206784068007754627e+02
-1.237744183755840481e+02
-1.268874964877205969e+02
-1.296290704422646911e+02
-1.316776345056534865e+02
-1.328711795097787274e+02
-1.332777300279933286e+02
-1.331936372663242309e+02
-1.330344708904431741e+02
-1.331296477195326702e+02
-1.334809032432130778e+02
-1.335728101258215190e+02
-1.323216343061772307e+02
-1.282126822533545294e+02
-1.196104169113936280e+02
-1.051537305650260521e+02
-8.410774919321795551e+01
-5.655965004819100272e+01
-2.341157330409627946e+01
1.379959742280386337e+01
5.317755490736620061e+01
9.275384710632120289e+01
1.307283939061947535e+02
1.656343598108958020e+02
1.964224288922100072e+02
2.224793415652412421e+02
2.436076453858380262e+02
2.599894764912534129e+02
2.721402496234780983e+02
2.808425224320947677e+02
2.870473793200232535e+02
2.917429405915736425e+02
2.958074891695769111e+02
2.998737716513820715e+02
3.042308982206143355e+02
3.087910583890977705e+02
3.131455518514416667e+02
3.167124957514524795e+02
3.189387352335419337e+02
3.194856625602990334e+02
3.183274692596620525e+02
3.157253954591640195e+02
3.120944356842356910e+02
3.078209414635697385e+02
3.031008044764904525e+02
2.978492383029436041e+02
2.917016324700179553e+02
2.840974659168290373e+02
2.744210864832930383e+02
2.621631958016726003e+02
2.470664785019472447e+02
2.292273068524217763e+02
2.091354844470459398e+02
1.876409447366562802e+02
1.658450309831654863e+02
1.449291754963023209e+02
1.259523570103881696e+02
1.096654355723149052e+02
9.639772635252592181e+01
8.605362720557322120e+01
7.821146042595411529e+01
7.227287822656907679e+01
6.760321778433464601e+01
6.362809356715126796e+01
5.988151985372270758e+01
5.601726263101699743e+01
5.179627370086894445e+01
4.705944818034007682e+01
4.169824777345645828e+01
3.564161236485018946e+01
2.887069087805366152e+01
2.145284459887806605e+01
1.357099993571047492e+01
5.525266448652011775e+00
-2.305168220770340781e+00
-9.538276412051160946e+00
-1.588607150936259416e+01
-2.124035978271194836e+01
-2.571476620917221112e+01
-2.962753907263204667e+01
-3.343265444347379400e+01
-3.761888214747365566e+01
-4.259527277050447935e+01
-4.858159742902694234e+01
-5.553133220781860757e+01
-6.311696864481439206e+01
-7.078813406714385792e+01
-7.788534920576529430e+01
-8.377830104809166301e+01
-8.799986977477036021e+01
-9.035465027861826570e+01
-9.098545357293195934e+01
-9.038119495885305810e+01
-8.930785847150349355e+01
-8.865171871470516862e+01
-8.919246272341231929e+01
-9.136774535101628203e+01
-9.511949629369246395e+01
-9.989453540261561670e+01
-1.048104550321221780e+02
-1.089301758852779756e+02
-1.115519800830094255e+02
-1.124230394879510300e+02
-1.118088773963989411e+02
-1.103908767169695579e+02
-1.090221366235138873e+02
-1.084340237407070617e+02
-1.090098845266106764e+02
-1.107046909426963168e+02
-1.131177611326909584e+02
-1.156666614044258949e+02
-1.177861268938799810e+02
-1.190856023074416328e+02
-1.194315178578442556e+02
-1.189540519161333236e+02
-1.179944965751492134e+02
-1.170124216995621396e+02
-1.164763462030791743e+02
-1.167665209291682800e+02
-1.181099218602762448e+02
-1.205442482792299472e+02
-1.238887986381446638e+02
-1.277066329966321803e+02
-1.312713042954288767e+02
-1.335728101258215190e+02
-1.333884800985559593e+02
-1.294185290952063099e+02
-1.204705556728571594e+02
-1.056682014201298614e+02
-8.464786968013116564e+01
-5.769139405939661458e+01
-2.574909621907683999e+01
9.654946390188470673e+00
4.660616791725160368e+01
8.303456570925430924e+01
1.169757353106567876e+02
1.468305386171585383e+02
1.715783448605048420e+02
1.908893891036831860e+02
2.050992587160127414e+02
2.150479135257398013e+02
2.218273749216569968e+02
2.265092157133997830e+02
2.299291759000381603e+02
2.325891587542768661e+02
2.346936382331450091e+02
2.362796170637371063e+02
2.373595550045465075e+02
2.380040694050316290e+02
2.383397358134442925e+02
2.384890833737786124e+02
2.385009434916878490e+02
2.383085082052328687e+02
2.377301850775344292e+02
2.365075083141236689e+02
2.343582454266282014e+02
2.310188395864594213e+02
2.262629272577351855e+02
2.199004041139933463e+02
2.117694505998728687e+02
2.017323001572966064e+02
1.896828104452368962e+02
1.755714115158898494e+02
1.594479458886275438e+02
1.415151870850887121e+02
1.221751445027425547e+02
1.020394281538254972e+02
8.187627244561579687e+01
6.249065273725518921e+01
4.457159438005793817e+01
2.856767419445210976e+01
1.464575797926226386e+01
2.746508483228765840e+00
-7.303843852832937245e+00
-1.569593710737873060e+01
-2.260671123176989283e+01
-2.823412604456087394e+01
-3.284665160592620481e+01
-3.679418538900142721e+01
-4.046746914377214210e+01
-4.423389770505328755e+01
-4.838456309638306152e+01
-5.310710321522788036e+01
-5.847903544666250752e+01
-6.447022160652467448e+01
-7.094705746614573627e+01
-7.768076213471033498e+01
-8.437279266088539487e+01
-9.070885287245462791e+01
-9.643233612870020011e+01
-1.014035255682419745e+02
-1.056093083961057886e+02
-1.091205304371435858e+02
-1.120362259633628810e+02
-1.144624608658592138e+02
-1.165341551584849924e+02
-1.184388293617256238e+02
-1.203931041265475983e+02
-1.225656238803292553e+02
-1.249929203992255822e+02
-1.275486486691510208e+02
-1.299909358577419312e+02
-1.320601407307455020e+02
-1.335728101258215190e+02
-1.344717331204391826e+02
-1.348243687511733810e+02
-1.347822508690262850e+02
-1.345186043969877687e+02
-1.341665711151296989e+02
-1.337865181506898580e+02
-1.333790568690214116e+02
-1.329286181579203685e+02
-1.324389775286142594e+02
-1.319316595941348282e+02
-1.314107001902640093e+02
-1.308220528023977067e+02
-1.300373461563274873e+02
-1.288784817839951415e+02
-1.271816285965665969e+02
-1.248764097707339999e+02
-1.220376536166880612e+02
-1.188748588092799707e+02
-1.156607233167910636e+02
-1.126357328108422422e+02
-1.099342973243172565e+02
-1.075605903906250376e+02
-1.054168835862002567e+02
-1.033674870098454051e+02
-1.013104812193105175e+02
-9.922594405499935988e+01
-9.717588765629130876e+01
-9.525197480237022774e+01
-9.349627043330917786e+01
-9.183867585350964191e+01
-9.008765515475192842e+01
-8.798392619849707330e+01
-8.529728472351359869e+01
-8.192759564119043603e+01
-7.796801393762699206e+01
-7.370246850901057201e+01
