-9.879296542670586234e+01
-9.111033698023682348e+01
-8.461012899299591083e+01
-8.023484003774629514e+01
-7.841488273509011719e+01
-7.913959001558926332e+01
-8.216812132529412338e+01
-8.721291718992767983e+01
-9.395960174867263959e+01
-1.018969815100359568e+02
-1.100606184820703248e+02
-1.168664349935562541e+02
-1.201824576371200948e+02
-1.176774067008541351e+02
-1.073570252465932384e+02
-8.811537947809841853e+01
-6.012000006084637249e+01
-2.490548323740862457e+01
1.486292146096808153e+01
5.590012260272959566e+01
9.494835280752026563e+01
1.293826364653876908e+02
1.576197094620582106e+02
1.792458935416973986e+02
1.948636290423350772e+02
2.057313308959894300e+02
2.133212242546355810e+02
2.189313082953254934e+02
2.234550779964546336e+02
2.273432972223797890e+02
2.307128812743503374e+02
2.335108250010673032e+02
2.356501694011409427e+02
2.370827712501471751e+02
2.378210408880206614e+02
2.379393704508784140e+02
2.375716115384030331e+02
2.368946773947757265e+02
2.360797711712403668e+02
2.352106250051238590e+02
2.341948987571360021e+02
2.327099321064071091e+02
2.302187948007419891e+02
2.260693294559505375e+02
2.196567252671985671e+02
2.106008625082691310e+02
1.988776997716051369e+02
1.848610880278764057e+02
1.692691082490416079e+02
1.530420732460584645e+02
1.371933575568619972e+02
1.226706040956812274e+02
1.102476055357537916e+02
1.004466303102353777e+02
9.348330060697244903e+01
8.923551103422190067e+01
8.725246654305233562e+01
8.682424208770322593e+01
8.711748632489293698e+01
8.735235703070677005e+01
8.696396528186924968e+01
8.568035891243057733e+01
8.347912998546445351e+01
8.045041840305241010e+01
7.665087784972178042e+01
7.203412254173460383e+01
6.648791316648072325e+01
5.994273677658690502e+01
5.248310744594515143e+01
4.439722740687344071e+01
3.612949199463117367e+01
2.814617332708963460e+01
2.077502381455660085e+01
1.410563694649227173e+01
8.012621967784429700e+00
2.293711413877929317e+00
-3.156176885084967410e+00
-8.236440031196345046e+00
-1.266048492110108015e+01
-1.609536407171811589e+01
-1.834964861694528082e+01
-1.950959707959280820e+01
-1.994814355727868360e+01
-2.020271525354894493e+01
-2.079178089941183316e+01
-2.206399675500748003e+01
-2.413823242582314776e+01
-2.693299459361820425e+01
-3.024167184721770241e+01
-3.380466917393731308e+01
-3.735357996526111890e+01
-4.063317415480815953e+01
-4.342169823062812384e+01
-4.556249960965448054e+01
-4.700214761530416752e+01
-4.781621083037987319e+01
-4.820108105159307854e+01
-4.842354891526063909e+01
-4.874482968977883957e+01
-4.935244832153244943e+01
-5.032679093304771811e+01
-5.164745416242035958e+01
-5.322562070604375606e+01
-5.494121726313257170e+01
-5.666693963928751998e+01
-5.827190658067299012e+01
-5.961238945625898111e+01
-6.053176638133125209e+01
-6.089686175400599666e+01
-6.067848414140736679e+01
-6.003926218880035037e+01
-5.935424060454737116e+01
-5.910732971514472922e+01
-5.968773540552460588e+01
-6.119544983749015898e+01
-6.337733428228672494e+01
-6.573824331842034496e+01
-6.776317437802909183e+01
-6.912713658518303816e+01
-6.979531070306406093e+01
-6.999202051409967851e+01
-7.007852646464370139e+01
-7.040047074773649172e+01
-7.116457095329828064e+01
-7.239249419323415680e+01
-7.396696760001812265e+01
-7.573581714138687460e+01
-7.760659427850451664e+01
-7.957365835557222056e+01
-8.166413431317893412e+01
-8.384167243771578626e+01
-8.594063763430186498e+01
-8.769648603753800842e+01
-8.888110009669129852e+01
-8.947196769916892833e+01
-8.974311180659741183e+01
-9.020474021392435304e+01
-9.141251591025776690e+01
-9.374667072995747219e+01
-9.727270973918207631e+01
-1.017400335450859501e+02
-1.066938893187930972e+02
-1.116124482013057815e+02
-1.159631414216820389e+02
-1.191196250897697411e+02
-1.201824576371200948e+02
-1.178408810646359797e+02
-1.104254824215969251e+02
-9.621467419052179082e+01
-7.391782045397171430e+01
-4.315400576870186455e+01
-4.729944249167161274e+00
3.939896731084392911e+01
8.647299289579821391e+01
1.334590401275922886e+02
1.776002835704948666e+02
2.168277283216671094e+02
2.499380598503604460e+02
2.765359777964985710e+02
2.968306530874679652e+02
3.114153999725924109e+02
3.211211410445706633e+02
3.269490334175021076e+02
3.300225988746973371e+02
3.314973399103741372e+02
3.324143900441470691e+02
3.335411964404681271e+02
3.352674075380921863e+02
3.376027546479426178e+02
3.402730692984948746e+02
3.428680701843304632e+02
3.449823817564350179e+02
3.463027050153450546e+02
3.466180288836014824e+02
3.457627879710546495e+02
3.435340283498658778e+02
3.396346146600211569e+02
3.336779425936767325e+02
3.252566097128949991e+02
3.140492511586558066e+02
2.999288787951655308e+02
2.830368744997697377e+02
2.637941289941221044e+02
2.428419728674521139e+02
2.209374638344255004e+02
1.988481011645984040e+02
1.772850231699738970e+02
1.568864193664314826e+02
1.382294108581752994e+02
1.218281796920551159e+02
1.080860067515088048e+02
9.720710977891376103e+01
8.911159540973574167e+01
8.340167236764719405e+01
7.939936769193353427e+01
7.624393305666072251e+01
7.302289198509097901e+01
6.891312852499967789e+01
6.331427865604458560e+01
5.595338730472072086e+01
4.692929944750417093e+01
3.666688237291841546e+01
2.577813983076087112e+01
1.486923330565785228e+01
4.364348629925064671e+00
-5.584363330092187994e+00
-1.507090989241656942e+01
-2.431680949438323225e+01
-3.351978828869609117e+01
-4.273918920410830680e+01
-5.186820299766898756e+01
-6.069740487652949668e+01
-6.902217142081767065e+01
-7.672560839021537049e+01
-8.379606884070049944e+01
-9.028802794987481661e+01
-9.626504116948225942e+01
-1.017580337974370224e+02
-1.067487361902881133e+02
-1.111724387099693558e+02
-1.149354600992444091e+02
-1.179494660856017134e+02
-1.201824576371200948e+02
-1.217138742205776509e+02
-1.227675208521502697e+02
-1.236893200012171121e+02
-1.248497528569485411e+02
-1.264923538713679392e+02
-1.285974223942742753e+02
-1.308399870749194065e+02
-1.326780679969504035e+02
-1.335416968099409871e+02
-1.330450566623358100e+02
-1.311341103870136635e+02
-1.281105250758752163e+02
-1.245258805173635466e+02
-1.209940925928192854e+02
-1.180005354733163188e+02
-1.157811954522172471e+02
-1.143059693162100245e+02
-1.133451699619150901e+02
-1.125629711765923844e+02
-1.115925093759277900e+02
-1.100906554802519963e+02
-1.078015563310928542e+02
-1.046442206166437359e+02
-1.007900215789995002e+02
-9.665899369197828150e+01
-9.278888029145664973e+01
-8.961619737145726106e+01
-8.728475444064963540e+01
-8.559151517300469436e+01
-8.409684382694656790e+01
-8.233542483227041942e+01
-8.002191489741247210e+01
-7.716198674137845614e+01
-7.403520639299139816e+01
-7.107541829791243515e+01
-6.870510115310337085e+01
-6.718068235395669774e+01
-6.649618223157040120e+01
-6.638053233110774443e+01
