1.243264824666096047e+01
-4.206877133208331543e+01
-9.093130410674518771e+01
-1.298472084986914865e+02
-1.568147225411344152e+02
-1.722056687994688673e+02
-1.782095170629664835e+02
-1.779998589606244082e+02
-1.749184751199186394e+02
-1.718477924463581985e+02
-1.708369893428530304e+02
-1.729684689892056895e+02
-1.784014735417696329e+02
-1.865292669691587548e+02
-1.962247089438380954e+02
-2.061656641294439964e+02
-2.151911251791540280e+02
-2.225880327542438977e+02
-2.282139259181207649e+02
-2.324224983700931375e+02
-2.358321599886443209e+02
-2.390326929290472435e+02
-2.423500749143130406e+02
-2.457636335936575165e+02
-2.489893973814554897e+02
-2.516590316580233093e+02
-2.534991356402491647e+02
-2.544571661095308173e+02
-2.547725366602305144e+02
-2.549962222416328927e+02
-2.559210670955733917e+02
-2.583705944884691803e+02
-2.628670879204057087e+02
-2.693161244658052169e+02
-2.768932397880982990e+02
-2.842425742436338396e+02
-2.899441199616476865e+02
-2.930690804312595219e+02
-2.935913595526730546e+02
-2.924765229563637945e+02
-2.913977977724014750e+02
-2.921663987103707996e+02
-2.960485061913748268e+02
-3.031538521630665741e+02
-3.120427943460734355e+02
-3.196470597411826020e+02
-3.215594787244370423e+02
-3.127062737901536025e+02
-2.883290802734864542e+02
-2.450730973363616272e+02
-1.818846708150319955e+02
-1.004500851048640868e+02
-5.046057963595558249e+00
9.816029428514333688e+01
2.021896107923332409e+02
3.004497731898134703e+02
3.877775757680210518e+02
4.610973248943628846e+02
5.195879196879095616e+02
5.643839663783794549e+02
5.979455866750213318e+02
6.232957535271193592e+02
6.433280249176004872e+02
6.603278447028039864e+02
6.757625193633284653e+02
6.903230275682191177e+02
7.041470436539198090e+02
7.171056526221104832e+02
7.290243797357957192e+02
7.397652028413558583e+02
7.491940149407025729e+02
7.571270611169786662e+02
7.633406519081113402e+02
7.676523488220524314e+02
7.700030496585766286e+02
7.704536945472855223e+02
7.690665933014583970e+02
7.657195419641822127e+02
7.599474518044054321e+02
7.509045485826302411e+02
7.374978224981791755e+02
7.186708454661552423e+02
6.937437569901751431e+02
6.626868675776290729e+02
6.262447661804405925e+02
5.859004227799518958e+02
5.437159978926307531e+02
5.020871382824687430e+02
4.634323969446207911e+02
4.298499264079667910e+02
4.028058929084886586e+02
3.829325947770710172e+02
3.699864243097531471e+02
3.629638558263820300e+02
3.603284884581122469e+02
3.602828793069928679e+02
3.610290082051305944e+02
3.609891879086884501e+02
3.589795807185915919e+02
3.543241013293747415e+02
3.468840212619437580e+02
3.369871303484798091e+02
3.252710192808963257e+02
3.124865401144096495e+02
2.993223781980453850e+02
2.862997490521487407e+02
2.737472585041090269e+02
2.618221072650608221e+02
2.505301422504668380e+02
2.397278263413038530e+02
2.291347457828460392e+02
2.183949650609678201e+02
2.071852058682391373e+02
1.953230439799414171e+02
1.828258766019760628e+02
1.699031637003783999e+02
1.568965146974144034e+02
1.442005627168631747e+02
1.321993819867506375e+02
1.212354294447493430e+02
1.115994825145261586e+02
1.035082916725310866e+02
9.703995311592554174e+01
9.203924908507451619e+01
8.806533780812247869e+01
8.446837178074582653e+01
8.061136118026733755e+01
7.614514079781565670e+01
7.118475682037295371e+01
6.626798078355801636e+01
6.208354048047233675e+01
5.908882139912694242e+01
5.721954585669183757e+01
5.585618368269224732e+01
5.406304915698824232e+01
5.096188251955638293e+01
4.604996976320100543e+01
3.934026769164128723e+01
3.131628379679119689e+01
2.277167928611120828e+01
1.461091005179150670e+01
7.655440847178255126e+00
2.480952501447660552e+00
-6.863623675519932021e-01
-1.992695298377896052e+00
-1.903226874808183311e+00
-1.095070032089012102e+00
-3.168225003796010242e-01
-2.373211637136876107e-01
-1.320085823290014559e+00
-3.756272148561038193e+00
-7.463252734265637400e+00
-1.214022962415205598e+01
-1.737363983196834738e+01
-2.277694492630234890e+01
-2.812517201057340799e+01
-3.343013939331291340e+01
-3.891740251338811163e+01
-4.490443633569276471e+01
-5.162448370944812837e+01
-5.907366688985379710e+01
-6.695638132236706497e+01
-7.475573208588417629e+01
-8.189362538012400705e+01
-8.791371747822199723e+01
-9.262522035609009663e+01
-9.616399598941666227e+01
-9.895281680374753819e+01
-1.015795794661087541e+02
-1.046450380770629636e+02
-1.086338552255756156e+02
-1.138341016685345721e+02
-1.203016183945523778e+02
-1.278621436598606351e+02
-1.361577163777339479e+02
-1.447474182361632984e+02
-1.532491104071362429e+02
-1.614697805242911954e+02
-1.694574616043681772e+02
-1.774495746852218190e+02
-1.857614620171941056e+02
-1.946805184659967267e+02
-2.043861143355194372e+02
-2.148783915105561277e+02
-2.259348297944068236e+02
-2.371706714338284883e+02
-2.482469092237063251e+02
-2.591312902744501798e+02
-2.701987339460535509e+02
-2.819941604087823066e+02
-2.946708467057538883e+02
-3.073278673460097821e+02
-3.175696510295979351e+02
-3.215594787244370423e+02
-3.146684184861960603e+02
-2.925892024130633331e+02
-2.525729933007188492e+02
-1.943488674469278124e+02
-1.203925020440602225e+02
-3.547488283552607413e+01
5.430230524195668096e+01
1.426420416626345968e+02
2.240533926920020917e+02
2.945392451465115755e+02
3.519070959725702892e+02
3.957215212892072600e+02
4.269751214580819010e+02
4.475898765646640527e+02
4.598757850810155787e+02
4.660741913308393691e+02
4.680793381048405877e+02
4.673492535983978655e+02
4.649336974551400203e+02
4.615302242275495246e+02
4.575292138560721469e+02
4.530617741599756414e+02
4.480739430711535078e+02
4.424238971326108754e+02
4.359699278259426478e+02
4.286109679812670947e+02
4.202616479492421604e+02
4.107747595082846033e+02
3.998459583304493208e+02
3.869427322432941878e+02
3.712984347784023953e+02
3.520012944600821356e+02
3.281795115662064291e+02
2.992422152753773048e+02
2.651043047070106695e+02
2.263221200169330984e+02
1.840964337289937021e+02
1.401381897058178367e+02
9.642597412441261895e+01
5.491239841429322155e+01
1.724990094373154648e+01
-1.540805683425568873e+01
-4.250580178279493282e+01
-6.408594320446388792e+01
-8.070513003955696263e+01
-9.327970744466765041e+01
-1.028830209226316583e+02
-1.105419551470593547e+02
-1.170995490959647327e+02
-1.231854858110866644e+02
-1.292784489769701679e+02
-1.358022681551078676e+02
-1.431947135471731940e+02
-1.519130569800807962e+02
-1.623771504665917860e+02
-1.748793010673401511e+02
-1.894940020924899784e+02
-2.060091755964274682e+02
-2.238993774692425234e+02
-2.423667710321429922e+02
-2.604561967859032166e+02
-2.772080315101213159e+02
-2.917954595556001323e+02
-3.036236938302681097e+02
-3.124050958235568487e+02
-3.182222035865254384e+02
-3.215594787244370423e+02
-3.232609157304886480e+02
