-7.438589942107886088e+01
-1.024403833132257660e+02
-1.274958291824676024e+02
-1.473359152042352491e+02
-1.610403875069913227e+02
-1.690329047992456140e+02
-1.727366855014623752e+02
-1.740212687098220385e+02
-1.746443923495570516e+02
-1.758426182696763078e+02
-1.781484304615508734e+02
-1.814440299196043327e+02
-1.852078270671931648e+02
-1.888570214612855125e+02
-1.920508499975421728e+02
-1.948319729990580527e+02
-1.975602627095001083e+02
-2.006916814465810148e+02
-2.045146368201982341e+02
-2.089509285498684221e+02
-2.134771993762521447e+02
-2.171628504318784394e+02
-2.187813841979685776e+02
-2.169499079901102903e+02
-2.102814058983451275e+02
-1.975654815565059153e+02
-1.779900887653260781e+02
-1.513744845759221391e+02
-1.183354214675437959e+02
-8.029782763352947939e+01
-3.930469511944148309e+01
2.344046307099485915e+00
4.252453343235416838e+01
7.965616222177288819e+01
1.128756127863047425e+02
1.419635447730645694e+02
1.670852526374316653e+02
1.884960740819428509e+02
2.063618882701183566e+02
2.207579065979084874e+02
2.317994414919426447e+02
2.397909865470276713e+02
2.452813005116229306e+02
2.489746816680377322e+02
2.515383345484413837e+02
2.534075760972474995e+02
2.546811475845899224e+02
2.551323126108320878e+02
2.543019566155664677e+02
2.516300159090471311e+02
2.465979432699229221e+02
2.388564247479869209e+02
2.283042176948866313e+02
2.150973779196366422e+02
1.996027545659010514e+02
1.823341453245605521e+02
1.639030325809351609e+02
1.449843276289059020e+02
1.262698005562579340e+02
1.083893811938453240e+02
9.182062640261423780e+01
7.683778372452704275e+01
6.353710603438752003e+01
5.192087019048567242e+01
4.197523629401143097e+01
3.368006801238043835e+01
2.693942966002916961e+01
2.147875356784445700e+01
1.678295941095319677e+01
1.213599659038902345e+01
6.768700146892072667e+00
5.406305713380277211e-02
-8.343351585794566816e+00
-1.842350430664154715e+01
-2.990142805319166186e+01
-4.229487886063414948e+01
-5.500197822056568953e+01
-6.736802369792530953e+01
-7.877373477947040215e+01
-8.876243822225363544e+01
-9.717404371767160853e+01
-1.042165661973982793e+02
-1.104156773321119118e+02
-1.164363403604214540e+02
-1.228379680895371990e+02
-1.298659148021714032e+02
-1.373714121734985838e+02
-1.448946756095659225e+02
-1.518694846270052210e+02
-1.578491698429995438e+02
-1.626507416338259304e+02
-1.663713362721457827e+02
-1.693041501579560304e+02
-1.718159805935421218e+02
-1.742372229707982569e+02
-1.767887760248974303e+02
-1.795522879764442621e+02
-1.824788556469765126e+02
-1.854232669544798853e+02
-1.881915055898805917e+02
-1.905942324644078667e+02
-1.924963342400840531e+02
-1.938481640159891697e+02
-1.946934694322793291e+02
-1.951644572716641619e+02
-1.954729811316329915e+02
-1.958902474481307081e+02
-1.967027176689480257e+02
-1.981499819610028226e+02
-2.003680635179898104e+02
-2.033541883723967771e+02
-2.069480481657292330e+02
-2.108221990539784656e+02
-2.144923125059426070e+02
-2.173612568755387144e+02
-2.187813841979685776e+02
-2.180899393706065723e+02
-2.145869218271445504e+02
-2.074793507111170072e+02
-1.958634597218636202e+02
-1.788121551378443428e+02
-1.555821066733051907e+02
-1.258854924202769041e+02
-9.012305238917278416e+01
-4.947497428938493158e+01
-5.795581861249251787e+00
3.867114700498150626e+01
8.167630455744992446e+01
1.213363805353501164e+02
1.563788250741389447e+02
1.862043895990036617e+02
2.107902292610409347e+02
2.305263380274743952e+02
2.460839696444327274e+02
2.583479666544017164e+02
2.683589865915296855e+02
2.771853551791826931e+02
2.857052652569869906e+02
2.943737959025572763e+02
3.030910507361622876e+02
3.112436842827718806e+02
3.179030723737478183e+02
3.220951010779173203e+02
3.230434464061877406e+02
3.203215229734311720e+02
3.138945595214237301e+02
3.040635640143183878e+02
2.913358422094200932e+02
2.762582523018937763e+02
2.592635280011865007e+02
2.405840784740759659e+02
2.202711794014723807e+02
1.983230493341426097e+02
1.748840406299317181e+02
1.504411682598575624e+02
1.259266558853399545e+02
1.026519688943151181e+02
8.205829232116143146e+01
6.535378114224755564e+01
5.317415126725448715e+01
4.540358704508899734e+01
4.121979388828415836e+01
3.932587176632816295e+01
3.826591563468564061e+01
3.671964438572886280e+01
3.371362492234737829e+01
2.873209551712300325e+01
2.173253982129893558e+01
1.307378266393480715e+01
3.371184506249875312e+00
-6.683408130571685035e+00
-1.648013246892373118e+01
-2.558461293711118145e+01
-3.376384462552105958e+01
-4.097279350595379555e+01
-4.732725427989560529e+01
-5.306497456766537368e+01
-5.848305555317764970e+01
-6.384988162050447613e+01
-6.931389150075810335e+01
-7.484976277211420381e+01
-8.027916853454350132e+01
-8.537116107524943232e+01
-8.998043735981447355e+01
-9.415404536696787829e+01
-9.815098570765795216e+01
-1.023635810736367660e+02
-1.071754011694841182e+02
-1.128165877633776688e+02
-1.192761224011528896e+02
-1.263035974621569437e+02
-1.334935642439753849e+02
-1.404152683915645810e+02
-1.467400442233240767e+02
-1.523225955953419941e+02
-1.572085623911837047e+02
-1.615702349533491144e+02
-1.656042245561748700e+02
-1.694400735424850097e+02
-1.730968266354055061e+02
-1.764951408900450360e+02
-1.795072244177692937e+02
-1.820184782596420234e+02
-1.839819947173620847e+02
-1.854625761562610649e+02
-1.866751541646948169e+02
-1.880074634487883145e+02
-1.899881379856913952e+02
-1.931566321330110725e+02
-1.978354222627432648e+02
-2.038726808074272299e+02
-2.104594903740536438e+02
-2.161029896332619273e+02
-2.187813841979685776e+02
-2.162576203373650401e+02
-2.064973702876785637e+02
-1.881146932858690377e+02
-1.607500986640749545e+02
-1.252762263653054049e+02
-8.374168333255548191e+01
-3.902402873103501690e+01
5.735717544763843989e+00
4.775310705761119578e+01
8.508989030085723471e+01
1.168865362889946482e+02
1.433026996180736319e+02
1.652126339748861028e+02
1.837643519484919636e+02
1.999492601413921022e+02
2.143229999892243427e+02
2.269543852076431563e+02
2.375813862965237888e+02
2.458725848097041933e+02
2.516680195110438092e+02
2.551074195404286797e+02
2.566202535504034472e+02
2.568121581171932348e+02
2.563041925702377739e+02
2.555653401953601076e+02
2.547604946581164995e+02
2.536430510262028974e+02
2.515354917562358708e+02
2.474304598994625906e+02
2.402060034431737279e+02
2.289027825614463154e+02
2.129797593543440826e+02
1.924690641210322610e+02
1.679966479089696918e+02
1.406913562974610556e+02
1.120285227168273536e+02
8.364460455485165369e+01
5.714677841279949178e+01
3.393598034723646606e+01
1.505720961374130873e+01
1.091203875386106859e+00
-7.891095344063970174e+00
-1.229011370861669405e+01
-1.285284706861574477e+01
-1.048863911838493124e+01
-6.077640177461248072e+00
-3.330033753857790657e-01
6.239254843301701214e+00
