-1.587953617525219556e+02
-1.984436710052588921e+02
-2.332058989814561869e+02
-2.594984737498732557e+02
-2.757698622365895176e+02
-2.825601729989338651e+02
-2.819990801262883906e+02
-2.770404747025820598e+02
-2.706899834971538894e+02
-2.653827250255012586e+02
-2.626065078533393944e+02
-2.628280067720539819e+02
-2.657177867650582357e+02
-2.705812922631718038e+02
-2.768306803310081818e+02
-2.843133746810266302e+02
-2.933583946880090139e+02
-3.045063752292221579e+02
-3.180226778408060113e+02
-3.333942731335064877e+02
-3.490235073002103263e+02
-3.622470620143178621e+02
-3.696831551988952924e+02
-3.678179133727305725e+02
-3.537003444667233794e+02
-3.255941463367432220e+02
-2.834210525296617789e+02
-2.288481215160427951e+02
-1.649530958285558313e+02
-9.554961855744573995e+01
-2.440275687342026956e+01
4.538589390407516078e+01
1.116384805160419944e+02
1.730025254795317551e+02
2.286523907696726496e+02
2.780090884975001018e+02
3.206326572082394364e+02
3.562996115031673412e+02
3.851489076908494553e+02
4.077425559002974182e+02
4.249550260793122334e+02
4.377237126007716483e+02
4.467874095607228924e+02
4.525592339658846299e+02
4.552087041590719423e+02
4.549024642342947118e+02
4.520542882421543709e+02
4.474210168229150781e+02
4.419522018089136850e+02
4.364225783833849732e+02
4.309964768598342744e+02
4.249306207406889939e+02
4.165789001275200008e+02
4.037388777845343384e+02
3.842435783605085362e+02
3.566204868613904750e+02
3.206245891959613914e+02
2.774787583771159234e+02
2.297234172080401322e+02
1.807000997261873181e+02
1.338260231125917414e+02
9.188223129178973636e+01
5.651327879646125041e+01
2.805295678780373692e+01
5.679747202536475470e+00
-1.219546890898706337e+01
-2.745158806878654190e+01
-4.181543057224204318e+01
-5.654558985964915507e+01
-7.229369794912072678e+01
-8.914417891190029763e+01
-1.067801913900790964e+02
-1.246984904880911529e+02
-1.424086706106232327e+02
-1.595801023945560928e+02
-1.761182405605094630e+02
-1.921592085219541843e+02
-2.079828975148411985e+02
-2.238697201096417473e+02
-2.399548168884471693e+02
-2.561427265176334913e+02
-2.721201995608626021e+02
-2.874533680955127011e+02
-3.017064366207359285e+02
-3.145102238879011338e+02
-3.255594856917632569e+02
-3.345912763313118035e+02
-3.414183732341942346e+02
-3.460313702333158403e+02
-3.486979811619916063e+02
-3.499663477736075947e+02
-3.505425786362987424e+02
-3.510968927906080808e+02
-3.520840671766836181e+02
-3.536356359116995804e+02
-3.555418609696126282e+02
-3.573247266694708060e+02
-3.583940268813546481e+02
-3.582496747485963056e+02
-3.566563668693191289e+02
-3.537188269440505337e+02
-3.498445792031700989e+02
-3.456421618740081954e+02
-3.418049572780803942e+02
-3.389939511670619368e+02
-3.377183578009498888e+02
-3.382313508320783626e+02
-3.404725454586082947e+02
-3.440787757147665502e+02
-3.484624905936752270e+02
-3.529434488197109090e+02
-3.569156272206377594e+02
-3.600185305900234880e+02
-3.622546202401593405e+02
-3.639759972897480793e+02
-3.656824997463355089e+02
-3.676419068677476503e+02
-3.694446720594826843e+02
-3.696831551988952924e+02
-3.659302073066465937e+02
-3.550784247148315558e+02
-3.339630445800855227e+02
-3.001040950770602649e+02
-2.523761545604801597e+02
-1.914266605068200704e+02
-1.197141185291279584e+02
-4.113497380535853409e+01
3.966893059352776874e+01
1.181363558278185906e+02
1.905361858390756140e+02
2.544696845544554549e+02
3.090307042629193575e+02
3.546273721175517721e+02
3.925655804428942588e+02
4.245476874108973675e+02
4.522283544226841059e+02
4.769116627202889731e+02
4.994060285664072580e+02
5.200120188161217811e+02
5.386140131970714720e+02
5.548520387131195548e+02
5.683374102309883256e+02
5.788548315426642148e+02
5.864875506084824792e+02
5.916159958773649805e+02
5.947698749957442033e+02
5.963621375610049427e+02
5.963988204841499510e+02
5.943059619383083145e+02
5.889850951867585991e+02
5.790956411601182481e+02
5.634479962588269473e+02
5.413627561270691331e+02
5.129056235406569613e+02
4.789734069265290373e+02
4.412336030660594588e+02
4.019118723704315244e+02
3.634192691542247076e+02
3.278597617889519711e+02
2.965538241970168656e+02
2.697744766816343258e+02
2.468309029997139987e+02
2.264667529361376523e+02
2.073840614066448893e+02
1.886652291851060852e+02
1.699507089576487999e+02
1.513667705110970303e+02
1.333017064630049617e+02
1.161545045914852068e+02
1.001429966450566837e+02
8.520900702137018357e+01
7.102570217538212205e+01
5.709172415106534970e+01
4.287882965077217534e+01
2.798780672162782679e+01
1.226472637153881351e+01
-4.161202588216845299e+00
-2.093119222137333679e+01
-3.758200711547702610e+01
-5.370265104264547062e+01
-6.907532262665897349e+01
-8.374844010104852998e+01
-9.800171985471845915e+01
-1.122109053640467948e+02
-1.266741844439085014e+02
-1.414732701942093627e+02
-1.564103578650632187e+02
-1.710326087029096414e+02
-1.847410273616520158e+02
-1.969545996852721430e+02
-2.072651517314779142e+02
-2.155142600754888349e+02
-2.217727205522015197e+02
-2.262717191790241031e+02
-2.293578073473095742e+02
-2.314928680373104157e+02
-2.332468725239583023e+02
-2.352173449714709363e+02
-2.378762403993964085e+02
-2.414280191200846843e+02
-2.457782789687840364e+02
-2.506429179487786882e+02
-2.557352570295914802e+02
-2.609233764926812000e+02
-2.662724805113280695e+02
-2.719565819805176830e+02
-2.781051395770162458e+02
-2.846998560982516437e+02
-2.916140140941490131e+02
-2.987897564273744138e+02
-3.064332802912998091e+02
-3.150540897218713212e+02
-3.252330125384610255e+02
-3.371548010661880426e+02
-3.500908507418310478e+02
-3.620690057681788971e+02
-3.699085842866190887e+02
-3.696831551988952924e+02
-3.575359005354567330e+02
-3.306326503263820769e+02
-2.879576382691565755e+02
-2.306991790014675416e+02
-1.621147998264484613e+02
-8.692524536451264794e+01
-1.040890216718908334e+01
6.256193263187515186e+01
1.282971672470531814e+02
1.847019157533250393e+02
2.312712818630368758e+02
2.687349248524617451e+02
2.985108641023487053e+02
3.221689064322847571e+02
3.410726952655920172e+02
3.562635151147447345e+02
3.685239850182185251e+02
3.784970970612347969e+02
3.867620213008947871e+02
3.938323142450891510e+02
4.000867064668939292e+02
4.056645844411605140e+02
4.103791449415471106e+02
4.137062670429869513e+02
4.148687912303028611e+02
4.129783335439947223e+02
4.071761578563097714e+02
3.967433839313949875e+02
3.811886971743986692e+02
3.603302890163073471e+02
3.343642425157981961e+02
3.038830353696995417e+02
2.698180218713119416e+02
2.333381066576800720e+02
1.957859241226799725e+02
1.587039658226013046e+02
1.239083555774403607e+02
9.349354707064253489e+01
6.965961143119700694e+01
5.433180790626603596e+01
4.864136881772543575e+01
5.242306956811421514e+01
6.393589435288195233e+01
7.999000799435003728e+01
