-5.691301691179130273e+01
-1.070928662923525536e+02
-1.510749707672157172e+02
-1.843575509048079368e+02
-2.052009312336797962e+02
-2.146521232603264195e+02
-2.157201005398588052e+02
-2.121527042289158089e+02
-2.072962879609788445e+02
-2.033670698808180646e+02
-2.012431920217166521e+02
-2.006967044327656708e+02
-2.008806315195550951e+02
-2.008661727519194642e+02
-2.000580041504304063e+02
-1.983816611335783193e+02
-1.962252435208806105e+02
-1.942049941754470126e+02
-1.928800832954177906e+02
-1.925458648458495361e+02
-1.931831121872937445e+02
-1.945535052311966808e+02
-1.963573325602805255e+02
-1.983532922126980509e+02
-2.003804901776497331e+02
-2.022773973744607474e+02
-2.037315072757351970e+02
-2.041191101526514444e+02
-2.024111836173195513e+02
-1.972137234370838428e+02
-1.869675751873160436e+02
-1.702711488241633049e+02
-1.462405629217835781e+02
-1.148026712978580832e+02
-7.682805642487193154e+01
-3.405359327916399792e+01
1.118794850808409791e+01
5.634845985884045660e+01
9.904697470364516221e+01
1.373691234241886434e+02
1.700424859313675086e+02
1.964839991371211170e+02
2.167429930414793660e+02
2.313792751650464936e+02
2.413088771434058799e+02
2.476284866232331012e+02
2.514246733810564081e+02
2.535981573415877222e+02
2.547558056559812769e+02
2.552068037105593419e+02
2.550504149106415639e+02
2.543024473444768887e+02
2.530023021433209465e+02
2.512628370686380777e+02
2.492525810788719980e+02
2.471272790026102371e+02
2.449505384432195001e+02
2.426468900833812086e+02
2.400058040528016647e+02
2.367204163894123781e+02
2.324294683005262243e+02
2.267430320389905205e+02
2.192600936664189533e+02
2.096108054260346591e+02
1.975505075601699616e+02
1.830824729331487788e+02
1.665313601803270558e+02
1.484954405977539977e+02
1.296835457664699334e+02
1.107261675765343085e+02
9.206513096362590431e+01
7.396336388590879096e+01
5.659284416683084373e+01
4.012057801916235178e+01
2.473698384535673256e+01
1.062462297098266717e+01
-2.095683825915138243e+00
-1.339858960153491196e+01
-2.334563736680951607e+01
-3.204280620769101517e+01
-3.959632251427868255e+01
-4.609952854152900414e+01
-5.165998510345409755e+01
-5.644855060430363380e+01
-6.073891675991311700e+01
-6.490717085136478204e+01
-6.937465222799829689e+01
-7.450423292805334086e+01
-8.048936586053712006e+01
-8.728873050472761008e+01
-9.464524305306476037e+01
-1.021866565341014876e+02
-1.095572049854145433e+02
-1.165139125867490293e+02
-1.229539105492463165e+02
-1.288897024676713272e+02
-1.344125621245682680e+02
-1.396688269991611833e+02
-1.448439814723200527e+02
-1.501326547694549731e+02
-1.556809557167994740e+02
-1.615154481682006065e+02
-1.674981078855804242e+02
-1.733424744133614865e+02
-1.786914501771475443e+02
-1.832239401369445488e+02
-1.867539023472271538e+02
-1.892983048259393684e+02
-1.910922562778691258e+02
-1.925287783435738049e+02
-1.940278440651105996e+02
-1.958882584519550392e+02
-1.981982406891769131e+02
-2.008450533021455442e+02
-2.035992609922605538e+02
-2.062121909907724273e+02
-2.084780282895250991e+02
-2.102490724602095611e+02
-2.114229696696421854e+02
-2.119335227076765591e+02
-2.117686923970633472e+02
-2.110114243066500705e+02
-2.098703827568855615e+02
-2.086652708955197397e+02
-2.077566969008951219e+02
-2.074399901310509051e+02
-2.078398251858700121e+02
-2.088488122465476522e+02
-2.101476868421979987e+02
-2.113211809449605312e+02
-2.120418077933693723e+02
-2.122453970232972722e+02
-2.121954039401450416e+02
-2.123623671792523169e+02
-2.131348298039924885e+02
-2.144804608197785569e+02
-2.157201005398588052e+02
-2.155284396726914622e+02
-2.121680799195966642e+02
-2.038705981314304552e+02
-1.892419235222749307e+02
-1.675809514969440954e+02
-1.390387514239834843e+02
-1.045949365149784285e+02
-6.587496172884370083e+01
-2.486720239800520105e+01
1.638491336933299891e+01
5.604653849293082146e+01
9.266734584173487121e+01
1.252609020127580948e+02
1.533076455763882677e+02
1.767099195186995928e+02
1.957121076022513364e+02
2.107846987165224277e+02
2.224869131880614361e+02
2.313556392778149302e+02
2.378725805550226653e+02
2.425161225239520775e+02
2.458414976798202929e+02
2.485042116973310726e+02
2.511742004045497083e+02
2.543621837229882772e+02
2.582422208130872150e+02
2.625629651265140865e+02
2.666956421300598095e+02
2.698037652398212458e+02
2.710747304785122083e+02
2.699431646254200814e+02
2.662481193424091543e+02
2.602779191622771577e+02
2.526701365223661924e+02
2.441760507927536423e+02
2.353678398305495989e+02
2.264136303233342176e+02
2.170248012066348053e+02
2.066008588062396427e+02
1.945107035821381203e+02
1.803980679853586935e+02
1.643941109671381184e+02
1.471555523155450089e+02
1.297139616708927861e+02
1.131999759998434314e+02
9.855689079015289167e+01
8.635015265762380920e+01
7.671887924296160577e+01
6.944518000111165179e+01
6.408072006021188827e+01
6.007807745678890399e+01
5.690295902824396990e+01
5.412162360850322784e+01
5.145642635126368702e+01
4.879664964741606781e+01
4.615898487091880042e+01
4.361022600578956343e+01
4.117869904450734708e+01
3.878200993244615091e+01
3.619211790386512462e+01
3.305208811326022555e+01
2.895030661928348792e+01
2.354233372378915945e+01
1.669030928790901669e+01
8.572494610647432012e+00
-2.905225335327468184e-01
-9.129437328826202958e+00
-1.712892891377903837e+01
-2.366948668293826685e+01
-2.850746674243028167e+01
-3.181654849276755925e+01
-3.408040012184562073e+01
-3.589465908026460284e+01
-3.776741248388051275e+01
-3.999123982554483092e+01
-4.261757872066950625e+01
-4.552279316967815959e+01
-4.852628831958033118e+01
-5.150549248052200824e+01
-5.445686074130745880e+01
-5.748148585428308621e+01
-6.071336492392048001e+01
-6.423157205892431421e+01
-6.799648105980848811e+01
-7.183529451828115953e+01
-7.548189029640283820e+01
-7.865607266724003921e+01
-8.115594709137010909e+01
-8.293554939213629495e+01
-8.414291390275941751e+01
-8.510372520332276736e+01
-8.625597272901585200e+01
-8.805969328561418763e+01
-9.090732028655764907e+01
-9.504948225546756646e+01
-1.005475619146844934e+02
-1.072716355323426995e+02
-1.149607410347594794e+02
-1.233338790758220966e+02
-1.321981699999626869e+02
-1.414878770975479654e+02
-1.512114372173880383e+02
-1.613510266764865264e+02
-1.717846288764804399e+02
-1.822605696464482037e+02
-1.923964216963227329e+02
-2.016584175462644737e+02
-2.093126889977220344e+02
-2.143886518306254345e+02
-2.157201005398588052e+02
-2.121131743944877996e+02
-2.026339363863438336e+02
-1.869373415167059704e+02
-1.655147073496608243e+02
-1.397451223786560206e+02
-1.116935956294578318e+02
-8.368506085469593359e+01
-5.777507986861294853e+01
-3.529807748706354431e+01
-1.665694841322281405e+01
-1.417136042781248051e+00
1.135909288455560429e+01
2.268629423689554159e+01
3.330399542494417631e+01
4.353135495570315072e+01
