-4.238307700197913164e+01
-1.695749279653742292e+01
4.290068758574374641e+00
1.835019162072340038e+01
2.410399643923486224e+01
2.235479197687934771e+01
1.527944907722711321e+01
5.591031276078275880e+00
-4.268263255619569208e+00
-1.267307320192302278e+01
-1.900673597513601010e+01
-2.353312570968366302e+01
-2.705807410881663344e+01
-3.051113215249097976e+01
-3.457123278310332637e+01
-3.943988736223113989e+01
-4.482169661836785224e+01
-5.009808163611107545e+01
-5.460634210815884160e+01
-5.790503876859708043e+01
-5.992703613218170489e+01
-6.097178584990546568e+01
-6.155121067709450244e+01
-6.216281315420091858e+01
-6.309110207514399349e+01
-6.431895789400124386e+01
-6.558124895901940477e+01
-6.653831651564159699e+01
-6.699725870962623731e+01
-6.707678277332792049e+01
-6.722453682877974757e+01
-6.806647956534951049e+01
-7.015825120510564261e+01
-7.375679970786826800e+01
-7.870941868979045353e+01
-8.449130547357636090e+01
-9.035740930865104303e+01
-9.554192151759940543e+01
-9.944257847764374958e+01
-1.017482286560053240e+02
-1.024879975414123834e+02
-1.019954171979035351e+02
-1.007964349128833277e+02
-9.944858358085497230e+01
-9.837908928713260082e+01
-9.778353564623999716e+01
-9.763234645798246447e+01
-9.778275435906007829e+01
-9.813830779012184280e+01
-9.877166664767629811e+01
-9.993971322417186798e+01
-1.019653843513956843e+02
-1.050221647315611762e+02
-1.089089676108479807e+02
-1.129174038272072949e+02
-1.158588343709147210e+02
-1.162540380174072538e+02
-1.126302715600638322e+02
-1.038391714401292916e+02
-8.930367690704140671e+01
-6.912684855744788592e+01
-4.405112542344005533e+01
-1.531156746922324885e+01
1.555963312704978918e+01
4.694205445303196456e+01
7.732920136800396449e+01
1.054971644422599582e+02
1.306110859614558990e+02
1.522580881678736375e+02
1.704135478505053811e+02
1.853549038395316302e+02
1.975455158137826572e+02
2.075233531245510790e+02
2.158279427487791793e+02
2.229762319841426574e+02
2.294666918284221708e+02
2.357685517369714034e+02
2.422576939403199958e+02
2.491031002315225749e+02
2.561659888197676764e+02
2.629976549539886719e+02
2.689773601119523505e+02
2.735394569184270495e+02
2.763693631244594826e+02
2.774626122581998402e+02
2.770311686025124800e+02
2.753318831110831297e+02
2.725166581474800296e+02
2.685630153221693490e+02
2.632877932425212748e+02
2.564161360711243560e+02
2.476736386149403017e+02
2.368747760247110250e+02
2.239891812222179510e+02
2.091783957856928282e+02
1.928037086339154769e+02
1.754087197617921277e+02
1.576819764764586580e+02
1.404016776536364262e+02
1.243533865444527038e+02
1.102101877947114872e+02
9.839147198857629917e+01
8.895552434381450269e+01
8.158914730444092811e+01
7.571454378609232094e+01
7.067017142107695804e+01
6.588686528989984481e+01
6.099328650228766691e+01
5.583039249151251227e+01
5.040071417751755689e+01
4.479690769696757968e+01
3.914291114756699130e+01
3.355775757410371796e+01
2.813235720798168060e+01
2.290423051617233696e+01
1.782757857294738812e+01
1.275177269195344820e+01
7.426262136570557004e+00
1.549642008872289978e+00
-5.124314724842641056e+00
-1.264057024609819280e+01
-2.072648868037494196e+01
-2.880023253120947402e+01
-3.614869553153985748e+01
-4.221499993694206410e+01
-4.685161265197383784e+01
-5.039430711113510597e+01
-5.350113613911143773e+01
-5.683089312943319271e+01
-6.072826760191556161e+01
-6.507671122294620147e+01
-6.938097082936957349e+01
-7.301823330269240842e+01
-7.552322089875715960e+01
-7.677675609248316846e+01
-7.702897504806452389e+01
-7.676795279194490718e+01
-7.650871932923112695e+01
-7.660270042815790248e+01
-7.714496151115667999e+01
-7.800418914182839103e+01
-7.894841449044653814e+01
-7.980429063205346552e+01
-8.057255470551930898e+01
-8.143653172089045711e+01
-8.265312787837959263e+01
-8.438599228083657522e+01
-8.657923255423440878e+01
-8.894511508101143704e+01
-9.107082197272018220e+01
-9.258842844633346658e+01
-9.332957705210304766e+01
-9.340024639430541242e+01
-9.314956572865364137e+01
-9.305084941678774157e+01
-9.353932455597549733e+01
-9.485704301619816192e+01
-9.695653447634546751e+01
-9.950682194008356873e+01
-1.020105185440304467e+02
-1.039891001962092503e+02
-1.051621654540406610e+02
-1.055559190372210878e+02
-1.055094756818890858e+02
-1.055750229094961412e+02
-1.063257132231717605e+02
-1.081143454969634377e+02
-1.108606403165800032e+02
-1.139459168281896098e+02
-1.162540380174072538e+02
-1.163522756184253524e+02
-1.127697202257753020e+02
-1.042947259468401171e+02
-9.019059044141133086e+01
-7.026751208159981843e+01
-4.483088282871852925e+01
-1.458910322473776233e+01
1.940244769485033771e+01
5.575146517319101491e+01
9.275205959294154923e+01
1.284970693344260724e+02
1.611082512985792619e+02
1.890371372469995208e+02
2.113323652849420284e+02
2.277669600999017803e+02
2.387773947009892197e+02
2.452535705385431868e+02
2.482798311237679627e+02
2.489231777399415648e+02
2.481066687450622226e+02
2.465438751538274005e+02
2.446905550591008875e+02
2.427006999510422531e+02
2.404231863463265029e+02
2.374894838911425552e+02
2.334950540338094811e+02
2.282046142554488597e+02
2.216819288186829624e+02
2.142813669860794334e+02
2.065067643235462356e+02
1.987997185939120754e+02
1.913443283761985754e+02
1.839670408476718819e+02
1.761746491154783030e+02
1.673209013335392399e+02
1.568384354467098660e+02
1.444418973161764370e+02
1.302241525653406882e+02
1.146264966511973284e+02
9.832300811719797196e+01
8.207790117333597379e+01
6.661708753659337390e+01
5.253254395531819654e+01
4.022524857457311498e+01
2.988391271705785357e+01
2.149045637328679703e+01
1.484389228149675688e+01
9.599637209532822624e+00
5.322636257899201695e+00
1.548920082417339472e+00
-2.152458592065702447e+00
-6.124620438849502690e+00
-1.058167306529957408e+01
-1.558799822941921143e+01
-2.106608878133859264e+01
-2.683829013310647227e+01
-3.269531921836495769e+01
-3.846676974792804771e+01
-4.406269265068064556e+01
-4.947254596156604123e+01
-5.473695676537923305e+01
-5.992062369684599332e+01
-6.509855459667689104e+01
-7.034485807758278497e+01
-7.571303325384303662e+01
-8.121503122649379236e+01
-8.681353869367993070e+01
-9.242702292763408423e+01
-9.793189261213385066e+01
-1.031534617359474737e+02
-1.078593788166829768e+02
-1.117772379769605493e+02
-1.146415476989678837e+02
-1.162540380174072538e+02
-1.165373229994659994e+02
-1.155724683858730373e+02
-1.136163557529197590e+02
-1.110862215652631448e+02
-1.084920673543462897e+02
-1.063133239342513718e+02
-1.048520948978052161e+02
-1.041266420755725335e+02
-1.038679508332203483e+02
-1.036385560006837636e+02
-1.030287105742422256e+02
-1.018445108364313967e+02
-1.002074890830165828e+02
-9.852065579058628941e+01
-9.730358308212200313e+01
-9.695253956335189116e+01
-9.752865364415038130e+01
-9.868813429588043107e+01
