-1.861967275918715004e+01
-1.149904673746933170e+00
1.345841426246289174e+01
2.310862887632735152e+01
2.695506104305675166e+01
2.544115409435223540e+01
1.996579290103048265e+01
1.235800963420073018e+01
4.350407298579884952e+00
-2.807099343151589821e+00
-8.519897683916582309e+00
-1.280675014271163192e+01
-1.610386355386777169e+01
-1.900464993588772700e+01
-2.201930885186775555e+01
-2.541732342241249398e+01
-2.918869638951821344e+01
-3.312005271338465207e+01
-3.693735967651866048e+01
-4.044376732614354353e+01
-4.359384243617815002e+01
-4.648332847634815579e+01
-4.927361439124184983e+01
-5.209622574237992865e+01
-5.498886164878040006e+01
-5.789788282053932278e+01
-6.074367412290914103e+01
-6.350097637383261429e+01
-6.622909679862300436e+01
-6.901991803774245682e+01
-7.189440233479416520e+01
-7.471931018899120147e+01
-7.720460759743677670e+01
-7.899263632595634022e+01
-7.979794678091053584e+01
-7.953150353132046746e+01
-7.835604994167117354e+01
-7.665777350837204551e+01
-7.495561797917733315e+01
-7.378348237640030050e+01
-7.357278090344054533e+01
-7.455230991285314701e+01
-7.668504998656977989e+01
-7.966758997237364781e+01
-8.300485406799178634e+01
-8.614151307859563644e+01
-8.860693824269137053e+01
-9.012998472022675855e+01
-9.069725997132580630e+01
-9.054753136111490619e+01
-9.010594500897656189e+01
-8.986776706211702503e+01
-9.025066875497323338e+01
-9.144799963451160352e+01
-9.332340430603055381e+01
-9.537918456773645914e+01
-9.680722164380298977e+01
-9.660564677598829064e+01
-9.373249992928354857e+01
-8.726955831066881331e+01
-7.657210983987205566e+01
-6.138030694075996507e+01
-4.187509787062304412e+01
-1.867626727765838623e+01
7.212654397363894354e+00
3.451052194305366072e+01
6.181192517726658053e+01
8.777060639334311531e+01
1.112795636611214007e+02
1.316058407662836203e+02
1.484423029204744182e+02
1.618601959535679384e+02
1.721839977962824264e+02
1.798464261414631835e+02
1.852879025858055400e+02
1.889299180655954444e+02
1.911997323732564951e+02
1.925535650791883882e+02
1.934551250794808652e+02
1.943043895157122165e+02
1.953502895556028420e+02
1.966354213393702821e+02
1.980062034642112678e+02
1.991916253017224108e+02
1.999220337445210589e+02
2.000367506640584452e+02
1.995275510528263680e+02
1.984906305087052374e+02
1.970045160438432390e+02
1.949936662815541126e+02
1.921524344276542706e+02
1.879806209733619085e+02
1.819318462555759197e+02
1.736240360902164070e+02
1.630290276450730858e+02
1.505585746893376609e+02
1.370010980285936455e+02
1.233277395592676697e+02
1.104468786539716092e+02
9.900350120910675855e+01
8.928270015945371085e+01
8.122000275705212857e+01
7.448733619241357928e+01
6.861941859227736984e+01
6.315141406586013062e+01
5.773976328396271640e+01
5.223717005406336966e+01
4.670122518725883509e+01
4.133666405394369292e+01
3.639377887648020504e+01
3.205953107493241561e+01
2.837909940056794511e+01
2.523308228646517648e+01
2.237307727864881457e+01
1.949693482529502830e+01
1.633601098468121293e+01
1.272973209290076824e+01
8.667562853638358433e+00
4.283149496628439579e+00
-2.006681238901251163e-01
-4.554838865600899567e+00
-8.620686824294658379e+00
-1.235291115733403444e+01
-1.582039058056990655e+01
-1.917196173045775254e+01
-2.258183164464988124e+01
-2.619048741518510326e+01
-3.005679671109525941e+01
-3.413633176176567474e+01
-3.829462769606634254e+01
-4.235075353900889183e+01
-4.613339683857415707e+01
-4.952692657024242351e+01
-5.249196205997870379e+01
-5.506036436835442771e+01
-5.731784729838503267e+01
-5.938775768878663541e+01
-6.141729810318737748e+01
-6.355710154495281472e+01
-6.592988422203377752e+01
-6.859719535802419443e+01
-7.153744308510832184e+01
-7.464116594200665133e+01
-7.772362106245985558e+01
-8.055500893713987409e+01
-8.290801344098126435e+01
-8.461615654357932215e+01
-8.562826863195165572e+01
-8.604034071737463307e+01
-8.608927686233020893e+01
-8.610313835205637645e+01
-8.641740477109725305e+01
-8.728163546546910823e+01
-8.878673438581803623e+01
-9.083325264491456608e+01
-9.313869398606583161e+01
-9.526001908554401609e+01
-9.660564677598829064e+01
-9.643744779876529094e+01
-9.389751536409299604e+01
-8.810177250513116576e+01
-7.830324798422788035e+01
-6.408099977255955082e+01
-4.548896754583435609e+01
-2.311365609477847727e+01
1.978272229956651529e+00
2.838942432741885824e+01
5.459994830699743318e+01
7.918519592541532859e+01
1.009993479351163188e+02
1.192965974476624496e+02
1.337767495425765958e+02
1.445576053088897766e+02
1.520908840236373862e+02
1.570452602261018455e+02
1.601782656062506476e+02
1.622137626851475716e+02
1.637375937639672259e+02
1.651227176294939056e+02
1.664969913301060558e+02
1.677664138291211202e+02
1.686949914762558365e+02
1.690191931085536226e+02
1.685560513790253481e+02
1.672661897743993791e+02
1.652534010204317951e+02
1.627046436175295980e+02
1.597924327839153875e+02
1.565778095503073359e+02
1.529580554266676131e+02
1.486854679474592444e+02
1.434454126956937898e+02
1.369493425003363996e+02
1.289986697653930889e+02
1.195075130605775513e+02
1.085047989836792226e+02
9.614215314069311091e+01
8.271701251908150709e+01
6.869644032804086464e+01
5.470673221237650097e+01
4.145226247592594859e+01
2.956061051994004885e+01
1.940715639179196828e+01
1.100612988849658436e+01
4.032897229160251840e+00
-2.024932334814085522e+00
-7.659664139388604909e+00
-1.318034122514358586e+01
-1.866542551486246992e+01
-2.403160132568857321e+01
-2.915518428418338459e+01
-3.396659854952010704e+01
-3.847225223014222451e+01
-4.271111740725109485e+01
-4.669167584814101701e+01
-5.036078292517117916e+01
-5.363039743805855863e+01
-5.644961194497968648e+01
-5.888144008418744590e+01
-6.113789393937520344e+01
-6.354361381812418585e+01
-6.643235149260810601e+01
-7.001594163373030710e+01
-7.428219466565523987e+01
-7.896981189301065740e+01
-8.364044443193094480e+01
-8.782714675800950488e+01
-9.119825884301587848e+01
-9.366200137006649129e+01
-9.536654263964213385e+01
-9.660564677598829064e+01
-9.768237486273390857e+01
-9.879106146914128317e+01
-9.996056024737868029e+01
-1.010766314788702687e+02
-1.019723748141814639e+02
-1.025439581197856853e+02
-1.028291920281335337e+02
-1.029995659159536388e+02
-1.032651440476300593e+02
-1.037484900209530849e+02
-1.044072521068156334e+02
-1.050556050091513498e+02
-1.054725174794293139e+02
-1.055329492845681045e+02
-1.052887145827519078e+02
-1.049575142709229283e+02
-1.048250668536468595e+02
-1.051025852430822738e+02
-1.058010737635433287e+02
-1.066808629789506853e+02
-1.073056829432586738e+02
-1.071830676849521069e+02
-1.059314599074553485e+02
-1.034045858147901811e+02
-9.972968650810602753e+01
-9.525715887325750941e+01
-9.044890572191036426e+01
-8.574253955670400273e+01
-8.142857699052972009e+01
-7.757659402735021104e+01
-7.403819627703987294e+01
