1.617101660540187993e+02
2.997451391138349663e+01
-8.435767613884891603e+01
-1.684368314847521049e+02
-2.169302133961113839e+02
-2.322985679221463613e+02
-2.227789954399401324e+02
-1.991606192780348863e+02
-1.715935211804294056e+02
-1.473515322879601683e+02
-1.299471702633844359e+02
-1.194990488560652295e+02
-1.139126824400754288e+02
-1.103097484730439248e+02
-1.062171318288152690e+02
-1.002352346029731791e+02
-9.214610469821016636e+01
-8.260943166827124173e+01
-7.267979982135150863e+01
-6.335966731881936198e+01
-5.531673047201428517e+01
-4.879338192883233205e+01
-4.366085824016482775e+01
-3.954282208428540457e+01
-3.595055867861520937e+01
-3.240680998601629881e+01
-2.855244512377890942e+01
-2.422149373893054758e+01
-1.946158410234556868e+01
-1.449306133317446665e+01
-9.629716236148965436e+00
-5.195019370146297888e+00
-1.451084399662846636e+00
1.461436897248887590e+00
3.571299612797304235e+00
5.094043682444265642e+00
6.398159605493447089e+00
7.926194476719587101e+00
1.011267793415143501e+01
1.334973090604927393e+01
1.801983628924644165e+01
2.456573423456549676e+01
3.353496531743100206e+01
4.554274487350500067e+01
6.113957429799479826e+01
8.062441967465872494e+01
1.038767965434481653e+02
1.302735313053488824e+02
1.587181245925689836e+02
1.877702740990065990e+02
2.158419660011855967e+02
2.414233219577353680e+02
2.633011600088475461e+02
2.807303607081502150e+02
2.935208080323081958e+02
3.020185738484043441e+02
3.069871394774747841e+02
3.094217717552493241e+02
3.103431244350018687e+02
3.106110825470537975e+02
3.107909928308835106e+02
3.111010963698234946e+02
3.114575875793495925e+02
3.115991853799157525e+02
3.112362206969261820e+02
3.101624544866599535e+02
3.082947665034723741e+02
3.056432379276072879e+02
3.022435197533842484e+02
2.980971611289925818e+02
2.931556620706828653e+02
2.873512941195606345e+02
2.806438419693652122e+02
2.730426295220538577e+02
2.645828950707652893e+02
2.552690938982154876e+02
2.450220973885182900e+02
2.336676424564564343e+02
2.209829455895392698e+02
2.067925395720429265e+02
1.910836618735226295e+02
1.740979409192093783e+02
1.563552494009275620e+02
1.385861931158741243e+02
1.215864872185616576e+02
1.060381938189848796e+02
9.235431970812558689e+01
8.059586410707547088e+01
7.048773133703168980e+01
6.152487979848471156e+01
5.312826882333271783e+01
4.480043992472960213e+01
3.624020371682672703e+01
2.738981107712248786e+01
1.840480358504873593e+01
9.560991547569461346e+00
1.135242285403121443e+00
-6.697728135697216700e+00
-1.392318168102253040e+01
-2.068916045630649236e+01
-2.726072278610287114e+01
-3.394403706090367479e+01
-4.100824669993694016e+01
-4.863215014990920793e+01
-5.688360832574118575e+01
-6.571564845037366354e+01
-7.496221903072972736e+01
-8.434153105760790936e+01
-9.349242646675840263e+01
-1.020530790832646488e+02
-1.097581324556832101e+02
-1.165146628626004457e+02
-1.224294991914409536e+02
-1.277826123113573971e+02
-1.329548443134382296e+02
-1.383237564289344448e+02
-1.441499796281231056e+02
-1.504885158891332537e+02
-1.571614832662015431e+02
-1.638103740798378567e+02
-1.700124487410431868e+02
-1.754161393776159343e+02
-1.798439514118596207e+02
-1.833333153352292015e+02
-1.861183011268288681e+02
-1.885721421308518302e+02
-1.911259450906303812e+02
-1.941712090771529233e+02
-1.979599571653429848e+02
-2.025305821997332316e+02
-2.076899428417239051e+02
-2.130638749160907537e+02
-2.182010520175213912e+02
-2.226969377805191073e+02
-2.263013428679402068e+02
-2.289778564761370774e+02
-2.308896685953861834e+02
-2.322985679221463613e+02
-2.333903003233515676e+02
-2.340753729719457112e+02
-2.338416730644122765e+02
-2.317392104483090520e+02
-2.265408516712002722e+02
-2.170552586630462599e+02
-2.024975174911674571e+02
-1.827872416226860537e+02
-1.586642931951338369e+02
-1.315789572890851673e+02
-1.033942930015109738e+02
-7.599895828466992498e+01
-5.094879368368366102e+01
-2.923366529987438156e+01
-1.121641669912413874e+01
3.266728019189187648e+00
1.470253913684462077e+01
2.367543879343533320e+01
3.069309867208974651e+01
3.610249462589843006e+01
4.009775136981616583e+01
4.279170426162528429e+01
4.430780550342629454e+01
4.485123995741463432e+01
4.473379601409686757e+01
4.434265906199749452e+01
4.405591580622214565e+01
4.412901982894720732e+01
4.460117312443594528e+01
4.526886161702175571e+01
4.573741200578405142e+01
4.552374511132019563e+01
4.417527065124822627e+01
4.138035029083745542e+01
3.704628303698714831e+01
3.131196651791424301e+01
2.447383684427251183e+01
1.684756100854693273e+01
8.634073900189164874e+00
-1.362404253141562549e-01
-9.552586540298122486e+00
-1.969782177996546579e+01
-3.051294500480415195e+01
-4.171434572596827195e+01
-5.280154152734745310e+01
-6.315786624071236588e+01
-7.220737392412522127e+01
-7.956539731406255100e+01
-8.512629396692335604e+01
-8.906684639523329849e+01
-9.178088176505514184e+01
-9.377594861451521524e+01
-9.555898016461142674e+01
-9.753351388277295086e+01
-9.993212330546572275e+01
-1.028027880305292427e+02
-1.060499870938062372e+02
-1.095102130310888384e+02
-1.130314138328762112e+02
-1.165289668653748976e+02
-1.200011856026504233e+02
-1.235022364887011861e+02
-1.270881173709278329e+02
-1.307638064059927387e+02
-1.344571544306131159e+02
-1.380288314619407117e+02
-1.413102315270390363e+02
-1.441521592711321773e+02
-1.464649800094736634e+02
-1.482347460641734358e+02
-1.495134788158329400e+02
-1.503986044350683073e+02
-1.510193258929785713e+02
-1.515332134311018422e+02
-1.521216119558123410e+02
-1.529726827874336550e+02
-1.542527116827789939e+02
-1.560754603048615934e+02
-1.584788636308578589e+02
-1.614143300818547004e+02
-1.647516459169947325e+02
-1.682992835884662099e+02
-1.718354623159868879e+02
-1.751443209714061879e+02
-1.780534090530813387e+02
-1.804678157773279565e+02
-1.823922375670056510e+02
-1.839315494648310505e+02
-1.852679226935388783e+02
-1.866230847782684350e+02
-1.882171521332978728e+02
-1.902310943729595465e+02
-1.927801032430693908e+02
-1.959090901612765947e+02
-1.996131571783363370e+02
-2.038647333578336998e+02
-2.086188433167637299e+02
-2.137824609145553154e+02
-2.191572217279149868e+02
-2.243767838501502183e+02
-2.288617420347510745e+02
-2.318171645388700313e+02
-2.322985679221463613e+02
-2.293572623211413770e+02
-2.222420173337529263e+02
-2.106003597858776857e+02
-1.946143326519593586e+02
-1.750289681177242187e+02
-1.530728275739652133e+02
-1.303044748468448688e+02
-1.084266003273843637e+02
-8.909140856895638194e+01
-7.370084505724969404e+01
-6.320720527514423281e+01
-5.794320173269493779e+01
-5.753262475918617724e+01
-6.092944424305213857e+01
-6.660010192501356130e+01
-7.281813733118576693e+01
-7.800607465200968704e+01
-8.105060489828375125e+01
-8.152905714130642423e+01
-7.979933480404815782e+01
-7.691428259989521621e+01
