-6.824495736712641758e+00
2.755945128357673468e+01
5.618523954163325129e+01
7.488084341530074539e+01
8.203844836668888263e+01
7.865387533196359016e+01
6.758921230005864800e+01
5.247491946589259726e+01
3.668763378772634809e+01
2.268534344017832893e+01
1.177520509285641026e+01
4.229520688691348340e+00
-4.060672808929588484e-01
-2.961394158811472721e+00
-4.345724527051894270e+00
-5.344779631328885117e+00
-6.506504717997083631e+00
-8.096858798548097980e+00
-1.011289629509029098e+01
-1.235154518948969482e+01
-1.453192872719428586e+01
-1.644652011073264575e+01
-1.808507382938013563e+01
-1.966873396339205726e+01
-2.156884954139869848e+01
-2.414509501892197818e+01
-2.757866307507281078e+01
-3.177431401283263668e+01
-3.636912081364165772e+01
-4.084135629146702229e+01
-4.467876810011326683e+01
-4.754864213790663996e+01
-4.941467274892583106e+01
-5.056353460370438313e+01
-5.152657770850230889e+01
-5.290655961711246391e+01
-5.515379237356500397e+01
-5.837351937544470104e+01
-6.225407978404005860e+01
-6.615988658277547074e+01
-6.935523874568760050e+01
-7.126466053918842647e+01
-7.166564780051218975e+01
-7.074547380963723242e+01
-6.901235993967299009e+01
-6.710989033996021647e+01
-6.561664907375593714e+01
-6.490403838085137522e+01
-6.508681484372289106e+01
-6.606180659220630957e+01
-6.760384496714804925e+01
-6.947277663670703873e+01
-7.148572683487064694e+01
-7.353154239626087474e+01
-7.553942293105383499e+01
-7.743454865695319711e+01
-7.910657133597321433e+01
-8.039914316319045895e+01
-8.112277379658617349e+01
-8.109723497519532032e+01
-8.022402201130262256e+01
-7.856649886202167465e+01
-7.639269504945634992e+01
-7.413714435509444911e+01
-7.226815733831139710e+01
-7.109018304865342941e+01
-7.054865064247110240e+01
-7.011966672368380671e+01
-6.884454222683123703e+01
-6.551343225521077329e+01
-5.894415712308294530e+01
-4.827244300275221178e+01
-3.317291851718568552e+01
-1.395487154801632812e+01
8.485599884377139190e+00
3.283486971256606779e+01
5.760235328840580138e+01
8.137380252452874174e+01
1.030229375878170401e+02
1.218382198449564271e+02
1.375432633984961512e+02
1.502218314470656537e+02
1.601892350888046508e+02
1.678631720854161244e+02
1.736710871420966100e+02
1.780016145975863537e+02
1.811872808235100649e+02
1.835030246859317913e+02
1.851720853205401909e+02
1.863768278170999224e+02
1.872716158885065738e+02
1.879895694628746412e+02
1.886347968727839373e+02
1.892636044274875360e+02
1.898722225967985082e+02
1.904060418058480764e+02
1.907850233159009576e+02
1.909225076242890964e+02
1.907177646654207308e+02
1.900234374008675786e+02
1.886106601055657848e+02
1.861616511163392147e+02
1.823087321967701655e+02
1.767175576545325839e+02
1.691895956085204205e+02
1.597433794810755217e+02
1.486383800211277162e+02
1.363342388728278252e+02
1.234121429467805910e+02
1.104949762028994229e+02
9.818388084269517435e+01
8.700490046188346582e+01
7.735235894243001553e+01
6.942788950505551782e+01
6.319536361665269908e+01
5.838559328313411356e+01
5.457296332532090588e+01
5.130802896483255182e+01
4.825105762246032981e+01
4.524368476914642656e+01
4.228734281463739819e+01
3.944687536009608664e+01
3.673629801698876918e+01
3.405101886600751726e+01
3.118284598720569889e+01
2.790571133603595655e+01
2.408143709605815630e+01
1.973034868848789358e+01
1.503717283278606942e+01
1.029399635562506177e+01
5.802050697546121683e+00
1.764218013486996028e+00
-1.792999608820423418e+00
-5.030844102916077532e+00
-8.228058320548868210e+00
-1.165354149878184842e+01
-1.543829031983867139e+01
-1.950572346925535783e+01
-2.359336444998206161e+01
-2.735865528851637407e+01
-3.052323407277951617e+01
-3.298963673571853406e+01
-3.487639668853987018e+01
-3.645822025556454093e+01
-3.804295154513268074e+01
-3.984397692539198488e+01
-4.190665850847160812e+01
-4.411857522140130072e+01
-4.628771829155384410e+01
-4.824013545726556629e+01
-4.989028228134344545e+01
-5.126375263050050535e+01
-5.247771413957933362e+01
-5.369624379786664292e+01
-5.507935357434736545e+01
-5.674161216275115294e+01
-5.872997628032092621e+01
-6.102189491775436636e+01
-6.353839573996562251e+01
-6.616627613863585111e+01
-6.878607306488042639e+01
-7.130184060623614073e+01
-7.366314629222497956e+01
-7.586405244596700470e+01
-7.790548691970332129e+01
-7.972185605955233711e+01
-8.109723497519532032e+01
-8.161465557920526237e+01
-8.067586244510177096e+01
-7.759944828131060035e+01
-7.176524286744661651e+01
-6.275258904708346108e+01
-5.042668858539482812e+01
-3.496074344494252273e+01
-1.681736631533358661e+01
3.282161428037603912e+00
2.439854450884858750e+01
4.544680350223607235e+01
6.531708118108525696e+01
8.303118960691729455e+01
9.789057239663495125e+01
1.095621286921494857e+02
1.180744942107888704e+02
1.237440299356468216e+02
1.270790881278132218e+02
1.286996824585490913e+02
1.292749035318375661e+02
1.294583629864390275e+02
1.298077337411727967e+02
1.306955392415427752e+02
1.322363315740729774e+02
1.342603309051466169e+02
1.363533783497743457e+02
1.379623631368673102e+02
1.385431989598350810e+02
1.377118759735494677e+02
1.353523159713577684e+02
1.316424570811220178e+02
1.269842491366971871e+02
1.218575925932433250e+02
1.166477801331808024e+02
1.115063938184967611e+02
1.062935367477401201e+02
1.006214561902146301e+02
9.398598012019186854e+01
8.594371421179228321e+01
7.627936614798011306e+01
6.511202768195278168e+01
5.290707528754757760e+01
4.038549039371054761e+01
2.835335791037311282e+01
1.750733380282285623e+01
8.289172283200201719e+00
8.417741320151268525e-01
-4.935372528233711975e+00
-9.283202862565467228e+00
-1.249254301497387942e+01
-1.485678025116198242e+01
-1.666436488399273586e+01
-1.820989039358759953e+01
-1.979977494457950726e+01
-2.173488731293645415e+01
-2.426591650104986897e+01
-2.753481217525459002e+01
-3.152813864458522275e+01
-3.606677349545453382e+01
-4.084203466914379987e+01
-4.548952631903002697e+01
-4.967716710080097897e+01
-5.318003233903964855e+01
-5.592293810105942242e+01
-5.798431350548619179e+01
-5.956527358197011779e+01
-6.093551486120578886e+01
-6.237122520525112179e+01
-6.409793514415952131e+01
-6.624640651436064331e+01
-6.882596431255039704e+01
-7.171758786294049060e+01
-7.468902006044268660e+01
-7.743562878903267688e+01
-7.964817051651121460e+01
-8.109723497519532032e+01
-8.170945715496277728e+01
-8.160326138664444784e+01
-8.105928623574082792e+01
-8.042549275873736292e+01
-7.999029833653429478e+01
-7.987661729702108460e+01
-8.000153631699058110e+01
-8.011830016420125844e+01
-7.992426787530831689e+01
-7.919192792328722419e+01
-7.787162042562123077e+01
-7.613145262013385661e+01
-7.433160372971131835e+01
-7.295209623964707646e+01
-7.249124918773526360e+01
-7.334120824892670498e+01
-7.565378920098515891e+01
-7.923853095586001416e+01
-8.355571692090656200e+01
