-1.004334221542639760e+01
-2.937069813911410421e-01
7.591600930604091246e+00
1.227318846928038454e+01
1.326087180808486465e+01
1.093526085012812032e+01
6.304682685737979853e+00
6.223279690413399123e-01
-4.990675182457755099e+00
-9.801887314345119506e+00
-1.355044573045549505e+01
-1.636944620045719034e+01
-1.861042579254840845e+01
-2.065149417401981680e+01
-2.275906327870259105e+01
-2.503847974953311351e+01
-2.746528740560087556e+01
-2.995708455123434888e+01
-3.244075720009891484e+01
-3.488714278464507146e+01
-3.730890114257226742e+01
-3.973574464823987284e+01
-4.218941660000666616e+01
-4.467555438761381481e+01
-4.719274084574013273e+01
-4.974356424903631080e+01
-5.233193078891248717e+01
-5.494434505334047003e+01
-5.752806819825888596e+01
-5.998571499564227594e+01
-6.220030610693465434e+01
-6.408766126711489619e+01
-6.565115292528687974e+01
-6.700224225400822320e+01
-6.832219220351397837e+01
-6.977254057817256694e+01
-7.139451731790991573e+01
-7.305034855607920008e+01
-7.444404448624169390e+01
-7.522216799704395385e+01
-7.511548547000258225e+01
-7.406220423017823862e+01
-7.226125279277751190e+01
-7.013246333605876259e+01
-6.819741280213851553e+01
-6.692695257158338507e+01
-6.661342888334800705e+01
-6.730946897132550077e+01
-6.884305269687129680e+01
-7.089142741127085401e+01
-7.308288348392486000e+01
-7.509235863550384238e+01
-7.670397293556274576e+01
-7.783088888637638547e+01
-7.850034592159960312e+01
-7.881843669224409155e+01
-7.892674372699853791e+01
-7.895856127620504594e+01
-7.899823628851530088e+01
-7.904371619591438503e+01
-7.897210868937560235e+01
-7.851124246282964236e+01
-7.722556459318212774e+01
-7.453132144436021633e+01
-6.975844283448815020e+01
-6.226552727448529367e+01
-5.158872511440820574e+01
-3.757927922073749016e+01
-2.047809637958160067e+01
-8.975454856861251329e-01
2.028146619686866359e+01
4.205874682147148746e+01
6.346578033173969402e+01
8.368979479535376242e+01
1.021615933995604166e+02
1.186018255053806314e+02
1.330135999182642763e+02
1.456141199380815863e+02
1.567221017488663506e+02
1.666406515858200805e+02
1.755754363272609453e+02
1.836082354977807825e+02
1.907218816350941779e+02
1.968534422383940523e+02
2.019442678623638017e+02
2.059634992395419602e+02
2.089018092675887317e+02
2.107525230435532535e+02
2.115059226547432729e+02
2.111713800939657517e+02
2.098152804081515228e+02
2.075824957773059793e+02
2.046757824948892619e+02
2.012964471876459243e+02
1.975767757586117455e+02
1.935391103497184986e+02
1.890970228368589119e+02
1.840884721696642998e+02
1.783182611051385607e+02
1.715931060008727513e+02
1.637492326197524903e+02
1.546845464722428574e+02
1.444026472838145878e+02
1.330574657463663755e+02
1.209736013122384151e+02
1.086226591128707639e+02
9.655591046527112553e+01
8.531336214288241138e+01
7.533691869260765372e+01
6.690938868957574925e+01
6.012856635669007233e+01
5.491410935872046650e+01
5.103832982921443318e+01
4.817032620393414533e+01
4.592384722723863177e+01
4.390239934066698169e+01
4.174104248888729529e+01
3.914837456941150151e+01
3.594719127210927923e+01
3.210133875768121925e+01
2.771313085131067311e+01
2.298788408716844245e+01
1.817976022491407306e+01
1.353927892338071359e+01
9.273668188283302527e+00
5.520032044033257534e+00
2.330334915167149745e+00
-3.276834832272186304e-01
-2.550299832312056481e+00
-4.464750430966084593e+00
-6.199731299191739708e+00
-7.874733076208123350e+00
-9.608973502319493321e+00
-1.153322516006767984e+01
-1.378346113972982323e+01
-1.647023716312833130e+01
-1.963860439731762142e+01
-2.323968268141182136e+01
-2.712454174668425821e+01
-3.106043982446296070e+01
-3.476874177989706993e+01
-3.798407814202261079e+01
-4.052479675684718075e+01
-4.235076122364127116e+01
-4.358119205378230276e+01
-4.445878213317067207e+01
-4.526880069519911842e+01
-4.624127038340917295e+01
-4.747266485506540334e+01
-4.889852301410878965e+01
-5.033115833944988537e+01
-5.155101731470108462e+01
-5.241547508494245733e+01
-5.293787756859684634e+01
-5.329913694422236858e+01
-5.378130825842329443e+01
-5.464772561561791520e+01
-5.602160088172077224e+01
-5.781884416549921468e+01
-5.976780312322912891e+01
-6.151002025460229561e+01
-6.274023349108013292e+01
-6.332700973042177850e+01
-6.336536224904136816e+01
-6.314421702953393378e+01
-6.304825083867707747e+01
-6.343693939185746444e+01
-6.454424012006202815e+01
-6.642523229191279199e+01
-6.895325787831025366e+01
-7.185142562786408860e+01
-7.473283498117159240e+01
-7.713007917365216315e+01
-7.851124246282964236e+01
-7.829371284382567353e+01
-7.587313130659059368e+01
-7.068523161731572202e+01
-6.230599982333210107e+01
-5.057348649038925714e+01
-3.568506774172821849e+01
-1.821354138891326357e+01
9.852174262640787106e-01
2.094411653368445769e+01
4.076331544667571194e+01
5.972273413126423236e+01
7.730083469999490831e+01
9.312929028443977586e+01
1.069434355671502601e+02
1.185744439963494017e+02
1.279865836039193567e+02
1.353234114120449192e+02
1.409139541661761541e+02
1.452091025343469823e+02
1.486591149828866492e+02
1.515817409395743880e+02
1.540813304534307235e+02
1.560553678723842665e+02
1.572828141086767744e+02
1.575518350846884630e+02
1.567692029223254053e+02
1.550059757371520277e+02
1.524670134757428173e+02
1.494068773221081017e+02
1.460335329167606346e+02
1.424380533183994544e+02
1.385697827346571671e+02
1.342542696185611248e+02
1.292365726066004754e+02
1.232303304108504989e+02
1.159612389950015228e+02
1.072056881999614859e+02
9.683320673893980768e+01
8.485908111317766611e+01
7.150073021214807056e+01
5.721380726842248521e+01
4.267352107829110963e+01
2.867882368000261550e+01
1.599396813942960449e+01
5.178936496201124839e+00
-3.532040559111932154e+00
-1.026696491404444167e+01
-1.545966638995370168e+01
-1.971377404654184673e+01
-2.361927703895225861e+01
-2.757603566352911528e+01
-3.169011104870675410e+01
-3.578836830895897947e+01
-3.954584707244042363e+01
-4.266895927976970881e+01
-4.505502783107920095e+01
-4.686011626212348347e+01
-4.844341324808516447e+01
-5.020906003240000359e+01
-5.241883726755516193e+01
-5.507072986693646044e+01
-5.790724821608961292e+01
-6.054840901833538425e+01
-6.268035647980810410e+01
-6.420642821734782046e+01
-6.528919793042788910e+01
-6.626609013769218848e+01
-6.748450516159246604e+01
-6.914268070065162419e+01
-7.121298152924666169e+01
-7.347204767902684353e+01
-7.560660354744192091e+01
-7.733764759236780151e+01
-7.851124246282964236e+01
-7.912738399538316969e+01
-7.930798345688572226e+01
-7.922973231162455932e+01
-7.905664097659850142e+01
-7.889867147713262341e+01
-7.880391494789090245e+01
-7.877198536487256320e+01
-7.876842737512889414e+01
-7.873065002190658390e+01
-7.857367095343440155e+01
-7.820936256153963484e+01
-7.758066650687901245e+01
-7.669499018275305957e+01
-7.563459506064130267e+01
