1.018514440362123352e+01
4.215593843352391445e+01
6.900482462428585961e+01
8.704932078332109313e+01
9.493694727558596469e+01
9.362128614757334333e+01
8.564119344073009188e+01
7.410982873507838065e+01
6.180434956490523746e+01
5.060007682498897452e+01
4.131716699308669405e+01
3.390298487103817138e+01
2.779482909022046755e+01
2.230350277855892926e+01
1.690242169492138657e+01
1.136251353862044056e+01
5.724289850238626798e+00
1.490041220062714444e-01
-5.265499092348926879e+00
-1.060663200096475833e+01
-1.614379492117506487e+01
-2.220306358790514878e+01
-2.898656342857148971e+01
-3.643384260848823430e+01
-4.420288032127145073e+01
-5.178653764834287898e+01
-5.870919527982452735e+01
-6.470667295532004459e+01
-6.980462802838958680e+01
-7.427052323740920770e+01
-7.848217571238467372e+01
-8.278680549254370646e+01
-8.740714253477690932e+01
-9.241132305848272210e+01
-9.773200687179350155e+01
-1.032090595527183439e+02
-1.086353618939610044e+02
-1.137981823760814990e+02
-1.185157188156506010e+02
-1.226603631163982300e+02
-1.261516215624033066e+02
-1.289187203228762542e+02
-1.308687474173055421e+02
-1.319078160904437027e+02
-1.320259639159118592e+02
-1.313984984816702877e+02
-1.304279263160535152e+02
-1.296785133368549907e+02
-1.297204016830129092e+02
-1.309537493850187388e+02
-1.334913918935858987e+02
-1.371437406270179054e+02
-1.414984581813692444e+02
-1.460490767875085680e+02
-1.503188805199414730e+02
-1.539454741230993307e+02
-1.567172079719232443e+02
-1.585683554308453722e+02
-1.595460938676409057e+02
-1.597672265806422729e+02
-1.593856417003582351e+02
-1.585836091546943294e+02
-1.575792986337651485e+02
-1.566239784393766570e+02
-1.559638849003935377e+02
-1.557633200910082962e+02
-1.560076095995109995e+02
-1.564145730567635724e+02
-1.563842122322827493e+02
-1.550106089257722317e+02
-1.511659400560128859e+02
-1.436485399716664233e+02
-1.313721179973747439e+02
-1.135638185569457903e+02
-8.993374051781688649e+01
-6.077725162127305225e+01
-2.697766578233238022e+01
1.010378646035833228e+01
4.883360793682982148e+01
8.756021220115238179e+01
1.248517714460207202e+02
1.596574593598399758e+02
1.913603176175427905e+02
2.197286714985507672e+02
2.448031367973341332e+02
2.667686264239330285e+02
2.858546532621438701e+02
3.022864588994805217e+02
3.162848274475767312e+02
3.280950482548271339e+02
3.380176180793838512e+02
3.464132302458056074e+02
3.536640018380845731e+02
3.600934682965611273e+02
3.658748425418242505e+02
3.709749783778373740e+02
3.751715010094967511e+02
3.781424919764977517e+02
3.795889090783139181e+02
3.793366539004376818e+02
3.773792977566259310e+02
3.738503244693533247e+02
3.689441560775304083e+02
3.628258288668806699e+02
3.555672913875339418e+02
3.471277022568839357e+02
3.373759338674863102e+02
3.261480503983973449e+02
3.133323732209912009e+02
2.989650847986133613e+02
2.833014271964434556e+02
2.668222701560436576e+02
2.501600814732322817e+02
2.339706653240704952e+02
2.188054099037776439e+02
2.050332545738604892e+02
1.928308816631226250e+02
1.822262800980313102e+02
1.731611176335846380e+02
1.655362892773113117e+02
1.592196943491840955e+02
1.540181246114582052e+02
1.496353253730698611e+02
1.456463325730342433e+02
1.415133141074138905e+02
1.366556977704137523e+02
1.305688470784692470e+02
1.229624718795909359e+02
1.138729849790122728e+02
1.037036378065500628e+02
9.316270716359960602e+01
8.310025659144322674e+01
7.428241531456549751e+01
6.717216341734894058e+01
6.179042762022683632e+01
5.770959370513399733e+01
5.419096760264895352e+01
5.042673837164557682e+01
4.580319130438722652e+01
4.008920553814560606e+01
3.348180017562295063e+01
2.649516223003587356e+01
1.973780467480213474e+01
1.366507927883483831e+01
8.407279957708766460e+00
3.745465716866178241e+00
-7.595159096796351150e-01
-5.553821087284561031e+00
-1.090003925751605607e+01
-1.679355004457073619e+01
-2.300416850040630834e+01
-2.919702752762668752e+01
-3.506190414370431085e+01
-4.039905166695868388e+01
-4.514621030517392342e+01
-4.935852636076890576e+01
-5.316362357445603948e+01
-5.671567225803616452e+01
-6.016676260267166754e+01
-6.365763217617865166e+01
-6.731332583392691049e+01
-7.123089970931494008e+01
-7.546262643554860006e+01
-8.000731645325024033e+01
-8.481620155638626102e+01
-8.981023874932981244e+01
-9.490171380855389316e+01
-1.000129953946567412e+02
-1.050864793897698632e+02
-1.100827134966843062e+02
-1.149707705229806152e+02
-1.197238330019940520e+02
-1.243319564881693680e+02
-1.288265162814624318e+02
-1.332911602521237739e+02
-1.378331285283215095e+02
-1.425086262738036567e+02
-1.472193985683236122e+02
-1.516111827420836846e+02
-1.550106089257722317e+02
-1.564374532162176195e+02
-1.547149021687156107e+02
-1.486706934417023547e+02
-1.373781567389755480e+02
-1.203679805316471914e+02
-9.774742956362089785e+01
-7.019741481478763490e+01
-3.886199463151373834e+01
-5.173027975999971773e+00
2.934408766785273315e+01
6.324685292194354957e+01
9.530634534498716448e+01
1.245762996740958215e+02
1.504078433621885438e+02
1.724388117646861929e+02
1.905841980090471282e+02
2.050294370522727831e+02
2.162073418113872378e+02
2.247404833843113465e+02
2.313460228992441046e+02
2.367139964908595289e+02
2.413805945544045244e+02
2.456282839979200503e+02
2.494469193182932543e+02
2.525755596160603318e+02
2.546185630365432360e+02
2.552021810894530063e+02
2.541176143253031228e+02
2.513944481772903714e+02
2.472729303194404622e+02
2.420861446320360528e+02
2.361020697009157630e+02
2.293917670110265874e+02
2.217755644248389331e+02
2.128629058123075311e+02
2.021680850092125183e+02
1.892695684904011841e+02
1.739734324423691874e+02
1.564281393347752385e+02
1.371373509733809897e+02
1.168559363993044258e+02
9.641506393465802205e+01
7.655622954490932841e+01
5.783540953079486258e+01
4.060628196344026719e+01
2.504622700170740757e+01
1.118018195520702562e+01
-1.116149009858894203e+00
-1.211872145826475844e+01
-2.223546119776202801e+01
-3.194929611431472338e+01
-4.172933499244575017e+01
-5.192785190050373956e+01
-6.268593470950133195e+01
-7.387649669235371164e+01
-8.511384845205218141e+01
-9.584103975144245169e+01
-1.054748675467423595e+02
-1.135658569359810031e+02
-1.199256190572316711e+02
-1.246796291793955476e+02
-1.282222828867852229e+02
-1.310898941234275696e+02
-1.338063109292091326e+02
-1.367602574829728610e+02
-1.401411160502877919e+02
-1.439264348442640653e+02
-1.479060171790171694e+02
-1.517347375993867047e+02
-1.550106089257722317e+02
-1.573715864185708995e+02
-1.585977045085665225e+02
-1.586977031783586369e+02
-1.579540104669983975e+02
-1.569000543653662589e+02
-1.562175403134041858e+02
-1.565741453608614790e+02
-1.584564907512764478e+02
-1.620576986414359908e+02
-1.672471807887555997e+02
-1.736108275430545689e+02
-1.805321123084547708e+02
