-5.185305953725701045e+01
-3.434177609607031911e+01
-2.015932115645195921e+01
-1.167841400285804987e+01
-9.753155623677130848e+00
-1.374296119192383792e+01
-2.199241065389826488e+01
-3.247840261600046574e+01
-4.335454862929354647e+01
-5.325779646888642560e+01
-6.138966701890313260e+01
-6.746606143511093023e+01
-7.162570416470947521e+01
-7.433558462729077121e+01
-7.628596785325194674e+01
-7.825638286189098380e+01
-8.095408726304725633e+01
-8.485508448964094441e+01
-9.009165808248225460e+01
-9.642257937359494235e+01
-1.032992487099810859e+02
-1.100113146377087077e+02
-1.158689253966633430e+02
-1.203693297018220250e+02
-1.233078728045373254e+02
-1.248155305036470253e+02
-1.253221844190184839e+02
-1.254549272110010492e+02
-1.258901929902954748e+02
-1.271900261667669270e+02
-1.296611912341786308e+02
-1.332731786917934187e+02
-1.376572599120515576e+02
-1.421918337461548845e+02
-1.461613460907968829e+02
-1.489511415510682752e+02
-1.502166019786266418e+02
-1.499665841707213758e+02
-1.485376695575256178e+02
-1.464822197116535847e+02
-1.444179098476212744e+02
-1.428842261694000513e+02
-1.422397324834699930e+02
-1.426225219583234320e+02
-1.439767206655953657e+02
-1.461160899013894721e+02
-1.487708881025387768e+02
-1.515725453487149537e+02
-1.539750568927131837e+02
-1.551647066247189457e+02
-1.540352000246266186e+02
-1.492857081362730582e+02
-1.396443429114125081e+02
-1.241582943078152255e+02
-1.024543455196087649e+02
-7.487642111019486890e+01
-4.245052810413651656e+01
-6.693788587907910426e+00
3.066110825319660194e+01
6.793963682295009221e+01
1.037340499242106944e+02
1.370219017030545956e+02
1.672005931264335175e+02
1.940573856550948904e+02
2.176938152587775335e+02
2.384203637207744180e+02
2.566378643965290962e+02
2.727266087359178073e+02
2.869695751843529479e+02
2.995331000178389331e+02
3.105069711513594370e+02
3.199734870612106761e+02
3.280565832780223445e+02
3.349179849130946423e+02
3.407082913977393446e+02
3.455125484520472128e+02
3.493282136695497684e+02
3.520875299246954455e+02
3.537088328659862100e+02
3.541437133580245700e+02
3.533852465184138509e+02
3.514248108078984956e+02
3.481838452219425335e+02
3.434709808793958246e+02
3.370007619189224215e+02
3.284724009647223966e+02
3.176797933906807430e+02
3.046192832364999390e+02
2.895657727219775097e+02
2.730901100598073299e+02
2.559961898037238939e+02
2.391752022167743519e+02
2.234089154028861799e+02
2.091869298335445251e+02
1.966069491683267927e+02
1.853934217095450663e+02
1.750219760500781945e+02
1.649057606302297927e+02
1.545922950197476098e+02
1.439204875550205429e+02
1.330873435936301235e+02
1.225865346141388414e+02
1.130244304283961156e+02
1.048795259692134323e+02
9.830443937584237801e+01
9.304805760951366267e+01
8.851789182174677251e+01
8.394968031531419683e+01
7.862357810748456188e+01
7.206130116604568059e+01
6.415009265962279983e+01
5.516244531528681705e+01
4.566805289168101467e+01
3.636195520318756280e+01
2.785855278929471979e+01
2.051751449823440510e+01
1.436168145553156705e+01
9.114132473327217099e+00
4.334505357292442795e+00
-4.035017114492944756e-01
-5.363563459789062904e+00
-1.057963786161832331e+01
-1.588581985590947454e+01
-2.102015522308916218e+01
-2.575373420300824989e+01
-2.998990630919612954e+01
-3.379639289028479254e+01
-3.737080519825045144e+01
-4.097149038470388405e+01
-4.484549307302916077e+01
-4.916315250383971147e+01
-5.395881766297267745e+01
-5.909292617583372476e+01
-6.426639374260869886e+01
-6.910357726695499991e+01
-7.328002029220874647e+01
-7.664009181652980374e+01
-7.925371349151541267e+01
-8.139491531344580721e+01
-8.345958074297806206e+01
-8.585311059027495162e+01
-8.887385160807016860e+01
-9.261440012065503424e+01
-9.691019107631817064e+01
-1.013697841430686424e+02
-1.055008869886045204e+02
-1.088967816492235556e+02
-1.114008731967227845e+02
-1.131665557579153472e+02
-1.145853407360629319e+02
-1.161269406946570655e+02
-1.181701644607896071e+02
-1.208918847508520571e+02
-1.242454563243147163e+02
-1.280214073270314827e+02
-1.319530827045476826e+02
-1.358177006259404607e+02
-1.394944896151151852e+02
-1.429658907854574466e+02
-1.462650901586544592e+02
-1.493787215360333107e+02
-1.521232872073357498e+02
-1.540352000246266186e+02
-1.543270769104946396e+02
-1.519431758134066115e+02
-1.457053189226751897e+02
-1.345065981355100746e+02
-1.175193195419160759e+02
-9.439786750689563632e+01
-6.544246692978006763e+01
-3.166275195932985298e+01
5.311217398499451292e+00
4.346753041525756345e+01
8.073557011478533241e+01
1.153030355420867750e+02
1.458562901036440849e+02
1.717134040637216685e+02
1.928439887268723112e+02
2.097731527972414938e+02
2.233770212905386927e+02
2.346146329578127450e+02
2.442815284156096141e+02
2.528691320831108555e+02
2.605595272905977140e+02
2.673157508093485148e+02
2.729956229841457116e+02
2.774387970648133432e+02
2.805187547269183028e+02
2.821708315118717110e+02
2.823995316350507778e+02
2.812618870465885266e+02
2.788339176737777052e+02
2.751793082781720159e+02
2.703352420337253079e+02
2.643136559989088141e+02
2.571050125260043160e+02
2.486764357323774846e+02
2.389694189939062312e+02
2.279081302849649262e+02
2.154198431740923922e+02
2.014548553786705725e+02
1.859951819167170584e+02
1.690637107004937718e+02
1.507610724232076791e+02
1.313364994331149660e+02
1.112545667763395443e+02
9.119903750047099322e+01
7.198115055132304008e+01
5.436923873658396644e+01
3.889640808974892394e+01
2.571896494047769011e+01
1.458639607254453807e+01
4.942637098362389736e+00
-3.879807942665394194e+00
-1.245604353232851480e+01
-2.113870018908683335e+01
-3.003784279518501776e+01
-3.908525586665410856e+01
-4.812357452197506547e+01
-5.697163089439867178e+01
-6.545392691102445326e+01
-7.341023334519402965e+01
-8.070474860781202153e+01
-8.724533989855564187e+01
-9.301599864074209734e+01
-9.811513719834508152e+01
-1.027765700963796718e+02
-1.073444140925191164e+02
-1.121897465471621729e+02
-1.175881724892585538e+02
-1.236053804426374967e+02
-1.300453114707927966e+02
-1.364936654980019739e+02
-1.424455759806396031e+02
-1.474661116388156188e+02
-1.513210988704697399e+02
-1.540352000246266186e+02
-1.558655247669326513e+02
-1.572056481152581000e+02
-1.584530552186552086e+02
-1.598852063496056530e+02
-1.615910153716630191e+02
-1.634832447011962984e+02
-1.653746580026947584e+02
-1.670655725724872980e+02
-1.683940381107326800e+02
-1.692392979248747338e+02
-1.695072820314770752e+02
-1.691311144379373275e+02
-1.680936265898210422e+02
-1.664520971762194961e+02
-1.643404217157327025e+02
-1.619407141568169948e+02
-1.594384720738177634e+02
-1.569833137894340496e+02
-1.546668063083928359e+02
-1.525170847929809099e+02
-1.505097486522790291e+02
-1.485945375169353042e+02
-1.467255878882765217e+02
-1.448754156592586924e+02
-1.430284442076847711e+02
