5.688582307199348520e+01
2.342071880165061941e+02
3.852174647513315335e+02
4.906466143254347116e+02
5.428043394488079230e+02
5.458310332567955356e+02
5.124094270727214280e+02
4.587426155905538394e+02
3.997672952481902939e+02
3.459632567462336397e+02
3.022332936562019086e+02
2.685745638750753415e+02
2.418434827814668893e+02
2.178293380275737832e+02
1.929924626074272567e+02
1.654811147401689198e+02
1.353361020339105494e+02
1.040512453627973457e+02
7.380786183121432487e+01
4.670507837427244624e+01
2.419934482190491565e+01
6.830483030608839101e+00
-5.784803164747145843e+00
-1.475960956181685191e+01
-2.163419152406889623e+01
-2.805332072580898028e+01
-3.547913245334812871e+01
-4.495600441106470413e+01
-5.694320999144848372e+01
-7.125850344147684723e+01
-8.717536675056661011e+01
-1.036639846793731579e+02
-1.196971826919607764e+02
-1.345109315661111395e+02
-1.477356615077040090e+02
-1.593755327529615329e+02
-1.696717651201497574e+02
-1.789282864237104320e+02
-1.873928762684205083e+02
-1.952518570016800652e+02
-2.027158076990197628e+02
-2.101055270088738780e+02
-2.178500204330293570e+02
-2.263756950900692857e+02
-2.359363659563839235e+02
-2.464607791339274172e+02
-2.574868949171959684e+02
-2.682302369489145235e+02
-2.777887593785386002e+02
-2.854200543111109027e+02
-2.907803857992306575e+02
-2.940262071806830022e+02
-2.957385259606075465e+02
-2.967063770169262398e+02
-2.976659634158922927e+02
-2.991048001379071479e+02
-3.011949598493117151e+02
-3.038479349220353356e+02
-3.068325042629578547e+02
-3.098900683186703873e+02
-3.128086868998190653e+02
-3.154483007576070008e+02
-3.177297706809458191e+02
-3.196132186136176756e+02
-3.210919007506736307e+02
-3.222066866721776250e+02
-3.230590458161237848e+02
-3.237945906697325427e+02
-3.245442675905101169e+02
-3.253259062915834647e+02
-3.259181327428659642e+02
-3.257256000013563266e+02
-3.236590140452200899e+02
-3.180622273271146696e+02
-3.067407024757224576e+02
-2.871584816859045191e+02
-2.568314535120674691e+02
-2.138528707247558032e+02
-1.574017646982551071e+02
-8.806622350322572856e+01
-7.873176513751218408e+00
7.997889176558615532e+01
1.715915800505148923e+02
2.629089515322884267e+02
3.502206200455182170e+02
4.305635900856750595e+02
5.019837515124572178e+02
5.636137369687592127e+02
6.155387355932855371e+02
6.584850753873660096e+02
6.934436682132698024e+02
7.213655132030576169e+02
7.430140960095714036e+02
7.589726416807964142e+02
7.697441311160980604e+02
7.758692993798841826e+02
7.780057220120095280e+02
7.769416699317357597e+02
7.735465722511070226e+02
7.686692177892615518e+02
7.629925394509851913e+02
7.568689443031119026e+02
7.501913256044440459e+02
7.423613803730747804e+02
7.323825182031112035e+02
7.190648622964270089e+02
7.013106753838962959e+02
6.784283346155214076e+02
6.503878975266527505e+02
6.179203504430477096e+02
5.824136609518642445e+02
5.456444912627396207e+02
5.094423738591037250e+02
4.753873675992841754e+02
4.446103481282436860e+02
4.177153797439852383e+02
3.947933974566090001e+02
3.754827759586524962e+02
3.590682706524466994e+02
3.446390048378137294e+02
3.312941416671142179e+02
3.183296523883334430e+02
3.053373097976112831e+02
2.921989703448914497e+02
2.790052798927900426e+02
2.659391538378659448e+02
2.531571450685951277e+02
2.406900912398208732e+02
2.283726141934017164e+02
2.158127413795905909e+02
2.024308259445295448e+02
1.875978303899966022e+02
1.708553721410366677e+02
1.521317280494265844e+02
1.318454914705301348e+02
1.108343535548719387e+02
9.012211908995033127e+01
7.060486246917460562e+01
5.278209367032459909e+01
3.665604195115102470e+01
2.184859616031852170e+01
7.868760753894008531e+00
-5.621737211532177980e+00
-1.868941720415767804e+01
-3.120325994448461415e+01
-4.302742845643160763e+01
-5.419522367863470436e+01
-6.495739116487493447e+01
-7.568658346763436384e+01
-8.670305898552783219e+01
-9.812355405277725140e+01
-1.098194930686472048e+02
-1.215107957769339464e+02
-1.329379181507134717e+02
-1.439988785526153947e+02
-1.547650151432368943e+02
-1.653832982487888330e+02
-1.759482667690202220e+02
-1.864254393771265654e+02
-1.966532933488479671e+02
-2.063996515121399966e+02
-2.154357041450430756e+02
-2.236110209440455492e+02
-2.309308995089295422e+02
-2.376280650630044420e+02
-2.441949612402338516e+02
-2.513311432960384764e+02
-2.597814364917047101e+02
-2.700850577662652654e+02
-2.822935892633341268e+02
-2.957267564162666531e+02
-3.088278327554610883e+02
-3.191708324850411032e+02
-3.236590140452200899e+02
-3.189245354402325461e+02
-3.018860369116659967e+02
-2.703658494111536470e+02
-2.236117869651951082e+02
-1.625888143366553891e+02
-8.995867531858851862e+01
-9.729932790965420963e+00
7.336909231769210749e+01
1.546605741473779858e+02
2.302289511422066823e+02
2.973776883521909440e+02
3.547376039642249452e+02
4.020768045586838184e+02
4.399555212890313669e+02
4.693702466688043273e+02
4.914674552978294741e+02
5.073422199913874238e+02
5.179193940423792810e+02
5.239273824476408663e+02
5.259620436106317811e+02
5.245937311672948908e+02
5.204429070064982170e+02
5.141723295507085822e+02
5.064006868267357504e+02
4.975916444134959988e+02
4.879751868889703701e+02
4.775152217488179076e+02
4.658990189384276164e+02
4.525360249937048707e+02
4.365993100278877819e+02
4.171620478111985904e+02
3.934372279032222650e+02
3.650498269044335871e+02
3.322269426744393854e+02
2.958222521857573497e+02
2.571665142852048689e+02
2.177982298467623252e+02
1.791540489512696297e+02
1.423022706073279267e+02
1.077969400716402504e+02
7.570173673370700840e+01
4.577394046423462726e+01
1.773085800661300482e+01
-8.519471688213002381e+00
-3.278535337167134855e+01
-5.466532100459970422e+01
-7.373287221648419631e+01
-8.973772983119613400e+01
-1.027520129013160783e+02
-1.132331357691996061e+02
-1.219951134030546882e+02
-1.300809437679828306e+02
-1.385501420078583976e+02
-1.482426287251484212e+02
-1.596068937981426075e+02
-1.726527631806955299e+02
-1.870283493020044148e+02
-2.021731719321690548e+02
-2.174889058595308029e+02
-2.324820162993029840e+02
-2.468454776108933686e+02
-2.604608141362194260e+02
-2.733278502609949214e+02
-2.854587763455535310e+02
-2.967858595661647882e+02
-3.071211947674935345e+02
-3.161807466820284276e+02
-3.236590140452200899e+02
-3.293247480322490901e+02
-3.331036116483736578e+02
-3.351218056063137283e+02
-3.357018169139121824e+02
-3.353117670193964273e+02
-3.344650035784178499e+02
-3.335652345046811433e+02
-3.327223318018483269e+02
-3.316212638265368469e+02
-3.295614288533777767e+02
-3.257406427984994366e+02
-3.197389513926593168e+02
-3.120283036373079995e+02
-3.042679051021298733e+02
-2.991776696565761995e+02
-2.999157289463540792e+02
-3.090875114478381533e+02
-3.277046650177423430e+02
-3.545033982623864404e+02
-3.859708335181540519e+02
