-1.046004190291783544e+02
-1.052251527138364224e+02
-1.062047184393753554e+02
-1.077220632596696248e+02
-1.097215836890988356e+02
-1.119838547470696994e+02
-1.143187706534861263e+02
-1.167667101740621547e+02
-1.196708762143677802e+02
-1.235543103740544666e+02
-1.288588701594693191e+02
-1.356872101973062854e+02
-1.436783806834411337e+02
-1.520668909400487223e+02
-1.598855812767256737e+02
-1.662228290824496924e+02
-1.704468079293007463e+02
-1.723425214929211222e+02
-1.721416295208599649e+02
-1.704466255632498815e+02
-1.680621744797587667e+02
-1.657589081433586387e+02
-1.640157964101597940e+02
-1.628000550933433885e+02
-1.614274021346878385e+02
-1.585189765537057269e+02
-1.520729350716420925e+02
-1.396888737660715094e+02
-1.189699231204895398e+02
-8.806244875857628074e+01
-4.621315928168020548e+01
5.825342990112190478e+00
6.569593836414750854e+01
1.297153964944020856e+02
1.934741392168946845e+02
2.526016655579525434e+02
3.035157298478227403e+02
3.440070047978741741e+02
3.735531938403383947e+02
3.932854972796854440e+02
4.055773415007374751e+02
4.133244111073443605e+02
4.191134984537003447e+02
4.245561754089200122e+02
4.300171989907645411e+02
4.348019916372633134e+02
4.376792483571429102e+02
4.375080350675551699e+02
4.337400747297620001e+02
4.266402847426421090e+02
4.171760562087545168e+02
4.066469320368183844e+02
3.962240132121730767e+02
3.865879833924599325e+02
3.777754857262368091e+02
3.692224642472931464e+02
3.599247417136232343e+02
3.486575661566932922e+02
3.342490854319765958e+02
3.159040624911790474e+02
2.935090597309048803e+02
2.677888671073512796e+02
2.402066144302491750e+02
2.126167441966420597e+02
1.868164758622104387e+02
1.641941759877547327e+02
1.455955387541671939e+02
1.313804317378501310e+02
1.215420165858798924e+02
1.157733892903193578e+02
1.134610878927356623e+02
1.136688176426105201e+02
1.151922026839786355e+02
1.167278028975193109e+02
1.171388811489584896e+02
1.157356688316330207e+02
1.124475825850122988e+02
1.077865646191310987e+02
1.025909072061320586e+02
9.765189629380786585e+01
9.339051836565116105e+01
8.972742886369290716e+01
8.619444215982798596e+01
8.222250226388004535e+01
7.746057503329600991e+01
7.196685896793253789e+01
6.617610964013577757e+01
6.065741105802240440e+01
5.578353218668412694e+01
5.148345438538773777e+01
4.721356684376060286e+01
4.217364605782636744e+01
3.566724740742755273e+01
2.742998414039686850e+01
1.776595219782375779e+01
7.434736471280274372e+00
-2.641557904230822373e+00
-1.170297992558330691e+01
-1.936279589921417710e+01
-2.563045591696626957e+01
-3.077050248320912829e+01
-3.509703907165913961e+01
-3.881827550045478858e+01
-4.200038904959998831e+01
-4.464608599404458289e+01
-4.681925385899162961e+01
-4.872692254088823915e+01
-5.070602665270897091e+01
-5.312426082732739019e+01
-5.624079722476400889e+01
-6.007300706140676994e+01
-6.431446814970300352e+01
-6.836183267449209211e+01
-7.149313479997192644e+01
-7.316359456991801835e+01
-7.328840095155325685e+01
-7.235167169158029310e+01
-7.125836087262018737e+01
-7.098964566169391333e+01
-7.223661609096592429e+01
-7.518805428871490903e+01
-7.953672549801513014e+01
-8.464039935646826507e+01
-8.972905957149652068e+01
-9.409314989496277803e+01
-9.723742405430044755e+01
-9.898381255691958813e+01
-9.948816775961051917e+01
-9.915724218124375966e+01
-9.850389400547868490e+01
-9.800180114881422355e+01
-9.797772986314052446e+01
-9.855090993865653104e+01
-9.962531823510164486e+01
-1.009439522981034258e+02
-1.022021046994506719e+02
-1.031925100603807550e+02
-1.039326208246842782e+02
-1.047170270649193924e+02
-1.060575703596620087e+02
-1.085158343049003520e+02
-1.124789193758675196e+02
-1.179649637397780566e+02
-1.245566590207949673e+02
-1.315253628788346418e+02
-1.381173662899414296e+02
-1.438728635376799048e+02
-1.488105664898263001e+02
-1.533683949112706557e+02
-1.581054215859355452e+02
-1.632734329721942572e+02
-1.684150865684074176e+02
-1.721416295208599649e+02
-1.722029608721581155e+02
-1.658849740471004282e+02
-1.506524475417205622e+02
-1.248388449326648129e+02
-8.815375847764767059e+01
-4.185321721778430515e+01
1.145868155376616926e+01
6.832274424295550830e+01
1.250708807394355091e+02
1.784546554900289550e+02
2.260987173401125006e+02
2.666815270087258796e+02
2.998436880672830398e+02
3.259242958199616851e+02
3.456686397491878324e+02
3.600082827675761337e+02
3.699294107992317322e+02
3.763865882679052675e+02
3.802139766485013865e+02
3.820157474415442493e+02
3.820622139413698051e+02
3.802625041375235924e+02
3.762845142101057263e+02
3.698120645625933776e+02
3.608170993208831305e+02
3.496872794369294297e+02
3.371274996667585242e+02
3.238840262613782670e+02
3.104304087239926275e+02
2.967602724853092582e+02
2.823676094364502660e+02
2.664085436912355931e+02
2.479756694377832957e+02
2.263929801214778763e+02
2.014473475295637570e+02
1.735016249652374540e+02
1.434784470793416915e+02
1.127439211391630636e+02
8.293047825504611126e+01
5.571820531372500795e+01
3.257716658203302273e+01
1.448935258755335553e+01
1.714609930171342000e+00
-6.297349806050064558e+00
-1.076700804099792386e+01
-1.322887476055682221e+01
-1.508478839065254640e+01
-1.724343090928114464e+01
-1.997726685614570030e+01
-2.302712584544684660e+01
-2.588717107624802338e+01
-2.813744299701312102e+01
-2.967920571389887741e+01
-3.079246783733130499e+01
-3.203860612982239786e+01
-3.408807793086155868e+01
-3.754060988578354596e+01
-4.278004997785308205e+01
-4.989860435876218503e+01
-5.870761938546144165e+01
-6.881326310212472208e+01
-7.970917421010661030e+01
-9.085023738210978195e+01
-1.017034971567231025e+02
-1.117905685795534225e+02
-1.207352574519707389e+02
-1.283226359547638253e+02
-1.345586927180202395e+02
-1.396910725865882341e+02
-1.441430460071805157e+02
-1.483564358004575752e+02
-1.526103816504500514e+02
-1.569181484498491272e+02
-1.610654923646417842e+02
-1.647645016584167195e+02
-1.678244012080506309e+02
-1.702379086475988004e+02
-1.721416295208599649e+02
-1.736891109531070185e+02
-1.749323635025710928e+02
-1.758047085178664588e+02
-1.762223555738405025e+02
-1.762203481482928851e+02
-1.759995329802000583e+02
-1.758298805960577624e+02
-1.758703257770582127e+02
-1.760240504012106157e+02
-1.759197687811887363e+02
-1.750396723162052126e+02
-1.729491906153989191e+02
-1.695356355342225356e+02
-1.651408032114560456e+02
-1.604999389774375231e+02
-1.564840131704281418e+02
-1.537455145711415412e+02
-1.524289462548709366e+02
-1.520879800944402689e+02
-1.518538007038547448e+02
-1.507712836158752339e+02
-1.481433180703301957e+02
-1.437481155890631328e+02
-1.378811007448646535e+02
-1.312449751227348713e+02
-1.247393596790802235e+02
-1.192086447362731576e+02
-1.152159017032197852e+02
-1.129112874308830783e+02
-1.120305621154735292e+02
-1.120009322022266645e+02
