8.210516869096043280e+00
1.574650617711710510e+01
2.111364238282826022e+01
2.297636582118105864e+01
2.124551437801539322e+01
1.694581293659501497e+01
1.167701732883653776e+01
6.979826079215108336e+00
3.878504698675948603e+00
2.715310904811758519e+00
3.240274411465714266e+00
4.843483093044955723e+00
6.814397686195524884e+00
8.550986359700926798e+00
9.688833408453358942e+00
1.015148329676695838e+01
1.012714424764279286e+01
9.969349825821154809e+00
1.002977565713796082e+01
1.046826642960422049e+01
1.112135617685681765e+01
1.150799174824943449e+01
1.099336043012864295e+01
9.043786313207176519e+00
5.447235882206403090e+00
3.934957561799299341e-01
-5.606625949998792713e+00
-1.189811012703057358e+01
-1.786131863498161465e+01
-2.303343412004687352e+01
-2.716333907397853409e+01
-3.022294929623938842e+01
-3.239599507304195214e+01
-3.404607846537125226e+01
-3.565183290494247359e+01
-3.770041162448633543e+01
-4.055362406161713551e+01
-4.433076446329002351e+01
-4.886026901325475791e+01
-5.372380637454312335e+01
-5.837192655505423033e+01
-6.226554414814636118e+01
-6.500304877576648721e+01
-6.640732993051710764e+01
-6.655357506193618633e+01
-6.572884011282332040e+01
-6.433845943766283426e+01
-6.279442695695765053e+01
-6.141896877921513465e+01
-6.038372728652056765e+01
-5.969683129987494397e+01
-5.924189321400010044e+01
-5.885968922234874867e+01
-5.845221032539868844e+01
-5.807978458824617007e+01
-5.800855195081631166e+01
-5.866209267728498844e+01
-6.046557736799624649e+01
-6.363828919068537004e+01
-6.803863250376049621e+01
-7.314644188552171045e+01
-7.818999650082069763e+01
-8.235053430553702469e+01
-8.495838612105127652e+01
-8.562925186294252455e+01
-8.433205912487701994e+01
-8.139761038395860737e+01
-7.747275254644758036e+01
-7.341948802525858753e+01
-7.016611473562655021e+01
-6.853510460996155018e+01
-6.908534793550515474e+01
-7.200188013733688308e+01
-7.704591621465011997e+01
-8.355849347172758712e+01
-9.050896027002826827e+01
-9.659120717646561616e+01
-1.003740607918621492e+02
-1.004978471712212524e+02
-9.588870134498974096e+01
-8.594637474521584863e+01
-7.065598905260019080e+01
-5.059144761256533940e+01
-2.681516223430998025e+01
-7.065461870779339293e-01
2.624452417988888087e+01
5.264415155866161200e+01
7.735825714640581907e+01
9.959328062024906103e+01
1.188808054145177522e+02
1.349916730367912123e+02
1.478280533382993553e+02
1.573413974906310102e+02
1.635095030314373616e+02
1.663834614787196244e+02
1.661832356614958712e+02
1.633849020665741705e+02
1.587292057300731187e+02
1.531152274724649374e+02
1.474105564517753066e+02
1.422592892335068768e+02
1.379649744686340114e+02
1.344809804868238530e+02
1.314960945920794018e+02
1.285797269217335383e+02
1.253408382068642197e+02
1.215471170734195425e+02
1.171534290267583174e+02
1.122189239921972472e+02
1.067522973095609871e+02
1.005805398801924611e+02
9.333835638998640150e+01
8.460969477076244516e+01
7.416155547691475647e+01
6.215293306153121478e+01
4.920984269429067837e+01
3.632146810523587988e+01
2.459542290722771440e+01
1.497092497988928272e+01
8.001792260888908714e+00
3.783112526958114508e+00
2.025471268858139773e+00
2.216100978324592408e+00
3.783532500488424155e+00
6.208118551738767366e+00
9.065627204218071000e+00
1.202195243133667191e+01
1.480801564008101856e+01
1.720220492490635422e+01
1.903317363988797339e+01
2.019389319372989178e+01
2.064571980841295940e+01
2.039797825072479753e+01
1.946744153294212154e+01
1.784224752350560550e+01
1.548345786794297396e+01
1.237979202078922825e+01
8.629386703299823935e+00
4.487642772083979992e+00
3.261064596405374716e-01
-3.502362102802842436e+00
-6.831986542786581573e+00
-9.789962652373702667e+00
-1.276658848243963540e+01
-1.624913657574116499e+01
-2.059464655631013841e+01
-2.584709266997436572e+01
-3.167884178063096101e+01
-3.748082258925495580e+01
-4.256819460254493492e+01
-4.642238520636234966e+01
-4.887244506198778282e+01
-5.014642927144878115e+01
-5.078405200831587507e+01
-5.145326251598253720e+01
-5.273337529636776821e+01
-5.493089654422175983e+01
-5.799304020275876326e+01
-6.155994013364885120e+01
-6.513446775565853386e+01
-6.828025396532746072e+01
-7.074551844287802282e+01
-7.247212655113214907e+01
-7.353130246021790128e+01
-7.405903711935123113e+01
-7.423167042962739970e+01
-7.426802542638995419e+01
-7.441706922770472943e+01
-7.490724115374894154e+01
-7.587573143870427828e+01
-7.732242254958063654e+01
-7.911907580196708523e+01
-8.106581499819361625e+01
-8.296114313552197927e+01
-8.465556506672416504e+01
-8.607798115349335433e+01
-8.723660180662477615e+01
-8.819739153340387361e+01
-8.904550571554757710e+01
-8.984725680660540093e+01
-9.063914152623178211e+01
-9.145575560639613855e+01
-9.237181470709383291e+01
-9.350822125336922852e+01
-9.497140098782834627e+01
-9.674808823620969633e+01
-9.861326339991597933e+01
-1.000948795762283225e+02
-1.004978471712212524e+02
-9.896634842148507971e+01
-9.457542006813287117e+01
-8.646638804619063023e+01
-7.403778662283227163e+01
-5.716108761684584749e+01
-3.634035739890371275e+01
-1.272675576476241233e+01
1.205029973734918691e+01
3.619809942252544488e+01
5.812858804772704957e+01
7.676214313475725248e+01
9.166045883706144082e+01
1.029432046132197769e+02
1.110473293644474069e+02
1.164687365448476868e+02
1.196140268255082049e+02
1.207933325575646677e+02
1.202866701363462596e+02
1.183908964536938839e+02
1.154067814890256898e+02
1.115989473404167711e+02
1.071900148330639553e+02
1.024117616810765838e+02
9.756990921033089137e+01
9.305114781986537764e+01
8.923766644117795011e+01
8.635955017861081728e+01
8.435601784504082445e+01
8.281477201361637697e+01
8.102819637763354876e+01
7.816006455838855516e+01
7.347147786754264587e+01
6.653411671363073765e+01
5.737271441690338492e+01
4.650565604478369153e+01
3.487215914481610923e+01
2.365407769357570800e+01
1.403006975733565476e+01
6.925949871034876359e+00
2.827301227986088961e+00
1.697660728710331135e+00
3.013753607379832555e+00
5.904215782957416891e+00
9.363566860093367694e+00
1.249961967470009583e+01
1.475290464506877086e+01
1.601487557932708938e+01
1.659310287857011090e+01
1.702870431789850514e+01
1.783415120486292338e+01
1.925600093104702637e+01
2.116225163160387268e+01
2.310497990660862655e+01
2.452806770344765397e+01
2.501599479795174474e+01
2.445906185435236324e+01
2.305864633390838492e+01
2.118703895627910683e+01
1.919950477534060695e+01
1.732084237298176532e+01
1.567264584587168308e+01
1.440112338497407762e+01
1.378321878788965194e+01
1.419485965001685202e+01
1.591599519890565517e+01
1.885848437167246061e+01
2.236810124184476933e+01
2.523923001232059704e+01
2.599463638812250466e+01
2.336052712306553403e+01
1.676682761370105368e+01
6.669203061526847165e+00
-5.463484644578274541e+00
