-5.438980260727187499e+01
-5.492391843787666517e+01
-5.582420510804681157e+01
-5.737530995052469507e+01
-5.971977762418896418e+01
-6.282456379604552410e+01
-6.648792565895560358e+01
-7.039062749722270951e+01
-7.417901909513705050e+01
-7.755019633775515331e+01
-8.030805134299869508e+01
-8.237789394563444034e+01
-8.379126238263931725e+01
-8.466264855872901762e+01
-8.517167971859181819e+01
-8.554860111207995033e+01
-8.605161094135038979e+01
-8.692911728377174541e+01
-8.837409426107063837e+01
-9.048693375682805140e+01
-9.325811528508462800e+01
-9.656999752770680345e+01
-1.002098962583056050e+02
-1.038858005070646584e+02
-1.072381504726610046e+02
-1.098464247919327761e+02
-1.112351599466799428e+02
-1.108807485100675194e+02
-1.082104940336124628e+02
-1.025910272697581718e+02
-9.333010021138984769e+01
-7.973273216671199748e+01
-6.123184599258978267e+01
-3.756899019620392011e+01
-8.968241229534235970e+00
2.375812447233902702e+01
5.921994832694162625e+01
9.559867625495071763e+01
1.309170093734040563e+02
1.633572198524026362e+02
1.915281362804745982e+02
2.146025603558277055e+02
2.323066290259232574e+02
2.448042259936793528e+02
2.525529094930665508e+02
2.562008681109681447e+02
2.565512152015667198e+02
2.545620615948631666e+02
2.513159951220962114e+02
2.479100610082588787e+02
2.452759470580067500e+02
2.439949378509201665e+02
2.441871431655063986e+02
2.455277617714309031e+02
2.473939782566497740e+02
2.490930948397730447e+02
2.500832685048337112e+02
2.500959811478872723e+02
2.491152731796230739e+02
2.472388247196163604e+02
2.444981624556468205e+02
2.407271997573949989e+02
2.355425861815906217e+02
2.284480332085659882e+02
2.190181221245691461e+02
2.070825668091721070e+02
1.928368565911536052e+02
1.768426726138207812e+02
1.599263213441968219e+02
1.430138990789595255e+02
1.269549787437125019e+02
1.123866765386435418e+02
9.967295193805846054e+01
8.892035665213828111e+01
8.004066846331683394e+01
7.282367305776138267e+01
6.699852735636800105e+01
6.227853377808362723e+01
5.838440318835334608e+01
5.503537120215452916e+01
5.191159937681543113e+01
4.862309972422651327e+01
4.473371963852823541e+01
3.985900242591118570e+01
3.380165970174117263e+01
2.665056745756401924e+01
1.878038654801418517e+01
1.074350669237357181e+01
3.102523899513450090e+00
-3.730410029812688322e+00
-9.600459490888709979e+00
-1.463964005438946714e+01
-1.920667835776978194e+01
-2.374408437076863265e+01
-2.859760057697009472e+01
-3.387161915686291991e+01
-3.938245295267377344e+01
-4.472570534221226524e+01
-4.942257536325959677e+01
-5.307947780758695444e+01
-5.550092096074044434e+01
-5.673124005747607157e+01
-5.703938623384206608e+01
-5.687160047886956704e+01
-5.677561504489872846e+01
-5.728262544489624020e+01
-5.875393161458539737e+01
-6.124298318674051700e+01
-6.444389323222833355e+01
-6.777102840530064043e+01
-7.055776986409398432e+01
-7.230516402624199657e+01
-7.287607008998213587e+01
-7.253998650169823748e+01
-7.184043747168371397e+01
-7.135337661244365393e+01
-7.146638385075259237e+01
-7.228673208517589899e+01
-7.370054695604804351e+01
-7.552019872841195536e+01
-7.762191464192309809e+01
-7.999719945281380262e+01
-8.270085832835778206e+01
-8.574295843066548173e+01
-8.900343799019401558e+01
-9.222684772127882979e+01
-9.509959727152889286e+01
-9.736210060205206673e+01
-9.889235178464005571e+01
-9.972074072460839034e+01
-9.998089009536576555e+01
-9.983959256671877824e+01
-9.945608848161646165e+01
-9.899048626935265816e+01
-9.863555118594851479e+01
-9.862470445514577477e+01
-9.919018894498543659e+01
-1.004862678220790997e+02
-1.025152051366382864e+02
-1.050830663020596205e+02
-1.077840218755333126e+02
-1.099958229354031971e+02
-1.108807485100675194e+02
-1.094105827631427132e+02
-1.044460561029294183e+02
-9.489196314970129720e+01
-7.991843241595672964e+01
-5.920102355119398396e+01
-3.310233525407723931e+01
-2.718859204455881695e+00
3.024240869428455980e+01
6.372921947440967472e+01
9.567143312751029782e+01
1.242804429111652240e+02
1.482586907939324874e+02
1.668986160241759080e+02
1.800837935767354168e+02
1.882208123817696617e+02
1.921265302378508579e+02
1.928817107484722442e+02
1.916573663203967044e+02
1.895327765192541847e+02
1.873420004095015656e+02
1.855884460829744000e+02
1.844472158708872200e+02
1.838441781914397666e+02
1.835755187977450191e+02
1.834213569539935236e+02
1.832160351756837144e+02
1.828622628133146009e+02
1.823007440328534301e+02
1.814580002741624867e+02
1.801966503480068411e+02
1.782899658232707623e+02
1.754292812565166173e+02
1.712525842402812941e+02
1.653788879482179937e+02
1.574514161452249255e+02
1.472054695467968770e+02
1.345625408137951808e+02
1.197238201655050744e+02
1.032204710585844225e+02
8.588496205565941466e+01
6.873058012979147691e+01
5.275812723406659899e+01
3.874236533222423162e+01
2.706959507755041727e+01
1.768623464766751852e+01
1.017792800153558019e+01
3.946090396707027992e+00
-1.592817980495324193e+00
-6.863627936789447048e+00
-1.207944296720332744e+01
-1.725862951644484866e+01
-2.227144229961769639e+01
-2.689609615549576560e+01
-3.088708574599181489e+01
-3.405890389438342680e+01
-3.637255247837639160e+01
-3.799808843325238428e+01
-3.932426002840234247e+01
-4.089732420302659932e+01
-4.329254780561109328e+01
-4.694806931660630767e+01
-5.201228759582180317e+01
-5.826243823956933454e+01
-6.513641839205260453e+01
-7.188286430632805946e+01
-7.778761575798733929e+01
-8.239547079062749901e+01
-8.563316916079682528e+01
-8.777161335825675792e+01
-8.924378622775542169e+01
-9.042031868558169094e+01
-9.147325539656067406e+01
-9.239914858398550734e+01
-9.316470158225820342e+01
-9.386032100420030133e+01
-9.474896687717060217e+01
-9.617076944008920236e+01
-9.835850803744502002e+01
-1.012752520901204605e+02
-1.045680785100531125e+02
-1.076592143316943009e+02
-1.099245117126088900e+02
-1.108807485100675194e+02
-1.103170220490336249e+02
-1.083381028923895570e+02
-1.053218572067218162e+02
-1.018202526210345980e+02
-9.844424426879355394e+01
-9.576007363693132390e+01
-9.419997616513111893e+01
-9.398031581205674456e+01
-9.503463452140911727e+01
-9.698900269871441537e+01
-9.921039938452824458e+01
-1.009407188531997406e+02
-1.014948622932143962e+02
-1.004635372775252335e+02
-9.784339302111135339e+01
-9.403939492897720243e+01
-8.973804232723001917e+01
-8.570025129334612757e+01
-8.254387143842322416e+01
-8.057945518670712204e+01
-7.974100445492712197e+01
-7.962501399937670499e+01
-7.962389165448247752e+01
-7.911705289168422439e+01
-7.766415210191803453e+01
-7.513622275034501286e+01
-7.173480639639599588e+01
-6.789202052452925784e+01
-6.410111744568952474e+01
-6.076251123714382629e+01
-5.811365016597905253e+01
-5.624878638911287254e+01
-5.517401917341540951e+01
-5.483423213501122717e+01
-5.509677119116027200e+01
-5.573288976768759539e+01
