1.170461593743983713e+02
5.772377781728636137e+00
-9.076318185602187327e+01
-1.615946097078535502e+02
-2.020561993521817783e+02
-2.140661471114906078e+02
-2.044936882924539248e+02
-1.824877601960169216e+02
-1.567993286903097498e+02
-1.338792978376215217e+02
-1.170875904667422844e+02
-1.069228622222397860e+02
-1.019140136387278801e+02
-9.973370807895017265e+01
-9.816104511638692998e+01
-9.567319464036128807e+01
-9.162169464287944720e+01
-8.609254034084761997e+01
-7.961665107452827783e+01
-7.287834692996196395e+01
-6.650062513614227555e+01
-6.092141892786617063e+01
-5.634348387383133172e+01
-5.273760381373801920e+01
-4.988590600630286076e+01
-4.745481452289197932e+01
-4.508319915119986376e+01
-4.246793863016264936e+01
-3.943209765515851473e+01
-3.596624967461156075e+01
-3.223545903911443133e+01
-2.854544376197321753e+01
-2.526701126660051955e+01
-2.272964716411513564e+01
-2.111099233542861953e+01
-2.036069624812543566e+01
-2.019241345561169965e+01
-2.015473730826937526e+01
-1.976482929129034005e+01
-1.866990356717585087e+01
-1.679002214968355133e+01
-1.438796400287020560e+01
-1.201974071905868868e+01
-1.035710250474613758e+01
-9.928876802108419497e+00
-1.086453444989970762e+01
-1.272155297580516731e+01
-1.445076227704322491e+01
-1.451676816972445749e+01
-1.114967507428823978e+01
-2.669898981488756817e+00
1.218712544587873481e+01
3.401446025853408628e+01
6.259731224839030972e+01
9.692565395735154254e+01
1.353542787097128439e+02
1.758738066419168717e+02
2.164235015064591607e+02
2.551613094074971571e+02
2.906286154821518721e+02
3.218033404070553161e+02
3.480854284868407831e+02
3.692675889055448692e+02
3.855140058320414482e+02
3.973292178685204590e+02
4.054798266685761519e+02
4.108519420873616355e+02
4.142749867194366971e+02
4.163761727110315860e+02
4.175188822488219103e+02
4.178348806735572225e+02
4.173209566026120001e+02
4.159542276301641550e+02
4.137820668789463525e+02
4.109551136668744675e+02
4.076949200087763074e+02
4.042172376521618844e+02
4.006522012525322225e+02
3.970000022186879960e+02
3.931381483152339342e+02
3.888675542516148198e+02
3.839632324836527459e+02
3.781960002058073087e+02
3.713195188371352060e+02
3.630517812004483176e+02
3.530921034930212272e+02
3.411947395203487758e+02
3.272816034382948374e+02
3.115418188542380449e+02
2.944598530103500025e+02
2.767467846886901270e+02
2.591989504309223094e+02
2.425391470094225497e+02
2.272933063707757242e+02
2.137322888684345799e+02
2.018813671717219620e+02
1.915793720286322070e+02
1.825611568564399079e+02
1.745410602242902200e+02
1.672826983280026525e+02
1.606420313293030802e+02
1.545680522297500943e+02
1.490516354273805746e+02
1.440358488997958943e+02
1.393293189584315996e+02
1.345756703794498037e+02
1.293132045657887375e+02
1.231157184136781950e+02
1.157592642449713054e+02
1.073372804294187404e+02
9.826369763965357151e+01
8.915280219454390931e+01
8.061919556205562287e+01
7.307417225360097746e+01
6.659426771505923170e+01
6.090782713720079755e+01
5.550018538673177204e+01
4.979563544688673460e+01
4.335101551208117598e+01
3.599747726623084532e+01
2.788795351276163359e+01
1.943904984696646920e+01
1.119161145420598302e+01
3.644345157707832072e+00
-2.877733867795868150e+00
-8.281862276983943616e+00
-1.269281380424121153e+01
-1.638962717517937051e+01
-1.972066654320845203e+01
-2.301554713933822427e+01
-2.650911988146300757e+01
-3.029569082630202104e+01
-3.432970950039567981e+01
-3.847360243695889892e+01
-4.256977711639122219e+01
-4.650069141493790426e+01
-5.021339977149953882e+01
-5.371391064613143840e+01
-5.705302260903513911e+01
-6.031482003762172894e+01
-6.360101038090535042e+01
-6.700433523977163475e+01
-7.057970838068855812e+01
-7.432884243959368575e+01
-7.820321774424527916e+01
-8.211790762974288782e+01
-8.597097444270593769e+01
-8.967003526375746958e+01
-9.316194740466845303e+01
-9.644961242805835866e+01
-9.958095406624114787e+01
-1.026130720674312897e+02
-1.055757071473334463e+02
-1.084636746540084005e+02
-1.112671452281971085e+02
-1.140150627633821330e+02
-1.167931841829849873e+02
-1.197211264357738685e+02
-1.229109248984153737e+02
-1.264436040935648862e+02
-1.303755400398746644e+02
-1.347504742175590593e+02
-1.395850853361552311e+02
-1.448225004645606475e+02
-1.502794338326966965e+02
-1.556224052687893220e+02
-1.603993345611424672e+02
-1.641374636628755752e+02
-1.664959195375646743e+02
-1.674272376908925821e+02
-1.672722590457562148e+02
-1.667175164217092629e+02
-1.665998741189483212e+02
-1.676275586277880336e+02
-1.701459851921524375e+02
-1.740638628377171813e+02
-1.789699338769761141e+02
-1.843662244014383873e+02
-1.898856974066415546e+02
-1.953792970592608356e+02
-2.008294907985334419e+02
-2.061326064647987835e+02
-2.108528728961675256e+02
-2.140661471114906078e+02
-2.143807495338198521e+02
-2.101597284162467929e+02
-1.998918217208602641e+02
-1.825950329551561140e+02
-1.581188133903940525e+02
-1.272469471576807791e+02
-9.157457768503479656e+01
-5.320913384032233040e+01
-1.439616025524019705e+01
2.282255941916234576e+01
5.684367193803184648e+01
8.660106349372557588e+01
1.115430654747391941e+02
1.315352687355497494e+02
1.467471844617306260e+02
1.575622662697449243e+02
1.645173415850011338e+02
1.682546574749542287e+02
1.694683183409472633e+02
1.688401695186428810e+02
1.669758212676023561e+02
1.643594025393284426e+02
1.613405816887598689e+02
1.581507754693971322e+02
1.549274226721813932e+02
1.517222478523437132e+02
1.484890108116915712e+02
1.450720511020809056e+02
1.412223577224443147e+02
1.366464958146841298e+02
1.310676418815830573e+02
1.242726655031099483e+02
1.161349361357248426e+02
1.066187623954679111e+02
9.577427931149003371e+01
8.372421191505810611e+01
7.063726746525051681e+01
5.668821134356922187e+01
4.202129862502845015e+01
2.674273680695195310e+01
1.095340777790549680e+01
-5.194655582827039098e+00
-2.145004855230467911e+01
-3.744571441608989915e+01
-5.271985545911880422e+01
-6.677019636121673329e+01
-7.913747718892629734e+01
-8.950696669610961465e+01
-9.779944961429424666e+01
-1.042120699644514303e+02
-1.091820071636315248e+02
-1.132807560100841471e+02
-1.170815927226584137e+02
-1.210518985051800058e+02
-1.254986959309988492e+02
-1.305602539941333191e+02
-1.362188381079603801e+02
-1.423204359771131635e+02
-1.486081585928685627e+02
-1.547800602903649292e+02
-1.605633638275141948e+02
-1.657771468843308185e+02
-1.703591183298076430e+02
-1.743579727340049317e+02
-1.779148585256190245e+02
-1.812534188383620517e+02
-1.846716108778267085e+02
-1.885046835434404215e+02
-1.930292411165105477e+02
-1.983078764012008151e+02
-2.040212900708122561e+02
-2.093751924507012063e+02
-2.131698708863552838e+02
-2.140661471114906078e+02
-2.109945957997917958e+02
-2.035769611234655940e+02
-1.923932981537434443e+02
-1.789563129665436350e+02
