-1.195020429171520959e+01
-9.377990327657599323e-01
8.626428989320345408e+00
1.546897901137408837e+01
1.865477175402928367e+01
1.766274740603618909e+01
1.240085807738345380e+01
3.189734556125813469e+00
-9.268260401776714730e+00
-2.394823000672225888e+01
-3.961922676690303291e+01
-5.502746704678779111e+01
-6.910875041433709498e+01
-8.115385456066115921e+01
-9.086367294173757614e+01
-9.829616133636113773e+01
-1.037651570251629778e+02
-1.077485374083550909e+02
-1.108180101848729180e+02
-1.135729710213571479e+02
-1.165683318722390283e+02
-1.202442383327596218e+02
-1.248691486943912992e+02
-1.305018323634590729e+02
-1.369754459121966192e+02
-1.439102834308126830e+02
-1.507673265497445527e+02
-1.569534374231525646e+02
-1.619710878042621403e+02
-1.655765774189010813e+02
-1.678904600935455846e+02
-1.694067776979778444e+02
-1.708775797859735235e+02
-1.730993766621141958e+02
-1.766738378520232402e+02
-1.818268658326021523e+02
-1.883459511213901294e+02
-1.956579468152812922e+02
-2.030289641134075964e+02
-2.098198453373969983e+02
-2.156907470470472674e+02
-2.206585657348018685e+02
-2.249856896489084761e+02
-2.289725165396911279e+02
-2.327735121357937658e+02
-2.363304322134307256e+02
-2.394424001521668401e+02
-2.419190450798769803e+02
-2.437287784118437344e+02
-2.450711103044087338e+02
-2.463471523795117264e+02
-2.480411410615322723e+02
-2.505481767517204332e+02
-2.540028660772606770e+02
-2.581798126942629779e+02
-2.625263267058934389e+02
-2.663323729882009729e+02
-2.689601729000262367e+02
-2.700021784941834539e+02
-2.692650896462620835e+02
-2.665799371930259554e+02
-2.615412373521550080e+02
-2.533174702334063397e+02
-2.406433800989375982e+02
-2.220299804552564922e+02
-1.961410344696684547e+02
-1.622143322197206885e+02
-1.203823497308289490e+02
-7.178438499598256328e+01
-1.844075248135724365e+01
3.706439531602445925e+01
9.199986955271641875e+01
1.438975364732219759e+02
1.908616570008696272e+02
2.317250123333442673e+02
2.660558622516905416e+02
2.940564555860661358e+02
3.163920690645618947e+02
3.339730891436659022e+02
3.477190953257729120e+02
3.583641479426619867e+02
3.663752192949348796e+02
3.720158084438734249e+02
3.755089799851419912e+02
3.771937989027560434e+02
3.775729585982497838e+02
3.772155585102167947e+02
3.765610797419557798e+02
3.757165848629731499e+02
3.743323278287078324e+02
3.716049726473938222e+02
3.664208868727945401e+02
3.576178093098992576e+02
3.443052612296943948e+02
3.261559165401404812e+02
3.035826342478860056e+02
2.777454823225859855e+02
2.503731598648380157e+02
2.234304703089664770e+02
1.987140578349628015e+02
1.774903798779628232e+02
1.602809947396949326e+02
1.468494367671551117e+02
1.363733525101290240e+02
1.277312742431979160e+02
1.198158717234749275e+02
1.117926111979584363e+02
1.032397111438423423e+02
9.413902748167765822e+01
8.473901881986574836e+01
7.535278070904186620e+01
6.616269423997520960e+01
5.708878967259333592e+01
4.775927944954545268e+01
3.759614212288821022e+01
2.599014506825624338e+01
1.250619121701428327e+01
-2.944541822350501548e+00
-2.000973110694249613e+01
-3.790617460382476622e+01
-5.555726211094933831e+01
-7.185824882886069531e+01
-8.601248995145192566e+01
-9.781489857881763328e+01
-1.077421350326848710e+02
-1.167780790391741732e+02
-1.260306109395488647e+02
-1.363054265837112666e+02
-1.478235726868098823e+02
-1.601890777054560999e+02
-1.725858814606933720e+02
-1.840869843715701393e+02
-1.939392472069297355e+02
-2.017358487690359539e+02
-2.074604030510652137e+02
-2.114381452348395669e+02
-2.142414912827284184e+02
-2.165792351581086450e+02
-2.191779999751310015e+02
-2.226635172292009202e+02
-2.274611108965880248e+02
-2.337317217447061353e+02
-2.413342897854846569e+02
-2.497856940777424484e+02
-2.582049998755914544e+02
-2.652723764920535245e+02
-2.692650896462620835e+02
-2.682199100180699247e+02
-2.602194702178332477e+02
-2.437461413014261780e+02
-2.180122214108678804e+02
-1.831743498724609083e+02
-1.403644287539616755e+02
-9.152181760132009458e+01
-3.907840649626817253e+01
1.440796451328773031e+01
6.657795726071299214e+01
1.154917054645722772e+02
1.597266151567615680e+02
1.983749993068355195e+02
2.309930034140838018e+02
2.575439420221441651e+02
2.783412980680316196e+02
2.939718519860046513e+02
3.051940351728630390e+02
3.128389185620571880e+02
3.177531997259025616e+02
3.207970133228004102e+02
3.228557130477947226e+02
3.247879629158269381e+02
3.272626722282049627e+02
3.305299960982403036e+02
3.342509488028311466e+02
3.374993675678340423e+02
3.389542752918695214e+02
3.372036170883738464e+02
3.310553187911017403e+02
3.197917944249976472e+02
3.033452899484022964e+02
2.823711253153813914e+02
2.581775240004284342e+02
2.324890707637986793e+02
2.070876553582866677e+02
1.834394566377870888e+02
1.624265952750639030e+02
1.442557891798066976e+02
1.285491679135238883e+02
1.145687122704174925e+02
1.015000388000418070e+02
8.871809836188059251e+01
7.596515926512711303e+01
6.339137750268151450e+01
5.145003640144312129e+01
4.069101465084249725e+01
3.152436236647939438e+01
2.402323599864901738e+01
1.782558018698804503e+01
1.218067363593945096e+01
6.144779354499320334e+00
-1.138060215393856822e+00
-1.018037459777451303e+01
-2.101774501971851095e+01
-3.323589360379747859e+01
-4.613477347269321172e+01
-5.896755613294788390e+01
-7.117910497234920797e+01
-8.256985750260173518e+01
-9.332442778685128815e+01
-1.038820683063006243e+02
-1.146936243912746107e+02
-1.259764974876023444e+02
-1.375920159830665739e+02
-1.491040352625255139e+02
-1.599724585291698986e+02
-1.697676585011975021e+02
-1.783083721525144085e+02
-1.856972982557366834e+02
-1.922817028339478611e+02
-1.985630541744341429e+02
-2.050548079612774757e+02
-2.120989294714854907e+02
-2.197038385199370509e+02
-2.274995414437063914e+02
-2.348685154898810765e+02
-2.412194607062499188e+02
-2.462833239257280127e+02
-2.502755951153583283e+02
-2.538110693817708921e+02
-2.575710421333338900e+02
-2.618529020924890460e+02
-2.661986172992060347e+02
-2.692650896462620835e+02
-2.689983613378813061e+02
-2.630637827768803731e+02
-2.494060924525738017e+02
-2.267830787916053907e+02
-1.951318776711428029e+02
-1.556742330931921003e+02
-1.107305608038831934e+02
-6.328119524679147645e+01
-1.638063393894752195e+01
2.741429008338052142e+01
6.642802322205967869e+01
9.994730686291293864e+01
1.280081845180436346e+02
1.510194354853938989e+02
1.694034487478278095e+02
1.833941991426900699e+02
1.930345348060312176e+02
1.983206151992369541e+02
1.993913628246036751e+02
1.966591195711353350e+02
1.908098414152609337e+02
1.826571681091412529e+02
1.729005279554900198e+02
1.618860563430101820e+02
1.494790139337921744e+02
1.351268137000657816e+02
1.181301481769257009e+02
9.804887705079144666e+01
7.507116375320794077e+01
5.013808018421103441e+01
