-1.336689116106929198e+01
-2.875483288052568298e+01
-4.291802157826039377e+01
-5.495083471038255851e+01
-6.440937140495250901e+01
-7.133393452128686363e+01
-7.614026628847821598e+01
-7.944372886078201645e+01
-8.188643032269118294e+01
-8.401500930066511330e+01
-8.621460494928039964e+01
-8.866634622371201147e+01
-9.129131309619224055e+01
-9.367938158638445145e+01
-9.504771633307360901e+01
-9.429074162864122854e+01
-9.015467701595716221e+01
-8.151271847539386783e+01
-6.766561109014432418e+01
-4.857438972820364143e+01
-2.495383168428414677e+01
1.800457663615464554e+00
2.983451570134068476e+01
5.715735141244248041e+01
8.198734323188091366e+01
1.030433831561741584e+02
1.197148749891029382e+02
1.320737969547200237e+02
1.407283240440224290e+02
1.465599280079109974e+02
1.504277606119102870e+02
1.529422461919548368e+02
1.543814304848350503e+02
1.547573632744057477e+02
1.539757065029476166e+02
1.520062205162554960e+02
1.489990704483836907e+02
1.453170884176391269e+02
1.414793726384126558e+02
1.380231819679307250e+02
1.353084432865224471e+02
1.333234730534099981e+02
1.315804546697193871e+02
1.291774892291515187e+02
1.250386880645032619e+02
1.182573430628949183e+02
1.084119547354398918e+02
9.573230741533782862e+01
8.105593008945663769e+01
6.560034719738202114e+01
5.064440073335131842e+01
3.723526680754144991e+01
2.601070960256260989e+01
1.716560274202978320e+01
1.052991789870981165e+01
5.694019803107110533e+00
2.128225632701598258e+00
-7.214539163236413088e-01
-3.354929615135603171e+00
-6.152782501384743696e+00
-9.333806898533149266e+00
-1.294835602179628609e+01
-1.691096914630080406e+01
-2.106407370586609673e+01
-2.525519764704429804e+01
-2.940299989123315072e+01
-3.352722485386307483e+01
-3.772956383247468182e+01
-4.213423277368742959e+01
-4.681842357249321651e+01
-5.176886972022137456e+01
-5.688396741816836766e+01
-6.201207207631756546e+01
-6.699773329613114470e+01
-7.171074320055006979e+01
-7.605132954598087736e+01
-7.994319122515639719e+01
-8.333150787959804973e+01
-8.619222711055967068e+01
-8.854239034230162986e+01
-9.043630942543121876e+01
-9.194449750411116895e+01
-9.312795428290266386e+01
-9.402408064974463286e+01
-9.465123435846460609e+01
-9.502619334027400555e+01
-9.518137708776946226e+01
-9.517136207423916971e+01
-9.506792481409897277e+01
-9.494919642519640490e+01
-9.488658950273553216e+01
-9.492909994338123170e+01
-9.508511967575655888e+01
-9.530635085182304067e+01
-9.548214765236174628e+01
-9.545290337105218725e+01
-9.504771633307360901e+01
-9.414387515865853118e+01
-9.273303425380338183e+01
-9.096507778224089691e+01
-8.913731187257772604e+01
-8.761075514062015657e+01
-8.666623858212962261e+01
-8.634383472170816276e+01
-8.632135885437494949e+01
-8.587777149032223178e+01
-8.396478219139112298e+01
-7.938098281933569922e+01
-7.100884566874147197e+01
-5.804776794708341470e+01
-4.017658156034389094e+01
-1.761187820608343202e+01
8.927917849745924173e+00
3.831929355392502146e+01
6.916357550865048154e+01
9.993793219842919484e+01
1.291584901823381699e+02
1.555386542297918027e+02
1.781217094516594557e+02
1.963703624257422575e+02
2.101997551480370703e+02
2.199449017719622930e+02
2.262657654864356118e+02
2.300109394278804871e+02
2.320707557573609847e+02
2.332452796694137760e+02
2.341407805502543624e+02
2.351035424337457584e+02
2.362031212960931157e+02
2.372764621763582227e+02
2.380297191596388870e+02
2.381675845544509684e+02
2.374962330899423364e+02
2.359501320016605632e+02
2.335331668623864516e+02
2.302154839746247603e+02
2.258533870869077873e+02
2.201868517004940600e+02
2.129270165501774272e+02
2.038948063392564336e+02
1.931404082816180789e+02
1.809842899197747101e+02
1.679661120935238614e+02
1.547339235906684394e+02
1.419237107043073536e+02
1.300673591221366223e+02
1.195426771388428051e+02
1.105587714342863279e+02
1.031619464668627018e+02
9.725115984935203528e+01
9.259952793998172638e+01
8.888129835211692864e+01
8.570363002533376573e+01
8.264513269951279995e+01
7.930572359876313726e+01
7.536667553732158353e+01
7.064717780603847075e+01
6.513703076277398907e+01
5.899186858650290333e+01
5.249087682514772979e+01
4.596704854730072043e+01
3.972532416605855587e+01
3.396852337368127905e+01
2.875247356759663830e+01
2.398231441564887945e+01
1.944365625878538140e+01
1.485182577572052764e+01
9.909681459610268917e+00
4.375131002597740348e+00
-1.866219596919052037e+00
-8.746122145126960845e+00
-1.600598671323440669e+01
-2.324742781262688140e+01
-3.002277731477600753e+01
-3.593270403626716814e+01
-4.070537243093788504e+01
-4.424576867795943258e+01
-4.665050172075537205e+01
-4.818374796053899445e+01
-4.921331857438836721e+01
-5.011809492603467220e+01
-5.119616274590100602e+01
-5.261139655197041520e+01
-5.439898880274989779e+01
-5.651483281171317685e+01
-5.889000775622142214e+01
-6.145979970641045043e+01
-6.416506650091135100e+01
-6.694631188132160560e+01
-6.975264545665505977e+01
-7.257034400171575328e+01
-7.545170570923646380e+01
-7.851199470678584191e+01
-8.187210536612791145e+01
-8.555305332588234535e+01
-8.935800751057560376e+01
-9.279039652325992904e+01
-9.504771633307360901e+01
-9.510845223314409225e+01
-9.190418202768937306e+01
-8.454516539996033941e+01
-7.254014888199984057e+01
-5.594498337937980637e+01
-3.539288698674225486e+01
-1.199690569336100765e+01
1.284755809969408702e+01
3.770618569923223617e+01
6.132647383967672283e+01
8.277287587004833824e+01
1.014503679728140639e+02
1.170436345155749081e+02
1.294340032289926228e+02
1.386517312083883269e+02
1.448835979134250351e+02
1.485087353345771248e+02
1.501064960209301375e+02
1.503875435640148339e+02
1.500425322503506322e+02
1.495590267664502448e+02
1.490923541830414933e+02
1.484631761484509980e+02
1.472920731618509649e+02
1.452017875314264188e+02
1.419771670771318668e+02
1.376067310542282485e+02
1.322100247019033645e+02
1.259155908620813733e+02
1.187615917513855806e+02
1.106621998023941273e+02
1.014461820689927833e+02
9.094327166796026063e+01
7.907793465668298438e+01
6.593668824776840154e+01
5.179603546215061272e+01
3.711304095088506472e+01
2.248295325817352364e+01
8.568571065526445096e+00
-3.990572764578093512e+00
-1.467853629164900298e+01
-2.319905013666980409e+01
-2.954625809587721008e+01
-3.402258130962297145e+01
-3.718221405291890846e+01
-3.970339977820093935e+01
-4.222553856240756431e+01
-4.520389242953074671e+01
-4.882261510962811002e+01
-5.298394900745935132e+01
-5.737909795345677821e+01
-6.163409120908279704e+01
-6.549036938174128863e+01
-6.894025093022797535e+01
-7.223735305636651560e+01
-7.575931723446075239e+01
-7.978021951556146973e+01
-8.426254631904993175e+01
-8.877819896013171785e+01
-9.261601913602929415e+01
-9.504771633307360901e+01
-9.564209701843373068e+01
-9.448505017751237745e+01
-9.220015920879373539e+01
