-1.721052014399040431e+01
6.436419377694285515e+00
2.565310026366383056e+01
3.721827924571685031e+01
3.984934354061128658e+01
3.430449731662088908e+01
2.289239641633646016e+01
8.630388771782605772e+00
-5.649567119204903065e+00
-1.798347826486652323e+01
-2.758150902421879636e+01
-3.472844934598711575e+01
-4.038205491622998977e+01
-4.565880606289977095e+01
-5.140354305475138119e+01
-5.796889745179851872e+01
-6.522472214147532554e+01
-7.273094129191593993e+01
-7.996828969991956626e+01
-8.652930167629222069e+01
-9.221253809071654928e+01
-9.701761465634336901e+01
-1.010833334587667451e+02
-1.046237043554069572e+02
-1.078924390552727317e+02
-1.111672878037626333e+02
-1.147225799480942072e+02
-1.187684123755503691e+02
-1.233716560203503150e+02
-1.284107586498097362e+02
-1.336180192946008560e+02
-1.387113438233770921e+02
-1.435411309839577712e+02
-1.481453465240300602e+02
-1.526609733233177906e+02
-1.571464657558933027e+02
-1.614400613326606333e+02
-1.651583094556844742e+02
-1.678503790958447155e+02
-1.692335552924419630e+02
-1.693950385564094745e+02
-1.688627501066989112e+02
-1.685035176959991645e+02
-1.692760650388684667e+02
-1.719250308788886059e+02
-1.767293181649827716e+02
-1.834015320224981735e+02
-1.911791468239919993e+02
-1.990729532671932418e+02
-2.061761202659820924e+02
-2.119182105527535782e+02
-2.161832008184711924e+02
-2.192752560786177014e+02
-2.217669775455615593e+02
-2.242813560262611077e+02
-2.272577202135171319e+02
-2.307528772014182437e+02
-2.343289230643958092e+02
-2.370668831352255950e+02
-2.377120782237561230e+02
-2.349096863724749653e+02
-2.274566777947205196e+02
-2.145037705486675179e+02
-1.956759386253334583e+02
-1.711111898310743982e+02
-1.414319647117133627e+02
-1.076662103770165544e+02
-7.113133544603124392e+01
-3.329083728950040211e+01
4.402282293472815411e+00
4.065310177153783400e+01
7.444173502075467752e+01
1.051001257717837092e+02
1.323487554827085830e+02
1.562863740920539897e+02
1.773119832422645459e+02
1.959674947770556344e+02
2.127340702047257253e+02
2.278627524485766855e+02
2.413211368711302214e+02
2.528798888102211890e+02
2.622856017000082147e+02
2.694250835258120560e+02
2.744044537269807620e+02
2.775208507498632571e+02
2.791530444155231976e+02
2.796211359304868438e+02
2.790711849701672236e+02
2.774304698202630561e+02
2.744491542033845235e+02
2.698055561812964243e+02
2.632296032379864528e+02
2.546056051867237215e+02
2.440398480324131754e+02
2.318948408203635552e+02
2.187849131364408777e+02
2.055123896698048327e+02
1.929310662606859239e+02
1.817621956551189726e+02
1.724288001342072221e+02
1.649795399276127057e+02
1.591329924617876088e+02
1.544131309933680996e+02
1.503094013171336201e+02
1.464028421129562787e+02
1.424355592115179547e+02
1.383269290890255547e+02
1.341425400792205096e+02
1.300220898753293852e+02
1.260870631352756277e+02
1.223637518377785796e+02
1.187522021668085728e+02
1.150510388650706375e+02
1.110266289048636281e+02
1.064958185116918372e+02
1.013780619649200929e+02
9.568407121075969712e+01
8.945122165155926552e+01
8.267891909139083850e+01
7.531875220750693245e+01
6.733122268712517666e+01
5.876867748147681425e+01
4.982172531051446640e+01
4.078763194760916377e+01
3.196772800600471953e+01
2.354497064247246385e+01
1.550660771446609054e+01
7.655276250127026394e+00
-2.899602811227826038e-01
-8.541850339876722487e+00
-1.710769969502480237e+01
-2.573529239288730608e+01
-3.398271832209981369e+01
-4.139566436792163273e+01
-4.771618804835822658e+01
-5.302188855251408484e+01
-5.772206204566674614e+01
-6.240622818412751371e+01
-6.761436126488422360e+01
-7.363359459856840772e+01
-8.040153350358187367e+01
-8.753396039327462574e+01
-9.444248091267374434e+01
-1.004948827321090761e+02
-1.051860730728577948e+02
-1.082958843238619551e+02
-1.099950236286836542e+02
-1.108456084151759455e+02
-1.116652834284385278e+02
-1.132865358341685322e+02
-1.163034423016885341e+02
-1.209096595890832191e+02
-1.268846744711699444e+02
-1.337121049285611889e+02
-1.407606101225246391e+02
-1.474530872368777636e+02
-1.533822768456996357e+02
-1.583646733317582118e+02
-1.624392223777925608e+02
-1.658198664503557040e+02
-1.688147161479229510e+02
-1.717349741786233039e+02
-1.748280645117682468e+02
-1.782631872657589156e+02
-1.821632446287470941e+02
-1.866384950811730619e+02
-1.917736942604143735e+02
-1.975596858884181302e+02
-2.038112007461917017e+02
-2.101389782313278545e+02
-2.160261786043423342e+02
-2.209982389943953933e+02
-2.248079851870577386e+02
-2.275373745783432184e+02
-2.295599260253787861e+02
-2.313736433835172761e+02
-2.333573240050165225e+02
-2.355214311594581886e+02
-2.373361544830483751e+02
-2.377120782237561230e+02
-2.351603160703544688e+02
-2.280894306898414641e+02
-2.151537096916756866e+02
-1.955677839306761996e+02
-1.693241639202483952e+02
-1.372694346659039013e+02
-1.010093590929176344e+02
-6.263862612736565438e+01
-2.434035531356364856e+01
1.203746448410624303e+01
4.528564745566377781e+01
7.490868498296660505e+01
1.009676247155963864e+02
1.238019284233252364e+02
1.437835297207389544e+02
1.612028831962909408e+02
1.762866672253238391e+02
1.892738850210039914e+02
2.004696816891473645e+02
2.102361335663946704e+02
2.189262631407259505e+02
2.267976526536555184e+02
2.339487001611540222e+02
2.403050694056838097e+02
2.456574004697308737e+02
2.497308315967730721e+02
2.522604335824341604e+02
2.530483643810605940e+02
2.519833872897986282e+02
2.490180128283640215e+02
2.441237328502027140e+02
2.372606230705272310e+02
2.283857353509707195e+02
2.174963075355368574e+02
2.046870133832856027e+02
1.902046455852104998e+02
1.744908757924986844e+02
1.581980451520306303e+02
1.421543260615629265e+02
1.272645694852548957e+02
1.143633626727976917e+02
1.040647704925797683e+02
9.665710016195325238e+01
9.206856103446837380e+01
8.989672473338715974e+01
8.947481471488399052e+01
8.995657505663261588e+01
9.042706217212344200e+01
9.005361494620537144e+01
8.826063862237973012e+01
8.486998170668073271e+01
8.013795693309505452e+01
7.465560492166181916e+01
6.914128448690240702e+01
6.420596752503489313e+01
6.017833983991415181e+01
5.703702466859867570e+01
5.444577374124531843e+01
5.186335564760372563e+01
4.870368328954526049e+01
4.452010884770385246e+01
3.916591474598232026e+01
3.286593148616077542e+01
2.615139650907573454e+01
1.966475695821769065e+01
1.391031839499196643e+01
9.070936924090792886e+00
4.992860765466790696e+00
1.356692456878860753e+00
-2.053351924255014893e+00
-5.132837256154726191e+00
-7.426064837551013653e+00
-8.322784433936732285e+00
-7.406887834215545752e+00
-4.795431172924761398e+00
-1.298367428716691307e+00
1.695479330506920235e+00
2.584741980918970228e+00
5.657888296667579198e-02
-6.438488052835047881e+00
-1.639887117199435096e+01
-2.829991205811526811e+01
