-8.031054995939189922e+00
-5.039580239625185953e+01
-8.505268345863598256e+01
-1.063315311162998569e+02
-1.117804196660981688e+02
-1.022895986144785780e+02
-8.128152248572251892e+01
-5.343496447727697785e+01
-2.342341963010402495e+01
5.013433290561057021e+00
2.954080644299708780e+01
4.926546695664353592e+01
6.444891689533636736e+01
7.604982026780552928e+01
8.525177222847194969e+01
9.309944706203455667e+01
1.003054805087759149e+02
1.072227863679360809e+02
1.139271805221728044e+02
1.203382407538130110e+02
1.263211025332626889e+02
1.317441609069524020e+02
1.364971811914937518e+02
1.404863671196811481e+02
1.436197488723198035e+02
1.457924824461895810e+02
1.468838744258562201e+02
1.467765866312108756e+02
1.453946094064858130e+02
1.427382300981895469e+02
1.388903962842667852e+02
1.339884521888985773e+02
1.281826767247690668e+02
1.216117173077218752e+02
1.144074735298324867e+02
1.067180609269912281e+02
9.872946319870926857e+01
9.067588816559457143e+01
8.283972092286992961e+01
7.554070022824041075e+01
6.910509060128651981e+01
6.380689012977866525e+01
5.979163092462937357e+01
5.701428129643824150e+01
5.522582459748861083e+01
5.402296202491092458e+01
5.294570364836967258e+01
5.158831948242892906e+01
4.968839762432416762e+01
4.716949021882619064e+01
4.412739357433067511e+01
4.076855619264147634e+01
3.732792503344818158e+01
3.399877317079193517e+01
3.089150138569301873e+01
2.801797269861681627e+01
2.529394453080274019e+01
2.256165953661281165e+01
1.963661916641293459e+01
1.636948890274840807e+01
1.269931812104242752e+01
8.672783835599927826e+00
4.419634939991659905e+00
9.828501433597747194e-02
-4.158590787396271082e+00
-8.271960670040083841e+00
-1.221130451910040549e+01
-1.597235289696714133e+01
-1.956172154569416222e+01
-2.299986870653497562e+01
-2.633390721250609090e+01
-2.964467103564753359e+01
-3.304057602631137058e+01
-3.663987737389817312e+01
-4.054413518714306974e+01
-4.480359285506278155e+01
-4.937781722064895007e+01
-5.410564780277310604e+01
-5.870897850430226583e+01
-6.284786983822381501e+01
-6.621589097928546153e+01
-6.863607781136033736e+01
-7.011436673882049320e+01
-7.083043313862458490e+01
-7.107725380628373557e+01
-7.118080745085683247e+01
-7.143058911857799842e+01
-7.203535582271345561e+01
-7.310241341535032689e+01
-7.463412128892197472e+01
-7.654028758842611069e+01
-7.866931720850922716e+01
-8.085525982686529289e+01
-8.296437597373042649e+01
-8.491815714319679387e+01
-8.668196528440951454e+01
-8.823223262503493913e+01
-8.952975642684017998e+01
-9.052104266317384429e+01
-9.117093230795661896e+01
-9.150960123976891225e+01
-9.166372952470916857e+01
-9.184444748830759409e+01
-9.228824450098696275e+01
-9.317783648228521542e+01
-9.458342229293334924e+01
-9.645014849489271569e+01
-9.862843318600879172e+01
-1.009228382928541805e+02
-1.031346722156376075e+02
-1.050891324227499126e+02
-1.066547143895221836e+02
-1.077660573101306056e+02
-1.084490056242060803e+02
-1.088312887422819699e+02
-1.091185711882903604e+02
-1.095273000182381224e+02
-1.101862110215627411e+02
-1.110378147434391849e+02
-1.117804196660981688e+02
-1.118829985128502358e+02
-1.106780494762285798e+02
-1.075019943985447526e+02
-1.018286775678405149e+02
-9.334913894476291318e+01
-8.198460618847710180e+01
-6.785459219217526083e+01
-5.123389626084191661e+01
-3.251998028736309010e+01
-1.221440531025653797e+01
9.088228981666915729e+00
3.071686062899964398e+01
5.196311879081136453e+01
7.215111919267141616e+01
9.072345776387362548e+01
1.073123882703793157e+02
1.217679085817945008e+02
1.341300368283046964e+02
1.445533181778997687e+02
1.532153496071581458e+02
1.602556106603220769e+02
1.657778582296876095e+02
1.699096132548505977e+02
1.728715056753315196e+02
1.749974208214401017e+02
1.766760279680679844e+02
1.782378363801381624e+02
1.798485863970339551e+02
1.814606374558586026e+02
1.828324535560859090e+02
1.835923369914778789e+02
1.833190830747862208e+02
1.816261040359019887e+02
1.782420797588841879e+02
1.730759328464005193e+02
1.662507151878460547e+02
1.580970627444258412e+02
1.491076335096314835e+02
1.398652182243473021e+02
1.309643907180308702e+02
1.229418579355610603e+02
1.162168021286688742e+02
1.110355102312118873e+02
1.074234797930835441e+02
1.051641876893777976e+02
1.038297715801218715e+02
1.028730812276530173e+02
1.017587970041310967e+02
1.000882753994178103e+02
9.767768995934397935e+01
9.457371754758253246e+01
9.101380177947778805e+01
8.734953846023221047e+01
8.395414805106618417e+01
8.113025433664500952e+01
7.902837041201811985e+01
7.759053007493679388e+01
7.654431318206476931e+01
7.546877213468025047e+01
7.392387898448086503e+01
7.159727506616918902e+01
6.840606768931986892e+01
6.450899674370774051e+01
6.022454525761388311e+01
5.589342580040223396e+01
5.174984771908735581e+01
4.786077152848513094e+01
4.415425913104535027e+01
4.050646745103608737e+01
3.682685884396164511e+01
3.309380657181088026e+01
2.933374339816544563e+01
2.557504801655280602e+01
2.182060118344619326e+01
1.806337440917193859e+01
1.432983768794951551e+01
1.070718991238308071e+01
7.319738627311297208e+00
4.263365734744880342e+00
1.547257872736977902e+00
-9.094024369750179915e-01
-3.220703593550368282e+00
-5.457114377930849969e+00
-7.599750754906075656e+00
-9.552747768068751810e+00
-1.120334172666766293e+01
-1.249280729256261324e+01
-1.345880161349873916e+01
-1.423019322567910194e+01
-1.498399234104405053e+01
-1.589042495659434096e+01
-1.706877730730336751e+01
-1.856371444676641502e+01
-2.034349738092908311e+01
-2.232025025432993104e+01
-2.439004436260544040e+01
-2.648128374079833947e+01
-2.858888545588811070e+01
-3.077194865245499500e+01
-3.311126577456989395e+01
-3.565006661504411056e+01
-3.835487711632212182e+01
-4.112126405560434961e+01
-4.382253518467950215e+01
-4.637823576554742289e+01
-4.881115643597887299e+01
-5.126375250887441126e+01
-5.395868736960696310e+01
-5.711490263066007600e+01
-6.085757626810956111e+01
-6.516763709776701319e+01
-6.989715969938204410e+01
-7.484297464705420566e+01
-7.984117743417388624e+01
-8.483263081506171943e+01
-8.985865589634759942e+01
-9.497689611463806614e+01
-1.001304770582478909e+02
-1.050360272056948503e+02
-1.091553929920440140e+02
-1.117804196660981688e+02
-1.122089092746199981e+02
-1.099458587307255470e+02
-1.048461507589572932e+02
-9.713654319964460626e+01
-8.731305766007849911e+01
-7.597362377490357233e+01
-6.367280070981738760e+01
-5.085979297570494850e+01
-3.790701702427356423e+01
-2.519057963005878875e+01
-1.316423224285810711e+01
-2.374165952405750346e+00
6.612103152560413477e+00
1.335013659400866715e+01
1.768116173942005886e+01
1.983037166240078264e+01
2.037024444996594852e+01
2.003794719836399452e+01
1.947531436862574594e+01
1.900934853053944096e+01
1.858081328231497409e+01
