-4.965783630605235999e+01
-3.851443492888177644e+01
-2.930181642647618645e+01
-2.357665812366721170e+01
-2.227181709627159734e+01
-2.558545076262433682e+01
-3.299643500164776810e+01
-4.337236741104951676e+01
-5.515681549875343137e+01
-6.663600027062726383e+01
-7.627090628169487729e+01
-8.304052380123171417e+01
-8.669687334697039205e+01
-8.782212464784495864e+01
-8.763197302379569464e+01
-8.757133531195752596e+01
-8.884126011557354730e+01
-9.202522566890669964e+01
-9.693726881456792910e+01
-1.027269664978448276e+02
-1.081913712547021049e+02
-1.121873554972840594e+02
-1.140147216373754162e+02
-1.136459595296756930e+02
-1.117135570254626344e+02
-1.092449997787602456e+02
-1.072515971631081442e+02
-1.063621898151706233e+02
-1.066705285644743810e+02
-1.078428003844684611e+02
-1.093944688935028324e+02
-1.109738130159615253e+02
-1.125118920475427728e+02
-1.141910757234497993e+02
-1.162853643267492885e+02
-1.189766545958844972e+02
-1.222372785613022614e+02
-1.258182710409639782e+02
-1.293307679158706094e+02
-1.323735161714121205e+02
-1.346459307411864756e+02
-1.359987196235369709e+02
-1.364185365010023361e+02
-1.359952498267548151e+02
-1.349258307084188857e+02
-1.335461894131960037e+02
-1.323107823532313319e+02
-1.316461436929119202e+02
-1.316989118807472892e+02
-1.320938427329488718e+02
-1.318260078171537373e+02
-1.293412778551737006e+02
-1.227824747916158685e+02
-1.103425500297618953e+02
-9.066184812173700891e+01
-6.320178206738710003e+01
-2.851095150212375273e+01
1.170733786776211360e+01
5.479056323116304128e+01
9.757112304571597861e+01
1.369871548918004009e+02
1.706707493516859415e+02
1.973373400284294235e+02
2.168880999377031458e+02
2.302486547263303009e+02
2.390371808870074517e+02
2.451635381238310458e+02
2.504322761798879640e+02
2.561951985159050196e+02
2.630975659633647297e+02
2.709775154551776950e+02
2.789753345774972786e+02
2.858543024910369468e+02
2.904381882685167966e+02
2.919972509135233167e+02
2.904327606793513041e+02
2.862209124571979828e+02
2.802028302549318823e+02
2.733545754770840404e+02
2.666116473181875790e+02
2.607242075417048000e+02
2.560889132982010779e+02
2.525727611100585364e+02
2.494290765787199859e+02
2.454070758064218580e+02
2.390682341016427017e+02
2.292122497394302343e+02
2.152535800561560109e+02
1.974131551494934911e+02
1.766796863207848389e+02
1.545850855093929965e+02
1.328784881749179476e+02
1.131827882614059462e+02
9.670849822605794088e+01
8.408400005209232120e+01
7.532890953637280518e+01
6.996047050917539423e+01
6.719405369542874951e+01
6.617578127302121516e+01
6.617795750758156714e+01
6.671124367167652736e+01
6.754501967382923056e+01
6.864919966766890980e+01
7.007737327027311380e+01
7.182198712910761174e+01
7.368702012537775659e+01
7.522668566923283606e+01
7.578560733908946645e+01
7.464891220967317054e+01
7.126862952589792144e+01
6.548647316099425097e+01
5.765289467722990935e+01
4.857423458544877803e+01
3.929534483013863166e+01
3.080035266454814646e+01
2.374691848016905737e+01
1.832954342408209669e+01
1.430990271002185210e+01
1.118239668034114942e+01
8.393931202473261521e+00
5.529107662235240639e+00
2.400029406503151108e+00
-9.730117268541249587e-01
-4.457840107845655098e+00
-7.929672986804774837e+00
-1.136390203150196498e+01
-1.486580030674916486e+01
-1.861918331205046684e+01
-2.277166102075224785e+01
-2.731539448837901318e+01
-3.203522648524833016e+01
-3.656141010876149267e+01
-4.050410170433150370e+01
-4.360610936374391144e+01
-4.584896104079503232e+01
-4.746977974631435870e+01
-4.887637066315079437e+01
-5.048499766860076932e+01
-5.254636666196606143e+01
-5.504606190775901098e+01
-5.773669890368938695e+01
-6.028706100188153982e+01
-6.246732636975212927e+01
-6.427268363343921465e+01
-6.592516270383887900e+01
-6.775992798111332149e+01
-7.005706629316830458e+01
-7.289481703238558907e+01
-7.608433817849413572e+01
-7.921819730980612917e+01
-8.182116178744109902e+01
-8.353694844845890088e+01
-8.425813106517639994e+01
-8.414375497132976989e+01
-8.354740809765647214e+01
-8.292460874749082222e+01
-8.276071253435029007e+01
-8.350710064693222989e+01
-8.550674942828604230e+01
-8.892514473614374992e+01
-9.371597562228097900e+01
-9.962433039581455319e+01
-1.062100384926438323e+02
-1.128933028277684514e+02
-1.190492786763198012e+02
-1.241559568449167443e+02
-1.279390433640682261e+02
-1.304220346059834696e+02
-1.318260078171537373e+02
-1.323510962230466816e+02
-1.319388925959905805e+02
-1.301136216347340451e+02
-1.259514931502551462e+02
-1.181993660926588916e+02
-1.055486392985521320e+02
-8.702190353432183656e+01
-6.235183278343778568e+01
-3.219661089816834476e+01
1.906955937484376307e+00
3.783907870925673222e+01
7.333249100318815294e+01
1.064019454411335062e+02
1.356477115207764541e+02
1.603812699106118771e+02
1.805902988124649653e+02
1.967953601884045725e+02
2.098510405579371252e+02
2.207289342720175682e+02
2.303077088306920359e+02
2.391954737166155667e+02
2.476132235490836706e+02
2.553603706749782702e+02
2.618704157746778947e+02
2.663609161429718597e+02
2.680696961673573924e+02
2.665252006771120250e+02
2.617542735587322795e+02
2.543431703749405699e+02
2.453356975796978645e+02
2.360132570334277773e+02
2.276150186680145566e+02
2.210465114855154241e+02
2.166309799605128887e+02
2.139762006983981451e+02
2.120219410726123783e+02
2.092808503260142459e+02
2.042128282012528757e+02
1.956181175938106662e+02
1.829211064357471344e+02
1.662580328288824774e+02
1.463678388667004242e+02
1.243624150947472629e+02
1.014669725187883813e+02
7.878981999389927182e+01
5.716201038984358007e+01
3.708877050635504702e+01
1.882743725915397803e+01
2.539271259561484584e+00
-1.158399621585728134e+01
-2.329427043821992527e+01
-3.236834444817642265e+01
-3.874282384291903014e+01
-4.262433865431374613e+01
-4.451102238640089581e+01
-4.511031587742327531e+01
-4.519521779504910342e+01
-4.546554544216782290e+01
-4.645790225799778739e+01
-4.850542650591060578e+01
-5.172530910200900678e+01
-5.602019712128844020e+01
-6.109909228406600334e+01
-6.653213403642908474e+01
-7.184691999018477304e+01
-7.665647517096117269e+01
-8.078601192324441627e+01
-8.434771783014051039e+01
-8.771721918994748535e+01
-9.140156049411091033e+01
-9.584135830868737571e+01
-1.012261333892972601e+02
-1.073993010629069573e+02
-1.138925428944079954e+02
-1.200760669843138686e+02
-1.253579435274759959e+02
-1.293355811963604083e+02
-1.318260078171537373e+02
-1.327827799360350411e+02
-1.321939397142170378e+02
-1.300699508564503049e+02
-1.265486577328419457e+02
-1.220320953318334176e+02
-1.172230527505299449e+02
-1.129835510456181282e+02
-1.100501495694593075e+02
-1.087387574351507169e+02
-1.087979279563996897e+02
-1.095053865171969392e+02
-1.099769241316020612e+02
-1.095434017377442046e+02
-1.080202639292708255e+02
-1.057530631499171392e+02
