-6.772731268466245069e+01
-5.960159824795466932e+01
-5.389483149123796579e+01
-5.226279638607258704e+01
-5.520979440917156467e+01
-6.208218263705586537e+01
-7.144164422637086886e+01
-8.162709883682595091e+01
-9.127808416415753356e+01
-9.965617683748473610e+01
-1.067065508311531801e+02
-1.128926400372385217e+02
-1.188967696755958201e+02
-1.253093860365870427e+02
-1.324204569991308631e+02
-1.401767751313305439e+02
-1.482951455468464701e+02
-1.564511424531067405e+02
-1.644326003924227848e+02
-1.721843710327920576e+02
-1.797541352033618693e+02
-1.872096556106556307e+02
-1.945926934724734281e+02
-2.019270511809566813e+02
-2.092528657574762576e+02
-2.166404286120226459e+02
-2.241543404350330206e+02
-2.317856531113439758e+02
-2.394065281754068053e+02
-2.467890826407911220e+02
-2.536785983252271990e+02
-2.598734717467680184e+02
-2.652728671829059408e+02
-2.698897474552434232e+02
-2.738504774883367645e+02
-2.773927143362400329e+02
-2.808467197661348678e+02
-2.845708997974954855e+02
-2.888240118151969114e+02
-2.935853043236487565e+02
-2.983632188452790501e+02
-3.020530227135132009e+02
-3.029083585823407248e+02
-2.986725247155657712e+02
-2.868709195478895708e+02
-2.652186475309843559e+02
-2.320732909825083823e+02
-1.868576310844938746e+02
-1.303669994832055750e+02
-6.486400528857552672e+01
6.116485795821766658e+00
7.825751812561262000e+01
1.471521893272955310e+02
2.090272712916443538e+02
2.613068019619180404e+02
3.028699011772973790e+02
3.339571232029668408e+02
3.557970368769401830e+02
3.701077967412554699e+02
3.786391497779600286e+02
3.828616999181747929e+02
3.838272343481276607e+02
3.821664638784297381e+02
3.781732058951120621e+02
3.719280773781258063e+02
3.634223015866824653e+02
3.526525984278547412e+02
3.396741521779123900e+02
3.246158450277061434e+02
3.076730925808975599e+02
2.890925899849401617e+02
2.691512997949315036e+02
2.481242967554810548e+02
2.262446676835087374e+02
2.036725087997446053e+02
1.804907382615648714e+02
1.567318091413484353e+02
1.324242539767699043e+02
1.076415561481395287e+02
8.253912251405563438e+01
5.737159008202789323e+01
3.248589395416091463e+01
8.289354887349745127e+00
-1.479680138945901291e+01
-3.637958763953959362e+01
-5.612264678018910757e+01
-7.377006965684761042e+01
-8.917939910132335513e+01
-1.023635697286500204e+02
-1.135220937725202077e+02
-1.230295761927164477e+02
-1.313570448416140266e+02
-1.389375825919752288e+02
-1.460357291931457553e+02
-1.526968383756108096e+02
-1.588108935495020546e+02
-1.642520768445191948e+02
-1.690102033613902961e+02
-1.732470750286647672e+02
-1.772683230215693300e+02
-1.814466400040339238e+02
-1.861359049554663159e+02
-1.915966096069730042e+02
-1.979424363126973105e+02
-2.051183849070776546e+02
-2.129186539234802922e+02
-2.210436236770204914e+02
-2.291837215723576548e+02
-2.371069797846019753e+02
-2.447197117790073264e+02
-2.520701655196714910e+02
-2.592804903012790874e+02
-2.664262886366013277e+02
-2.734208830828548571e+02
-2.799742338568618152e+02
-2.856643632392634231e+02
-2.900941785590863446e+02
-2.930546600341207295e+02
-2.946195209597321991e+02
-2.951480080499294445e+02
-2.952169791101433134e+02
-2.955003186378651208e+02
-2.965798775644563534e+02
-2.986657842700176388e+02
-3.012628725658877897e+02
-3.029083585823407248e+02
-3.011403019985687024e+02
-2.927930199305786800e+02
-2.745928108653629351e+02
-2.439193444204704235e+02
-1.995341964722210264e+02
-1.420654046844177287e+02
-7.408173251689876793e+01
3.000150487310051517e-01
7.618218717556810304e+01
1.488096729331015240e+02
2.143857111770356028e+02
2.705644039772230940e+02
3.165207951707531038e+02
3.526432962745851114e+02
3.800130381146300920e+02
3.998816766833836596e+02
4.133174674949647738e+02
4.210893247109019057e+02
4.237544895212025153e+02
4.218500817980042825e+02
4.160740815468661253e+02
4.073674262234184198e+02
3.968610279631365643e+02
3.857096013492927682e+02
3.748732389785549799e+02
3.649145771592809524e+02
3.558636324400330295e+02
3.471844592123769075e+02
3.378672423596369754e+02
3.266527610582124339e+02
3.123555671765220723e+02
2.941998251121985390e+02
2.720568645560622372e+02
2.465002966699827311e+02
2.186594920629369767e+02
1.899247232663053921e+02
1.616112236558189181e+02
1.347028761250593334e+02
1.097564598290748421e+02
8.696797892518175388e+01
6.632633967966813771e+01
4.775369270681371603e+01
3.116923287718621793e+01
1.647905390373641410e+01
3.539938872340897547e+00
-7.851373672747179455e+00
-1.792270457745268430e+01
-2.686943641095985669e+01
-3.482884486595082763e+01
-4.191823349282559263e+01
-4.830997282860072062e+01
-5.427865602991927574e+01
-6.018530298349637064e+01
-6.642388458840731857e+01
-7.336966723489803144e+01
-8.132947024985338658e+01
-9.046931423256245353e+01
-1.007263036852934590e+02
-1.117609980525381275e+02
-1.230129058918243743e+02
-1.338682588523371351e+02
-1.438731155892210722e+02
-1.528840810823060963e+02
-1.610782842223063938e+02
-1.688263676568977019e+02
-1.765083688500018013e+02
-1.843711543435880742e+02
-1.924830387437583568e+02
-2.007736467421587747e+02
-2.091028712300965822e+02
-2.173088301995827578e+02
-2.252276248188500745e+02
-2.327146119002771911e+02
-2.396933121939980538e+02
-2.462198991816100602e+02
-2.525188680850439482e+02
-2.589503454391043533e+02
-2.659019683010097879e+02
-2.736268627944278364e+02
-2.820599111793641214e+02
-2.906483830449450352e+02
-2.982402342177662717e+02
-3.030750273310536613e+02
-3.029083585823407248e+02
-2.952782612073671089e+02
-2.778982978389710752e+02
-2.491264677394169098e+02
-2.084093451747263543e+02
-1.565688526277360495e+02
-9.582298892158115677e+01
-2.950938858004366239e+01
3.842832747098059087e+01
1.040641174815515342e+02
1.640713538874196331e+02
2.161362275517273588e+02
2.591335689673152274e+02
2.930541783030454326e+02
3.187218321391976019e+02
3.373890498770239219e+02
3.503419207115932181e+02
3.586387138130643848e+02
3.630420121247253178e+02
3.641164545072374494e+02
3.624031755043451994e+02
3.585663510161825798e+02
3.534282527588957805e+02
3.478573856541422629e+02
3.425423712309604980e+02
3.377511966886382879e+02
3.332039651722490134e+02
3.281469379206955637e+02
3.216158447435445851e+02
3.127750234053848999e+02
3.011829687891245158e+02
2.868835024554908841e+02
2.703136660056004530e+02
2.520956415335517420e+02
2.328105352333323879e+02
2.128414329020189086e+02
1.923367809712624421e+02
1.712954705737311656e+02
1.497280451407872874e+02
1.278212968659205160e+02
1.060345701273646171e+02
8.508500550474997226e+01
6.582639829477932381e+01
4.906828422358526609e+01
3.539259575042245842e+01
2.500914756758735535e+01
1.768103965458604421e+01
1.275659527777630586e+01
9.331074597538780324e+00
6.506387743861857587e+00
3.656280954910123171e+00
5.911972074858553583e-01
-2.440230741902169598e+00
