4.738797538222314643e+00
1.470029059131686040e+02
2.699520785780008509e+02
3.593604806369201583e+02
4.090241118158665472e+02
4.209699584088004372e+02
4.032568043485917997e+02
3.665895386278222645e+02
3.210612321051823983e+02
2.739392205294611813e+02
2.288317554119881265e+02
1.860664514838685193e+02
1.438258861840286613e+02
9.952858129442452650e+01
5.103594783851862360e+01
-2.576718588482485472e+00
-6.077552504969702341e+01
-1.217861936428117531e+02
-1.831028104957041478e+02
-2.420698925691641534e+02
-2.963521298575042238e+02
-3.442065790778672181e+02
-3.845868963088171881e+02
-4.171585442395923451e+02
-4.422644364609334957e+02
-4.608178286182427996e+02
-4.740923190985959081e+02
-4.834356319722285207e+02
-4.899969097199448242e+02
-4.945677796541823454e+02
-4.975838294279955676e+02
-4.992524515257877056e+02
-4.997186670573043443e+02
-4.991840920010028526e+02
-4.979442673810124234e+02
-4.963643790355631609e+02
-4.948399684286246156e+02
-4.937825150966028787e+02
-4.936390986815289352e+02
-4.949187070341402546e+02
-4.981815574128572166e+02
-5.039659662682000771e+02
-5.126662810790195408e+02
-5.244056894410645100e+02
-5.389470359813609548e+02
-5.556618621301183794e+02
-5.735642486893631258e+02
-5.914185094177535120e+02
-6.079215350723794700e+02
-6.219303184588230806e+02
-6.326768074860859770e+02
-6.399107925379144035e+02
-6.439375214391355939e+02
-6.455527873594946868e+02
-6.459024412767649892e+02
-6.462871260548000691e+02
-6.478995522204911595e+02
-6.514613361487631664e+02
-6.567641711079933202e+02
-6.622078789053872470e+02
-6.645077596350173508e+02
-6.587616396849610965e+02
-6.390010485148039834e+02
-5.992096786116053408e+02
-5.346198494595614648e+02
-4.429649753305903914e+02
-3.253290151540080046e+02
-1.863094472546344491e+02
-3.339178979901016930e+01
1.243179383769956701e+02
2.776413380742247909e+02
4.187283359598691845e+02
5.419916830794268208e+02
6.444540660790210040e+02
7.255619827055004407e+02
7.866301049219721335e+02
8.301303277239439922e+02
8.590273597338718901e+02
8.762845557760534803e+02
8.845603718046797894e+02
8.860477808916544973e+02
8.824001288480185394e+02
8.747180031554862580e+02
8.636049984621758995e+02
8.492982909055067466e+02
8.318391427442655868e+02
8.112171792816274092e+02
7.874426484918650431e+02
7.605488512413560329e+02
7.305525121075424977e+02
6.973974148865212328e+02
6.609048816525754546e+02
6.207633961267985114e+02
5.765902307913629556e+02
5.280749740639603260e+02
4.751761688013003777e+02
4.183091515823425084e+02
3.584528204548139456e+02
2.971222030091093984e+02
2.361981808033993957e+02
1.776573624987371431e+02
1.232773826503227781e+02
7.439193078732490960e+01
3.174481736763222273e+01
-4.539311548411255615e+00
-3.487797005832297259e+01
-6.007814666809166226e+01
-8.115032591678286167e+01
-9.913436215212388447e+01
-1.149722445112451794e+02
-1.294398620852396675e+02
-1.431267228472268584e+02
-1.564424926389235964e+02
-1.696319163935779386e+02
-1.827904385080302916e+02
-1.958897701734468058e+02
-2.088361402183868165e+02
-2.215762797524025984e+02
-2.342301317532358951e+02
-2.471863853599663230e+02
-2.610893201141581130e+02
-2.766933744362534640e+02
-2.946360739660720469e+02
-3.152292595300793892e+02
-3.383631533411028727e+02
-3.635635214641123412e+02
-3.901695173423458982e+02
-4.175430587801376987e+02
-4.452044792241018740e+02
-4.728281535566716229e+02
-5.001171566328877134e+02
-5.266584117802741503e+02
-5.518765428343084523e+02
-5.751373585138760518e+02
-5.959449525757152060e+02
-6.141028735826204183e+02
-6.297186849930662902e+02
-6.430067861422313626e+02
-6.539233403036582786e+02
-6.617152779510579421e+02
-6.645077596350173508e+02
-6.591056955757047717e+02
-6.411909216420741586e+02
-6.059911174441549520e+02
-5.493054547106472683e+02
-4.686103248853052037e+02
-3.639321231892483297e+02
-2.382497184925933311e+02
-9.731151780620264446e+01
5.111442458935434274e+01
1.984084256809280760e+02
3.364367409742424115e+02
4.587632449627667484e+02
5.614537852321592482e+02
6.432855723263257914e+02
7.053525938393661363e+02
7.502552738734946161e+02
7.811731578425415137e+02
8.010978467290002527e+02
8.123903104584743460e+02
8.166868803579444602e+02
8.150582168918463140e+02
8.082643530565811716e+02
7.969697037969650637e+02
7.818559439484530458e+02
7.636353624630261265e+02
7.429920708507893323e+02
7.204792322466933001e+02
6.963992594836612398e+02
6.706992186773885578e+02
6.429262087816767917e+02
6.122918376333346941e+02
5.778635168574717227e+02
5.388364288040128258e+02
4.947915413419078163e+02
4.458488657393868948e+02
3.926719857348264782e+02
3.363439712024733694e+02
2.781878516033575011e+02
2.196079821287591756e+02
1.619741369875284818e+02
1.065171967896337577e+02
5.421383353475498268e+01
5.685262393734703323e+00
-3.884533254600269458e+01
-7.951663534515003562e+01
-1.167249216193988275e+02
-1.509769201725860057e+02
-1.827348074094144579e+02
-2.122998430530628298e+02
-2.397795046761068534e+02
-2.651528072584612232e+02
-2.883988986410039956e+02
-3.096159804127432267e+02
-3.290588546829698657e+02
-3.470681295696349480e+02
-3.639275290125258380e+02
-3.797284041548356868e+02
-3.943188631213798772e+02
-4.073747172994073367e+02
-4.185717960321816236e+02
-4.277897323085623498e+02
-4.352628266569795983e+02
-4.416225439568333400e+02
-4.478231526383700043e+02
-4.549719205898388736e+02
-4.640915366814075469e+02
-4.758496556831207727e+02
-4.903202256526041083e+02
-5.068773601147952377e+02
-5.243166503604893478e+02
-5.412193006944404488e+02
-5.564510316355473378e+02
-5.695993058520614341e+02
-5.811579541855448952e+02
-5.923573620670350692e+02
-6.046586498751861427e+02
-6.190347702675164783e+02
-6.352251602597502824e+02
-6.511723458729228469e+02
-6.628344033601047158e+02
-6.645077596350173508e+02
-6.496828336019601693e+02
-6.123077976245257332e+02
-5.481925994478937127e+02
-4.561948015616521843e+02
-3.388353876818101185e+02
-2.021208077546120307e+02
-5.457721107292198326e+01
9.424618580980731508e+01
2.353834090462117388e+02
3.617415971298751174e+02
4.688042139036960521e+02
5.547201825473885037e+02
6.199529270715779603e+02
6.667178106420153654e+02
6.983548615580612022e+02
7.186820213374417108e+02
7.313502365988251768e+02
7.392716096801411823e+02
7.442437067052685506e+02
7.468805830471109175e+02
7.468687085475888807e+02
7.434383614624694019e+02
7.358543044071200256e+02
7.237419393794880307e+02
7.071739213012965592e+02
6.865742587012312015e+02
6.625609396156920639e+02
6.358165676965300008e+02
6.070046242012957691e+02
5.767046273919079340e+02
5.453362284714118005e+02
5.130545514806983647e+02
4.796180410876249312e+02
4.442738085049030019e+02
4.057668998263335425e+02
3.625932313903864497e+02
3.135201393592365093e+02
2.582283851588852031e+02
1.977968618288668381e+02
1.347507733766158822e+02
