-1.125693006920941031e+01
9.569225796853189081e+01
1.810364546917815858e+02
2.292367227182527927e+02
2.346845811670926878e+02
2.019112617563004051e+02
1.427568811935801421e+02
7.203114195350579507e+01
3.332782449455763185e+00
-5.380682876713697738e+01
-9.501816072630370513e+01
-1.206113524080423076e+02
-1.340725932573067780e+02
-1.402107624620301181e+02
-1.435408220730196263e+02
-1.472692679110138556e+02
-1.529793879920933364e+02
-1.608900782848617155e+02
-1.704351739239469055e+02
-1.808892781327678847e+02
-1.918238356854662641e+02
-2.032776451335590195e+02
-2.156450252830951513e+02
-2.293916608953022660e+02
-2.447553401377252555e+02
-2.615567287242424186e+02
-2.791728449376936965e+02
-2.966663939635046745e+02
-3.130302522153883729e+02
-3.274782628558341457e+02
-3.396838181629947826e+02
-3.498624540258156230e+02
-3.586467026780539413e+02
-3.668001927158859417e+02
-3.749008260441609650e+02
-3.831341699464251747e+02
-3.912792326471885644e+02
-3.988775581622459185e+02
-4.054913807057033637e+02
-4.109148597298063237e+02
-4.152344615383395308e+02
-4.187270201883704885e+02
-4.216729319147528940e+02
-4.241900943429249082e+02
-4.261632171067441277e+02
-4.272907275786140531e+02
-4.272218674491489878e+02
-4.257197471006577416e+02
-4.227780542808619089e+02
-4.186481635440501918e+02
-4.137796951840353472e+02
-4.087082597099309851e+02
-4.039268361837109751e+02
-3.997688678718430992e+02
-3.963322251119789712e+02
-3.934787134052579063e+02
-3.909296034855378821e+02
-3.884359631999244016e+02
-3.859544513527023355e+02
-3.837320353888372892e+02
-3.822163674487480876e+02
-3.817713036990073192e+02
-3.822695984842683856e+02
-3.827054733354675022e+02
-3.809775600137349443e+02
-3.739429687210318320e+02
-3.577668109640214311e+02
-3.285105863675922251e+02
-2.828328748239470087e+02
-2.186407754849928722e+02
-1.355517574229302795e+02
-3.509371173001129307e+01
7.935697040543142577e+01
2.028662988131809755e+02
3.294367443345229276e+02
4.526796486175280734e+02
5.665919737866395280e+02
6.662878595222068725e+02
7.485144195218239247e+02
8.118578408680908751e+02
8.566658350916601421e+02
8.847805962301083582e+02
8.991602171952404206e+02
9.034218453161263369e+02
9.013333198018669918e+02
8.963118139464261276e+02
8.910091163649362898e+02
8.870451906422862294e+02
8.849095124408270294e+02
8.840115317338789964e+02
8.828458877044987503e+02
8.792490001646499422e+02
8.707432656930212715e+02
8.549606837768321839e+02
8.300987546966273385e+02
7.953173327138647437e+02
7.509764699388160807e+02
6.986530657969208278e+02
6.409320408746106068e+02
5.810169079181529241e+02
5.222395685624601356e+02
4.675709019474546153e+02
4.192345434623682650e+02
3.784982820913932073e+02
3.456589053060791912e+02
3.201663633341865989e+02
3.008007883622584586e+02
2.858536025491788450e+02
2.733359287340492756e+02
2.612657975362685647e+02
2.480280561174787692e+02
2.327000335006350724e+02
2.151887935480219483e+02
1.960900124790804284e+02
1.763140428868243248e+02
1.566375726219255853e+02
1.373672466628221969e+02
1.182462645232919272e+02
9.862993326983796294e+01
7.783691576127210965e+01
5.549900786359772553e+01
3.174276742799094109e+01
7.144040577985464324e+00
-1.747973690161779814e+01
-4.131852849712970510e+01
-6.375917468900223639e+01
-8.446898029681329945e+01
-1.033832909904959934e+02
-1.206456168995369467e+02
-1.365459407565894594e+02
-1.514587886811130488e+02
-1.657475282207566352e+02
-1.796223988326574386e+02
-1.930006582193698250e+02
-2.054575302378487436e+02
-2.163312953338275406e+02
-2.249629959838208606e+02
-2.309703421340043406e+02
-2.344359759077744911e+02
-2.359379810345262740e+02
-2.364270467101849249e+02
-2.370158942201006766e+02
-2.387596845463320960e+02
-2.424713357468637014e+02
-2.485774834914775511e+02
-2.570222897788862042e+02
-2.672563926537749808e+02
-2.783549143519510949e+02
-2.892593649189033727e+02
-2.990648594846890092e+02
-3.072459722211308986e+02
-3.137586525431763107e+02
-3.190219211768340983e+02
-3.238108047459057275e+02
-3.290785750639980165e+02
-3.357116587827145509e+02
-3.442330478163575549e+02
-3.545044628818628212e+02
-3.655064157045165416e+02
-3.752689786071844651e+02
-3.809775600137349443e+02
-3.792227144673898351e+02
-3.663511189346102697e+02
-3.389074445896886232e+02
-2.941492317505877168e+02
-2.305852232015353707e+02
-1.484345092396126233e+02
-4.987974637510248499e+01
6.098877252696395601e+01
1.785753470271681635e+02
2.964712425377604177e+02
4.082906872483193865e+02
5.084592989445911826e+02
5.927974133685936522e+02
6.588380541564727082e+02
7.059108572922812073e+02
7.350479848990323717e+02
7.487377608430140299e+02
7.505252395286248657e+02
7.444720751389743327e+02
7.345331738886686708e+02
7.239542542883937131e+02
7.148122955381012389e+02
7.077953405413898054e+02
7.022551488250824150e+02
6.964916367379307758e+02
6.881775348815272082e+02
6.748238291580889836e+02
6.542138540620156846e+02
6.247769134942820983e+02
5.858976638766276892e+02
5.381326584428512660e+02
4.832535493554997288e+02
4.240321667565584107e+02
3.637630182252358964e+02
3.056397112807846952e+02
2.521850666344316210e+02
2.049209074642429584e+02
1.643493125045268073e+02
1.301736651157821143e+02
1.016098249188876537e+02
7.765770642901624399e+01
5.727813834145096905e+01
3.948786896744549324e+01
2.341296547987383292e+01
8.326373643600177843e+00
-6.336229539828401869e+00
-2.100127536064330513e+01
-3.602076866884589634e+01
-5.173719094057297951e+01
-6.849689849933861296e+01
-8.658309035557201128e+01
-1.060971827713511146e+02
-1.268667026953468735e+02
-1.484479400660799797e+02
-1.702264549525502275e+02
-1.915626226701234600e+02
-2.119302048301857440e+02
-2.310269378874733093e+02
-2.488410942891373168e+02
-2.656359571315284711e+02
-2.818221559982906683e+02
-2.977507512050448781e+02
-3.135220065581281688e+02
-3.289003895033666822e+02
-3.433642522523037997e+02
-3.562589239414231770e+02
-3.669959204415692966e+02
-3.752341043970439500e+02
-3.809775600137349443e+02
-3.845421214207688081e+02
-3.863924549717351624e+02
-3.869220137599470490e+02
-3.862947542205342870e+02
-3.844431378601011033e+02
-3.812231698329470646e+02
-3.766279180574744601e+02
-3.709284479037082747e+02
-3.646640166657675195e+02
-3.584968418735596742e+02
-3.530151519138722165e+02
-3.485790280980174884e+02
-3.452694159052276746e+02
-3.429494101931431373e+02
-3.414010598285278775e+02
-3.404778494236276742e+02
-3.402185060664057801e+02
-3.408871320623783276e+02
-3.429160148731526192e+02
-3.467347604909014080e+02
-3.525042112918905559e+02
-3.598407689416257540e+02
-3.676641202280608809e+02
-3.742768908655426685e+02
-3.776954161376141883e+02
-3.761425890718581968e+02
-3.685316328174388900e+02
-3.547513057279012969e+02
-3.356302909855068606e+02
-3.125977618020148157e+02
-2.872143555921499569e+02
-2.608332573909497683e+02
