-3.552112121329877681e+01
-9.488225451035168589e+01
-1.469704674643564317e+02
-1.865843271359645428e+02
-2.118612180269781788e+02
-2.242695043296138806e+02
-2.275718202300703581e+02
-2.263315595918905387e+02
-2.245450614944383005e+02
-2.247713898812523325e+02
-2.278735947408750064e+02
-2.332868163731683637e+02
-2.396161641719518514e+02
-2.453260759888513292e+02
-2.492990247904369028e+02
-2.511161742335824840e+02
-2.510334432885329363e+02
-2.497423228285065022e+02
-2.480568613396480089e+02
-2.466444993972153839e+02
-2.458612087037369633e+02
-2.457073358871926700e+02
-2.458965936341715803e+02
-2.460086708557906263e+02
-2.456712095700322891e+02
-2.447032045454510296e+02
-2.431631242546653482e+02
-2.412838142795862666e+02
-2.393301423207971368e+02
-2.374569555361651965e+02
-2.356436896578945834e+02
-2.337327411192539444e+02
-2.315369854042526185e+02
-2.289520691316034799e+02
-2.260215638810099676e+02
-2.229355506347932305e+02
-2.199736739641650445e+02
-2.174242635464071327e+02
-2.155160540897659587e+02
-2.143826382138066151e+02
-2.140520270221093142e+02
-2.144358210163334206e+02
-2.152936204555574591e+02
-2.161623521453210799e+02
-2.162601589454516215e+02
-2.143992935590368916e+02
-2.089683955353162617e+02
-1.980506537340059481e+02
-1.797053167356867505e+02
-1.523654863671910391e+02
-1.152426645478775811e+02
-6.861657387200598635e+01
-1.392553288713293114e+01
4.636898592302429734e+01
1.091141459630943444e+02
1.709210027464927464e+02
2.286432032754812553e+02
2.797751025407976613e+02
3.226913669899066690e+02
3.567032580088258555e+02
3.819656939799943984e+02
3.993019186104103255e+02
4.100038105483538402e+02
4.156352945339798453e+02
4.178484973350811060e+02
4.182255393750667736e+02
4.181570016746505871e+02
4.187429024743009904e+02
4.206801151865372503e+02
4.241241745289239589e+02
4.285770035790852717e+02
4.328923382597126874e+02
4.354588774155985220e+02
4.345381211124411038e+02
4.286586960346824071e+02
4.169418407726831219e+02
3.992627385775929270e+02
3.762236049634324218e+02
3.489850934879052602e+02
3.190337356706966148e+02
2.879546587102377657e+02
2.572529573631957760e+02
2.282350713721154705e+02
2.019313192589372079e+02
1.790309174134240777e+02
1.598213121412819078e+02
1.441576879137833203e+02
1.315041049828565178e+02
1.210631313835247767e+02
1.119578184364252706e+02
1.033930370924165061e+02
9.473831051442799378e+01
8.552974178693882834e+01
7.544048151660530266e+01
6.428022364564436941e+01
5.204519431743131008e+01
3.897730848502354206e+01
2.555627413094544664e+01
1.237770645617363741e+01
-5.303785881081068965e-02
-1.151537724173875432e+01
-2.215347274893471763e+01
-3.239664501383683159e+01
-4.276076029952589863e+01
-5.362798581891911454e+01
-6.509885902785333656e+01
-7.696428261398865800e+01
-8.879106966230568787e+01
-1.000729358986241095e+02
-1.103825830375812700e+02
-1.194780397533762368e+02
-1.273519170587576923e+02
-1.342342951432291898e+02
-1.405555965895348436e+02
-1.468616795013974183e+02
-1.536752627997407785e+02
-1.613258881075488773e+02
-1.698078184290237118e+02
-1.787359061950162982e+02
-1.874326635933765601e+02
-1.951176999441050839e+02
-2.011292752640399044e+02
-2.051080526963363582e+02
-2.070974137507987507e+02
-2.075389468552073993e+02
-2.071628457158901995e+02
-2.067986210454953948e+02
-2.071584345850141062e+02
-2.086590326976022709e+02
-2.113391497280976807e+02
-2.148986640765347431e+02
-2.188417573326387640e+02
-2.226663501191207786e+02
-2.260296682054740529e+02
-2.288410066512497849e+02
-2.312646864512798004e+02
-2.336342057466696644e+02
-2.362859610454929395e+02
-2.393366576833609827e+02
-2.424556702568864637e+02
-2.447032045454510296e+02
-2.444984746007888532e+02
-2.397533378045749544e+02
-2.281742116919569696e+02
-2.076963113493040680e+02
-1.769635504768985470e+02
-1.357220514894944188e+02
-8.500218594811524042e+01
-2.703525427466848896e+01
3.505854826016894776e+01
9.771628105419702592e+01
1.574077568558300300e+02
2.110586355876668847e+02
2.563744732202952719e+02
2.920494767145396509e+02
3.178589921326899912e+02
3.346313143601397542e+02
3.440819277937337120e+02
3.484981696438048857e+02
3.503038384963215321e+02
3.515931379138337434e+02
3.537566040951794548e+02
3.573000758438925004e+02
3.618913083631186964e+02
3.665899997474258498e+02
3.701614676650004867e+02
3.713695844804987019e+02
3.691892646985405690e+02
3.629334959320119651e+02
3.523146853386357407e+02
3.374544738363075567e+02
3.188452532364904073e+02
2.972647824096408158e+02
2.736527754442646483e+02
2.489726212615767622e+02
2.240930493251462963e+02
1.997204301465210960e+02
1.763924518885551151e+02
1.545196108697277850e+02
1.344420987579273401e+02
1.164652224875148789e+02
1.008526136594473428e+02
8.778370847403044763e+01
7.730006284567734554e+01
6.926556030409983578e+01
6.335702636903718599e+01
5.909193546138924091e+01
5.588780465401787723e+01
5.313504695050401239e+01
5.025944538901461556e+01
4.675763547347325755e+01
4.220702431958899581e+01
3.627028786431615259e+01
2.871922730466738827e+01
1.948516983783270362e+01
8.713730418392939825e+00
-3.214831565698182292e+00
-1.572746253142230444e+01
-2.815994227905504133e+01
-3.988491591866174701e+01
-5.041853788023551886e+01
-5.947248202818799001e+01
-6.695474829467357836e+01
-7.294969917540694837e+01
-7.769919866288073251e+01
-8.157605068625176159e+01
-8.502650013238425686e+01
-8.847781617760078632e+01
-9.223947439463788101e+01
-9.644102569984057993e+01
-1.010342283236710728e+02
-1.058528036580749045e+02
-1.106947634259434210e+02
-1.153898035704917362e+02
-1.198341524759764525e+02
-1.239938935319245701e+02
-1.278831351768974258e+02
-1.315279197700804730e+02
-1.349383177092112760e+02
-1.381125779923017944e+02
-1.410732100762397181e+02
-1.439043222847314496e+02
-1.467573259550343892e+02
-1.498203293798006257e+02
-1.532703382525016877e+02
-1.572273812569231950e+02
-1.617241160620260700e+02
-1.667067545192146270e+02
-1.720787210595906345e+02
-1.777770728092587831e+02
-1.838476281524199862e+02
-1.904761552793937085e+02
-1.979421558632503491e+02
-2.064814588313616355e+02
-2.160728619571223135e+02
-2.262023421345625138e+02
-2.356888454314186276e+02
-2.426559394514976589e+02
-2.447032045454510296e+02
-2.392826253251980972e+02
-2.242228695563105134e+02
-1.982795730882514817e+02
-1.615557755725927223e+02
-1.156618915879354574e+02
-6.356105695397188526e+01
-9.136402718011467528e+00
4.341265110742851618e+01
9.020389944648843539e+01
1.282003665767043969e+02
1.555379572612888239e+02
1.716177757425230368e+02
1.769883336377044714e+02
1.730868642207859978e+02
1.619261017480586702e+02
1.457997646059511396e+02
1.270427547515137121e+02
1.078377555913144761e+02
9.002996703468215856e+01
7.491278895960928708e+01
6.298953928115207646e+01
5.379402242507021015e+01
4.591482103406214321e+01
