-1.937611769733692668e+01
-2.116040735571896647e+01
-2.353620397617721949e+01
-2.682753121469141178e+01
-3.101989659495895779e+01
-3.582991346214271999e+01
-4.088767693717418439e+01
-4.592101479728913915e+01
-5.085052283970045295e+01
-5.576429911963195707e+01
-6.080453157518397234e+01
-6.603840155558197011e+01
-7.138698692659509959e+01
-7.664758061989816440e+01
-8.158868433283355159e+01
-8.605683444952406091e+01
-9.003565538549618452e+01
-9.363666697414201678e+01
-9.704571513335051236e+01
-1.004659385331474937e+02
-1.040842632684801572e+02
-1.080616988748763561e+02
-1.125264532466757998e+02
-1.175473555772367291e+02
-1.230879576838681544e+02
-1.289691759597800740e+02
-1.348726031972022099e+02
-1.403976861004043997e+02
-1.451640000209387438e+02
-1.489312438243452448e+02
-1.516903470186959737e+02
-1.536694856842006800e+02
-1.552188440047266340e+02
-1.565910196766488696e+02
-1.576951889991118776e+02
-1.579347852360357933e+02
-1.562176857425658625e+02
-1.511633328226698438e+02
-1.414547224017697147e+02
-1.262276843230891927e+02
-1.053726497854087256e+02
-7.964569581953988120e+01
-5.054096478042012563e+01
-1.995792833625538876e+01
1.022225644966217217e+01
3.850252194941984385e+01
6.396488164470100912e+01
8.626369536033411123e+01
1.054678328705974195e+02
1.218486939071595572e+02
1.357079728922218749e+02
1.472960453524628122e+02
1.568177661505806384e+02
1.644847052830621408e+02
1.705625965529365828e+02
1.753780716440019205e+02
1.792776078852031674e+02
1.825556339468932663e+02
1.853791543798124053e+02
1.877402965172732934e+02
1.894677070322207157e+02
1.903069598938909053e+02
1.900339004458344903e+02
1.885273881625446109e+02
1.857461198887795035e+02
1.816281017315121460e+02
1.760014427352716666e+02
1.685981283488854956e+02
1.591922099003594440e+02
1.477950186761736120e+02
1.347949845947295557e+02
1.209517523985378489e+02
1.072267753541641326e+02
9.451576566895519704e+01
8.339721886895618752e+01
7.400233052570433756e+01
6.605663727142011510e+01
5.907095874478969932e+01
5.259429927457879472e+01
4.640882490906996338e+01
4.057209413600737236e+01
3.529590769107047521e+01
3.074527056234664713e+01
2.687524705142317316e+01
2.337980480471704681e+01
1.975502723762117796e+01
1.543494302772177207e+01
9.951013153050771720e+00
3.072288166315607860e+00
-5.114233568505753169e+00
-1.421695602067952358e+01
-2.365497624478719629e+01
-3.284234409057812343e+01
-4.137486502380883735e+01
-4.914646768878280625e+01
-5.634592829576714479e+01
-6.333295624262986934e+01
-7.044814191853819807e+01
-7.784402244737367482e+01
-8.541256709656475721e+01
-9.283410510877736499e+01
-9.971326180351137225e+01
-1.057323523532290892e+02
-1.107591835300257515e+02
-1.148807092439782025e+02
-1.183670671885978294e+02
-1.215885167954032937e+02
-1.249148564736291291e+02
-1.286243560519494054e+02
-1.328356305034760112e+02
-1.374624735180961750e+02
-1.421959802880814721e+02
-1.465380827128144006e+02
-1.499167511624706037e+02
-1.518787279577103675e+02
-1.522942416185355512e+02
-1.514717760837054641e+02
-1.501086233083167372e+02
-1.490782843420010693e+02
-1.491276051480640490e+02
-1.505889730289908641e+02
-1.532019391163790658e+02
-1.560963546935037414e+02
-1.579347852360357933e+02
-1.571692388269184448e+02
-1.523489967236314442e+02
-1.424155051686980471e+02
-1.269254502136344058e+02
-1.061517959312748616e+02
-8.103650369566152278e+01
-5.301091651820279083e+01
-2.374019380370534549e+01
5.139268758386339897e+00
3.223638345795650650e+01
5.654701061374410642e+01
7.751098821087421697e+01
9.498931972445130612e+01
1.091800767734929991e+02
1.205043746331939758e+02
1.294979970764596828e+02
1.367312078221579554e+02
1.427526023709243930e+02
1.480334802057918751e+02
1.528990561597230737e+02
1.574675917559424931e+02
1.616435028302255716e+02
1.651918004917716019e+02
1.678636112185351692e+02
1.694955442903618348e+02
1.700206275376260407e+02
1.693986785208462038e+02
1.675335352592928757e+02
1.642428004930930570e+02
1.593004367058999264e+02
1.525325815487174452e+02
1.439297907876471925e+02
1.337307529642576469e+02
1.224314770117172770e+02
1.106982785347513243e+02
9.921230628156003206e+01
8.851353103114824705e+01
7.891116600099155676e+01
7.048678616498578720e+01
6.316408572722355075e+01
5.678942289948636102e+01
5.117763242197162299e+01
4.611551953519025204e+01
4.134944516876352338e+01
3.658890235714557804e+01
3.153748198524060342e+01
2.594045672984183426e+01
1.963189069673146747e+01
1.256969873613622468e+01
4.852164867787449154e+00
-3.290701208286765489e+00
-1.153686052020106168e+01
-1.953994689533044493e+01
-2.700916087923334530e+01
-3.378014427770665407e+01
-3.985863349710763259e+01
-4.542266393808910863e+01
-5.077446924480181423e+01
-5.624662528086794566e+01
-6.208527989982567163e+01
-6.834515910471967004e+01
-7.483214722559273469e+01
-8.112178960849468012e+01
-8.666450193574310390e+01
-9.096019102688238434e+01
-9.375504129555747568e+01
-9.519238277308551233e+01
-9.584846276865555126e+01
-9.661563595649080582e+01
-9.845787490708725898e+01
-1.021225974829533527e+02
-1.079089007257501578e+02
-1.155617757884035370e+02
-1.243154228709525313e+02
-1.330727860473806743e+02
-1.406841287537443179e+02
-1.462640150816365576e+02
-1.494613816027172959e+02
-1.505860535659730033e+02
-1.505185206221006240e+02
-1.503972120666709031e+02
-1.511711008792836139e+02
-1.531787600364964419e+02
-1.559179418725006201e+02
-1.580947481520881297e+02
-1.579347852360357933e+02
-1.536539240877835653e+02
-1.439441893786333821e+02
-1.283304997944831030e+02
-1.072973355850890869e+02
-8.216426531386746035e+01
-5.477423493559361845e+01
-2.710742098981743808e+01
-9.302475237677434450e-01
2.244905625950135075e+01
4.229422782739633391e+01
5.843865925204753609e+01
7.120014491394640288e+01
8.124099957705779218e+01
8.938904534978915706e+01
9.643673714790629958e+01
1.029534389303059783e+02
1.091595927338914578e+02
1.149060617356542053e+02
1.197740396976894317e+02
1.232645105268923515e+02
1.250032399305220991e+02
1.248805516184624196e+02
1.230799820704241085e+02
1.199965872712693624e+02
1.160803622131543307e+02
1.116649229434237043e+02
1.068550397940709900e+02
1.015286458085716674e+02
9.545392369451678860e+01
8.846247418264131568e+01
8.059506083521050357e+01
7.215627788126460018e+01
6.365982860873864979e+01
5.569119325237520712e+01
4.874062941020533657e+01
4.306269296000468927e+01
3.860800489540854130e+01
3.505550206647954781e+01
3.194341211178676687e+01
2.885426442011430126e+01
2.557537256141210946e+01
2.215958487460758874e+01
1.885753605982242220e+01
1.595748411143207157e+01
1.361207356699519977e+01
1.172909462328044050e+01
9.967663278426465823e+00
7.840296774750584063e+00
4.888187924550360108e+00
8.710527169310164908e-01
-4.101339614568400904e+00
-9.558603928111221393e+00
