-1.205597774879491766e+02
-1.263101368387052901e+02
-1.321101048384752517e+02
-1.381503258999691184e+02
-1.445790028839012962e+02
-1.513743667473589767e+02
-1.581879970497644763e+02
-1.642383348534636127e+02
-1.683203013295467372e+02
-1.689490406399223446e+02
-1.646045906094478255e+02
-1.540161127060389106e+02
-1.364220736053028133e+02
-1.117529009291802140e+02
-8.069615515183508592e+01
-4.462420778511607011e+01
-5.394321588614161556e+00
3.493494103932404471e+01
7.440294455678034069e+01
1.113944666053733954e+02
1.447943226129261802e+02
1.740402477466973323e+02
1.990834463199452102e+02
2.202709191594183835e+02
2.381694671245566610e+02
2.533676610084618233e+02
2.663092597372272508e+02
2.772064883418240697e+02
2.860477442330949316e+02
2.926760839799375162e+02
2.968978806471453140e+02
2.985837350796122678e+02
2.977318167576849532e+02
2.944742768536460744e+02
2.890255286933414709e+02
2.815957681852447649e+02
2.723109671183544265e+02
2.611769695245381513e+02
2.481007888779023745e+02
2.329546879752926714e+02
2.156567312577226119e+02
1.962470801476857503e+02
1.749485068552185396e+02
1.522018197912289850e+02
1.286643140807637735e+02
1.051589774725833166e+02
8.257052316908620071e+01
6.170284004939593103e+01
4.313138031282182538e+01
2.709155182798106409e+01
1.343860936645006632e+01
1.699557019419215997e+00
-8.785663030111013683e+00
-1.866769061513005212e+01
-2.840029564432173004e+01
-3.813368544552126593e+01
-4.772990742261822561e+01
-5.688813014076070829e+01
-6.532186840965674435e+01
-7.291210399516754137e+01
-7.977346719880351600e+01
-8.620982426957455402e+01
-9.258692961533427024e+01
-9.918872013298562251e+01
-1.061233556308810932e+02
-1.133038095129186900e+02
-1.204845579948319312e+02
-1.273293520054249370e+02
-1.335030680188194196e+02
-1.387794082538722762e+02
-1.431262048511961211e+02
-1.467138886387055550e+02
-1.498282545825928480e+02
-1.527337680471986232e+02
-1.555666979290874679e+02
-1.583083825281813404e+02
-1.608304283701665156e+02
-1.629687487437190896e+02
-1.645901560371601420e+02
-1.656393033896416398e+02
-1.661661125207453154e+02
-1.663318471438427366e+02
-1.663880283091987451e+02
-1.666212687023540013e+02
-1.672621394135697699e+02
-1.683757543445257454e+02
-1.697805245735130200e+02
-1.710517444182085853e+02
-1.716344199560767549e+02
-1.710270160865662490e+02
-1.689490406399223446e+02
-1.654065729366805897e+02
-1.606185609844372095e+02
-1.548339210061127176e+02
-1.481133797593090833e+02
-1.401641251989367731e+02
-1.302897389107851893e+02
-1.174725914668977680e+02
-1.005630418817685552e+02
-7.852138978286760107e+01
-5.064994446036189402e+01
-1.676409563691836979e+01
2.272647004267842874e+01
6.683461897420001208e+01
1.141029651763417121e+02
1.627797343319738843e+02
2.110305670025909706e+02
2.571482034335233493e+02
2.997239729383313716e+02
3.377561468709509427e+02
3.706890704538966475e+02
3.983950819482286079e+02
4.211181448415749173e+02
4.393917706100819487e+02
4.539370934561776494e+02
4.655533566159271004e+02
4.750221217431673040e+02
4.830366910974288430e+02
4.901440482689465625e+02
4.966763619290578617e+02
5.026685894717714973e+02
5.077936137387217741e+02
5.113662851831644502e+02
5.124533979624063704e+02
5.100853978560179485e+02
5.035206320720566282e+02
4.924820201624769425e+02
4.772808850843484834e+02
4.587760206856238483e+02
4.381825280945768100e+02
4.168053339591533586e+02
3.957882778721334489e+02
3.759444243575187556e+02
3.576951012360607365e+02
3.411100763498595825e+02
3.260123615322656292e+02
3.120969909126973789e+02
2.990252197521942321e+02
2.864866074708684209e+02
2.742412775147944330e+02
2.621454470308832470e+02
2.501472717349233506e+02
2.382473909839595763e+02
2.264435773683367472e+02
2.146927375520981229e+02
2.029123681558418468e+02
1.910166342778753119e+02
1.789586662962618959e+02
1.667480095841490026e+02
1.544341348551787405e+02
1.420756135071139852e+02
1.297235927912238651e+02
1.174298436593796993e+02
1.052635309238446268e+02
9.331220574304052207e+01
8.165655301112553843e+01
7.032986552489953169e+01
5.928600351091053255e+01
4.839773046392164702e+01
3.749159001648364153e+01
2.640538746707456141e+01
1.504697255531016253e+01
3.442197163832929618e+00
-8.233748658372519458e+00
-1.965735081448099209e+01
-3.041368560323809334e+01
-4.011159167770483691e+01
-4.851553507013437638e+01
-5.562713106628828541e+01
-6.167349834031924161e+01
-6.701599983528612370e+01
-7.203300418359879131e+01
-7.702825529457612674e+01
-8.218951067749733852e+01
-8.759741390034662345e+01
-9.326731299014446108e+01
-9.919423740077451157e+01
-1.053735111278211320e+02
-1.117914076394090159e+02
-1.184049260503816470e+02
-1.251372451153864063e+02
-1.319004934953367751e+02
-1.386303416644401238e+02
-1.452994445356948461e+02
-1.518835942984430005e+02
-1.582765228173606431e+02
-1.641717099383535299e+02
-1.689490406399223446e+02
-1.716164727162631891e+02
-1.708521770663205359e+02
-1.651694266078643238e+02
-1.531851475782225123e+02
-1.339358636688421029e+02
-1.071581126042696610e+02
-7.344731372346248577e+01
-3.423507623140878309e+01
8.422562391829288231e+00
5.218916430749990809e+01
9.482115492878631358e+01
1.344677198700916847e+02
1.698411933907948992e+02
2.002603496703785879e+02
2.256018022729225265e+02
2.461931908612957045e+02
2.626694089812987727e+02
2.758127095633648196e+02
2.864040780740500054e+02
2.951094680518683617e+02
3.024100708776884403e+02
3.085731961181407996e+02
3.136545729697932074e+02
3.175216840451142275e+02
3.198900582612012045e+02
3.203687832349553446e+02
3.185143272164959853e+02
3.138911259895799617e+02
3.061348262056048952e+02
2.950125368496575788e+02
2.804731429212793046e+02
2.626769835913161728e+02
2.419935790624028584e+02
2.189665864347197441e+02
1.942586063070049534e+02
1.685895594280466412e+02
1.426753201546320042e+02
1.171742112924298453e+02
9.265519336911131631e+01
6.959551395554592546e+01
4.839587851575028310e+01
2.938609215871301217e+01
1.279746928580735954e+01
-1.299881351437420562e+00
-1.306607491834208901e+01
-2.291752060552768455e+01
-3.147065742817817124e+01
-3.940426600524805423e+01
-4.728739290517841454e+01
-5.544209951937214242e+01
-6.389630635869040987e+01
-7.244407371738456902e+01
-8.078933775876403445e+01
-8.871498528590015553e+01
-9.620148039421056296e+01
-1.034379813806618245e+02
-1.107270247169097672e+02
-1.183416162894847474e+02
-1.264053937616879892e+02
-1.348345588061887668e+02
-1.433433903934708269e+02
-1.514971675638095689e+02
-1.587917124098511863e+02
-1.647393397248191036e+02
-1.689490406399223446e+02
-1.712012411531946441e+02
-1.715177194353554455e+02
-1.702061825373888837e+02
-1.678375074681686101e+02
-1.651253458622921357e+02
-1.627273890486914070e+02
-1.610402335300949517e+02
-1.600751508370888700e+02
-1.594699466118497071e+02
