3.519924772507102517e+01
8.554366008573182967e+00
-1.529574889982008301e+01
-3.420932608672789854e+01
-4.723045973327769786e+01
-5.465259333697052568e+01
-5.774254355556854534e+01
-5.827603191843391528e+01
-5.804174226938152970e+01
-5.843070486194201862e+01
-6.017944123033035453e+01
-6.329492579049670553e+01
-6.716176936645240403e+01
-7.080814486125740359e+01
-7.326974867903709310e+01
-7.394408765790660709e+01
-7.280843034490101218e+01
-7.042025095737824358e+01
-6.771566223830234321e+01
-6.571098161653456771e+01
-6.524346720809393219e+01
-6.684849174140951789e+01
-7.078841587530092738e+01
-7.716993332589282772e+01
-8.605505472835983483e+01
-9.749657159135730922e+01
-1.114829018800674874e+02
-1.278227592713074046e+02
-1.460214780936441343e+02
-1.651999821123673655e+02
-1.840908015104279798e+02
-2.011212891620670007e+02
-2.145700164237504453e+02
-2.227647632563890454e+02
-2.242838552089255302e+02
-2.181254622362623934e+02
-2.038190142045453115e+02
-1.814676296111186957e+02
-1.517232196419802790e+02
-1.157006717322425402e+02
-7.484308549516914866e+01
-3.076485431725566855e+01
1.488948623055280507e+01
6.054230162902967294e+01
1.047325992829019441e+02
1.461391364374771911e+02
1.836111438346555644e+02
2.162361274655568764e+02
2.434430575742353255e+02
2.650969600352013344e+02
2.815233220473043048e+02
2.934250576012551051e+02
3.017029060721971518e+02
3.072322336750647196e+02
3.106670102682294328e+02
3.123311278091210852e+02
3.122233933206323400e+02
3.101194229046960800e+02
3.057227906322361832e+02
2.988145793841277964e+02
2.893685621952922133e+02
2.776164891300767295e+02
2.640511154103894569e+02
2.493547303413869543e+02
2.342593035607683305e+02
2.193802771615332858e+02
2.050892695862154937e+02
1.914746523801056810e+02
1.783913914905652405e+02
1.655597258624210895e+02
1.526653284791782994e+02
1.394333661127750474e+02
1.256656604456896957e+02
1.112357503112711470e+02
9.604874831741813068e+01
7.999726958663900689e+01
6.296027530595972621e+01
4.487470121627852393e+01
2.585854079313443066e+01
6.308927642060425001e+00
-1.310969194645457492e+01
-3.161028424117945690e+01
-4.849479404100698332e+01
-6.332666659635158624e+01
-7.599644357307414566e+01
-8.668362594718388436e+01
-9.576263691675784173e+01
-1.037026519020189284e+02
-1.109901909283770181e+02
-1.180811918374991762e+02
-1.253747953556360244e+02
-1.331932125406338798e+02
-1.417498871069416850e+02
-1.510991771956876732e+02
-1.610871231135291453e+02
-1.713447743974412845e+02
-1.813575819829845841e+02
-1.906044911725606426e+02
-1.987128129459435399e+02
-2.055521526578189082e+02
-2.112140473079591345e+02
-2.158858819657781112e+02
-2.196885539342314360e+02
-2.225659888407596156e+02
-2.242838552089255302e+02
-2.245385367776235057e+02
-2.231225048949163750e+02
-2.200601193700173042e+02
-2.156440751316299611e+02
-2.103565178858503941e+02
-2.047216971215852368e+02
-1.991654471549293817e+02
-1.939384883232658012e+02
-1.891198469104114963e+02
-1.846848126261125458e+02
-1.806085819632464506e+02
-1.769716516405522100e+02
-1.740273544519953077e+02
-1.721930894325545864e+02
-1.719487659857020390e+02
-1.736653067975147451e+02
-1.774183535807744363e+02
-1.828487642678914256e+02
-1.891146004031266727e+02
-1.949508818537733248e+02
-1.988257437243377126e+02
-1.991649209098313520e+02
-1.946077119658938557e+02
-1.842459093659097107e+02
-1.677867379082801449e+02
-1.455894786980574338e+02
-1.185620444584532578e+02
-8.795583840247152807e+01
-5.513413216733677302e+01
-2.138432712584447870e+01
1.219429417722409426e+01
4.473280094390788975e+01
7.558486406619300624e+01
1.042890402995152215e+02
1.305189189811388246e+02
1.540375788965765480e+02
1.746707004409905721e+02
1.923068167191923976e+02
2.069223365174816820e+02
2.186176218476206259e+02
2.276435863182426260e+02
2.343960731373337580e+02
2.393597649455373357e+02
2.430022250467919207e+02
2.456490822656695059e+02
2.473909604426578426e+02
2.480606536287477297e+02
2.472810045718398442e+02
2.445503650681617955e+02
2.393307955908784095e+02
2.311305702350212243e+02
2.195951123573579764e+02
2.046133560294304061e+02
1.864173844292751312e+02
1.656315544190272533e+02
1.432309296002702013e+02
1.203946130107518400e+02
9.827979135671182576e+01
7.778518781376776303e+01
5.939233986353757189e+01
4.314612336638295176e+01
2.877066823001597129e+01
1.585430449476270098e+01
4.016473710821969689e+00
-7.004072239580686698e+00
-1.735043193490917446e+01
-2.710312593131541803e+01
-3.633613334709477982e+01
-4.513631871313975097e+01
-5.358616329473096584e+01
-6.173660560145421528e+01
-6.959729516435285746e+01
-7.715114328815505473e+01
-8.437727527083033863e+01
-9.126201968948787169e+01
-9.779317235948430209e+01
-1.039478796364265776e+02
-1.096869612863252570e+02
-1.149657197871541854e+02
-1.197657535357696759e+02
-1.241369927651531242e+02
-1.282195773014557290e+02
-1.322130657101107545e+02
-1.362897313791076215e+02
-1.404920191871855764e+02
-1.446733991117329765e+02
-1.485192794538752707e+02
-1.516416950172529141e+02
-1.537099068578547190e+02
-1.545718029575932633e+02
-1.543306399573951353e+02
-1.533538231987854203e+02
-1.522026182226384208e+02
-1.514942065439796011e+02
-1.517374053363761561e+02
-1.531984450930225421e+02
-1.558413733682887710e+02
-1.593601348271448330e+02
-1.632907107774362032e+02
-1.671666888765971350e+02
-1.706651987029778468e+02
-1.736943639773621157e+02
-1.764025687720616986e+02
-1.791243350030074168e+02
-1.822903496155087737e+02
-1.863185105721562138e+02
-1.914926940334188146e+02
-1.978429301316175213e+02
-2.050554449190350965e+02
-2.124418719602915075e+02
-2.189762700048312638e+02
-2.233860891903115089e+02
-2.242838552089255302e+02
-2.203428995578948957e+02
-2.105187958574237257e+02
-1.942834218322629170e+02
-1.717974996724449852e+02
-1.439428264452403710e+02
-1.121832028476612351e+02
-7.829272401799455849e+01
-4.403332735734646519e+01
-1.086383800912651054e+01
2.025697968359751755e+01
4.892981830221235384e+01
7.522048771219355956e+01
9.944548120081616105e+01
1.219241931239484700e+02
1.427987589115544722e+02
1.619816370277362410e+02
1.792255214914712838e+02
1.942623458802143261e+02
2.069425821040573510e+02
2.173147107181535489e+02
2.256117554149763578e+02
2.321512365990018623e+02
2.371904454105284401e+02
2.407960954735270604e+02
2.427834624809533466e+02
2.427548342851355869e+02
2.402239346690907666e+02
2.347723434006052798e+02
2.261732134053595189e+02
2.144431787975334203e+02
1.998241799977345181e+02
1.827260804806701628e+02
1.636681585676210489e+02
1.432493247526110451e+02
1.221583843199565820e+02
1.012078181963195362e+02
8.135104862006502913e+01
6.364404232992959010e+01
4.913558752448881251e+01
3.869491889224015324e+01
3.280157487336300193e+01
3.134380048860592538e+01
3.350250946665968854e+01
3.780722202428948719e+01
