1.676460937595366119e+01
5.080957224012443874e+01
7.870757642566132972e+01
9.601933488538048778e+01
1.010285862446024225e+02
9.483873709790539408e+01
8.065275620099785669e+01
6.262421417422984860e+01
4.470890051878276950e+01
2.983281111047455170e+01
1.950873541098095032e+01
1.386332203870478175e+01
1.194287564276677927e+01
1.215855119819692653e+01
1.276520396439574689e+01
1.229230823491447566e+01
9.849876658259343998e+00
5.243021782733798375e+00
-1.129560489389280775e+00
-8.544782353381659590e+00
-1.626894646707264513e+01
-2.377191053381127972e+01
-3.076509291591865036e+01
-3.710227326060152109e+01
-4.265506640175044595e+01
-4.726051661547853655e+01
-5.076931747767079628e+01
-5.315398172379882169e+01
-5.459961056131697887e+01
-5.551055295955518432e+01
-5.641968906214782464e+01
-5.784833886855888352e+01
-6.018748391321543068e+01
-6.364049216594482061e+01
-6.821774538239658625e+01
-7.375261733228207106e+01
-7.992820173422019536e+01
-8.633113012053750879e+01
-9.254390379260669874e+01
-9.825065011244393531e+01
-1.033022633861174739e+02
-1.077003506396651318e+02
-1.115057183348730092e+02
-1.147142628166705265e+02
-1.171488463561574633e+02
-1.184063440265362033e+02
-1.178877837831834086e+02
-1.149133696746808653e+02
-1.088834846509025880e+02
-9.942420185637662655e+01
-8.647091368424253233e+01
-7.027842215201445697e+01
-5.137588012718317998e+01
-3.049812207112745455e+01
-8.514133608405895615e+00
1.365392825277163702e+01
3.514007577077515521e+01
5.526383319305566033e+01
7.362894924627843807e+01
9.013676378259393118e+01
1.049060336188416045e+02
1.181434817536148785e+02
1.300248750658567474e+02
1.406274520341256675e+02
1.499266451876911219e+02
1.578459198160848587e+02
1.643295073844458898e+02
1.694009677010054418e+02
1.731828010268011155e+02
1.758760399025466938e+02
1.777158340296460892e+02
1.789185713105426885e+02
1.796251021315990783e+02
1.798402884550891940e+02
1.793799779058582828e+02
1.778534780143644412e+02
1.747141512185041279e+02
1.693912977940631492e+02
1.614764460269775554e+02
1.508945679617241638e+02
1.379768213622082840e+02
1.233904300073116076e+02
1.079564287353239393e+02
9.244477008549570485e+01
7.743967734937197633e+01
6.331943137690733892e+01
5.032674162495888481e+01
3.865907777421880098e+01
2.851109919966070549e+01
2.004641808112639012e+01
1.332472784565704416e+01
8.232474251861892967e+00
4.458058207260537920e+00
1.525588125169811349e+00
-1.127898786479750726e+00
-4.057396439522580778e+00
-7.716609931935749955e+00
-1.238192822770971802e+01
-1.810953773531845101e+01
-2.473519863744214575e+01
-3.191447687254124332e+01
-3.919291386636188435e+01
-4.609292903254085161e+01
-5.220366333864184583e+01
-5.725832298485880756e+01
-6.118420203057091555e+01
-6.411870367208643984e+01
-6.639297061969521963e+01
-6.848198066148175656e+01
-7.091408296989283144e+01
-7.414254350277346362e+01
-7.840893807987410469e+01
-8.365314335630331755e+01
-8.952158879090558230e+01
-9.548518757122958789e+01
-1.010204575574214090e+02
-1.057703688724554070e+02
-1.096143711253428989e+02
-1.126318100992016582e+02
-1.149962813789746860e+02
-1.168524891256213607e+02
-1.182093371879597612e+02
-1.188684438276153230e+02
-1.184063440265362033e+02
-1.162206612541976654e+02
-1.116250776939704679e+02
-1.039552072931399209e+02
-9.266182703984028990e+01
-7.739539505175896750e+01
-5.809494039626584083e+01
-3.507048913330841344e+01
-9.044074940589609923e+00
1.888048144954740337e+01
4.732636948667219912e+01
7.482179014932708583e+01
1.000227821607959555e+02
1.219313547321738014e+02
1.400440901181811455e+02
1.543917350271440228e+02
1.654809749508397942e+02
1.741725738473161869e+02
1.815082081423713589e+02
1.884780121781229241e+02
1.957515572622175455e+02
2.034611254700455163e+02
2.111551068278960486e+02
2.179795883698338343e+02
2.230284912144395832e+02
2.257105797483488061e+02
2.259719190444937738e+02
2.242826721810333765e+02
2.214077548608092911e+02
2.180745825792365054e+02
2.146806255909338574e+02
2.111473300952783063e+02
2.069597915054267787e+02
2.013634776229374950e+02
1.936394336163484127e+02
1.833644951954481996e+02
1.705829485646297599e+02
1.558489975150052942e+02
1.401282969722058169e+02
1.245771719673017230e+02
1.102584425153391408e+02
9.788648997966384968e+01
8.768934442531765683e+01
7.942564614669538514e+01
7.253032070602667147e+01
6.631915826706867279e+01
6.017272204438040006e+01
5.364537208488680164e+01
4.649561677646163105e+01
3.867502497720012400e+01
3.030892014108936650e+01
2.166634433405861415e+01
1.310111850504437569e+01
4.968949422161706764e+00
-2.447928669255801992e+00
-8.980740635471079258e+00
-1.457767450594812431e+01
-1.929085643860828725e+01
-2.326556850152859113e+01
-2.673474688231883079e+01
-3.000828830126046398e+01
-3.344225532091702746e+01
-3.737826653348656691e+01
-4.206125704406474597e+01
-4.756803334088425572e+01
-5.378528176535245109e+01
-6.044899372914640878e+01
-6.722059140749226458e+01
-7.376401713955053197e+01
-7.980549289071163344e+01
-8.517706860290667237e+01
-8.984781894522359380e+01
-9.393594036662554458e+01
-9.768462943876480153e+01
-1.013869578361949664e+02
-1.052648888454131111e+02
-1.093362781902978043e+02
-1.133204400647369710e+02
-1.166224735163829678e+02
-1.184063440265362033e+02
-1.177370440280130595e+02
-1.137559518601798629e+02
-1.058541627194431669e+02
-9.380351833975169029e+01
-7.781845569164634924e+01
-5.853366632301835182e+01
-3.690042597384667999e+01
-1.403037648433875262e+01
8.963187941718054219e+00
3.108067388337381232e+01
5.149596537377969696e+01
6.958433897760832565e+01
8.494839172399647964e+01
9.744761177891548698e+01
1.072111830738099485e+02
1.146097309704595801e+02
1.201779491031622200e+02
1.244993660926911332e+02
1.280773372427575509e+02
1.312251897740216293e+02
1.340129311014526934e+02
1.362962334897754033e+02
1.378194381512209361e+02
1.383469149484276386e+02
1.377624783999777378e+02
1.360892127448614985e+02
1.334147498271672703e+02
1.297552512151298174e+02
1.249338610394129603e+02
1.185518893635846069e+02
1.100878229354240005e+02
9.909834676011863053e+01
8.544540355410235577e+01
6.945357651889820261e+01
5.192499969508311608e+01
3.399550777136582269e+01
1.687633738570210085e+01
1.564171778794694490e+00
-1.138944504839676242e+01
-2.197646558748276746e+01
-3.066530292904079147e+01
-3.818932048200177576e+01
-4.526463484317014974e+01
-5.234219540641049662e+01
-5.949048893635638535e+01
-6.645098962512292928e+01
-7.283028154733089821e+01
-7.833315210814134844e+01
-8.292889384364843863e+01
-8.687830761185894346e+01
-9.061539230974172199e+01
-9.454753812460430140e+01
-9.887412472421397069e+01
-1.035066389362669099e+02
-1.081200416167065157e+02
-1.123063602433796575e+02
-1.157592909895656135e+02
-1.184063440265362033e+02
-1.204313898587899132e+02
