-1.612150575727768853e+01
5.979907152545123949e+01
1.224566204503310587e+02
1.622398475084251572e+02
1.754066649415235872e+02
1.642638538223278317e+02
1.355573181538829317e+02
9.794229348375300503e+01
5.950568954931041787e+01
2.604971038540838890e+01
4.322157840186697797e-01
-1.713239059590932811e+01
-2.817638540228784905e+01
-3.494362195227037660e+01
-3.958109469778959522e+01
-4.370853005675270708e+01
-4.831260186396136191e+01
-5.382352756314102749e+01
-6.026159246323936003e+01
-6.740451485599731996e+01
-7.495167890169125258e+01
-8.265657101643250826e+01
-9.040613507969293039e+01
-9.824693854599425435e+01
-1.063647889402027005e+02
-1.150155790914861882e+02
-1.244111358818220339e+02
-1.345942526755809183e+02
-1.453609408382245363e+02
-1.562776653553622168e+02
-1.668021134846445932e+02
-1.764695890684215556e+02
-1.850748344477966612e+02
-1.927733299253488610e+02
-2.000453595848539692e+02
-2.075085380265719550e+02
-2.156328569812893079e+02
-2.244828667731855489e+02
-2.336247172063277162e+02
-2.422594946426399076e+02
-2.495274663943814346e+02
-2.548485177315192516e+02
-2.581508020279051721e+02
-2.598794628520219021e+02
-2.607588690797868480e+02
-2.613873180174664412e+02
-2.618242332455536712e+02
-2.613328053664656636e+02
-2.583676338561377861e+02
-2.508119165951140985e+02
-2.364179049230880310e+02
-2.133649997751561500e+02
-1.807985533231079387e+02
-1.391851545634878562e+02
-9.035983478870559793e+01
-3.723634885277632378e+01
1.673864856191944028e+01
6.822346071306994020e+01
1.145285621340998148e+02
1.539509751794939234e+02
1.858729417868002542e+02
2.106716045184157622e+02
2.294947813721426826e+02
2.439358002953075300e+02
2.556405842186344159e+02
2.659213087030807401e+02
2.754954308438159956e+02
2.844517261170196889e+02
2.924437700827669460e+02
2.989940783777742013e+02
3.037568757575974132e+02
3.066462814289455423e+02
3.078149867507682984e+02
3.075173879184367252e+02
3.059225457757336244e+02
3.029601947377005331e+02
2.982668249501771243e+02
2.912510022667942167e+02
2.812463539934620940e+02
2.676915726558818278e+02
2.502798469193425603e+02
2.290501419135350432e+02
2.044253891135829235e+02
1.772072232444674000e+02
1.485119947287910804e+02
1.196237767227846973e+02
9.178372369133025188e+01
6.599316616760592069e+01
4.290948428661426561e+01
2.285196519971935913e+01
5.868294126603135652e+00
-8.207014261831947266e+00
-1.973816034501462724e+01
-2.930159482204059884e+01
-3.767936470299750340e+01
-4.578613305450947024e+01
-5.451335869145376734e+01
-6.452090059872365657e+01
-7.605059714066783272e+01
-8.884724343031874128e+01
-1.022342152713528804e+02
-1.153223819446162395e+02
-1.272731913505839429e+02
-1.375263650248720353e+02
-1.459388976306186407e+02
-1.528227053388457364e+02
-1.588800753086734119e+02
-1.650378361408736509e+02
-1.722056235568340981e+02
-1.810192970415355660e+02
-1.916423690058844045e+02
-2.036814966929882189e+02
-2.162450478069560518e+02
-2.281427541231162763e+02
-2.381867811306821068e+02
-2.455171933780947882e+02
-2.498562317840120386e+02
-2.516104647093965525e+02
-2.517788720462532694e+02
-2.516680891592626779e+02
-2.524630426630359921e+02
-2.547577490261995194e+02
-2.581917068310847299e+02
-2.613253670451392168e+02
-2.618242332455536712e+02
-2.569357386806575505e+02
-2.441557848569422333e+02
-2.219025984649827024e+02
-1.899760390504897600e+02
-1.496278690237821252e+02
-1.032149531849567126e+02
-5.358475365595869278e+01
-3.442381124256446157e+00
4.508183942636537012e+01
9.056727742563067807e+01
1.321833908725303104e+02
1.694572438768859968e+02
2.020853410015746761e+02
2.298762464393520872e+02
2.528106983324918247e+02
2.711457897539127089e+02
2.854829153263334547e+02
2.967398527935355901e+02
3.060021892698374018e+02
3.142748130137160842e+02
3.221953874920101839e+02
3.297977010732904546e+02
3.364231972089593796e+02
3.408574313031185170e+02
3.416911588121000705e+02
3.377920004689610209e+02
3.286896938120443110e+02
3.146935879574211299e+02
2.966898669980811860e+02
2.757398121000069864e+02
2.527019616142774225e+02
2.280642739657907327e+02
2.020399370764110927e+02
1.748419688867832917e+02
1.469647110369643030e+02
1.192948172400354707e+02
9.296625700488493749e+01
6.902314436571525391e+01
4.806568899180307852e+01
3.006040268096031909e+01
1.440458016892130289e+01
2.037019316328265717e-01
-1.338074084794184415e+01
-2.686875121620821005e+01
-4.036576382695123044e+01
-5.361697639678052951e+01
-6.614286505644562908e+01
-7.739206005961335677e+01
-8.688521210746353063e+01
-9.435300077427928045e+01
-9.986610032659201863e+01
-1.039250064469734554e+02
-1.074556399396737163e+02
-1.116642239204127804e+02
-1.177494790550117614e+02
-1.265438244264297225e+02
-1.382184990015491053e+02
-1.521884799471299061e+02
-1.672801287717783794e+02
-1.821140334132822431e+02
-1.955553558507740490e+02
-2.070407858595798984e+02
-2.166431465589537879e+02
-2.248679457926610326e+02
-2.323083884670161865e+02
-2.393326670428982084e+02
-2.459314156787901879e+02
-2.517687364585322030e+02
-2.563987034165702426e+02
-2.595378040907731929e+02
-2.612456868847527289e+02
-2.619054574202265258e+02
-2.620046701693305522e+02
-2.618242332455536712e+02
-2.611751853150846614e+02
-2.592816616976832051e+02
-2.548420292945998540e+02
-2.462508795553249570e+02
-2.319348082655307337e+02
-2.107293732043797831e+02
-1.822048853925808203e+02
-1.468514069642322966e+02
-1.060672266377806636e+02
-6.195304629322650669e+01
-1.697381472457991691e+01
2.641992137793671702e+01
6.613556932180068770e+01
1.007131719816503477e+02
1.295192821051076351e+02
1.528254345987668046e+02
1.717032108504999712e+02
1.876907767859190415e+02
2.022884398427729025e+02
2.164615886205260722e+02
2.303678235464493582e+02
2.434299211075613698e+02
2.546976958761891296e+02
2.633005368385048541e+02
2.687795732144029444e+02
2.711903541767090928e+02
2.709951081682572749e+02
2.688395533091312473e+02
2.653107950839605564e+02
2.607352203354159883e+02
2.550548384400029249e+02
2.478286695472789347e+02
2.383937490704589948e+02
2.261530940317491343e+02
2.108744934797014707e+02
1.928601481112401927e+02
1.729112424131911894e+02
1.521141063671612983e+02
1.315485948760076838e+02
1.120434899702470517e+02
9.408430104390225779e+01
7.790790890102140054e+01
6.370356500930167698e+01
5.175407056741070022e+01
4.238840003811090185e+01
3.577357788638200020e+01
3.171656813727165769e+01
2.964436304224200569e+01
2.879448975613625095e+01
2.851023245955450847e+01
2.849217464362067531e+01
2.889433769478580416e+01
3.021041958361331581e+01
3.295897254343969252e+01
3.725935318076923863e+01
4.246514417225639448e+01
4.702793786187965708e+01
4.868927011337734712e+01
4.499234728127106564e+01
3.401093178404509842e+01
1.510816737667605736e+01
-1.054232112231119345e+01
-3.996020916636204845e+01
