-7.096199900526225690e+01
-1.383195547912608276e+02
-1.941608082565903715e+02
-2.297746936829787501e+02
-2.408475023252717335e+02
-2.277154974106356349e+02
-1.943888941892786875e+02
-1.469480924610056434e+02
-9.192169800728233042e+01
-3.505106604151632155e+01
1.939204874771188258e+01
6.875612765035418761e+01
1.117748653281265092e+02
1.481495564760822106e+02
1.781363003491664472e+02
2.022555747681221305e+02
2.211573088191717886e+02
2.356066903016396736e+02
2.465132751133275804e+02
2.549123879567066524e+02
2.618380122015822735e+02
2.681030488464406289e+02
2.740841452700968262e+02
2.796313597374888786e+02
2.841675795953372017e+02
2.869500025943400487e+02
2.873934664492910542e+02
2.853310672882536210e+02
2.811070121030933819e+02
2.754481597684541612e+02
2.691409630139957585e+02
2.626366126392171054e+02
2.557696265680197314e+02
2.477436276367498920e+02
2.374101499211487578e+02
2.237183722599773148e+02
2.061401566155775242e+02
1.849113592652867908e+02
1.610328050151864261e+02
1.360653680616146630e+02
1.117932151197821611e+02
8.983896108440237072e+01
7.132752299497737170e+01
5.669823550511760857e+01
4.571980220364090997e+01
3.767796314770498611e+01
3.163888661245505318e+01
2.668525590698020267e+01
2.206518933489371648e+01
1.724472210495653712e+01
1.188785020930613712e+01
5.805562036780663959e+00
-1.083126657981573260e+00
-8.756017086504321867e+00
-1.706884059882566262e+01
-2.574207417084280536e+01
-3.437995026460082926e+01
-4.253422011971093752e+01
-4.980900218336113028e+01
-5.598501255476248417e+01
-6.112220568433873069e+01
-6.558824711708015798e+01
-6.997591621117530281e+01
-7.492431610676348441e+01
-8.091686357964242404e+01
-8.814503618282518005e+01
-9.648770324344198457e+01
-1.055965316798224904e+02
-1.150393087792521385e+02
-1.244436719150118051e+02
-1.335881612115570647e+02
-1.424024541170653890e+02
-1.508772697185905542e+02
-1.589360030845675453e+02
-1.663448262314823296e+02
-1.727180438037289889e+02
-1.776297512439721515e+02
-1.807921321549490870e+02
-1.822222887860019398e+02
-1.823162652648220501e+02
-1.817881970265249549e+02
-1.814908095885810155e+02
-1.821776865503437364e+02
-1.842843349867157201e+02
-1.878008472896693490e+02
-1.922871788018941572e+02
-1.970388615517410358e+02
-2.013541969812172283e+02
-2.048049471614787080e+02
-2.073957034720405375e+02
-2.095331755743906967e+02
-2.118126831892316204e+02
-2.147219042656611236e+02
-2.184040506586781873e+02
-2.225894415663588859e+02
-2.267179652267597874e+02
-2.301834491475602533e+02
-2.325820881813117751e+02
-2.338618027583115975e+02
-2.343275450223261771e+02
-2.345154474111334650e+02
-2.349808320993640507e+02
-2.360642583920723325e+02
-2.377221347625903434e+02
-2.395106050489771121e+02
-2.407563671165164862e+02
-2.408475023252717335e+02
-2.394956645051686053e+02
-2.368185424032070898e+02
-2.331757496230146955e+02
-2.288091905985434380e+02
-2.234355673878396544e+02
-2.159745108718080644e+02
-2.045652514634241186e+02
-1.869336082274814430e+02
-1.610387899496871853e+02
-1.257996283869476883e+02
-8.163256758774923583e+01
-3.057527516232806875e+01
2.408333152007292455e+01
7.855438471820296797e+01
1.294213615593565123e+02
1.743378172890407711e+02
2.123443443237833890e+02
2.437583906003293635e+02
2.697419132080113968e+02
2.917422414469244814e+02
3.110121848901645194e+02
3.283462771267111293e+02
3.440539475706610801e+02
3.580973891447948745e+02
3.702989382545008539e+02
3.805436395193210046e+02
3.889181135073243922e+02
3.957383258398983799e+02
4.014557247321770319e+02
4.064843496513684613e+02
4.110205242161252954e+02
4.149160245805041995e+02
4.176378911776075711e+02
4.183296753049554582e+02
4.159791585645926943e+02
4.096765914954371510e+02
3.989096452082296764e+02
3.838071101874538726e+02
3.652376222680272804e+02
3.447022223769541824e+02
3.240266391931366456e+02
3.049420134856144387e+02
2.887003489674838193e+02
2.758603626688841359e+02
2.662983513668084470e+02
2.593958183373096062e+02
2.542938979444666359e+02
2.501150396925399377e+02
2.461113530800148226e+02
2.417501750895488328e+02
2.367559458050255330e+02
2.311089710798891588e+02
2.249919956015744162e+02
2.186870888904702781e+02
2.124470133853136815e+02
2.063835787248822271e+02
2.004172760076190229e+02
1.943093309169830434e+02
1.877602136618773159e+02
1.805314508589074762e+02
1.725442393220076553e+02
1.639227966357719311e+02
1.549677627796871207e+02
1.460609910565295593e+02
1.375245602342349116e+02
1.294826021953135466e+02
1.217866951668571858e+02
1.140450439306642352e+02
1.057475543096238937e+02
9.643684950133609846e+01
8.586661373279018505e+01
7.410343880750814094e+01
6.154341210855291422e+01
4.883111380695144987e+01
3.669817713855373142e+01
2.577209522861085134e+01
1.642007401593938454e+01
8.674775888335652496e+00
2.250564057512121963e+00
-3.370072858502737745e+00
-8.803987211132906054e+00
-1.460991883177752015e+01
-2.113997575827943365e+01
-2.845059655202575755e+01
-3.631666471976691923e+01
-4.435573864663786026e+01
-5.221921367072098974e+01
-5.976619508258521307e+01
-6.712887099975236538e+01
-7.462479457819557638e+01
-8.255781037272964795e+01
-9.101794589386383905e+01
-9.978827568180088292e+01
-1.083993963533881413e+02
-1.162934987362276047e+02
-1.230191108895174636e+02
-1.283846093006904425e+02
-1.325292599122909110e+02
-1.358995702761568793e+02
-1.391411229505082474e+02
-1.429349217964510217e+02
-1.478230582279031466e+02
-1.540793060161369112e+02
-1.616758185661968525e+02
-1.703630181385238700e+02
-1.798205829034970975e+02
-1.897891516467477686e+02
-2.000976039108140299e+02
-2.105623682669306334e+02
-2.208084114934792694e+02
-2.301019983128951196e+02
-2.372829386036582093e+02
-2.408475023252717335e+02
-2.391737176290546643e+02
-2.308207130664210069e+02
-2.148064985606469293e+02
-1.907922592275904776e+02
-1.591555337398620793e+02
-1.209748099483097405e+02
-7.794732028148588654e+01
-3.223616973725438584e+01
1.376781050186441746e+01
5.775658796921102578e+01
9.782601661196574128e+01
1.327191640894814100e+02
1.619264820070447968e+02
1.856298667487852754e+02
2.045202284208096444e+02
2.195394528257850766e+02
2.316097336224753178e+02
2.414182226345382674e+02
2.493148279591942185e+02
2.553530142529233444e+02
2.594583365009160616e+02
2.616544422327970665e+02
2.622364721488819441e+02
2.617910271076050321e+02
2.610313207948557306e+02
2.605115216106960361e+02
2.603455590848155907e+02
2.600485047525893378e+02
2.585611643630021490e+02
2.544552901639098081e+02
2.462738272393690693e+02
2.329326401530472026e+02
2.140895959406959719e+02
1.903838313852042745e+02
1.634715770437678657e+02
1.358259915499926649e+02
1.103137941113132854e+02
8.960944076194266472e+01
7.556084866206722950e+01
6.866751260388059563e+01
6.784354481120207936e+01
7.058853157052450911e+01
