-9.354088462229128709e+01
-9.290497442171792386e+01
-9.210454436827598101e+01
-9.075274008508512225e+01
-8.806098711985868022e+01
-8.295219861835688846e+01
-7.435041777849164646e+01
-6.152316599018831766e+01
-4.435215884424246724e+01
-2.344617812690395908e+01
-5.873354402132235919e-02
2.417231338083492176e+01
4.758618099617611108e+01
6.883997355746660674e+01
8.711123755085965570e+01
1.021093851338819718e+02
1.139350834076409171e+02
1.228877251161929394e+02
1.293170542289316245e+02
1.335608586477028439e+02
1.359493240229783169e+02
1.368241637365253496e+02
1.365291948669568001e+02
1.353667287401785870e+02
1.335518592115207923e+02
1.312043915645914183e+02
1.283885635007814585e+02
1.251690433046839388e+02
1.216339372669023788e+02
1.178569484315667211e+02
1.138158474274314500e+02
1.093202076357416388e+02
1.040022899302577883e+02
9.739337157438325221e+01
8.906832827383178142e+01
7.881278074777192444e+01
6.675384221701939680e+01
5.340214972564699991e+01
3.958271236121177594e+01
2.627197880033500610e+01
1.438790572704181869e+01
4.590603161273584476e+00
-2.853307757837882264e+00
-8.104801994550058453e+00
-1.167105257270349838e+01
-1.422644987204282074e+01
-1.639076464527826715e+01
-1.854584996082781601e+01
-2.076532275646874837e+01
-2.288279756931680353e+01
-2.465716761293231230e+01
-2.594865879820222432e+01
-2.682290110563300800e+01
-2.754644357051066805e+01
-2.849457776751662763e+01
-3.002576985399785769e+01
-3.237271312105751520e+01
-3.557497838932683010e+01
-3.946016745045299956e+01
-4.367705411762616308e+01
-4.778002623084778833e+01
-5.134853432268789675e+01
-5.410843260840282198e+01
-5.601828915066436565e+01
-5.729317130659156732e+01
-5.835455950288644544e+01
-5.971527325427288702e+01
-6.182888699537747357e+01
-6.494680285730679259e+01
-6.902925385827633420e+01
-7.374743891533901774e+01
-7.858661298600479483e+01
-8.301511359762568532e+01
-8.664734125846288748e+01
-8.933237394642857510e+01
-9.114380142617294212e+01
-9.229461466827972060e+01
-9.302378418481080757e+01
-9.349961028342997338e+01
-9.377350032526311452e+01
-9.380059182991125510e+01
-9.351681698187613279e+01
-9.293203234338869834e+01
-9.218490160775095887e+01
-9.152168224763985904e+01
-9.120295349494452353e+01
-9.138613501930032612e+01
-9.204815442549136151e+01
-9.298847067912973330e+01
-9.390584346930896231e+01
-9.450748309316793438e+01
-9.460395983544520959e+01
-9.415832429686156502e+01
-9.327930612872893334e+01
-9.217008043846007581e+01
-9.106017783043418490e+01
-9.015123159508681283e+01
-8.959436415483480687e+01
-8.949172570105744740e+01
-8.989054919822012835e+01
-9.073710970282516541e+01
-9.178885813752876288e+01
-9.252376007615626463e+01
-9.210454436827598101e+01
-8.944071513112149319e+01
-8.335383865162074812e+01
-7.281164121230628439e+01
-5.716454707828086157e+01
-3.631397317496843868e+01
-1.076184663753357995e+01
1.846607417481291691e+01
4.998283936593077215e+01
8.222811648937934592e+01
1.136392269865010149e+02
1.427974407609266621e+02
1.685596161239436697e+02
1.901802025324832073e+02
2.074076463512480473e+02
2.205140810021229356e+02
2.302141131063615376e+02
2.374700823838949475e+02
2.432446096635249830e+02
2.482904089015292470e+02
2.530385242457852257e+02
2.575930365087061773e+02
2.618055348375294784e+02
2.653933788357386447e+02
2.680661298750995911e+02
2.696263549922815059e+02
2.700177195299144159e+02
2.693087132171223175e+02
2.676241490421928120e+02
2.650610169757180756e+02
2.616334105552053870e+02
2.572709600076874494e+02
2.518590718852044574e+02
2.452877674437850715e+02
2.374855796166923199e+02
2.284419432993154260e+02
2.182375152934843641e+02
2.070901277996587169e+02
1.953943998524320591e+02
1.837150927552911526e+02
1.727087933139198697e+02
1.629860089099232425e+02
1.549592640189728741e+02
1.487333784824877512e+02
1.440799417717306881e+02
1.405082596046344463e+02
1.374131644152924707e+02
1.342568635598470621e+02
1.307283875783901976e+02
1.268192639716346122e+02
1.227719426244561305e+02
1.189125296119999859e+02
1.154472612203655189e+02
1.123278284805796829e+02
1.092495821561621057e+02
1.057735266222128132e+02
1.015090124280516903e+02
9.627890809727603028e+01
9.020439245777627946e+01
8.368026787051303472e+01
7.725236460402841487e+01
7.144131927550620276e+01
6.657132612150438433e+01
6.265883973454852907e+01
5.939915033345519646e+01
5.626087641220181013e+01
5.266367823707447826e+01
4.818128812091749325e+01
4.269401786513385133e+01
3.642791336915499301e+01
2.986390429474509745e+01
2.355681633265096053e+01
1.793906751908712494e+01
1.318330672267097015e+01
9.170065871822970394e+00
5.565050259855873094e+00
1.969949137947992313e+00
-1.913798722219368642e+00
-6.168039148135378014e+00
-1.062827450286820863e+01
-1.495529434831067306e+01
-1.878901804342895332e+01
-2.192812594294342432e+01
-2.445579649121000898e+01
-2.674671403279937465e+01
-2.934516175925645598e+01
-3.276795815985720139e+01
-3.731905681738716396e+01
-4.298801253998952632e+01
-4.945920287768620938e+01
-5.621391962180746305e+01
-6.268191439439249280e+01
-6.839216024135188832e+01
-7.307919842198275262e+01
-7.672043061943637099e+01
-7.950595128692995672e+01
-8.176155235233338203e+01
-8.384595100357978481e+01
-8.603199872964552242e+01
-8.837902933448242493e+01
-9.061955252524458615e+01
-9.210454436827598101e+01
-9.185371472652283842e+01
-8.872707415072699177e+01
-8.168137668127532436e+01
-7.003115182100449942e+01
-5.363073250664101010e+01
-3.293243108843033440e+01
-8.926547694543799594e+00
1.700067411394149275e+01
4.325388793504303919e+01
6.823757527037255954e+01
9.057157987195607518e+01
1.092849133512976323e+02
1.239398025744930010e+02
1.346404383305226986e+02
1.419178376767544023e+02
1.465316245950050984e+02
1.492563043995455700e+02
1.507123401843946340e+02
1.512786611913609249e+02
1.510986898886337428e+02
1.501651976531849186e+02
1.484428166612094628e+02
1.459750585832981642e+02
1.429322708623965070e+02
1.395824881785496245e+02
1.362000114769459742e+02
1.329540009977482669e+02
1.298254843697302192e+02
1.265845183522155821e+02
1.228356850604802020e+02
1.181197824905367924e+02
1.120409128114393269e+02
1.043773047691064448e+02
9.514394086863455868e+01
8.460036035710552937e+01
7.321505434650026700e+01
6.159784295807032350e+01
5.040592588318844491e+01
4.023260418073034828e+01
3.150040332838539925e+01
2.439133041852471351e+01
1.884203457164066364e+01
1.460629804147139410e+01
1.135703287246254689e+01
8.787566677680695548e+00
6.682537928669166405e+00
4.946064870792518775e+00
3.584792880290606831e+00
2.649724389513139045e+00
2.151928073017547405e+00
1.980746498786608356e+00
1.862020297373643274e+00
1.392228248274996361e+00
1.617822735459846228e-01
-2.065916156352265887e+00
-5.200383086009772171e+00
-8.786343259361895974e+00
