-1.143688753413233172e+01
4.664086174140076935e+01
9.534943528856052808e+01
1.278288215242355079e+02
1.412642531365268610e+02
1.369774758178717207e+02
1.192968481833650856e+02
9.383456739694383941e+01
6.584302380559672940e+01
3.911261386943708374e+01
1.557971334496703264e+01
-4.442897388892227184e+00
-2.165983790849716684e+01
-3.709970333483466476e+01
-5.156828215469826660e+01
-6.537560759995957937e+01
-7.834177511046841857e+01
-8.998462010734525052e+01
-9.975542020223969075e+01
-1.072263660784881836e+02
-1.121981443397925773e+02
-1.147388480616949522e+02
-1.151806593188644001e+02
-1.140959341510234850e+02
-1.122489206302067828e+02
-1.104944020571907402e+02
-1.096110838047170262e+02
-1.101150505854342612e+02
-1.121385351778446733e+02
-1.154372594461535186e+02
-1.195259105275884792e+02
-1.238822434002103989e+02
-1.281321376158106773e+02
-1.321385320095966449e+02
-1.359641540443378744e+02
-1.397413890784741000e+02
-1.435292567348416242e+02
-1.472425897659288694e+02
-1.506992285427521097e+02
-1.537642500620947601e+02
-1.565082439774899399e+02
-1.592756517408528225e+02
-1.625984024947787248e+02
-1.669750945772668160e+02
-1.726190968209732830e+02
-1.793071718131746763e+02
-1.864138518138572067e+02
-1.931215605857564412e+02
-1.987075094959537012e+02
-2.027776873143307625e+02
-2.053565229965758476e+02
-2.068145490954557602e+02
-2.076844328025991047e+02
-2.084526061976126812e+02
-2.094099656507546285e+02
-2.106083807003007848e+02
-2.119209607245138898e+02
-2.131634716309389432e+02
-2.142137919594031814e+02
-2.150722480244762664e+02
-2.158383411791130868e+02
-2.166253038940863576e+02
-2.174692393797037084e+02
-2.182948043315830944e+02
-2.189685219719309259e+02
-2.194157614209786402e+02
-2.197300115313895219e+02
-2.201990317060217421e+02
-2.212187553554858255e+02
-2.231314707016592536e+02
-2.260694929348648827e+02
-2.298851380592006990e+02
-2.342015119704993538e+02
-2.385541395615144040e+02
-2.425519333189675706e+02
-2.459846468305009068e+02
-2.488281785295727389e+02
-2.511338421999994353e+02
-2.528311452371810049e+02
-2.535161225924103974e+02
-2.523150161176433244e+02
-2.478939979102743507e+02
-2.386412518219966046e+02
-2.229900848800614597e+02
-1.997878476630380078e+02
-1.685749826188812790e+02
-1.296654268319133507e+02
-8.401757379172116202e+01
-3.299577777782980803e+01
2.183362642508947005e+01
7.878487073584572897e+01
1.360369579426115934e+02
1.916182301424233856e+02
2.434868283498278458e+02
2.897393468245788881e+02
3.288991347199471420e+02
3.601770973141417471e+02
3.835916452238275269e+02
3.998886787224543014e+02
4.102919706187699944e+02
4.161860348068381654e+02
4.188435388894120592e+02
4.192634370269698820e+02
4.181257989657037797e+02
4.158251504074994500e+02
4.125273324092701159e+02
4.082120091232839059e+02
4.027034456780205574e+02
3.957192510188754113e+02
3.869520200821832532e+02
3.761608210683934885e+02
3.632332619163769891e+02
3.481969962053217387e+02
3.311831857411947340e+02
3.123562055631696239e+02
2.918381383781349996e+02
2.696758876382579047e+02
2.458934160593894944e+02
2.206220422756492496e+02
1.942359876149088791e+02
1.673973768909851287e+02
1.409667983913829232e+02
1.158255049299686874e+02
9.270840161770344423e+01
7.212458610265841230e+01
5.437277512936140056e+01
3.960214191933673078e+01
2.786022386929415973e+01
1.909548401315719346e+01
1.311279555031558886e+01
9.508835019917961873e+00
7.640552195038489813e+00
6.678827513113070324e+00
5.754536155549806686e+00
4.145481941539303605e+00
1.424953247238426535e+00
-2.490053795907742451e+00
-7.404057745590613138e+00
-1.297961174645786464e+01
-1.887547119146245933e+01
-2.483494616431206481e+01
-3.071207942512307199e+01
-3.644901355951282085e+01
-4.203004074537107471e+01
-4.744630816970140330e+01
-5.269723787895052425e+01
-5.782437571156003742e+01
-6.294732984594425318e+01
-6.827273064650627532e+01
-7.406522686008135281e+01
-8.058658908844503799e+01
-8.802115493942240221e+01
-9.641125698101862440e+01
-1.056240718725848495e+02
-1.153660019199788564e+02
-1.252489805740342206e+02
-1.348903504907823674e+02
-1.440100766146592548e+02
-1.524937772027023755e+02
-1.604056711616025837e+02
-1.679423233623666079e+02
-1.753258566745813027e+02
-1.826647196311409118e+02
-1.898468902241199885e+02
-1.965331374790204109e+02
-2.022703356223149740e+02
-2.066775374238449388e+02
-2.096183589724064404e+02
-2.112838381561041103e+02
-2.121538672783760830e+02
-2.128562044797284329e+02
-2.139824825058315980e+02
-2.159309410090795325e+02
-2.188176898342118193e+02
-2.224625031138654663e+02
-2.264443130710361061e+02
-2.302212699033594276e+02
-2.332911885840358650e+02
-2.353412291938031444e+02
-2.363326733184099453e+02
-2.364922499809245551e+02
-2.362166537186548112e+02
-2.359307835556388113e+02
-2.359660106191244608e+02
-2.365210152520594988e+02
-2.377163246412547437e+02
-2.396740504964971024e+02
-2.425073156326762955e+02
-2.461497222256767259e+02
-2.500840428057504141e+02
-2.531397497231943134e+02
-2.535161225924103974e+02
-2.490569474930591696e+02
-2.376648995405202527e+02
-2.176975941022970460e+02
-1.882397219537468231e+02
-1.492346232561237400e+02
-1.015154185362753196e+02
-4.676993261238763466e+01
1.256974933282993590e+01
7.355005329539633863e+01
1.330496600362517370e+02
1.882260262382922065e+02
2.369523536515293074e+02
2.781125134247869255e+02
3.116527554782370544e+02
3.383720740070246507e+02
3.595288133733226914e+02
3.764055109599545972e+02
3.899757883986060278e+02
4.007572367422571347e+02
4.088542046024089700e+02
4.141394667197473609e+02
4.164962052817584208e+02
4.160204117082494122e+02
4.130821110932805027e+02
4.082019982933150004e+02
4.018122999839338831e+02
3.940584399382753418e+02
3.847806671354900914e+02
3.736953372759626859e+02
3.606610113507126130e+02
3.458572011396694847e+02
3.297563712776613443e+02
3.128980389158125490e+02
2.955977665491129187e+02
2.777652746952434768e+02
2.589444334836643975e+02
2.385686720413783064e+02
2.163132352538392809e+02
1.923715442640522326e+02
1.675155217691767575e+02
1.429083199964364894e+02
1.197633328287387258e+02
9.901442531686903692e+01
8.114216277696115753e+01
6.620314313989219102e+01
5.399431123551083544e+01
4.422751498303295392e+01
3.662309733381424337e+01
3.091340260268366080e+01
2.680648633777526868e+01
2.396162695425937272e+01
2.199648179815821436e+01
2.052771395494058027e+01
1.924902187921374974e+01
1.803784058733047857e+01
1.704305585101492682e+01
1.668174986244468272e+01
1.750587735179908577e+01
1.997737432404725411e+01
2.425073070206281045e+01
3.005291608757301702e+01
3.668187891018054358e+01
4.308206480080377077e+01
4.795338212265325240e+01
4.989842878937945869e+01
4.764830934268098162e+01
4.037783787367649779e+01
2.803845395846559541e+01
1.156723126522292944e+01
-7.166334257865685231e+00
