-1.519794520771476698e+01
-2.661148982078428205e+01
-3.542933212970265799e+01
-3.961385821725654210e+01
-3.799969957208643478e+01
-3.039603081949664798e+01
-1.746149936697479177e+01
-4.445961189817246861e-01
1.911102584550114258e+01
3.963046330794723104e+01
5.971107298579889289e+01
7.825587471231483505e+01
9.453422593074071756e+01
1.081722509949287883e+02
1.190868740026157582e+02
1.273931273195847353e+02
1.333204387133585556e+02
1.371584393859648685e+02
1.392266230316957660e+02
1.398483022437666818e+02
1.393176593363144207e+02
1.378676931891579613e+02
1.356587615167885019e+02
1.328015905279088145e+02
1.294057707941514366e+02
1.256207400812033370e+02
1.216358379971092063e+02
1.176360910151843768e+02
1.137448109168913106e+02
1.099914638796710875e+02
1.063216802082149286e+02
1.026384955710374669e+02
9.884923730881229176e+01
9.489378572978685611e+01
9.074154225082713765e+01
8.636124610794163914e+01
8.168418844626958730e+01
7.658830540952575916e+01
7.092133367107351205e+01
6.456010020833673480e+01
5.748410690998336037e+01
4.983464446003446113e+01
4.193346085023050307e+01
3.424400420999739225e+01
2.727708896578666042e+01
2.146935285875237298e+01
1.707984941401964463e+01
1.414243237492678062e+01
1.248449986036850667e+01
1.179433808938814465e+01
1.170366900163757684e+01
1.185432473796816133e+01
1.193562957010548686e+01
1.169959972420871885e+01
1.096949005555879175e+01
9.650784478415506129e+00
7.742467797474258617e+00
5.339603989819377894e+00
2.618315704022582402e+00
-1.991314978451761419e-01
-2.891257183233479466e+00
-5.281903371380629153e+00
-7.270013361621639802e+00
-8.840136297226997897e+00
-1.005679890507878582e+01
-1.104846691808909043e+01
-1.198326724075952043e+01
-1.303479443174858332e+01
-1.433983063657158752e+01
-1.595979102843758213e+01
-1.786354725934493359e+01
-1.994180863788428582e+01
-2.204667513425348346e+01
-2.403837255251399085e+01
-2.582231451524948795e+01
-2.736831165045980896e+01
-2.871049129263155208e+01
-2.992827675119843178e+01
-3.111089868104794220e+01
-3.231519500312718662e+01
-3.353482320592066657e+01
-3.469882868910525531e+01
-3.570379361248733119e+01
-3.646336151005097292e+01
-3.694695596902115398e+01
-3.718481201443601947e+01
-3.723450985094085297e+01
-3.712664572413979869e+01
-3.682543137461438221e+01
-3.623919471499253575e+01
-3.528644328212882897e+01
-3.398172070002061673e+01
-3.248584317073828487e+01
-3.108409905748254687e+01
-3.009741949793638582e+01
-2.976601493820650290e+01
-3.015557568593351334e+01
-3.112317310793163472e+01
-3.235378485362852530e+01
-3.345267464147500647e+01
-3.406345929499872227e+01
-3.397762737493321339e+01
-3.320486560658780917e+01
-3.198264168961022591e+01
-3.071801789285166251e+01
-2.987336572127544798e+01
-2.982625097170339501e+01
-3.074587906545713167e+01
-3.252775516759467678e+01
-3.481182203387768226e+01
-3.708135210450667074e+01
-3.881087481100646386e+01
-3.961385821725654210e+01
-3.934220684340747454e+01
-3.810923088891383514e+01
-3.623806256894533107e+01
-3.416322725930984205e+01
-3.232434069408873256e+01
-3.108330266039187961e+01
-3.067775996387636184e+01
-3.120327229832512472e+01
-3.260536424905589570e+01
-3.467163602812194512e+01
-3.703867976020946884e+01
-3.924337129414312386e+01
-4.083220511410262787e+01
-4.150280932340367457e+01
-4.121746134074268042e+01
-4.022644244023710058e+01
-3.897552169992605542e+01
-3.792609075201378488e+01
-3.735562998294232528e+01
-3.721137503617166686e+01
-3.706645237018717154e+01
-3.619121786192517476e+01
-3.371559794729363801e+01
-2.882981371551156258e+01
-2.096061358609004088e+01
-9.875448868125410229e+00
4.297396447400803510e+00
2.111040524838092125e+01
3.986636007446247731e+01
5.969379953633011837e+01
7.962364668260713074e+01
9.867092245794262340e+01
1.159237946323549409e+02
1.306333149912666443e+02
1.422878483000439189e+02
1.506565099262453202e+02
1.557960500011166687e+02
1.580232812134147480e+02
1.578561996765560878e+02
1.559307105105080495e+02
1.529081565076365337e+02
1.493914776203594386e+02
1.458616888462853183e+02
1.426396232648716591e+02
1.398751191019727287e+02
1.375627846964633534e+02
1.355774382852060285e+02
1.337186141648782609e+02
1.317570262974275863e+02
1.294812722156666212e+02
1.267415258987202833e+02
1.234800902887308496e+02
1.197362373886001876e+02
1.156186379104079833e+02
1.112493693093173732e+02
1.066965505624772561e+02
1.019249306536033686e+02
9.679531739867792339e+01
9.112495436177368902e+01
8.478760201926002082e+01
7.780664237649010317e+01
7.039620018439610760e+01
6.293166981184519670e+01
5.586358883783995566e+01
4.960983718878150484e+01
4.446314729876243632e+01
4.053772628336957951e+01
3.776145738320656875e+01
3.590702618053636286e+01
3.464690188202856547e+01
3.361354827275195589e+01
3.245191584340354751e+01
3.086439774818818549e+01
2.865573563592150919e+01
2.577671942892824575e+01
2.234862440527476934e+01
1.864412732056598188e+01
1.501560858402165621e+01
1.178979566698001946e+01
9.168227097700331285e+00
7.171446836300012784e+00
5.644093290687109743e+00
4.312529555530240089e+00
2.869216698006578525e+00
1.055103395688947288e+00
-1.278981647379959341e+00
-4.139094204957148193e+00
-7.384747985969784878e+00
-1.075556801629182146e+01
-1.392594590535886923e+01
-1.658149320396618265e+01
-1.850399476776054541e+01
-1.964115834124761761e+01
-2.013255915644538874e+01
-2.027475176494608533e+01
-2.043304988570791281e+01
-2.093003778878610888e+01
-2.195195968786126883e+01
-2.350993710878807974e+01
-2.546905833098254135e+01
-2.762291239093679707e+01
-2.977114457292802285e+01
-3.176935540883578213e+01
-3.354667166046610305e+01
-3.509949978042391194e+01
-3.646674170529844616e+01
-3.768894141062605740e+01
-3.876268189979435164e+01
-3.961385821725654210e+01
-4.011292297723736766e+01
-4.013665279159341992e+01
-3.965368742742451502e+01
-3.879005866306442130e+01
-3.783071898200000760e+01
-3.714059279832316918e+01
-3.703309713248521717e+01
-3.764798374538904113e+01
-3.889836229680862800e+01
-4.050845691708391882e+01
-4.211737202130544233e+01
-4.340138016947412325e+01
-4.417286850664109465e+01
-4.442994158151434192e+01
-4.434496569957426004e+01
-4.419711920141264727e+01
-4.427393595564646489e+01
-4.477774717156317763e+01
-4.576577361791171938e+01
-4.713468473133013958e+01
-4.864660457231740054e+01
-4.998888581466563608e+01
-5.085682318228555232e+01
-5.104045738979397839e+01
-5.048905062937208754e+01
-4.933076148946454254e+01
-4.784355351721991667e+01
-4.639415691838553357e+01
-4.536708549070283425e+01
-4.509159756639465400e+01
-4.575764618689926522e+01
-4.731442207054104898e+01
-4.937355129599255577e+01
-5.117308784472730565e+01
-5.166454440226843303e+01
-4.974602926560780247e+01
-4.459436177893558551e+01
-3.598507325632310483e+01
-2.447017364440250020e+01
-1.132517649449272490e+01
