2.887121571506598627e+01
-5.241454009946714621e+01
-1.241540410524481501e+02
-1.792315213963751148e+02
-2.142381994658661881e+02
-2.294506322479399216e+02
-2.277038870288388637e+02
-2.128320037921105552e+02
-1.883421150061856508e+02
-1.567165932510761195e+02
-1.193870051172307853e+02
-7.715417138126532848e+01
-3.072998704710894202e+01
1.885950990108504044e+01
7.012797308534240415e+01
1.212276602088904554e+02
1.702067745707899178e+02
2.153143212431177176e+02
2.552497428599396301e+02
2.892854043640885493e+02
3.172394618425106501e+02
3.393334135573654748e+02
3.560076902275105795e+02
3.677675807101661576e+02
3.750963777422401222e+02
3.784343782649468722e+02
3.782053030007846246e+02
3.748699787126292904e+02
3.689805927538121750e+02
3.611952089369234500e+02
3.522143398309091822e+02
3.426380372370440455e+02
3.327975220499947682e+02
3.226468714744813155e+02
3.117775082501945008e+02
2.995539559618503063e+02
2.853097004291662415e+02
2.685271970684564735e+02
2.489562474356234816e+02
2.266643766967472686e+02
2.020300943629415542e+02
1.756886648561713571e+02
1.484424442851416472e+02
1.211583554982113782e+02
9.467760366598044186e+01
6.974898056312750327e+01
4.697999839985093473e+01
2.679758735734156971e+01
9.422987076738065682e+00
-5.124541079397893384e+00
-1.698861042424312018e+01
-2.641475158196095663e+01
-3.369534677978409576e+01
-3.914481878584462748e+01
-4.310978063999853305e+01
-4.599539200291916785e+01
-4.827729336748547695e+01
-5.047541372252419478e+01
-5.308766878985016291e+01
-5.650722659886046984e+01
-6.096144394902484720e+01
-6.649972366341596341e+01
-7.302525443423871820e+01
-8.034094199488721699e+01
-8.818816449137075608e+01
-9.628480196704802552e+01
-1.043789866682063234e+02
-1.123139472937248939e+02
-1.200711690869621151e+02
-1.277553397471031076e+02
-1.355143089608221203e+02
-1.434302350606983225e+02
-1.514413802275694536e+02
-1.593392608024640822e+02
-1.668423674912134231e+02
-1.737050038694503371e+02
-1.798056649905857114e+02
-1.851778091036442220e+02
-1.899792703524220201e+02
-1.944250516445920596e+02
-1.987184032540169483e+02
-2.030034821739881750e+02
-2.073432696155466886e+02
-2.117169673054117141e+02
-2.160298927580650741e+02
-2.201250218344754046e+02
-2.237869101771620706e+02
-2.267467851276589101e+02
-2.287142832104336208e+02
-2.294506322479399216e+02
-2.288656436410227286e+02
-2.270952729726657537e+02
-2.245162587888425207e+02
-2.216776526974032038e+02
-2.191646004098020910e+02
-2.174373702868651037e+02
-2.166973696634672990e+02
-2.168259404860144457e+02
-2.174264373866329265e+02
-2.179693678497686449e+02
-2.179934928718787148e+02
-2.172783223289209786e+02
-2.159093946423409420e+02
-2.142112622707361425e+02
-2.125913837613219357e+02
-2.113788417156566766e+02
-2.107323818912911690e+02
-2.106439004568098881e+02
-2.110126963914864007e+02
-2.117415435332669347e+02
-2.128060278780615135e+02
-2.142586789311384621e+02
-2.161476401647469459e+02
-2.183620407791812852e+02
-2.204568471796729341e+02
-2.215365697278828918e+02
-2.202658396725991850e+02
-2.150240788915670578e+02
-2.041605698921607086e+02
-1.862717329589164876e+02
-1.604288031173737465e+02
-1.263190244501339521e+02
-8.430246676915865578e+01
-3.540673462111886494e+01
1.872707084554583901e+01
7.595834828754442469e+01
1.338425683204413872e+02
1.899075460300628322e+02
2.419637025984824845e+02
2.883643639395708078e+02
3.281371770297477042e+02
3.609613055443329586e+02
3.870323753110761800e+02
4.068898736218170598e+02
4.212643247679949354e+02
4.309622632087537113e+02
4.367805879797254534e+02
4.394373421058147642e+02
4.395169363544137013e+02
4.374456318236422021e+02
4.335176861227424183e+02
4.279661879106793094e+02
4.210333996201547393e+02
4.129858859940198954e+02
4.040558297436942894e+02
3.943425150689292309e+02
3.837354191815456375e+02
3.719084241915107896e+02
3.584002829506576973e+02
3.427610372631039581e+02
3.247167260909868673e+02
3.042911066644068683e+02
2.818336231254409654e+02
2.579426664194738237e+02
2.333273866207191816e+02
2.086850726143551356e+02
1.846537564525813195e+02
1.618388912804903725e+02
1.408575074999004073e+02
1.223365856488977670e+02
1.068397946049623215e+02
9.474232684573553342e+01
8.610311690813307450e+01
8.059281260850198692e+01
7.752204913129148167e+01
7.597517745017188417e+01
7.500338901175604178e+01
7.380127787584711996e+01
7.180570527039483864e+01
6.870264513268944029e+01
6.437195778825372372e+01
5.881862841405863662e+01
5.213010401858302600e+01
4.447145399522116804e+01
3.609774323516490568e+01
2.734728171393178542e+01
1.859277361275535512e+01
1.015833214575284416e+01
2.234703546215959236e+00
-5.170263309510829686e+00
-1.222108250249981864e+01
-1.918199521525004059e+01
-2.630776152757949404e+01
-3.374305696974769830e+01
-4.147210861847302965e+01
-4.933319597648707600e+01
-5.708065812510639603e+01
-6.446137805474037918e+01
-7.127985461190351657e+01
-7.744206385850637275e+01
-8.297442684037187632e+01
-8.801108073636407880e+01
-9.274806205547925231e+01
-9.738094625481834044e+01
-1.020537965762184029e+02
-1.068372251900493382e+02
-1.117317942349262552e+02
-1.166804122313358505e+02
-1.215788749060258169e+02
-1.262889232940977706e+02
-1.306649169699421691e+02
-1.345923442621677566e+02
-1.380160805298625348e+02
-1.409350565780083855e+02
-1.433667869095520757e+02
-1.453155888068620527e+02
-1.467786591828003964e+02
-1.477902739992653665e+02
-1.484687768577519762e+02
-1.490281911321049506e+02
-1.497446980559396650e+02
-1.508959627673429509e+02
-1.526980839351431030e+02
-1.552601973434408364e+02
-1.585717998244917055e+02
-1.625276212401618352e+02
-1.669780659047004576e+02
-1.717831346917666622e+02
-1.768520723738269851e+02
-1.821617736790729225e+02
-1.877535966901896245e+02
-1.937077667481385674e+02
-2.000919851595886882e+02
-2.068837561857109790e+02
-2.138754493739448037e+02
-2.205809810052820126e+02
-2.261690453972979356e+02
-2.294506322479399216e+02
-2.289461905125560008e+02
-2.230444772679651919e+02
-2.102407646561962622e+02
-1.894164963651339519e+02
-1.601044595046311088e+02
-1.226738495133492108e+02
-7.837244338118603082e+01
-2.919141619036190605e+01
2.242492164106969454e+01
7.394191341596832956e+01
1.230630322958380134e+02
1.679469243975464678e+02
2.072963733481029465e+02
2.403503178084756939e+02
2.668213568732813883e+02
2.868068928295084561e+02
3.006863852709102503e+02
3.090129917009399492e+02
3.124124506850262151e+02
3.115036452970981031e+02
3.068459891451362864e+02
2.989081491432720554e+02
2.880559305668551815e+02
2.745698064201004627e+02
2.587043976642086704e+02
2.407839086889289035e+02
2.213002649029417341e+02
2.009645234996182808e+02
1.806689622824102344e+02
1.613444688639142441e+02
1.437370342276572046e+02
1.281691349437025451e+02
1.143820317228638004e+02
1.015528337402251822e+02
