-2.238380073774295340e+02
-2.511636134131126994e+02
-2.755817059231377470e+02
-2.950989918465415371e+02
-3.091156524902342539e+02
-3.183957209340048280e+02
-3.245663676284888197e+02
-3.294017897873216043e+02
-3.341987755978219070e+02
-3.394706128870273005e+02
-3.450162376601379606e+02
-3.502439254559996016e+02
-3.545401798365637660e+02
-3.575211134853988710e+02
-3.591300727993792634e+02
-3.596374121923459484e+02
-3.595951167291566435e+02
-3.597443837988712971e+02
-3.608517370867960494e+02
-3.634870583299642135e+02
-3.678135745685148663e+02
-3.734836860112984596e+02
-3.797073433528400415e+02
-3.854908201387239046e+02
-3.899625725808814423e+02
-3.926548784515099442e+02
-3.936255443275941843e+02
-3.933748352071590375e+02
-3.926037180453752171e+02
-3.919221524574173259e+02
-3.916085046013268425e+02
-3.914526412240240347e+02
-3.906536377374240487e+02
-3.877440969970060110e+02
-3.805621990038410445e+02
-3.663335582865790911e+02
-3.419234874880700090e+02
-3.042808564346815388e+02
-2.510333776546953004e+02
-1.811228494861734077e+02
-9.530712504558235310e+01
3.661492478035910381e+00
1.113089737520161293e+02
2.221484403719451279e+02
3.306435660023238370e+02
4.321390834484261632e+02
5.234869430109356472e+02
6.032269139278852208e+02
6.713476445454648456e+02
7.287748985983134844e+02
7.767838148633352375e+02
8.165266891611827305e+02
8.488070958664270620e+02
8.741158620714211338e+02
8.928220344838800884e+02
9.053566889093499412e+02
9.122719005246063944e+02
9.141630024391911320e+02
9.115332626749708425e+02
9.047000823116181891e+02
8.937925396627169903e+02
8.788227279360144166e+02
8.597778327023913789e+02
8.366852666849237039e+02
8.096322565976142869e+02
7.787580202979359001e+02
7.442587806636129244e+02
7.064290887979716445e+02
6.657189040247419598e+02
6.227626931152620955e+02
5.783627880591241137e+02
5.334529745705328878e+02
4.890729451370921197e+02
4.463441326277532539e+02
4.064094679936936814e+02
3.703217342740026083e+02
3.389070603889729227e+02
3.126460844703207158e+02
2.916016727574327660e+02
2.754033076819010830e+02
2.632910204002197929e+02
2.542227996806086594e+02
2.470428948102439222e+02
2.406858841798052140e+02
2.343641306908911019e+02
2.276727764840486827e+02
2.205611506139491667e+02
2.131713858245493611e+02
2.056193253823447549e+02
1.978370447137986048e+02
1.895616577424522973e+02
1.804587849190812108e+02
1.702865519953346620e+02
1.589940383811060087e+02
1.467005387608957108e+02
1.335746867093071160e+02
1.196823194583462282e+02
1.048788229529370426e+02
8.879451939760042478e+01
7.092255974643272509e+01
5.078168213129168862e+01
2.809755371240950694e+01
2.936507582436718167e+00
-2.425495693840412059e+01
-5.270761197132688380e+01
-8.144775736419825307e+01
-1.094366146076700943e+02
-1.357127385309586316e+02
-1.595257216352678711e+02
-1.804330649067577497e+02
-1.983295924934585059e+02
-2.134067130980026263e+02
-2.260661676358839145e+02
-2.368147095473955233e+02
-2.461570772588124214e+02
-2.545026488020104125e+02
-2.621012977212611759e+02
-2.690194311570642185e+02
-2.751609884768206484e+02
-2.803308093475989722e+02
-2.843265181811592015e+02
-2.870309311640265832e+02
-2.884675351010127997e+02
-2.887903738453255755e+02
-2.882123602460956704e+02
-2.869161787888159552e+02
-2.850108501639318206e+02
-2.825763332355927560e+02
-2.797844517598240941e+02
-2.770273939645215933e+02
-2.749628168897366436e+02
-2.744163938381995536e+02
-2.761540810338004235e+02
-2.806082078540477482e+02
-2.876765430792812026e+02
-2.966968252349364548e+02
-3.066337083298741959e+02
-3.164194078598185342e+02
-3.253112040017674644e+02
-3.331203188589145725e+02
-3.402276786797318096e+02
-3.473843607431149962e+02
-3.553587983175287377e+02
-3.645288626583129030e+02
-3.745245546423382734e+02
-3.840092659305929033e+02
-3.906536377374240487e+02
-3.913188616204182040e+02
-3.824378536520948160e+02
-3.605635420181875475e+02
-3.230063350627428918e+02
-2.684346548084469077e+02
-1.972780983158171466e+02
-1.118007631989927972e+02
-1.580510415933451895e+01
8.596412931939181590e+01
1.885687322073695782e+02
2.875997965103647402e+02
3.797094370982270561e+02
4.628474820115387729e+02
5.361905214710177461e+02
5.998351287455080865e+02
6.543770916732491969e+02
7.005090687544121693e+02
7.387445046148454821e+02
7.693256792743761707e+02
7.923115756565749734e+02
8.077786497218013437e+02
8.160256226838055227e+02
8.176816161824435767e+02
8.136776708944889833e+02
8.051115830873434334e+02
7.930673287847862412e+02
7.784399412718553322e+02
7.617964849181244062e+02
7.432962791447787367e+02
7.226933857799352836e+02
6.994338935499799845e+02
6.728343040469716243e+02
6.423004404578724689e+02
6.075345234378444275e+02
5.686797187652518915e+02
5.263592193731262796e+02
4.815829379014202232e+02
4.355256553830736266e+02
3.892280028982463023e+02
3.433250075826658190e+02
2.979304900593597267e+02
2.527586596402892951e+02
2.074550204515399798e+02
1.620040509915846485e+02
1.170446952639911160e+02
7.396540822193776421e+01
3.473239776278499846e+01
1.485423994423861416e+00
-2.400469666300710259e+01
-4.087843077475140774e+01
-4.955979399888593662e+01
-5.180081408908372964e+01
-5.033871182921564014e+01
-4.826984335548822003e+01
-4.836990058652597213e+01
-5.258990792522515534e+01
-6.185083284399128445e+01
-7.613061845603641586e+01
-9.474662937459635259e+01
-1.166995468848519408e+02
-1.409591692550534674e+02
-1.666255526665585194e+02
-1.929621026113281630e+02
-2.193428528233632733e+02
-2.451782312531780974e+02
-2.698846096585696728e+02
-2.929315003792813741e+02
-3.139346246688818383e+02
-3.327089479491339716e+02
-3.492157528291337485e+02
-3.634287691747200029e+02
-3.752214677768077991e+02
-3.843662773446742449e+02
-3.906536377374240487e+02
-3.940598730644553029e+02
-3.948690687101881736e+02
-3.936855010725075772e+02
-3.913316357333285396e+02
-3.886777154824220588e+02
-3.864656785037541340e+02
-3.851710247024407181e+02
-3.849187255099374170e+02
-3.854608382136543696e+02
-3.862282387752595696e+02
-3.864586761664266987e+02
-3.853724002676623286e+02
-3.823437768047788268e+02
-3.770262911338982690e+02
-3.694150498362085386e+02
-3.598463964391874015e+02
-3.489377799309354486e+02
-3.374829739882480908e+02
-3.263339047938507065e+02
-3.162943239670305502e+02
-3.080286298010192354e+02
-3.019893355249790829e+02
-2.983901950008051926e+02
-2.972536247473860271e+02
-2.985221338517183085e+02
-3.021807936235046554e+02
-3.083303971820020024e+02
-3.171779199723076772e+02
-3.289456025637180119e+02
-3.437212699513402754e+02
-3.612744893414854914e+02
-3.808506391785954293e+02
-4.009510100993288688e+02
-4.191501784410130540e+02
-4.320896738672035440e+02
-4.358308745211289761e+02
-4.266499638182200442e+02
-4.021323551045638851e+02
-3.622124731614783855e+02
-3.097350740332727241e+02
-2.502246018351060002e+02
