-1.104020885376773009e-01
-2.408960824625922115e+01
-4.584444381155282144e+01
-6.378015436667377713e+01
-7.722439669149548536e+01
-8.644374743489029811e+01
-9.239082134434899274e+01
-9.633508085018929989e+01
-9.952285645999857877e+01
-1.029419647527671060e+02
-1.071888550152293647e+02
-1.123945969094697972e+02
-1.181775543177149217e+02
-1.236352176291818665e+02
-1.274193174213384481e+02
-1.279246790269741894e+02
-1.235711792892672207e+02
-1.131060494891157191e+02
-9.583707101840168718e+01
-7.173884625754827482e+01
-4.143291055630921704e+01
-6.086579304215046449e+00
3.272130863069003226e+01
7.314716589297981386e+01
1.132466747493842689e+02
1.511591323149800132e+02
1.852910527887416379e+02
2.144577808121840690e+02
2.379474100836995945e+02
2.555005870159128278e+02
2.672318429231186769e+02
2.735318632026563250e+02
2.749798455295679105e+02
2.722726365400160944e+02
2.661624873675212370e+02
2.573996524004099342e+02
2.466894815222392481e+02
2.346731286843167368e+02
2.219213991632504985e+02
2.089161049788860680e+02
1.960048912582687990e+02
1.833452710358423587e+02
1.708727346075896207e+02
1.583206826780721599e+02
1.452974814716767185e+02
1.314071967144950577e+02
1.163900429617913375e+02
1.002471372248679131e+02
8.330102687820323126e+01
6.614830914324562627e+01
4.950178582747165024e+01
3.398176632029235122e+01
1.995260002845853720e+01
7.476676401205517131e+00
-3.609082561457240601e+00
-1.354829689897925959e+01
-2.252477539442641330e+01
-3.058409002355850248e+01
-3.764124709947092384e+01
-4.356071199071150346e+01
-4.826538148807246387e+01
-5.182188875025143204e+01
-5.446433988364874068e+01
-5.654734490938854208e+01
-5.844654389301602748e+01
-6.044453104003292765e+01
-6.265194000437550415e+01
-6.500723383462963056e+01
-6.736264161495348901e+01
-6.961126596384733034e+01
-7.178001361382224843e+01
-7.403292632579446320e+01
-7.658884926592865838e+01
-7.961176726701675932e+01
-8.313987671749030994e+01
-8.708043005884198351e+01
-9.125214830035243097e+01
-9.544168832532770352e+01
-9.945421444118073850e+01
-1.031562178240255179e+02
-1.065120697958778493e+02
-1.096027745918552796e+02
-1.126023516141456184e+02
-1.156967104177032013e+02
-1.189668343500930519e+02
-1.222969085519091550e+02
-1.253711784684680026e+02
-1.277788855202462628e+02
-1.291832586356989339e+02
-1.294727498895790916e+02
-1.288236033090716148e+02
-1.276489375582110313e+02
-1.264588212787460861e+02
-1.256880608474725420e+02
-1.255600641539901972e+02
-1.260409941733284427e+02
-1.268938607887658918e+02
-1.277890030189176969e+02
-1.284076206334141830e+02
-1.285027974059737801e+02
-1.279246790269741894e+02
-1.266338102949391384e+02
-1.247137077318093077e+02
-1.223725356708116578e+02
-1.199187322991447218e+02
-1.177034035148053022e+02
-1.160331872161329443e+02
-1.150622391355600769e+02
-1.146764022352760151e+02
-1.143946035109083539e+02
-1.133275149443476550e+02
-1.102337531016631829e+02
-1.036877436978412845e+02
-9.233128664281110787e+01
-7.514415085696022345e+01
-5.165350797959474960e+01
-2.201823208709149071e+01
1.302624930486877730e+01
5.231577950077948458e+01
9.442010977920479320e+01
1.377658660063875118e+02
1.807194556420072047e+02
2.216635312555110318e+02
2.590923170232645134e+02
2.917227773249035749e+02
3.185995578290498997e+02
3.391705117890243741e+02
3.533198716421180734e+02
3.613564387049612492e+02
3.639580747861450618e+02
3.620750034507510122e+02
3.567978017270953615e+02
3.492022241239340019e+02
3.401935797996252404e+02
3.303854981587511475e+02
3.200503039021324412e+02
3.091627827013239198e+02
2.975286552039467551e+02
2.849538402826261745e+02
2.713881228432963439e+02
2.569855784926521665e+02
2.420639631499022641e+02
2.269934460485964394e+02
2.120751423005322636e+02
1.974681692834316209e+02
1.831945197966149976e+02
1.692120096243194212e+02
1.555151673767175851e+02
1.422126095070030942e+02
1.295423875826472511e+02
1.178203280016051195e+02
1.073517590599881260e+02
9.835088862013378730e+01
9.089844260303280521e+01
8.494246101124173265e+01
8.032629378220562444e+01
7.681951619488256711e+01
7.413685640556273881e+01
7.195328592084045738e+01
6.993709308054647522e+01
6.780779006529033381e+01
6.539537376665569468e+01
6.266352604386392500e+01
5.967626582567751825e+01
5.652288323672203774e+01
5.324508375775934610e+01
4.981192493902437235e+01
4.615748704633611510e+01
4.225258742977031545e+01
3.815722836585214850e+01
3.401276264002859762e+01
2.997187769604250462e+01
2.610414086232723463e+01
2.233171344311906381e+01
1.843522203592395670e+01
1.413332453856758519e+01
9.202242901933047392e+00
3.581887620678372741e+00
-2.579450833478205141e+00
-8.964535845823704108e+00
-1.520059092699132464e+01
-2.100627329944144606e+01
-2.631102650647719088e+01
-3.128603803846793596e+01
-3.625909190346480671e+01
-4.154363136570994186e+01
-4.726294698985248033e+01
-5.325809126150960537e+01
-5.912641376536711846e+01
-6.437549880716584028e+01
-6.862750810813165003e+01
-7.178525930407278111e+01
-7.408371176025099203e+01
-7.600457744846616492e+01
-7.809954704576767881e+01
-8.080170323038726110e+01
-8.429255036045648808e+01
-8.846165033563633529e+01
-9.297013053677446237e+01
-9.740384490322395550e+01
-1.014656507384394217e+02
-1.051210830550094499e+02
-1.086127106424592341e+02
-1.123146742965337239e+02
-1.164806804472756880e+02
-1.209908847871782029e+02
-1.251977248788941495e+02
-1.279246790269741894e+02
-1.276189099279189350e+02
-1.226210288168282432e+02
-1.114978663044927316e+02
-9.336639078486440724e+01
-6.813536028604899286e+01
-3.660006854948518651e+01
-3.549842942466305828e-01
3.846383637439898706e+01
7.754349079661064081e+01
1.147648183827432291e+02
1.484706579188109004e+02
1.775606213512477609e+02
2.014151052535285658e+02
2.197276081778880439e+02
2.323571410364785947e+02
2.392803842575582394e+02
2.406503445954953122e+02
2.369005003360283865e+02
2.288032611912611003e+02
2.174102806379316348e+02
2.038638577477128138e+02
1.891453815823280706e+02
1.738729437430305893e+02
1.582421441232091581e+02
1.421311292809106703e+02
1.253108793711253384e+02
1.076607462401485975e+02
8.930024298764016066e+01
7.059458821863864841e+01
5.204671994202701057e+01
3.413052690471540984e+01
1.713851553051650001e+01
1.109132616193797105e+00
-1.413520386749079805e+01
-2.885934480365246202e+01
-4.326039783814057671e+01
-5.736069570393914319e+01
-7.098841853117235701e+01
-8.383219788324740307e+01
-9.552486610224909214e+01
-1.057186263073037082e+02
-1.141400251231364678e+02
-1.206304629752266351e+02
-1.251765942599488426e+02
-1.279246790269741894e+02
-1.291685296870758179e+02
-1.293075654203873626e+02
-1.287831511952276742e+02
-1.280082379711419662e+02
-1.273048646833845794e+02
-1.268604624691074036e+02
-1.267093800665805645e+02
-1.267408643466835372e+02
-1.267311897511934546e+02
