1.693913126641457438e+02
5.271294322399855048e+01
-4.891359614255384258e+01
-1.244561564066356425e+02
-1.694132851829205322e+02
-1.860318175332822932e+02
-1.815316900337738559e+02
-1.652984787163418616e+02
-1.461174596521380238e+02
-1.302209677973211512e+02
-1.204657629911389165e+02
-1.165534567534144799e+02
-1.159520010412169881e+02
-1.150893158071002631e+02
-1.104471607203939811e+02
-9.932810975203699400e+01
-8.022884278985671358e+01
-5.287231647188690431e+01
-1.801165935621483527e+01
2.286841903538767440e+01
6.784909645825565860e+01
1.148195629233337911e+02
1.616609335045851878e+02
2.063896023030052334e+02
2.472672362386319378e+02
2.828751718653355738e+02
3.121607999895269359e+02
3.344759816297544148e+02
3.496188177023112758e+02
3.578617023987429775e+02
3.599274924281453423e+02
3.568855013845652593e+02
3.499745653654098305e+02
3.403953835878957648e+02
3.291308070923298601e+02
3.168481184315024279e+02
3.039092712852808518e+02
2.904666824694949696e+02
2.765807116694750789e+02
2.622944072490552117e+02
2.476417894345343029e+02
2.326132234954194757e+02
2.171238084218213373e+02
2.010222007702222982e+02
1.841487426039915647e+02
1.664201184617991771e+02
1.479017519792186590e+02
1.288383308244885654e+02
1.096369149453285274e+02
9.081427957725944111e+01
7.292045979072577211e+01
5.644624109106065646e+01
4.173089757267503330e+01
2.890331122061327562e+01
1.788776174656165097e+01
8.471082759512260196e+00
3.878410850817672895e-01
-6.622517163313247579e+00
-1.279423133533575196e+01
-1.832174187383497355e+01
-2.333269300304637284e+01
-2.786136763045496423e+01
-3.185700538616380584e+01
-3.524496873262319951e+01
-3.802171035306957947e+01
-4.033720988508034111e+01
-4.251902008574119662e+01
-4.501683544378180102e+01
-4.828035686285502948e+01
-5.261501895963932895e+01
-5.807887290487352061e+01
-6.447151645906667738e+01
-7.141901763610037790e+01
-7.850752469885425455e+01
-8.540109434283961320e+01
-9.190302686026595325e+01
-9.795743467952135575e+01
-1.036104380347893112e+02
-1.089542438810956781e+02
-1.140748971041282545e+02
-1.190213734627125746e+02
-1.238045831979856786e+02
-1.284193182181019495e+02
-1.328692798446018628e+02
-1.371729455393610806e+02
-1.413410984428846575e+02
-1.453441779810832202e+02
-1.491071389210103177e+02
-1.525533093402043505e+02
-1.556752040965722585e+02
-1.585813613686074177e+02
-1.614799198575481114e+02
-1.645985676666748247e+02
-1.680773107458040272e+02
-1.718861395561275742e+02
-1.758091146068174737e+02
-1.795036583159917996e+02
-1.826051836224500562e+02
-1.848285691248738374e+02
-1.860318175332822932e+02
-1.862378041525790877e+02
-1.856301806450197773e+02
-1.845334625249850262e+02
-1.833725570534610085e+02
-1.825872087333555100e+02
-1.824845454231450503e+02
-1.830474270093233145e+02
-1.837566559737977911e+02
-1.835069347671726234e+02
-1.806844656734846524e+02
-1.734245071146817736e+02
-1.599950971775973585e+02
-1.391957706249881994e+02
-1.106525353007697419e+02
-7.493490628488873995e+01
-3.348729791833284963e+01
1.158127626133322963e+01
5.778841092965153337e+01
1.026008097768840912e+02
1.437511065662438625e+02
1.795056732236753021e+02
2.088263276843040614e+02
2.313809654261357878e+02
2.474068039266273047e+02
2.574853601636579015e+02
2.623149894016443113e+02
2.625566880530901699e+02
2.587920022467492913e+02
2.515795479074737386e+02
2.415480363882937809e+02
2.294483228588466943e+02
2.161189574573980963e+02
2.023766951531057998e+02
1.888842966006940003e+02
1.760501998814460478e+02
1.639892498004159336e+02
1.525454251738898677e+02
1.413605684534188640e+02
1.299695614892692959e+02
1.179086808948003409e+02
1.048290525051654072e+02
9.060015438124999321e+01
7.537516782727203690e+01
5.958993714336850189e+01
4.388795133459382214e+01
2.899131862502770929e+01
1.555481871344477440e+01
4.042297930743934842e+00
-5.343528996724391078e+00
-1.266211417732001010e+01
-1.817314906149724152e+01
-2.224082202987219858e+01
-2.524220222693486448e+01
-2.750447790199393339e+01
-2.927689042702936462e+01
-3.073688246899523335e+01
-3.202654515497267340e+01
-3.329928879862219304e+01
-3.474245484723108746e+01
-3.655434772492215245e+01
-3.888697450561215874e+01
-4.178742313521483709e+01
-4.516670973705139147e+01
-4.880870690327830630e+01
-5.241974410600209922e+01
-5.571110516002694624e+01
-5.849503620106180080e+01
-6.076386786127515904e+01
-6.272182481401035403e+01
-6.475219094502119788e+01
-6.732212817834980001e+01
-7.084771542145085732e+01
-7.555799315417239370e+01
-8.140190044929001090e+01
-8.803236700302124973e+01
-9.488121656269215975e+01
-1.013103920580868049e+02
-1.067931874380707455e+02
-1.110598602671054493e+02
-1.141548012289670453e+02
-1.163929044201762082e+02
-1.182423795584149104e+02
-1.201791944292306482e+02
-1.225578590160979786e+02
-1.255348024033590804e+02
-1.290642654125729791e+02
-1.329587141480970445e+02
-1.369761608707135565e+02
-1.408879790220321695e+02
-1.445035331237235425e+02
-1.476647343692233108e+02
-1.502441755632349896e+02
-1.521701973853645882e+02
-1.534725276652766013e+02
-1.543174023611312293e+02
-1.550003250193077804e+02
-1.558900199020914386e+02
-1.573491438841171544e+02
-1.596663414364466007e+02
-1.630112869999576048e+02
-1.673942265895779826e+02
-1.726045491473228992e+02
-1.781239967363119376e+02
-1.830426851962813259e+02
-1.860318175332822932e+02
-1.854303425113434969e+02
-1.794723786873024380e+02
-1.666264717422131127e+02
-1.459562340184775167e+02
-1.173972121022840014e+02
-8.186875823541055297e+01
-4.118632098527676533e+01
2.208867584275669316e+00
4.563866197810565950e+01
8.659702762832047540e+01
1.230757885639915798e+02
1.537394024237404437e+02
1.779411981341961280e+02
1.956237728564664735e+02
2.071649654976185104e+02
2.132184909496745036e+02
2.145704576453854315e+02
2.120125313603735435e+02
2.062349686044991870e+02
1.977601062909882046e+02
1.869424177515489021e+02
1.740374463065163297e+02
1.593026585552946415e+02
1.430725694675195427e+02
1.257691282242254260e+02
1.078526372177124415e+02
8.975161663413263113e+01
7.180672372031762052e+01
5.423570200820994103e+01
3.710856728257985537e+01
2.033349288902843455e+01
3.676648587220995523e+00
-1.315821682359909062e+01
-3.039433155566179323e+01
-4.803710738731864893e+01
-6.578950381471969422e+01
-8.308084295141807729e+01
-9.921164904885574742e+01
-1.135568278368755557e+02
-1.257350011006849968e+02
-1.356703902940440685e+02
-1.435400217323600600e+02
-1.496673825892216598e+02
-1.544402081054063274e+02
-1.582855209450860059e+02
-1.616737516498800460e+02
-1.650945553205802412e+02
-1.689623748438116309e+02
-1.734555531685711571e+02
-1.783468649872610285e+02
-1.829171464706520283e+02
-1.860318175332822932e+02
-1.864028675441755922e+02
-1.829831206290497221e+02
-1.753743093519445324e+02
-1.640947846766357827e+02
-1.505681623857772138e+02
