2.576469766997752231e+01
-1.659487953309957788e+02
-3.314830263870614431e+02
-4.518696277065890854e+02
-5.198052902593567524e+02
-5.398170440483851280e+02
-5.248887662641436691e+02
-4.914122498528480492e+02
-4.544208705678100841e+02
-4.244282383846921221e+02
-4.063270462518245267e+02
-4.000655610560561399e+02
-4.023828307344365385e+02
-4.087865152223986343e+02
-4.151497883578315395e+02
-4.186459813580316904e+02
-4.180458195996458244e+02
-4.135590639799884229e+02
-4.064236088808879686e+02
-3.984007606828151893e+02
-3.912763008624923486e+02
-3.864234588676247313e+02
-3.844759881892604199e+02
-3.851733115387908128e+02
-3.874284685359039031e+02
-3.896055818345400894e+02
-3.899073734624012104e+02
-3.867260801740154648e+02
-3.788334545228540264e+02
-3.653592192488135879e+02
-3.455985408140487039e+02
-3.187683617868934789e+02
-2.838646710982967534e+02
-2.397310153996267559e+02
-1.853509465076107290e+02
-1.202765828914111239e+02
-4.503978217387432892e+01
3.862396331967489971e+01
1.278608551986404933e+02
2.191040891913471569e+02
3.086847099202456093e+02
3.934607894169277529e+02
4.712779303098120067e+02
5.411281940774042596e+02
6.029725858546802328e+02
6.573209943004778779e+02
7.047652586046581291e+02
7.456667657171166184e+02
7.801005155999120007e+02
8.080151685268990605e+02
8.294692729369312474e+02
8.448001360616198099e+02
8.546562876835521365e+02
8.599077818213883120e+02
8.614869316999411240e+02
8.602102614697674881e+02
8.566236584577159192e+02
8.509084322657727171e+02
8.428736842034246592e+02
8.320348605770251424e+02
8.177528321736685939e+02
7.993938420915952747e+02
7.764640042250995293e+02
7.486719691384163298e+02
7.158993106285029171e+02
6.781158032736203722e+02
6.353231544251469813e+02
5.875967535971848292e+02
5.352276894508374880e+02
4.788977799799685613e+02
4.197931241038513122e+02
3.595885457329624728e+02
3.002902714978340555e+02
2.439664110265975410e+02
1.924136537914658334e+02
1.468285273647663018e+02
1.075836798497478242e+02
7.421893829191921554e+01
4.569419097271166663e+01
2.081972841894993564e+01
-1.338377663294281206e+00
-2.128226726305793193e+01
-3.920291772810459463e+01
-5.528171365275069604e+01
-6.995950081210904159e+01
-8.400425987610441325e+01
-9.834727460658660902e+01
-1.137907391083832067e+02
-1.307399820605112382e+02
-1.490718824433130294e+02
-1.681718961955873510e+02
-1.871177428961815394e+02
-2.049662639549893015e+02
-2.210733006373316698e+02
-2.353371067819856535e+02
-2.482513420832993916e+02
-2.607196261047649273e+02
-2.736942070496783117e+02
-2.877927486279627374e+02
-3.030634821785546364e+02
-3.189983758334699928e+02
-3.347786423905446327e+02
-3.496354387899841640e+02
-3.631572836270259472e+02
-3.753948929894838784e+02
-3.867142860254004404e+02
-3.974935860253057740e+02
-4.078517966498864098e+02
-4.175632338915023638e+02
-4.261824099894308233e+02
-4.332880435103288619e+02
-4.387181025897010613e+02
-4.426977235125255561e+02
-4.458182372012381620e+02
-4.488833276403219088e+02
-4.526880459018555598e+02
-4.578240230868789808e+02
-4.645833913028630491e+02
-4.729647869127974786e+02
-4.827253532693674742e+02
-4.934264272783811975e+02
-5.044642697148331081e+02
-5.151069873059941528e+02
-5.245645849324848768e+02
-5.321103178056056322e+02
-5.372409750157848976e+02
-5.398170440483851280e+02
-5.400949894461959957e+02
-5.385833265405458405e+02
-5.357231870851217082e+02
-5.314865454655880512e+02
-5.250525866027867323e+02
-5.147185123499189103e+02
-4.981119058427152595e+02
-4.726455588016411866e+02
-4.360730743012993571e+02
-3.870025856511425673e+02
-3.252694206827212042e+02
-2.520995998120752404e+02
-1.700116298360672431e+02
-8.244899522855740770e+01
6.776152158535914793e+00
9.406894444392833066e+01
1.765006731123838222e+02
2.520274571176166205e+02
3.194952183360531421e+02
3.785225010819889349e+02
4.293469706412816436e+02
4.726616058383686436e+02
5.094288615836472331e+02
5.406805940581475625e+02
5.673457333397798266e+02
5.901453069715137190e+02
6.095593251846801195e+02
6.258384568438286806e+02
6.390282178297687778e+02
6.489951018236383788e+02
6.554732225246242479e+02
6.581531884714461285e+02
6.567990160830856894e+02
6.513379426612348198e+02
6.418699837338149337e+02
6.285925771837351022e+02
6.116842119165170288e+02
5.911993253089267455e+02
5.670047428469883926e+02
5.387700485667901376e+02
5.060231347022218529e+02
4.682847925716669693e+02
4.252828126401478812e+02
3.772049201213408196e+02
3.248992458324456152e+02
2.699200607868359612e+02
2.143746425901326234e+02
1.606190636725701779e+02
1.109074374007522863e+02
6.709097380194901916e+01
3.041743886144377029e+01
1.434481794115015418e+00
-2.003164495540738699e+01
-3.485158618417808896e+01
-4.451481318795738673e+01
-5.095158667513301509e+01
-5.622576066324060662e+01
-6.214291530804411678e+01
-6.988653480611260704e+01
-7.980603699267379625e+01
-9.143572034150263050e+01
-1.037477474992765849e+02
-1.155547722426528168e+02
-1.259127268107146449e+02
-1.343789755975901414e+02
-1.410596509911084411e+02
-1.464748219614500044e+02
-1.513257921391248999e+02
-1.562596815473198149e+02
-1.617079485026974908e+02
-1.678336508299753120e+02
-1.745712818068727188e+02
-1.817133410502571280e+02
-1.890025574856207982e+02
-1.962083068235696715e+02
-2.031793012556669851e+02
-2.098715880871286288e+02
-2.163537320407082234e+02
-2.227852852000214057e+02
-2.293573306335437678e+02
-2.361949375924565970e+02
-2.432537905416587876e+02
-2.502704375551730891e+02
-2.568160742077469081e+02
-2.624497878673618061e+02
-2.668981986354102673e+02
-2.701623284067466102e+02
-2.725035963059033293e+02
-2.743507755192913464e+02
-2.762206259899064662e+02
-2.787123507840927914e+02
-2.825417257098505388e+02
-2.885049959019825110e+02
-2.972879027801869825e+02
-3.091574726264564106e+02
-3.236952036196827294e+02
-3.397530389766995995e+02
-3.557179069052246518e+02
-3.700118228195274810e+02
-3.816255844412149827e+02
-3.904623649899439215e+02
-3.973612968446848299e+02
-4.038153970671448292e+02
-4.115093099376019268e+02
-4.218362914845366731e+02
-4.355232697476910744e+02
-4.524401547511763511e+02
-4.716200612727801627e+02
-4.914639865024802816e+02
-5.100475650969403887e+02
-5.254218971945050498e+02
-5.358294768966712809e+02
-5.398170440483851280e+02
-5.362769530547971044e+02
-5.244671820402061257e+02
-5.040486861191954517e+02
-4.751456276016675702e+02
-4.383993245216931314e+02
-3.949756734290812688e+02
-3.465025872570710135e+02
-2.949438122189607725e+02
-2.424444554389467044e+02
-1.911953518690816054e+02
-1.433396789044603850e+02
-1.008946859980425756e+02
-6.562595949026716369e+01
-3.882635036671499051e+01
-2.101563649916596432e+01
-1.166241714256869955e+01
-9.093853997522444388e+00
-1.075032997605504193e+01
-1.382714719782387647e+01
-1.614564004078118842e+01
-1.690331233473818884e+01
-1.690185481992588734e+01
