-1.973177337411267018e+01
-1.276690572496480769e+01
-7.557806692365254264e+00
-5.334210392884784824e+00
-6.530830128759106401e+00
-1.078337884927996981e+01
-1.717419698736443223e+01
-2.459355544943323935e+01
-3.207008544048116505e+01
-3.897185691774429017e+01
-4.505131491834313806e+01
-5.036768509389806070e+01
-5.515217137884452825e+01
-5.968129331762312972e+01
-6.419571835548657646e+01
-6.886181201215502767e+01
-7.374944759395710037e+01
-7.880952949640646921e+01
-8.386279592338414091e+01
-8.862669391339036906e+01
-9.279620425064003086e+01
-9.616740043199216359e+01
-9.876308698491759230e+01
-1.008993017848243454e+02
-1.031368372029636475e+02
-1.061055514529602988e+02
-1.102526244544429801e+02
-1.156052734039038228e+02
-1.216269836600687029e+02
-1.271998245013421922e+02
-1.307219502862616025e+02
-1.302932736566523317e+02
-1.239693284565908868e+02
-1.100706987672557062e+02
-8.752259277335485876e+01
-5.616606145932775007e+01
-1.695190867687597702e+01
2.806932559345372624e+01
7.599924428923324626e+01
1.235451808037574892e+02
1.675650955667295250e+02
2.055624547985317747e+02
2.360067951505872372e+02
2.584101412785645380e+02
2.731646442236535677e+02
2.812226459831109082e+02
2.837469618773292837e+02
2.818489018705207627e+02
2.764691902039360230e+02
2.683827077096306652e+02
2.582627308326757429e+02
2.467374409793198993e+02
2.343991007413236218e+02
2.217628374562834495e+02
2.091992138107803498e+02
1.968751712201923283e+02
1.847338431243509831e+02
1.725293651280964013e+02
1.599095127748057905e+02
1.465137463330125058e+02
1.320461796984708087e+02
1.163055857537415676e+02
9.919215094596688687e+01
8.072795832723315357e+01
6.110663194156525435e+01
4.074708286185818906e+01
2.030596521012905242e+01
6.204059122405760629e-01
-1.741195577653536120e+01
-3.298125941007049988e+01
-4.549915617801334378e+01
-5.468433531999455255e+01
-6.058646223845463652e+01
-6.355432461895966867e+01
-6.416341812582088266e+01
-6.312013053845396371e+01
-6.115998716310782157e+01
-5.895573303020359646e+01
-5.704510978472804084e+01
-5.578374841824453512e+01
-5.533173192892979841e+01
-5.568413033873049045e+01
-5.674141929701922749e+01
-5.839025467198001706e+01
-6.055393877266747182e+01
-6.319153588740780947e+01
-6.626153984409445741e+01
-6.968849899821938720e+01
-7.336076316932026486e+01
-7.715774915279942547e+01
-8.098419256206601347e+01
-8.479058118267531086e+01
-8.857391353221703412e+01
-9.236379654965683983e+01
-9.619911341298671914e+01
-1.000976774376559888e+02
-1.040239664790685197e+02
-1.078663504024662387e+02
-1.114380776381528619e+02
-1.145120942709986309e+02
-1.168882087083493531e+02
-1.184749366877804277e+02
-1.193559339343976831e+02
-1.198103436316243346e+02
-1.202669087451666883e+02
-1.211880007801671866e+02
-1.229003878213230507e+02
-1.254125363545124969e+02
-1.282726630380712720e+02
-1.305156021467063283e+02
-1.307219502862616025e+02
-1.271858008863437419e+02
-1.181685091249367190e+02
-1.021999378094502617e+02
-7.838231968645574455e+01
-4.663804391503602176e+01
-7.842582255847847961e+00
3.620266750720843163e+01
8.297596748564481572e+01
1.295945418763877512e+02
1.732519628146488628e+02
2.116253429911134845e+02
2.431518833541486515e+02
2.671208094393772399e+02
2.835908870804697131e+02
2.931960726048084780e+02
2.969173452499454697e+02
2.958781005099553454e+02
2.911909272546599823e+02
2.838656539038317987e+02
2.747758059547413723e+02
2.646629376745815989e+02
2.541455184778700414e+02
2.437062735825006712e+02
2.336553791311034729e+02
2.240879885312570252e+02
2.148604938070049002e+02
2.056043125895899095e+02
1.957887738600862519e+02
1.848351802210926564e+02
1.722638600586163591e+02
1.578304935145837931e+02
1.416005749941820682e+02
1.239361635378413098e+02
1.054117658173396848e+02
8.670438260654104567e+01
6.849919894589216085e+01
5.142835134266169206e+01
3.603849140749650815e+01
2.277373858493523784e+01
1.196060846375501541e+01
3.787292889537283713e+00
-1.720517315577581030e+00
-4.717142802013015057e+00
-5.536984324212980368e+00
-4.671349888508402159e+00
-2.721047952737137621e+00
-3.263244004941014964e-01
1.919327941162094930e+00
3.554085455413186878e+00
4.304740860860448493e+00
4.094793089486259419e+00
3.004615709240511023e+00
1.204809775192401844e+00
-1.113339521664940435e+00
-3.795688003062295479e+00
-6.763641070980057179e+00
-1.002726450232771072e+01
-1.367071577848345498e+01
-1.781467658827847345e+01
-2.256697749176436218e+01
-2.797651584140938041e+01
-3.400716822582938903e+01
-4.054379825688020844e+01
-4.742645946820699976e+01
-5.448878862276907853e+01
-6.157256354637337381e+01
-6.851197962256063079e+01
-7.511075557236756595e+01
-8.114513182163992155e+01
-8.640818619856449345e+01
-9.078218677993092456e+01
-9.430585209907863486e+01
-9.720103713874840423e+01
-9.983990422938094866e+01
-1.026618216233225098e+02
-1.060680924841238095e+02
-1.103172709785784207e+02
-1.154271985388811288e+02
-1.210843133566089023e+02
-1.265693555545925051e+02
-1.307219502862616025e+02
-1.319779303081423052e+02
-1.285153187522375049e+02
-1.185308867167998699e+02
-1.006095066039214885e+02
-7.410781841006360082e+01
-3.944467525635469940e+01
1.805093010820463917e+00
4.707116321416033600e+01
9.318059952594933293e+01
1.368804086430669429e+02
1.753473354939160629e+02
2.065616366873799734e+02
2.294802146531390861e+02
2.440108638680840158e+02
2.508401300282992281e+02
2.511873835934743227e+02
2.465455765984749803e+02
2.384437672109899609e+02
2.282503597112541627e+02
2.170322849032567376e+02
2.054827904111934345e+02
1.939217789401436676e+02
1.823583572747093626e+02
1.705904410333679948e+02
1.583097608598312434e+02
1.451887791278581687e+02
1.309425240271565656e+02
1.153695905610166363e+02
9.837788875816437439e+01
7.999770670324404875e+01
6.038217756292935690e+01
3.979491767218667064e+01
1.858775894722056421e+01
-2.823558782201871509e+00
-2.397794619033032149e+01
-4.438264839124822458e+01
-6.353177498936168632e+01
-8.093719749972846955e+01
-9.616852274935251899e+01
-1.088921203269014057e+02
-1.189020484055372009e+02
-1.261422115146347807e+02
-1.307219502862616025e+02
-1.329241288725690993e+02
-1.331968232917942601e+02
-1.321139219451626161e+02
-1.302986063179637881e+02
-1.283270919440361126e+02
-1.266467871266147114e+02
-1.255351690504685394e+02
-1.251038239348555976e+02
-1.253386232823846456e+02
-1.261638542196142794e+02
-1.275111280887881122e+02
-1.293645757975846493e+02
-1.317607429008651252e+02
-1.347462405880058327e+02
-1.383164550900813481e+02
-1.423617690337347881e+02
-1.466437787313384149e+02
-1.508215465406574651e+02
-1.545382822456971041e+02
-1.575524078163876993e+02
-1.598643603220143916e+02
-1.617747464165453266e+02
-1.638238411645578481e+02
-1.666064587887423727e+02
-1.705190275449487274e+02
-1.755492935325623876e+02
-1.812236275450181324e+02
