-2.881063443251795775e+01
-3.269473477172005005e+01
-3.756245737560021780e+01
-4.392162406721205059e+01
-5.158321112798822838e+01
-5.974524308353774416e+01
-6.731918492056713887e+01
-7.332978930820564756e+01
-7.722119051975211335e+01
-7.896778493488561423e+01
-7.898090850788794626e+01
-7.788733648576814517e+01
-7.629909684071068909e+01
-7.467496822885225072e+01
-7.330597573160822833e+01
-7.238623450455567365e+01
-7.209861882625571639e+01
-7.265768621639779212e+01
-7.428702479804377390e+01
-7.714237100684457005e+01
-8.121778033864450208e+01
-8.628708106645309783e+01
-9.192657929186987076e+01
-9.762857035148256557e+01
-1.029631606744547412e+02
-1.077137091887583864e+02
-1.119220923840025961e+02
-1.158251822147214796e+02
-1.197168055437442860e+02
-1.238045067150053313e+02
-1.281300952439145533e+02
-1.325851018782895210e+02
-1.369977919485776283e+02
-1.412324034328188986e+02
-1.452466807072530344e+02
-1.490910712140731107e+02
-1.528704087789767243e+02
-1.567019864086925054e+02
-1.606899739064647576e+02
-1.649090616582314226e+02
-1.693720308919116917e+02
-1.739627366516946836e+02
-1.783408391759465985e+02
-1.818451182100996846e+02
-1.834289784286227416e+02
-1.816640617984500352e+02
-1.748485985796102398e+02
-1.612422040719704341e+02
-1.394082750728047699e+02
-1.085912755861242829e+02
-6.901909906216731372e+01
-2.202859263327000150e+01
3.003360207538685955e+01
8.411348667834376158e+01
1.368827083753752447e+02
1.852062501202323119e+02
2.265507910804626306e+02
2.592627255186328057e+02
2.826802356783173877e+02
2.970794627365733049e+02
3.034842005855205116e+02
3.033894950039496052e+02
2.984596643894287240e+02
2.902599755197637705e+02
2.800688378396990856e+02
2.687929841406089508e+02
2.569764893968385877e+02
2.448707768559043529e+02
2.325287825930961958e+02
2.198948690943270208e+02
2.068675495759327134e+02
1.933170275128140361e+02
1.790605310734098907e+02
1.638331110627099747e+02
1.473085131830825105e+02
1.291976618789285283e+02
1.093951297969783525e+02
8.810099110810818956e+01
6.585008696015830765e+01
4.342875731208047085e+01
2.171608036648741447e+01
1.516677517457849511e+00
-1.655626296248714624e+01
-3.212154449006395396e+01
-4.500430682764337575e+01
-5.518113776305999352e+01
-6.273837951064432161e+01
-6.786420227216270007e+01
-7.086079408089399578e+01
-7.214438773713547448e+01
-7.220981800598258360e+01
-7.156189436650399216e+01
-7.064017273147221943e+01
-6.977097857892829325e+01
-6.916396135049238580e+01
-6.894302186236868124e+01
-6.918677308112570756e+01
-6.995918801626885397e+01
-7.132361692013594734e+01
-7.334183805807934675e+01
-7.606468291436526385e+01
-7.952179879416237895e+01
-8.371233892119393261e+01
-8.859156374838705972e+01
-9.405173151220697036e+01
-9.990885326212116979e+01
-1.059148138818537461e+02
-1.118040318457393170e+02
-1.173596033530828322e+02
-1.224648703633004629e+02
-1.271096610771616611e+02
-1.313465513377279308e+02
-1.352253945690482908e+02
-1.387520898411024461e+02
-1.419050334078609410e+02
-1.447049501856614881e+02
-1.472957402389301365e+02
-1.499799283608179508e+02
-1.531693247143283827e+02
-1.572506656073605029e+02
-1.624077235007066804e+02
-1.684618234550678437e+02
-1.747798074401906092e+02
-1.802657973598217325e+02
-1.834289784286227416e+02
-1.825174927897345185e+02
-1.757150090081645999e+02
-1.613925538848453414e+02
-1.383902857593865576e+02
-1.062846852218481359e+02
-6.558497625971405398e+01
-1.780252149555433050e+01
3.464810106208315688e+01
8.872287465253099015e+01
1.411539120843449666e+02
1.889019026103517547e+02
2.295588525098466164e+02
2.616226736172757228e+02
2.845978822758482352e+02
2.989152607819978584e+02
3.057044574863297726e+02
3.064865500841967219e+02
3.028646911228626095e+02
2.962762748719940191e+02
2.878390581156609187e+02
2.782928536477119223e+02
2.680213027001620389e+02
2.571339304296882347e+02
2.455838656092497274e+02
2.332862291286262177e+02
2.201993713027015929e+02
2.063470440633997214e+02
1.917855342709472382e+02
1.765398224225298520e+02
1.605426539337265126e+02
1.436123504650674931e+02
1.254955416993041979e+02
1.059761918022519041e+02
8.502078430273789422e+01
6.290678228758866197e+01
4.027830803659792025e+01
1.809298683994558843e+01
-2.537047153004108324e+00
-2.056457011359633924e+01
-3.521818861150975977e+01
-4.614271707695434799e+01
-5.343604827003107971e+01
-5.758482946124610180e+01
-5.933070906489749063e+01
-5.951261224916589754e+01
-5.892388474601530390e+01
-5.820636033245499164e+01
-5.779190694667987316e+01
-5.789757609339022792e+01
-5.857261846342673550e+01
-5.977919723583170253e+01
-6.147361412575858708e+01
-6.365622080502424751e+01
-6.637705258624650639e+01
-6.970637031949812012e+01
-7.369163032439698213e+01
-7.832201485798020713e+01
-8.351287402034024865e+01
-8.911352438029764755e+01
-9.493825821820669830e+01
-1.008166732949615323e+02
-1.066475573004950377e+02
-1.124272571547459734e+02
-1.182266046522880174e+02
-1.241171806077126689e+02
-1.300827920169724052e+02
-1.359688330457405243e+02
-1.415050652756595468e+02
-1.463959007251651201e+02
-1.504345233575757561e+02
-1.535882153739509874e+02
-1.560250703411732616e+02
-1.580852739131579199e+02
-1.602158130639816136e+02
-1.628781439753930158e+02
-1.664223936916512798e+02
-1.709235457639423430e+02
-1.760024419718897946e+02
-1.806921729991098005e+02
-1.834289784286227416e+02
-1.822213587261732926e+02
-1.749857519428654484e+02
-1.599683360649450208e+02
-1.361393022106431090e+02
-1.034584210719847448e+02
-6.295210327273322548e+01
-1.659279150013449566e+01
3.297987157338944542e+01
8.282252860107374204e+01
1.300578042292652867e+02
1.721934982206331881e+02
2.073593705196436190e+02
2.344424118610923529e+02
2.531109570492498619e+02
2.637347806562157757e+02
2.672271717639980579e+02
2.648463280430480040e+02
2.579959007749892521e+02
2.480581571752542800e+02
2.362760908022663102e+02
2.236800499498332329e+02
2.110439630517223861e+02
1.988594740122489100e+02
1.873250050268881637e+02
1.763542447256592993e+02
1.656122641969261053e+02
1.545841890358020407e+02
1.426715833254831693e+02
1.293030883205229316e+02
1.140432997479452979e+02
9.668374267050428728e+01
7.729941792058912142e+01
5.625729964741734079e+01
3.417298216780216080e+01
1.182713042798149417e+01
-9.932794055363459051e+00
-3.027881363008265936e+01
-4.846567393573987204e+01
-6.388021971287831491e+01
-7.609031166460479767e+01
-8.489115729176459979e+01
-9.033176553972256784e+01
-9.270699569799934636e+01
-9.251454171508596858e+01
-9.038446124324609343e+01
-8.698951706459013167e+01
-8.294843187601702539e+01
-7.874365625818634840e+01
-7.467780249940970805e+01
-7.087858097884573283e+01
-6.734006278635196452e+01
-6.397668660529299700e+01
-6.067116120664029211e+01
-5.730861274662880334e+01
-5.379699118294551141e+01
-5.007589125118932571e+01
-4.611583985013120213e+01
