9.841283489033313003e+01
9.709621848076339745e+01
9.621091700010836689e+01
9.627152362490548398e+01
9.762883450801081153e+01
1.004463387734548121e+02
1.046985945456968921e+02
1.101752253957746746e+02
1.164955416459741713e+02
1.231437680354642907e+02
1.295172496052470308e+02
1.349677503688161551e+02
1.388257127576060554e+02
1.404199863055408457e+02
1.391221895260805468e+02
1.344354836147762171e+02
1.261089329493387794e+02
1.142261098425750561e+02
9.923195307661559639e+01
8.190907774417487985e+01
6.333022599142758224e+01
4.477568984070367719e+01
2.756980035581801758e+01
1.282013857222479203e+01
1.124875446477062724e+00
-7.624574410111009115e+00
-1.423384593355488903e+01
-1.996232847783926445e+01
-2.612181436322154582e+01
-3.366166699744768209e+01
-4.289664261186962335e+01
-5.348699539068442732e+01
-6.468739881189011953e+01
-7.576065091678455587e+01
-8.635521465154516818e+01
-9.664688061529378160e+01
-1.071623812826024960e+02
-1.183664913783677264e+02
-1.302161857728447956e+02
-1.419157225297574030e+02
-1.520299632374933196e+02
-1.589529220406530499e+02
-1.615533150693553637e+02
-1.597172239603697790e+02
-1.545367593599021632e+02
-1.480392941339531205e+02
-1.425412447094919344e+02
-1.398604892850063948e+02
-1.406752474782583704e+02
-1.442550011878262239e+02
-1.486393732059759714e+02
-1.511742749498746434e+02
-1.492006012445724821e+02
-1.406600006874859901e+02
-1.244362003795233136e+02
-1.003747006557399004e+02
-6.906598342205667507e+01
-3.155647212939586410e+01
1.086841459262891973e+01
5.676143974038202344e+01
1.044602428658788682e+02
1.519735115716334519e+02
1.969183843387291404e+02
2.366212638221193458e+02
2.684332113664228814e+02
2.902082302188987342e+02
3.008018206215680834e+02
3.004177244212165760e+02
2.906743733585517475e+02
2.743469467748062698e+02
2.548222466624765161e+02
2.353691373027653242e+02
2.183925422933766640e+02
2.048946526636199224e+02
1.943529498795483619e+02
1.850932919861360517e+02
1.750327288987939482e+02
1.625048254671296206e+02
1.468491754803748677e+02
1.285600749672077256e+02
1.089865500178737250e+02
8.975261647312179036e+01
7.214302771207705689e+01
5.667485282365991850e+01
4.299299882537077622e+01
3.011481718964109433e+01
1.692174014762070300e+01
2.696043491693558281e+00
-1.252211153925966158e+01
-2.791028812096444511e+01
-4.218429971888617303e+01
-5.412607248422071393e+01
-6.309027151127249766e+01
-6.927442816081828880e+01
-7.365315292055618102e+01
-7.763534139931886102e+01
-8.261187818038092701e+01
-8.956480334636235341e+01
-9.883556890171092846e+01
-1.100750625601311867e+02
-1.223628358505604297e+02
-1.344644476821932244e+02
-1.451572887286545210e+02
-1.535113075455722935e+02
-1.590189887868216090e+02
-1.615533150693553637e+02
-1.612395520712192933e+02
-1.583609943719090722e+02
-1.533388751557558294e+02
-1.467403779177020624e+02
-1.392440629592548476e+02
-1.315607580425201206e+02
-1.243644864497032358e+02
-1.182646449694330073e+02
-1.137899311222616348e+02
-1.113368260214996042e+02
-1.110791012006054217e+02
-1.128892893790808785e+02
-1.163351416590052452e+02
-1.207723942587908681e+02
-1.254906760444289802e+02
-1.298361626223317273e+02
-1.332649207416847048e+02
-1.353424117639307269e+02
-1.357325803807962927e+02
-1.341984435569191305e+02
-1.306064538455265165e+02
-1.249183852280230127e+02
-1.171589225916677179e+02
-1.073571766300176051e+02
-9.547742122945882670e+01
-8.136443073518253755e+01
-6.471857850033480020e+01
-4.510453487208798151e+01
-2.201008194356338521e+01
5.011670060409967320e+00
3.611120641054685620e+01
7.089451752576547960e+01
1.082908577223166020e+02
1.466403466655382317e+02
1.839882699693949348e+02
2.184542939725376698e+02
2.485202847168140750e+02
2.731659237553908497e+02
2.918954261976686553e+02
3.047373751152266550e+02
3.122377065412786123e+02
3.153803969190508951e+02
3.153612758394839943e+02
3.132314952848685152e+02
3.095443143281182756e+02
3.041810726755127234e+02
2.964629894249610516e+02
2.855205830747775053e+02
2.707674120242005529e+02
2.522698911286506700e+02
2.308502585524578024e+02
2.078882483559610250e+02
1.849335041510320252e+02
1.633246925301165220e+02
1.439798043954351954e+02
1.273943603071821968e+02
1.137575968343011255e+02
1.030636045840039401e+02
9.515106592633287619e+01
8.967985220542237812e+01
8.609762962747872450e+01
8.365927150487388531e+01
8.153478868087623255e+01
7.898323135726420219e+01
7.551644876621726610e+01
7.097104988067729892e+01
6.545587112372911065e+01
5.920795911193294359e+01
5.242790082225198489e+01
4.516376870730892534e+01
3.728929936986737204e+01
2.858865666611853840e+01
1.891736428833678474e+01
8.367088030873844673e+00
-2.650514260217519791e+00
-1.345066181124404636e+01
-2.324382611826960954e+01
-3.137438415860061980e+01
-3.755832665609027288e+01
-4.203185429746264390e+01
-4.552467319232252407e+01
-4.903071080226246181e+01
-5.345382732227994893e+01
-5.928691796320777030e+01
-6.647281523044978258e+01
-7.449291955076120075e+01
-8.261101999486723457e+01
-9.015283926127389691e+01
-9.673186226321860204e+01
-1.023739568696366291e+02
-1.075109808891813543e+02
-1.128306504071386769e+02
-1.190114926799637942e+02
-1.264258861064525945e+02
-1.349260079589024883e+02
-1.438069828106202692e+02
-1.519687889944419794e+02
-1.582119371939166115e+02
-1.615533150693553637e+02
-1.614561006952378079e+02
-1.579054027679619594e+02
-1.513090788769879964e+02
-1.422336758037369862e+02
-1.310713142452557634e+02
-1.177955380401942591e+02
-1.019390319232272191e+02
-8.280560711304721622e+01
-5.979984168501087538e+01
-3.271889988022843454e+01
-1.908980494372208625e+00
3.172831245820855628e+01
6.684515291388022717e+01
1.018266809492505445e+02
1.350024857484998790e+02
1.648621342499384355e+02
1.902473264056054916e+02
2.104890577482479443e+02
2.254586523758982253e+02
2.355075666450677261e+02
2.412888965724227432e+02
2.434987907378596788e+02
2.426306644031175495e+02
2.388470740057991009e+02
2.320246168926799726e+02
2.219518171930375559e+02
2.085932204528631075e+02
1.922884876462134116e+02
1.737623244680131620e+02
1.539133935299369966e+02
1.334940683408533459e+02
1.128770990211270089e+02
9.204891097905415620e+01
7.081711805446880703e+01
4.909500961522856244e+01
2.710246605353766824e+01
5.386584870453127394e+00
-1.533208021512555064e+01
-3.439352289181793765e+01
-5.139534280454547854e+01
-6.628280672984779187e+01
-7.932592964823705017e+01
-9.101073591622332515e+01
-1.018792802938762634e+02
-1.123618916384684212e+02
-1.226526764993926690e+02
-1.326619727809524818e+02
-1.420464319436251230e+02
-1.503042187898622615e+02
-1.569240323549170171e+02
-1.615533150693553637e+02
-1.641132057082069764e+02
-1.647955304808851054e+02
-1.639491360357297367e+02
-1.619387301699235593e+02
-1.590641420790233838e+02
-1.555590829644425810e+02
