-2.027834501747976859e+01
-2.550733876376169107e+01
-3.159349003848697279e+01
-3.907447951693701782e+01
-4.792817354231011961e+01
-5.762965174923539280e+01
-6.741193343951874795e+01
-7.660230468849974272e+01
-8.489050250299175104e+01
-9.242499911561426984e+01
-9.970898620336019746e+01
-1.073512567970851421e+02
-1.157766906194532197e+02
-1.249895745179929492e+02
-1.344372725364679866e+02
-1.429916530123612119e+02
-1.490596655678071158e+02
-1.508218795250954543e+02
-1.465635012744853896e+02
-1.350248311166162978e+02
-1.156835000451590219e+02
-8.890041773255845214e+01
-5.590433469295362556e+01
-1.862938909051840142e+01
2.056289146976229887e+01
5.924023680157546323e+01
9.528000645634030263e+01
1.271889022891600973e+02
1.542690113676209478e+02
1.765761346652031705e+02
1.946932414172089238e+02
2.094144063278813519e+02
2.214586692065735747e+02
2.312981303763537255e+02
2.391197799802789348e+02
2.448869036139052184e+02
2.484453039214073442e+02
2.496291715253823327e+02
2.483433653376548591e+02
2.446149783577760104e+02
2.386118784220292071e+02
2.306256894262164394e+02
2.210197145881705296e+02
2.101541991302214569e+02
1.983186229129948686e+02
1.857068940388581098e+02
1.724546509980245048e+02
1.587266080193263065e+02
1.448111705188440510e+02
1.311636974314470478e+02
1.183564743582777652e+02
1.069449328514058948e+02
9.731331401943792514e+01
8.957570687809706556e+01
8.357014606053483874e+01
7.892759853427799044e+01
7.516779318479447625e+01
7.178274051487296958e+01
6.829450147365575674e+01
6.429301833260149124e+01
5.946852953996737057e+01
5.365111465717455985e+01
4.685179218993054917e+01
3.927486264142800110e+01
3.126935249867581490e+01
2.322179568252050785e+01
1.543575574952451568e+01
8.055480507196818962e+00
1.062249591706649454e+00
-5.671816465523477291e+00
-1.231471749842066288e+01
-1.902863518807108534e+01
-2.595516415185286263e+01
-3.320516694017562997e+01
-4.082157580926735818e+01
-4.872071771539965823e+01
-5.666173417875452856e+01
-6.429311865518545233e+01
-7.127575495029449826e+01
-7.742995995089358985e+01
-8.283948980141214236e+01
-8.786450659137426555e+01
-9.304653117786563143e+01
-9.892322402224812095e+01
-1.058089638853820418e+02
-1.136261751473634547e+02
-1.218676398799404978e+02
-1.297206736130486320e+02
-1.363145628629762030e+02
-1.410044889065373184e+02
-1.435961424227473060e+02
-1.444330682249379549e+02
-1.443023967610103853e+02
-1.441685846056553828e+02
-1.448135686521314085e+02
-1.465107216888687276e+02
-1.488521627842188764e+02
-1.507841270465153798e+02
-1.508218795250954543e+02
-1.473602670534097285e+02
-1.389904061533132165e+02
-1.247629513935053183e+02
-1.043692237542766179e+02
-7.822169246512980578e+01
-4.741295119692408377e+01
-1.354415255749604086e+01
2.154839436378397011e+01
5.609843855484272268e+01
8.866461846505400501e+01
1.182774223089122927e+02
1.444633718213549400e+02
1.671674865192552488e+02
1.866121371377242610e+02
2.031342777447980836e+02
2.170432506307993776e+02
2.285337907232930661e+02
2.376666787915252144e+02
2.444019956780624341e+02
2.486535014633715832e+02
2.503337042298471147e+02
2.493756534921764398e+02
2.457416415390478051e+02
2.394437512392009921e+02
2.305924796292476913e+02
2.194646788399294621e+02
2.065603843159637165e+02
1.926109967805862766e+02
1.785110138337330170e+02
1.651709086679462075e+02
1.533227712612971914e+02
1.433415120890005028e+02
1.351572224866883403e+02
1.283093698467415038e+02
1.221313035745421871e+02
1.159923963255677961e+02
1.095055486976416859e+02
1.026292143106349926e+02
9.563183591441773501e+01
8.893204040804951660e+01
8.287591437046519616e+01
7.754635077028504497e+01
7.269541333324755783e+01
6.783725658189258922e+01
6.245592610886744467e+01
5.622110281952544852e+01
4.910889876126638143e+01
4.138582212054226517e+01
3.348348048391147813e+01
2.582969583085575493e+01
1.870344827238747953e+01
1.216065411461351431e+01
6.045886752457633406e+00
7.149152491400201370e-02
-6.072975706564271547e+00
-1.261523837401225023e+01
-1.962539990183728378e+01
-2.699692575869141820e+01
-3.449862264557073388e+01
-4.188147130047708799e+01
-4.898862488885667688e+01
-5.580820474732695402e+01
-6.244170204801073965e+01
-6.901548508711749719e+01
-7.559371325777382822e+01
-8.213312337751270320e+01
-8.848045752284728849e+01
-9.439747781122412107e+01
-9.961488036806605351e+01
-1.039283051117375294e+02
-1.073240821826558147e+02
-1.100753061135722533e+02
-1.127320789586503054e+02
-1.159736253478084222e+02
-1.203677041931414067e+02
-1.261352171614156816e+02
-1.330093133635368190e+02
-1.402250150653218270e+02
-1.466224072008946564e+02
-1.508218795250954543e+02
-1.514298985673329412e+02
-1.472434358050843173e+02
-1.374325297426511838e+02
-1.216834473488174808e+02
-1.002832281490053106e+02
-7.411872863378431475e+01
-4.456702895540976073e+01
-1.328242954096669948e+01
1.807329416429980995e+01
4.808476724912307532e+01
7.575326631476208661e+01
1.005429317725099594e+02
1.223007437345202248e+02
1.410924205528325786e+02
1.570309988569565860e+02
1.701705021129226907e+02
1.804896452666281732e+02
1.879374759535583621e+02
1.924901263265012119e+02
1.941786672124949575e+02
1.930800975626485751e+02
1.892966098280955123e+02
1.829552091164312628e+02
1.742363432500511919e+02
1.634140597741275940e+02
1.508824181399172346e+02
1.371496132330442776e+02
1.227936030611822673e+02
1.083871497386262348e+02
9.441340112529047701e+01
8.120251561667024021e+01
6.891758816363730489e+01
5.759648404677885480e+01
4.722512402232317186e+01
3.780089307191001069e+01
2.935448615386593474e+01
2.192745432250131188e+01
1.553103051338321450e+01
1.011732502130020350e+01
5.573588695498195023e+00
1.728650106114905327e+00
-1.638817706447344591e+00
-4.786362833857900512e+00
-7.981319895551170163e+00
-1.146669200049559123e+01
-1.543200472161503711e+01
-1.999742048093850144e+01
-2.521221821031361543e+01
-3.106352244041319466e+01
-3.748378715817149498e+01
-4.434315963990496101e+01
-5.142950671659554729e+01
-5.844323433004197454e+01
-6.503441874554309265e+01
-7.088112330930761118e+01
-7.577912068016323133e+01
-7.970540696946071080e+01
-8.282681652209572576e+01
-8.544290873464028380e+01
-8.787729878935982697e+01
-9.035836991973170029e+01
-9.294375626571520854e+01
-9.552663806442578220e+01
-9.791925336862011875e+01
-9.997099298904312548e+01
-1.016716574330171028e+02
-1.032061936973545357e+02
-1.049418880102151661e+02
-1.073417925537359707e+02
-1.108230130990471878e+02
-1.156087287028967552e+02
-1.216316296485193647e+02
-1.285212859183268961e+02
-1.356657703203041478e+02
-1.423072327195281446e+02
-1.476296085430357721e+02
-1.508218795250954543e+02
-1.511348451719514969e+02
-1.479694793494119835e+02
-1.410192900887259668e+02
-1.304375002515074868e+02
-1.169475445032634582e+02
-1.018095136093506881e+02
