4.154829461118307421e+01
-2.851303729215132421e+01
-8.906243018417785606e+01
-1.332189058662724506e+02
-1.582935404650103237e+02
-1.658926123478068746e+02
-1.607636833822171809e+02
-1.490224965167357141e+02
-1.364321058121138037e+02
-1.271931421615517763e+02
-1.234168971589569423e+02
-1.252118611374641830e+02
-1.311776559449129138e+02
-1.390688975154448599e+02
-1.464295069218584331e+02
-1.510708022842895275e+02
-1.513519201743662848e+02
-1.462895062073005192e+02
-1.355481861578590497e+02
-1.193509262350257245e+02
-9.833402274085008798e+01
-7.337601445196180805e+01
-4.543970853747498495e+01
-1.545913051539257310e+01
1.572151154948995355e+01
4.737155190495293056e+01
7.887820769525608000e+01
1.097368423813813934e+02
1.395193196193371250e+02
1.678145751251418574e+02
1.941568357022796647e+02
2.179824185301884825e+02
2.386578922381298753e+02
2.555887470621449893e+02
2.683742559806934196e+02
2.769539796747044988e+02
2.816915023269751828e+02
2.833461740670674089e+02
2.829094350569499170e+02
2.813415787095408973e+02
2.792997712951479343e+02
2.769513412081242905e+02
2.739242054312604751e+02
2.694006818442637723e+02
2.623334571925192336e+02
2.517440665528212378e+02
2.370404076706418550e+02
2.182644501393490941e+02
1.961794704604241986e+02
1.721472313396956508e+02
1.478188270273509488e+02
1.247369553860856399e+02
1.039891316321817811e+02
8.603700094004170751e+01
7.077406261045133817e+01
5.776030864771978202e+01
4.650088879498566286e+01
3.663178954344658678e+01
2.795648572302017598e+01
2.038104914898224607e+01
1.383981321781930340e+01
8.266311346466352461e+00
3.596554506489880509e+00
-2.366208045085613776e-01
-3.330554994024762294e+00
-5.833379762332647545e+00
-7.930236919229741943e+00
-9.802801829132995692e+00
-1.159470912752625082e+01
-1.340447324764443238e+01
-1.530257856080968537e+01
-1.735886123230605449e+01
-1.966756311983316863e+01
-2.235401991872377181e+01
-2.554545361487623012e+01
-2.931090168183464328e+01
-3.361004232929401070e+01
-3.829142191366209147e+01
-4.313819702091291930e+01
-4.792420743430064078e+01
-5.245296822680843718e+01
-5.658575038347956365e+01
-6.027852201726217629e+01
-6.362542644119213264e+01
-6.687492258210369300e+01
-7.038336256150439851e+01
-7.450561065864370391e+01
-7.946169024051209817e+01
-8.523456254179548353e+01
-9.154372184254653178e+01
-9.791177273612159127e+01
-1.038073185789628212e+02
-1.088159826315424681e+02
-1.127715864661128649e+02
-1.157858673307047894e+02
-1.181568192024139989e+02
-1.201981133431755637e+02
-1.220784301132297713e+02
-1.237570696629369138e+02
-1.250464979796863787e+02
-1.257562503979107191e+02
-1.258302457922597881e+02
-1.254111011640639930e+02
-1.248221072952040060e+02
-1.244962194676513292e+02
-1.248820848474207850e+02
-1.263417927568754919e+02
-1.290515071742092630e+02
-1.329300292404900290e+02
-1.376303654112536776e+02
-1.426122055220855884e+02
-1.472780060107670863e+02
-1.511312576370652039e+02
-1.539080542667544194e+02
-1.556325484420148655e+02
-1.565659953504222983e+02
-1.570708776770576094e+02
-1.574643432498691595e+02
-1.579379119337709483e+02
-1.585681259889315697e+02
-1.593832083842694658e+02
-1.604246614956855126e+02
-1.617485034435303817e+02
-1.633364433933186319e+02
-1.649344684150367470e+02
-1.658926123478068746e+02
-1.651073463907616201e+02
-1.611403868704526019e+02
-1.525146462827658240e+02
-1.381054769873896362e+02
-1.174908676992467207e+02
-9.112748502471214351e+01
-6.028535137974533598e+01
-2.677088487446882326e+01
7.455592741958714242e+00
4.064009720011860338e+01
7.148030111423913979e+01
9.922766129002592095e+01
1.236675156486875835e+02
1.450124041071098588e+02
1.637436902926135645e+02
1.804398688753321665e+02
1.956249581027750537e+02
2.096517116865952346e+02
2.226201582748851990e+02
2.343352278377470839e+02
2.443231863334102911e+02
2.519369050071012168e+02
2.565558958795702438e+02
2.578252348088288954e+02
2.558285562380809779e+02
2.511051186923463945e+02
2.444886337363910229e+02
2.368199843309256778e+02
2.286374163737448839e+02
2.199638485439411113e+02
2.102844720634490443e+02
1.987431762588361437e+02
1.845004232537889095e+02
1.671165446676222075e+02
1.467962937386298563e+02
1.243856815515538869e+02
1.011316635362599641e+02
7.833050475376856525e+01
5.703221191440221105e+01
3.791399514481969391e+01
2.132565138670974392e+01
7.418131639730674465e+00
-3.754584410856519838e+00
-1.222246988445573024e+01
-1.815958507261070665e+01
-2.194073996003834992e+01
-2.411559946008679844e+01
-2.528763401242835229e+01
-2.596908811293876340e+01
-2.650281541424836718e+01
-2.707847165704545134e+01
-2.779551458448513301e+01
-2.871150118377028804e+01
-2.985417746780984416e+01
-3.121383858301769365e+01
-3.273831637886473800e+01
-3.433981089746023230e+01
-3.591349654516051970e+01
-3.736626006101636932e+01
-3.864844900597007182e+01
-3.977219219273359130e+01
-4.080564967705729629e+01
-4.185607873877663110e+01
-4.306343750431287987e+01
-4.460028179194104325e+01
-4.664651871412812767e+01
-4.932294228039796735e+01
-5.261451936459047829e+01
-5.634001130328915963e+01
-6.020008941461050256e+01
-6.388616633613851548e+01
-6.719783808257847113e+01
-7.011430180312153482e+01
-7.278728542578861038e+01
-7.545891644492272121e+01
-7.834584693186529591e+01
-8.155137250632813561e+01
-8.504801778537304813e+01
-8.871824204946531722e+01
-9.239842758280423141e+01
-9.588647623636548190e+01
-9.892811414267664816e+01
-1.012310440650405639e+02
-1.025379299908123585e+02
-1.027380687812568851e+02
-1.019544899800238795e+02
-1.005437343938264974e+02
-9.899881644225655464e+01
-9.781406896701392384e+01
-9.738926773615341403e+01
-9.799929914549989007e+01
-9.979016837048338573e+01
-1.027514178895794430e+02
-1.066669694056630959e+02
-1.111028644630630993e+02
-1.154858499578304531e+02
-1.192602320430454483e+02
-1.220512707606443001e+02
-1.237686695273429223e+02
-1.246337799992894446e+02
-1.251482375947326773e+02
-1.260111118652091164e+02
-1.279663053617692725e+02
-1.315763786298436457e+02
-1.369847837670028241e+02
-1.437854588212562419e+02
-1.510946895379715329e+02
-1.578113608548182469e+02
-1.629329236848887206e+02
-1.657588291602434367e+02
-1.658926123478068746e+02
-1.630862079167097249e+02
-1.570594327856646828e+02
-1.474281673800560952e+02
-1.338029448539826660e+02
-1.160177094146194605e+02
-9.436804598934003252e+01
-6.972529230100630571e+01
-4.345536301970730619e+01
-1.717083309032537031e+01
7.576094462892385195e+00
2.953977627937528894e+01
4.790001837794895323e+01
6.225748735833673209e+01
7.255356747308483989e+01
7.897376200560577786e+01
8.187639233677782613e+01
8.174979725566802813e+01
7.916844333463815531e+01
7.472282805379565218e+01
6.893548025431509529e+01
6.220279149030227472e+01
5.478767661371648501e+01
4.684789947392118847e+01
3.846443739485239632e+01
2.965513484897502394e+01
