-6.118658307907549165e+00
1.290027782340713358e+01
2.828615766655749297e+01
3.754480745613304293e+01
4.001688712114491153e+01
3.687529272356576371e+01
3.053326110986225927e+01
2.375316329235387514e+01
1.877963336198997624e+01
1.674887982097101613e+01
1.750644688269956717e+01
1.983642505927570099e+01
2.199202246072793088e+01
2.233791269642579636e+01
1.988773424446365112e+01
1.456543326837743280e+01
7.130991813651597511e+00
-1.158481637804589681e+00
-8.996394947283526733e+00
-1.541990252379826742e+01
-2.003556368374558261e+01
-2.303317613238472461e+01
-2.501637839977249556e+01
-2.674436041513507334e+01
-2.890066901827266577e+01
-3.196114324699080100e+01
-3.616158289179954011e+01
-4.152262419285112571e+01
-4.789068660480153028e+01
-5.497968697359866042e+01
-6.241909699046655646e+01
-6.981198740109797996e+01
-7.678982762119589722e+01
-8.304213938357779057e+01
-8.831256238160038663e+01
-9.238230716232072837e+01
-9.508203007372097204e+01
-9.635643974343169305e+01
-9.635577784153814207e+01
-9.548455869847153110e+01
-9.434130139841303730e+01
-9.354141079173463424e+01
-9.349574975561175449e+01
-9.426208575394318245e+01
-9.555677760078357608e+01
-9.692673206782082218e+01
-9.799415279981133153e+01
-9.864849296264436873e+01
-9.908577738788341094e+01
-9.967204248532080157e+01
-1.007054292667568234e+02
-1.022182870737440226e+02
-1.039396830205426454e+02
-1.054327011642012337e+02
-1.063137080598211952e+02
-1.064344463106456828e+02
-1.059577239063357155e+02
-1.053170368401759873e+02
-1.050787762728569703e+02
-1.057386663327577025e+02
-1.075063211834314529e+02
-1.101502139502978252e+02
-1.129582926756780665e+02
-1.148188604257066601e+02
-1.143830258614340067e+02
-1.102636324634437699e+02
-1.012442855323855753e+02
-8.648460358973026985e+01
-6.569613898211370895e+01
-3.924133480140807251e+01
-8.110920591205399433e+00
2.622312297119448488e+01
6.203262150734817482e+01
9.757290519315156985e+01
1.312939556815900914e+02
1.620075865020272090e+02
1.890023923037540499e+02
2.120888343423442848e+02
2.315562057079199008e+02
2.480415298979083900e+02
2.623365682617849757e+02
2.751791788395535718e+02
2.870790372897310476e+02
2.982130720157857127e+02
3.084046183043652150e+02
3.171839418445683236e+02
3.239148070825793297e+02
3.279574092634055660e+02
3.288245310738368516e+02
3.262841565790176332e+02
3.203802565120309964e+02
3.113819157061878400e+02
2.997022551982284426e+02
2.858306493307293294e+02
2.702996853917370004e+02
2.536746103942987247e+02
2.365241657894400191e+02
2.193386179233787061e+02
2.024129863746888986e+02
1.857686359093889905e+02
1.691904555036419424e+02
1.523976262400025519e+02
1.352797734177661937e+02
1.180759769963817689e+02
1.013947631651789720e+02
8.605823210895579223e+01
7.284233996146005552e+01
6.222571305529131536e+01
5.424623096793214216e+01
4.851537691829971521e+01
4.437245484455614530e+01
4.110501197810786778e+01
3.815057183546976916e+01
3.522253306748133639e+01
3.233513816443009148e+01
2.972636537685332314e+01
2.770829894258319470e+01
2.650918936188849528e+01
2.617787380361752270e+01
2.657903312400935292e+01
2.744498867718309398e+01
2.842461638042010819e+01
2.910535598044554462e+01
2.903683866334294805e+01
2.779687590048528989e+01
2.510293456795306355e+01
2.092225802731972095e+01
1.551481927095842650e+01
9.370395648862363203e+00
3.056307030065639196e+00
-2.956595643005158536e+00
-8.406508916600913039e+00
-1.324571753785652106e+01
-1.756186604044786748e+01
-2.148771922507621923e+01
-2.516052665249526399e+01
-2.873572892973355408e+01
-3.240719099240732248e+01
-3.638022356051341433e+01
-4.078685894340057416e+01
-4.558648247767813189e+01
-5.051926356770235316e+01
-5.516071074982717448e+01
-5.906911841942478247e+01
-6.195448637946222448e+01
-6.377765228629759520e+01
-6.473503148032885690e+01
-6.516268938079227269e+01
-6.543753938928679759e+01
-6.592564477255355371e+01
-6.696135226437071708e+01
-6.881031711157301345e+01
-7.160190745239809473e+01
-7.526592264033418189e+01
-7.952277785973411994e+01
-8.395177920108231717e+01
-8.812445663043676802e+01
-9.175553931873555769e+01
-9.480233113680698409e+01
-9.745458077997379576e+01
-1.000116693946936692e+02
-1.027095752993335083e+02
-1.055882584889802871e+02
-1.084668886146613858e+02
-1.110393034482541879e+02
-1.130395221257537770e+02
-1.143830258614340067e+02
-1.151955800801039942e+02
-1.157073046039963202e+02
-1.160742265308413579e+02
-1.162231475703211601e+02
-1.157887452746430057e+02
-1.141487863771101701e+02
-1.105108701945856495e+02
-1.039961864755916423e+02
-9.370727677182777882e+01
-7.882008921822821890e+01
-5.874850916892076214e+01
-3.337302106395416956e+01
-3.247698415370841474e+00
3.033460124479584863e+01
6.549777202283030419e+01
1.001377856942102085e+02
1.323571169584838572e+02
1.608225001296644905e+02
1.849358497816734257e+02
2.047932622451311886e+02
2.209802599994488332e+02
2.342887697061286190e+02
2.454446074856618338e+02
2.549137585363015432e+02
2.628191913839324343e+02
2.689595950453511932e+02
2.728998565440466564e+02
2.741095557941859511e+02
2.721350650182126287e+02
2.667743088470790553e+02
2.581939510791326597e+02
2.469283115829724977e+02
2.337441167873141410e+02
2.194176730402056705e+02
2.045102026704841762e+02
1.892228927545876900e+02
1.733764543317163884e+02
1.565186423040877912e+02
1.381333689844126411e+02
1.178984518324616459e+02
9.591205961338138763e+01
7.280365624075143671e+01
4.968187714147006773e+01
2.792941011765202575e+01
8.897852880560773059e+00
-6.425481456323480778e+00
-1.769479514207720428e+01
-2.533476822432432485e+01
-3.044975151364605637e+01
-3.450855170166217789e+01
-3.889039908854549310e+01
-4.444589630543006820e+01
-5.123589140454207325e+01
-5.854939392751028748e+01
-6.519353902534257372e+01
-6.994617975778291452e+01
-7.200610891078952136e+01
-7.127952237110343958e+01
-6.840457125017493922e+01
-6.452355124450997437e+01
-6.091282121937030780e+01
-5.861631014700765974e+01
-5.819496300843361780e+01
-5.964485508550666282e+01
-6.248324698577709313e+01
-6.595767147112086093e+01
-6.930168778353713321e+01
-7.195655206892679701e+01
-7.370529410721209729e+01
-7.470625386476216079e+01
-7.543806426480193750e+01
-7.656727554993439355e+01
-7.874939099420259936e+01
-8.240425348855153231e+01
-8.754889628086593234e+01
-9.376821970148762375e+01
-1.003362110466678132e+02
-1.064203295336948401e+02
-1.112767347279619656e+02
-1.143830258614339925e+02
-1.155072330178959135e+02
-1.147289295520151029e+02
-1.124130478634118333e+02
-1.091272349511556286e+02
-1.055116296940961718e+02
-1.021384898541453481e+02
-9.940764108211645578e+01
-9.750585917349391707e+01
-9.643300790201776351e+01
-9.607836703415605939e+01
-9.631302096627004516e+01
-9.705108807629025591e+01
-9.824303276850180566e+01
-9.980870518140292802e+01
-1.015721373633538462e+02
