-2.117009915570733369e+01
7.507877297175360809e+01
1.545528209373326831e+02
2.050977242319227116e+02
2.221017075196393762e+02
2.086235072510879149e+02
1.732318587133296433e+02
1.267585296723835313e+02
7.923571224405593227e+01
3.786549666410034831e+01
6.286936258602374039e+00
-1.507074749381813916e+01
-2.800434723070487308e+01
-3.539248678362503142e+01
-4.022621218016065114e+01
-4.496835218724843486e+01
-5.125286275832245764e+01
-5.985748565167880741e+01
-7.084955882308879893e+01
-8.379951413202756783e+01
-9.798326602696238297e+01
-1.125445364408903970e+02
-1.266273722088483993e+02
-1.394948775159778620e+02
-1.506349062620484460e+02
-1.598378670333128753e+02
-1.672223119361187287e+02
-1.731864746567411828e+02
-1.782855126136144861e+02
-1.830677485533773279e+02
-1.879304829092242812e+02
-1.930560415484850978e+02
-1.984480344586146998e+02
-2.040268691233703748e+02
-2.097124942874651765e+02
-2.154466780232106942e+02
-2.211607447316611683e+02
-2.267301696439381828e+02
-2.319508651289810075e+02
-2.365451455361115904e+02
-2.401941093952827941e+02
-2.425954785346650624e+02
-2.435367092774744435e+02
-2.429598151341974983e+02
-2.410043380865589029e+02
-2.380363788033811261e+02
-2.346629337468395136e+02
-2.316935111303111512e+02
-2.300007208714949911e+02
-2.302825599629768476e+02
-2.328067665274532487e+02
-2.372582641811553970e+02
-2.427819095542725734e+02
-2.482277404948162030e+02
-2.525084736927909717e+02
-2.549247828466351962e+02
-2.553386785832559553e+02
-2.541615263147247106e+02
-2.522066919555326763e+02
-2.504800313083281935e+02
-2.499451664095577712e+02
-2.512591841742800511e+02
-2.544803425667417969e+02
-2.588046637406874879e+02
-2.624434686197370183e+02
-2.627480925734654420e+02
-2.566029167259928272e+02
-2.409909546128340594e+02
-2.135670817498520648e+02
-1.730956936118470537e+02
-1.196865931993161496e+02
-5.482257843278379994e+01
1.881125567748017247e+01
9.767876558029871603e+01
1.778757927128742722e+02
2.556522153054887383e+02
3.278603157220091475e+02
3.922465389786999594e+02
4.475676481691780850e+02
4.935602762407943942e+02
5.307919954218546081e+02
5.604013716163484560e+02
5.837530409964151659e+02
6.020937088301060385e+02
6.163245938076647690e+02
6.269566545776762041e+02
6.342273515350973412e+02
6.382962031193608254e+02
6.394156660354220776e+02
6.379885800610967408e+02
6.344866545173590566e+02
6.292993723132377681e+02
6.226310745689009991e+02
6.145119786108474500e+02
6.048867464311647382e+02
5.936890458264444987e+02
5.808406716103486360e+02
5.661878514611140645e+02
5.494409984949907084e+02
5.301865716750196498e+02
5.080001110880793931e+02
4.826332806915665969e+02
4.542050389494054912e+02
4.233209093010190713e+02
3.910680167917042809e+02
3.588639790013308470e+02
3.281749778398902890e+02
3.001741239744255836e+02
2.754635377670227854e+02
2.539851466604908410e+02
2.351738821653540299e+02
2.182913565340101343e+02
2.027833507663708303e+02
1.884874572861739352e+02
1.755890726104863120e+02
1.643523997697039363e+02
1.547762524358550422e+02
1.463711525810463172e+02
1.381927584792238974e+02
1.291313869647020738e+02
1.183200706970045815e+02
1.054564610242188252e+02
9.088114671819991486e+01
7.539536630589080346e+01
5.994303641149450357e+01
4.533050293792291541e+01
3.209194861000185028e+01
2.048974554831568184e+01
1.055559264967607191e+01
2.088404840074446156e+00
-5.384350099453513394e+00
-1.259007849411332813e+01
-2.035371559619750315e+01
-2.930974493835611838e+01
-3.960057175238759442e+01
-5.072185270903264609e+01
-6.162770856356348759e+01
-7.108868121921267402e+01
-7.816429469134402552e+01
-8.258756588435807089e+01
-8.490091708540188620e+01
-8.630185342346072730e+01
-8.827687215988510161e+01
-9.216413457075060478e+01
-9.878492296551547724e+01
-1.082460379807305912e+02
-1.199561683499292144e+02
-1.328323346806656673e+02
-1.456194482319478993e+02
-1.572183378290545761e+02
-1.669209564439976248e+02
-1.744986199108028586e+02
-1.801637358529351900e+02
-1.844689972789295211e+02
-1.881894607436787510e+02
-1.921923661116186963e+02
-1.972892059478230067e+02
-2.040835242136831198e+02
-2.128398802836161963e+02
-2.233876946532915895e+02
-2.350586555599481926e+02
-2.466654479109137696e+02
-2.565532380585484020e+02
-2.627480925734654420e+02
-2.631754764998340761e+02
-2.558852689533636635e+02
-2.392499939429972073e+02
-2.121422287527666413e+02
-1.741214670444051649e+02
-1.256298327360522649e+02
-6.813845801102473843e+01
-4.140823951084172450e+00
6.309798655546519797e+01
1.300357725426305535e+02
1.934670862151606059e+02
2.510580496693096109e+02
3.016232046929925446e+02
3.450594790070117028e+02
3.819769451204132338e+02
4.131788939971877426e+02
4.392015204777461577e+02
4.600956028558961748e+02
4.755233660595825995e+02
4.850943191099825071e+02
4.887470564612009412e+02
4.869765890932559387e+02
4.808160261857713067e+02
4.716189677289177666e+02
4.607604685362922510e+02
4.493633377550282830e+02
4.381049326030121165e+02
4.271191058734715398e+02
4.160036938623755987e+02
4.039475244592135255e+02
3.899600048533261543e+02
3.731378667385544077e+02
3.528903045686503788e+02
3.290693600796950591e+02
3.019806787493587876e+02
2.722770496188483662e+02
2.407800401849752916e+02
2.083087375806033492e+02
1.755789370303002954e+02
1.431823526133188693e+02
1.116132426057599787e+02
8.130497578182691143e+01
5.265565921729606202e+01
2.603722307961908200e+01
1.790254110693410894e+00
-1.979337286975637156e+01
-3.850560955884385805e+01
-5.428315348753688596e+01
-6.728612203651148604e+01
-7.795717567103596934e+01
-8.700793187590875277e+01
-9.530467716063675709e+01
-1.036854635344029703e+02
-1.127859263596246677e+02
-1.229381632229683277e+02
-1.341539666741207100e+02
-1.461666813995147720e+02
-1.585057848090691266e+02
-1.705892332107585219e+02
-1.818224384905202555e+02
-1.916957236212318492e+02
-1.998765776796204250e+02
-2.062920045827853528e+02
-2.111853988966302609e+02
-2.151151939213999924e+02
-2.188571882506067254e+02
-2.232011553568143540e+02
-2.286919533692654909e+02
-2.354203048417097079e+02
-2.429725363910981173e+02
-2.505788652479488974e+02
-2.573904483586571814e+02
-2.627480925734654420e+02
-2.663336572436048186e+02
-2.681857347433114001e+02
-2.686332359712974949e+02
-2.682044616484640756e+02
-2.675238893406278748e+02
-2.671789889897857506e+02
-2.675664101556869241e+02
-2.687786301816047967e+02
-2.706004656244712123e+02
-2.726259740015984789e+02
-2.744285794372927967e+02
-2.756912448474423059e+02
-2.762460455042174203e+02
-2.760343602582623816e+02
-2.750323052674777387e+02
-2.731923418426089825e+02
-2.704509759403485987e+02
-2.668365189815651206e+02
-2.626528157846380509e+02
-2.586248340727420896e+02
-2.558484253072397507e+02
-2.554666406603316204e+02
-2.581711440650944951e+02
-2.637754572279133640e+02
-2.711164593536507255e+02
