6.696542164805734387e-01
-6.007658389070449090e+01
-1.140147576336452602e+02
-1.562450057631778009e+02
-1.847383059262654967e+02
-2.002418483774851836e+02
-2.052896238163908436e+02
-2.028734131906238929e+02
-1.953287600318578825e+02
-1.837764182133493307e+02
-1.681743017818262160e+02
-1.478044275151318629e+02
-1.219186208106461606e+02
-9.029081562474175371e+01
-5.351722311436334678e+01
-1.301660514047439854e+01
2.921884002154144611e+01
7.100486846434492350e+01
1.103436045752364691e+02
1.457006578385789624e+02
1.761487703130390230e+02
2.013904411928800187e+02
2.216760672701043688e+02
2.376341789542908600e+02
2.500563373079284588e+02
2.597056202120671742e+02
2.672057210365932747e+02
2.730201140899367829e+02
2.774817197338599044e+02
2.808134958448456473e+02
2.831001695980131672e+02
2.842215274841638006e+02
2.838110658414099703e+02
2.813179089115802185e+02
2.761922363612784466e+02
2.681153805772902388e+02
2.571470149148805149e+02
2.437147957410909669e+02
2.284689317268878881e+02
2.120781680468859349e+02
1.950421029344000203e+02
1.775785250640648201e+02
1.596272601585333462e+02
1.409757055471307865e+02
1.214583440007727120e+02
1.011465372848150679e+02
8.044989516022765486e+01
6.008885887482519195e+01
4.094824118240487110e+01
2.386428836251790386e+01
9.417217872165181802e+00
-2.208966367804787723e+00
-1.126639282868461578e+01
-1.838177475968378616e+01
-2.441738991267589043e+01
-3.029016122787264820e+01
-3.678297920775446528e+01
-4.438297147781900520e+01
-5.319041830704439633e+01
-6.293611402717206715e+01
-7.310235090512738054e+01
-8.308707276094273197e+01
-9.233488440853885493e+01
-1.004025562885894942e+02
-1.069902778913990886e+02
-1.119912028781345015e+02
-1.155673644453025446e+02
-1.181908474231768338e+02
-1.205678460666171645e+02
-1.234251928452633820e+02
-1.272426973663455669e+02
-1.320756015656976388e+02
-1.375733373296331195e+02
-1.431824313880111106e+02
-1.484075931617471724e+02
-1.529831057478935463e+02
-1.568912482264710775e+02
-1.602789361150578884e+02
-1.633699838182890005e+02
-1.664245978615083459e+02
-1.697229813366174653e+02
-1.735192176706279383e+02
-1.779459951996676637e+02
-1.829162648036234202e+02
-1.881008962925464232e+02
-1.930220008103698035e+02
-1.972221571179923387e+02
-2.004222950193120028e+02
-2.025963130919785726e+02
-2.039402860941053746e+02
-2.047613958613137584e+02
-2.053405548762763715e+02
-2.058257326909898950e+02
-2.061905778762434807e+02
-2.062627852328522238e+02
-2.058072695256654185e+02
-2.046388816339926393e+02
-2.027280170406756952e+02
-2.002559485453840864e+02
-1.975922469478857408e+02
-1.952030444545208354e+02
-1.935301396253929624e+02
-1.928860638222787145e+02
-1.933936355639264661e+02
-1.949754222241643902e+02
-1.973779493291655172e+02
-2.002038457927864101e+02
-2.029281999571974495e+02
-2.048920586600612523e+02
-2.052896238163908436e+02
-2.031838889010844582e+02
-1.975786730758256624e+02
-1.875385560928835389e+02
-1.723095159304257891e+02
-1.513928206900246778e+02
-1.245660920628327233e+02
-9.189347387169377157e+01
-5.377877886791634410e+01
-1.107553376994626859e+01
3.480178002149729366e+01
8.187171964459146523e+01
1.277763472514648271e+02
1.701681203989990081e+02
2.071737711641539192e+02
2.377509265051492378e+02
2.617941997682751207e+02
2.799698709445912073e+02
2.933850528792630712e+02
3.032531507250769778e+02
3.106743021858593465e+02
3.165501055405889019e+02
3.215805216135571527e+02
3.262890200756400532e+02
3.310477768975083563e+02
3.360767666921119030e+02
3.413906818957869973e+02
3.467113630122688619e+02
3.514236611496265823e+02
3.546554656161890762e+02
3.554911903126679817e+02
3.532403016535321285e+02
3.476397873109358443e+02
3.388929006650723750e+02
3.275262964658916758e+02
3.141457843401674950e+02
2.992245538185427449e+02
2.830275312756657513e+02
2.656881578976436913e+02
2.473715003922644655e+02
2.284216223799304260e+02
2.094093209763178720e+02
1.910552745055648245e+02
1.740714650902784228e+02
1.589996584610840102e+02
1.461115452055276478e+02
1.353932958404854787e+02
1.266036803307302989e+02
1.193801581950866364e+02
1.133584056050404314e+02
1.082636599525708760e+02
1.039407212489658718e+02
1.003158328472307943e+02
9.730815915424284412e+01
9.472044010732091124e+01
9.214890262127030951e+01
8.896344241054640634e+01
8.439712186289212070e+01
7.773404633725866120e+01
6.852610025570585606e+01
5.675281999375522446e+01
4.287188367034249836e+01
2.774868190120172429e+01
1.247895260157672936e+01
-1.858083144818220234e+00
-1.445258414158166005e+01
-2.494680975272220280e+01
-3.348649183251998096e+01
-4.062432687057301450e+01
-4.711700919759142892e+01
-5.369415247236779010e+01
-6.086887784298900783e+01
-6.881965650129691880e+01
-7.734243954114239727e+01
-8.587485869572940089e+01
-9.361108338914898752e+01
-9.971873909096102295e+01
-1.036212209836780147e+02
-1.052459893137069855e+02
-1.051195808651980030e+02
-1.042472932896272937e+02
-1.038181433541990089e+02
-1.048560966962997156e+02
-1.079492769211472023e+02
-1.131304300941071119e+02
-1.199035374300730439e+02
-1.273706958900577888e+02
-1.344212580041510137e+02
-1.399677095181490074e+02
-1.432114582540082495e+02
-1.438852317865306816e+02
-1.423805973220804333e+02
-1.396818068812243610e+02
-1.371021764721923830e+02
-1.359120029272983743e+02
-1.369962578280775745e+02
-1.406538034870692968e+02
-1.465740331995724262e+02
-1.539631558725029095e+02
-1.617711883169757527e+02
-1.689706987051366127e+02
-1.748309845852390083e+02
-1.791170570194240952e+02
-1.821439654460415341e+02
-1.846511833345372509e+02
-1.875185933938966230e+02
-1.913939428320532272e+02
-1.963269247929286507e+02
-2.015182494795806747e+02
-2.052896238163908436e+02
-2.053342730142827577e+02
-1.992161258232728187e+02
-1.849937467595364069e+02
-1.617932067766635669e+02
-1.301508281678764831e+02
-9.199583999706976556e+01
-5.025154315758603474e+01
-8.176504270992754897e+00
3.132874707573305173e+01
6.623065488461750761e+01
9.557745515842641737e+01
1.194311511711555482e+02
1.385897893761795956e+02
1.541939012588371440e+02
1.673313972524200324e+02
1.787576814457499381e+02
1.887946595969564783e+02
1.973853278261910305e+02
2.042272649303148171e+02
2.089209097590933766e+02
2.111123039656799278e+02
2.106322851539958378e+02
2.076184750823207708e+02
2.025770120193375021e+02
1.963350430412446315e+02
1.898694069736799577e+02
1.840504867536601807e+02
1.793763932156485907e+02
1.757787968253050792e+02
1.725702237441390707e+02
1.685792504784850223e+02
1.624726837030034972e+02
1.531879387221713102e+02
1.403241287519920775e+02
1.243237371520794881e+02
1.063553303737233051e+02
8.794928789452900730e+01
7.055288856169138967e+01
5.518541147995970420e+01
4.229120700326554783e+01
3.177640875034377999e+01
2.314640129373395894e+01
1.566328810133136429e+01
