7.114249808270798781e+00
2.909476261027319666e+01
4.745324170260015251e+01
5.956505182551026678e+01
6.439031069114305694e+01
6.255055122449683580e+01
5.593170271935225912e+01
4.701263991973722511e+01
3.814840616926842642e+01
3.100535075977517252e+01
2.628088669529683230e+01
2.374912315170755761e+01
2.256942131756054337e+01
2.171177961377559384e+01
2.032934280187953746e+01
1.795970380231518604e+01
1.453517274495805722e+01
1.026942887012177508e+01
5.516099226498158536e+00
6.609754411609625180e-01
-3.945376373389759550e+00
-8.038246345674110671e+00
-1.148921541956559800e+01
-1.434652040317579491e+01
-1.683559616152192007e+01
-1.929622387872821676e+01
-2.206566172166175832e+01
-2.535214249295754385e+01
-2.915221391639574477e+01
-3.324507051633846544e+01
-3.726360573998523762e+01
-4.081338180316453901e+01
-4.359933046703241644e+01
-4.552405296128362266e+01
-4.672699262191000713e+01
-4.754002539458805643e+01
-4.836181504015385713e+01
-4.950170584264012064e+01
-5.107442637571741528e+01
-5.300087301455715050e+01
-5.510243080411748196e+01
-5.722253644379773618e+01
-5.930399027705458082e+01
-6.138175344835335778e+01
-6.349622431124252842e+01
-6.558029317646079903e+01
-6.740346897752827715e+01
-6.863683605490473383e+01
-6.903168778665688876e+01
-6.862371086092797157e+01
-6.783709212937652921e+01
-6.740039333550848255e+01
-6.808711578389308272e+01
-7.039942789674593371e+01
-7.435125387021236065e+01
-7.945086503977948666e+01
-8.487588297077108734e+01
-8.974773208748601405e+01
-9.339109496447652248e+01
-9.549572976718039286e+01
-9.614606595122343435e+01
-9.572423458858413881e+01
-9.472133421576275225e+01
-9.351396535378020758e+01
-9.217660084056423386e+01
-9.039266965796052489e+01
-8.749006608060423673e+01
-8.257913230172266594e+01
-7.474851579447438610e+01
-6.328302423433948576e+01
-4.787412555977385153e+01
-2.877772649801635652e+01
-6.861183463186399045e+00
1.649656271494835025e+01
3.963759062624299645e+01
6.092929179601420486e+01
7.906078989017434822e+01
9.326452457416822028e+01
1.034234711485098472e+02
1.100502977408426943e+02
1.141459157666675424e+02
1.169648508819473420e+02
1.197333835127490573e+02
1.233795154099711624e+02
1.283372712760390755e+02
1.344762786697446586e+02
1.411762370196244660e+02
1.475220026377222098e+02
1.525614832580110374e+02
1.555618330492599455e+02
1.562074210551473357e+02
1.546855614867911299e+02
1.516148171333099697e+02
1.478156763156799798e+02
1.439961466855727963e+02
1.404741726771285357e+02
1.370491284469235609e+02
1.330764001061122883e+02
1.277219855561299227e+02
1.203039160062511570e+02
1.105898046754788879e+02
9.893581917926073288e+01
8.621938705890903520e+01
7.360365110926964860e+01
6.223001242778312303e+01
5.294087950672680165e+01
4.610515593358466901e+01
4.158381448540357894e+01
3.883505243256018957e+01
3.711448832995176872e+01
3.569893902904141925e+01
3.407015171869724668e+01
3.201601710975681669e+01
2.962367001823560386e+01
2.716924653161157721e+01
2.495564686233567642e+01
2.317282317196717401e+01
2.183047113988033416e+01
2.076742665146495881e+01
1.971073879968090381e+01
1.834806127456494096e+01
1.638577727303698950e+01
1.358635739850882374e+01
9.796027053145129670e+00
4.974908728029491023e+00
-7.702515588207889952e-01
-7.166798827586672083e+00
-1.379579878061151099e+01
-2.016387952747056644e+01
-2.580761833648850612e+01
-3.038695619519121394e+01
-3.373588547754576439e+01
-3.587167075256144244e+01
-3.698167323703089693e+01
-3.739789946424797051e+01
-3.755222006592698847e+01
-3.790039403949024432e+01
-3.881853497987818002e+01
-4.050208721838255599e+01
-4.291041237120669649e+01
-4.578447615408820326e+01
-4.873310059372506231e+01
-5.135835694573267318e+01
-5.338191894105073487e+01
-5.473386389461197865e+01
-5.556798222254720798e+01
-5.618328097478541849e+01
-5.687345124006569108e+01
-5.778121390654676759e+01
-5.885395116742447641e+01
-5.994027992712101849e+01
-6.096166787363058859e+01
-6.202901412365037004e+01
-6.341490232563228346e+01
-6.540178284953660182e+01
-6.810911784425776716e+01
-7.140245590181852720e+01
-7.492386157596689600e+01
-7.821255883817384813e+01
-8.085042288827585821e+01
-8.257428860041089536e+01
-8.332518836333797196e+01
-8.323556137575508274e+01
-8.257876019802097289e+01
-8.170928480459556908e+01
-8.100648164250353034e+01
-8.081944016234662342e+01
-8.141351717358924134e+01
-8.292772337685926232e+01
-8.534653658939262755e+01
-8.847653243516593591e+01
-9.192439906520253601e+01
-9.509969399541964208e+01
-9.727595303579914798e+01
-9.770963253549858507e+01
-9.576549550732558203e+01
-9.098641228158986394e+01
-8.309141440894515540e+01
-7.194530496097618766e+01
-5.756372969430788089e+01
-4.018365015095717752e+01
-2.036716264073645632e+01
9.366276366188295288e-01
2.243948714446612769e+01
4.268943367086762208e+01
6.033469662478830742e+01
7.440039954536104005e+01
8.448820722785970361e+01
9.082178828092966683e+01
9.411176868972177090e+01
9.529236850165078465e+01
9.524049603305651601e+01
9.458230412708103074e+01
9.362985952469068707e+01
9.242339198064615857e+01
9.082412940878711538e+01
8.860937483225148981e+01
8.554379773561933575e+01
8.142413112408017639e+01
7.611049040807252197e+01
6.955522154983201233e+01
6.182058279062312067e+01
5.306750387150829340e+01
4.351933214084105828e+01
3.342963880811223731e+01
2.307236056361417909e+01
1.273722882546112167e+01
2.700234060744278963e+00
-6.837654434402692161e+00
-1.581924781186691220e+01
-2.437053448913136577e+01
-3.277913813140305166e+01
-4.139768934058506034e+01
-5.049044468569470467e+01
-6.007920565083862385e+01
-6.985587625442866511e+01
-7.919716264356007684e+01
-8.726860246606128158e+01
-9.317876440921689607e+01
-9.614606595122343435e+01
-9.564846253126280828e+01
-9.152638449739437476e+01
-8.401159347314926151e+01
-7.367357006329839919e+01
-6.130385899001916528e+01
-4.777538813732218159e+01
-3.391005830218283990e+01
-2.037524045364208547e+01
-7.617235524293811899e+00
4.171419293573743303e+00
1.505576013680360425e+01
2.532346499659805161e+01
3.538692750526553255e+01
4.561497202568664733e+01
5.613725204936064728e+01
6.670926427551917470e+01
7.672073022604641324e+01
8.536678762193447767e+01
9.191826072995021946e+01
9.597750196542730805e+01
9.761360669355474329e+01
9.732108943093739128e+01
9.581615885981739211e+01
9.375529847959785457e+01
9.150370331902456655e+01
8.906325409744259503e+01
8.618679037860097480e+01
8.260422586533940148e+01
7.823463846652975917e+01
7.328392162472124483e+01
6.819703792039547352e+01
6.349875624007259489e+01
5.959227340870755540e+01
5.658835399911982478e+01
5.421454963254849702e+01
5.182130840863828780e+01
4.848328576275654456e+01
4.319462741196358735e+01
3.514805440637712053e+01
2.404289907400050197e+01
1.030737471820572893e+01
-4.894346228766532469e+00
