4.587500381002094230e-01
6.759947977282614318e+01
1.230800401031310685e+02
1.585173481858510627e+02
1.707762863454188960e+02
1.620079122159382621e+02
1.380320620576247279e+02
1.059086363010237903e+02
7.165369855012556854e+01
3.881628807061510145e+01
8.200773253872824853e+00
-2.143167581799426102e+01
-5.214915465537253425e+01
-8.564814417800968727e+01
-1.224528046564391133e+02
-1.616802930823612883e+02
-2.013299348311724088e+02
-2.389128280604541601e+02
-2.721782451947586878e+02
-2.996988408694542727e+02
-3.211330843528756418e+02
-3.370930829982640944e+02
-3.487002150314293090e+02
-3.570475812401210192e+02
-3.628165404221947483e+02
-3.661870541602922344e+02
-3.670133404424383912e+02
-3.651144446420055374e+02
-3.605095076667410012e+02
-3.534992911981187831e+02
-3.446045758267541714e+02
-3.344483355157438496e+02
-3.236693662367041497e+02
-3.128959197452954299e+02
-3.027430330275547021e+02
-2.937750734558835575e+02
-2.864106161634699674e+02
-2.808101738943113332e+02
-2.768190671465353034e+02
-2.740069956773695594e+02
-2.717885154672475210e+02
-2.695790991701508119e+02
-2.669462067830507976e+02
-2.637254156837361734e+02
-2.600768114592941629e+02
-2.564678585040081771e+02
-2.535894736038227961e+02
-2.522254384178330895e+02
-2.530902903356430897e+02
-2.566487652731685216e+02
-2.629571516421196975e+02
-2.716011345125926937e+02
-2.817901360685468717e+02
-2.925914228575903735e+02
-3.032024260222849534e+02
-3.131325439374620032e+02
-3.222132573190158382e+02
-3.304460757802499415e+02
-3.377894797197504886e+02
-3.440344581624403304e+02
-3.488765640102510019e+02
-3.521635602748764882e+02
-3.541676282286522905e+02
-3.556970889580740618e+02
-3.579431406010606338e+02
-3.620880580210746302e+02
-3.688017808188045024e+02
-3.777902126004178740e+02
-3.875464500287711758e+02
-3.954087976638762711e+02
-3.979382392948120355e+02
-3.915096926810539344e+02
-3.729323295422183264e+02
-3.399292150257960543e+02
-2.913973241386737527e+02
-2.274695778307196292e+02
-1.494555814852048741e+02
-5.973163509227548218e+01
3.839387336674671758e+01
1.408634129108572779e+02
2.431557444087048907e+02
3.407092389926650071e+02
4.294358203694577583e+02
5.061849280638381856e+02
5.690070770963906170e+02
6.171634481977328051e+02
6.509441171334578939e+02
6.713998269664682539e+02
6.800611175273875233e+02
6.786768112612335244e+02
6.689942451890526627e+02
6.526172922299247148e+02
6.309726913054973920e+02
6.053645092002873298e+02
5.770313413194660370e+02
5.471085772999194887e+02
5.164747615601033885e+02
4.855758837966096166e+02
4.543649910290046137e+02
4.224161101646382690e+02
3.891487970693370926e+02
3.540494420611286159e+02
3.168220228015922544e+02
2.774733905219989651e+02
2.363638672153643370e+02
1.942227550224498600e+02
1.520893013412490689e+02
1.111478773534762468e+02
7.248475619885910248e+01
3.685457046066730413e+01
4.558960068122317466e+00
-2.450613967213045186e+01
-5.066197563422419137e+01
-7.421474708735803461e+01
-9.528797472750345321e+01
-1.137828017074347713e+02
-1.294678397586290259e+02
-1.421463044684323620e+02
-1.518106259689049864e+02
-1.586942124754000645e+02
-1.631842418035381286e+02
-1.656468248766352644e+02
-1.662822252133346410e+02
-1.651230524512039040e+02
-1.622019726700138165e+02
-1.577976483746249130e+02
-1.526044556611333007e+02
-1.477096026435248461e+02
-1.443657510754775615e+02
-1.436480347579797012e+02
-1.461358299432168053e+02
-1.517455801777820454e+02
-1.597676669782724161e+02
-1.690710644226099362e+02
-1.783967779934061468e+02
-1.866769112786891753e+02
-1.933309353648625404e+02
-1.984617008212272822e+02
-2.028499785310521020e+02
-2.077019759685702525e+02
-2.142276464810680920e+02
-2.232269563837001840e+02
-2.348600394857249967e+02
-2.486742529895142297e+02
-2.638243447055844513e+02
-2.793406095383323873e+02
-2.943188678334284418e+02
-3.079932322623021150e+02
-3.197369280553156159e+02
-3.290676555136415686e+02
-3.357064575829330124e+02
-3.396845039234378874e+02
-3.414512414227570503e+02
-3.419213832534953781e+02
-3.423973744357168698e+02
-3.443298596282793369e+02
-3.489448122259358342e+02
-3.568358530875353267e+02
-3.676408243407313421e+02
-3.798917011645024218e+02
-3.910807692304354077e+02
-3.979382392948120355e+02
-3.968644298030775417e+02
-3.844193548587993519e+02
-3.577747468207278985e+02
-3.150766350750379274e+02
-2.557136468059391632e+02
-1.804881437146314909e+02
-9.164788370408334117e+01
7.288122017285481036e+00
1.119313589178486978e+02
2.175743634493978220e+02
3.197299819443829847e+02
4.145096944389034093e+02
4.987933802519985989e+02
5.702576793754644768e+02
6.273754250670639294e+02
6.694580316220406075e+02
6.967269827409975278e+02
7.103286322263541024e+02
7.121986080278661575e+02
7.047501188821483993e+02
6.904604046196039917e+02
6.714901924458997655e+02
6.494542290439676435e+02
6.253876235681154867e+02
5.998669508430111819e+02
5.731828721701697305e+02
5.454564948171337164e+02
5.166599335471860286e+02
4.865980848162538450e+02
4.549497333759544517e+02
4.214119801667265506e+02
3.858916242153453595e+02
3.486300478622169408e+02
3.101800577662252181e+02
2.712449774986670263e+02
2.324761501287063084e+02
1.943522316696391385e+02
1.572167635887659003e+02
1.214545383085358168e+02
8.769483617682135446e+01
5.689405785877733024e+01
3.020153090694120124e+01
8.637045527674970913e+00
-7.263684422817782149e+00
-1.764310372409007499e+01
-2.325208468658134109e+01
-2.516330719319834941e+01
-2.442209342265212513e+01
-2.179579090779606076e+01
-1.770809474681639983e+01
-1.235151031366217467e+01
-5.906083541084989008e+00
1.239638440134349651e+00
8.373015854467041663e+00
1.451995257761960545e+01
1.868539169772205710e+01
2.018275308857003481e+01
1.889567325871345815e+01
1.531254877598903263e+01
1.026892034676476584e+01
4.500347642373547785e+00
-1.751866413423385893e+00
-8.844356921460203580e+00
-1.747670333377226370e+01
-2.822927190124953256e+01
-4.116020852466911606e+01
-5.567796803381516213e+01
-7.075008777707212460e+01
-8.534227604600698669e+01
-9.887293431119528009e+01
-1.114576333070133103e+02
-1.238154920778737846e+02
-1.368760622358122419e+02
-1.512788779174917408e+02
-1.670154827379367930e+02
-1.833931089147883426e+02
-1.993364765711679354e+02
-2.138758626315413949e+02
-2.265852315620132345e+02
-2.377724248218800085e+02
-2.483559200734131878e+02
-2.595150049064002928e+02
-2.722875514629175768e+02
-2.872721728830304073e+02
-3.045038690515578992e+02
-3.234798350157072946e+02
-3.432542982049868669e+02
-3.625083324011408195e+02
-3.795393927829414906e+02
-3.922036722963635498e+02
-3.979382392948120355e+02
-3.940097643543649610e+02
-3.780335541026748842e+02
-3.486223313543014228e+02
-3.058813352412234394e+02
-2.514810239614851071e+02
-1.882220661370202777e+02
-1.192593373967073376e+02
-4.734046430460371369e+01
2.556541857971503617e+01
