1.289249626727887517e+02
-6.432466625853422215e+00
-1.205444667410642978e+02
-1.979013261317088848e+02
-2.322489514581676247e+02
-2.268286375415401892e+02
-1.918125845475662743e+02
-1.403639771005637158e+02
-8.487011441657159594e+01
-3.440371915770124644e+01
6.236649431360874019e+00
3.613572609663776092e+01
5.704620107514379868e+01
7.191222532034736048e+01
8.358108106628618827e+01
9.397852514984370487e+01
1.038355679690750577e+02
1.128846278237776062e+02
1.203290465649877348e+02
1.253600119177994543e+02
1.275437312756483550e+02
1.269914115248905517e+02
1.243122602977738609e+02
1.204101334084728734e+02
1.162109193764794668e+02
1.124069031562588066e+02
1.092908892610839757e+02
1.067340073770423601e+02
1.043248534323337964e+02
1.016236128000966090e+02
9.841890340528782133e+01
9.485854494963510319e+01
9.138339455906424291e+01
8.849813786692222095e+01
8.650331817962307923e+01
8.533320588412010466e+01
8.458026955307099115e+01
8.367870038171395208e+01
8.213730516062962295e+01
7.970735778619103939e+01
7.643104289126880246e+01
7.258130400699286611e+01
6.853512595233603122e+01
6.462756466080740836e+01
6.103092322533331782e+01
5.769319991326654673e+01
5.435065838230423907e+01
5.060877668802155682e+01
4.606942886382889668e+01
4.046801949538172494e+01
3.377648382693848816e+01
2.623751151155357064e+01
1.832244161882701405e+01
1.063466169657083071e+01
3.792104579722888502e+00
-1.689989532535022931e+00
-5.510812111364479904e+00
-7.677199076559126922e+00
-8.541736118733318506e+00
-8.748582131167367493e+00
-9.088444033013651335e+00
-1.031213380370885346e+01
-1.297085092279971263e+01
-1.733092432398379401e+01
-2.336709232696119898e+01
-3.080090348350249485e+01
-3.915011787337760296e+01
-4.778835583685513200e+01
-5.603614201777448045e+01
-6.328397149835367941e+01
-6.911348618617837758e+01
-7.337975335521771569e+01
-7.624298196290281737e+01
-7.815180624739403470e+01
-7.977135999814719014e+01
-8.184725367789577888e+01
-8.502005617103526447e+01
-8.963964059661915940e+01
-9.564953803641829211e+01
-1.025982781424652757e+02
-1.097846609785684535e+02
-1.164841133619449636e+02
-1.221722402576116053e+02
-1.266713531402855324e+02
-1.301786724479788120e+02
-1.331737310174829645e+02
-1.362411148321021699e+02
-1.398737090306964319e+02
-1.443253428411903485e+02
-1.495562523787804707e+02
-1.552783390547605791e+02
-1.610792261283444589e+02
-1.665818395084668566e+02
-1.715747848067239829e+02
-1.760508726036300118e+02
-1.801392537512829506e+02
-1.839854689561087184e+02
-1.876656338977662415e+02
-1.911873342918978835e+02
-1.945606898949815218e+02
-1.978760979342659994e+02
-2.013298959487026707e+02
-2.051768910383724176e+02
-2.096251140074658963e+02
-2.147096892608317091e+02
-2.201918915151337615e+02
-2.255221911055849091e+02
-2.298774380797187291e+02
-2.322489514581676247e+02
-2.315475351154962880e+02
-2.267077091803918734e+02
-2.167965280666971069e+02
-2.011449667391936202e+02
-1.795083071883341574e+02
-1.522231203416070002e+02
-1.202824018579761400e+02
-8.524698192153775267e+01
-4.897783146036035617e+01
-1.327065302590436602e+01
2.046878639518816811e+01
5.139003320125502228e+01
7.916965831771929629e+01
1.038510758114483110e+02
1.256600502045907888e+02
1.448789896925042058e+02
1.618047580356259800e+02
1.767666147427477767e+02
1.901566477470283303e+02
2.024208703174618051e+02
2.139789817918284598e+02
2.250903477942333382e+02
2.357400338264144466e+02
2.456317922487912710e+02
2.543193710223097526e+02
2.614167592468409680e+02
2.667682720269578454e+02
2.704777008396234805e+02
2.727829536448222711e+02
2.738578917141688862e+02
2.736630193213037501e+02
2.719309481607538146e+02
2.682866793995782473e+02
2.624204597094086466e+02
2.542094055574617357e+02
2.437379390907611310e+02
2.312449454538619307e+02
2.170607827789869475e+02
2.015755843108721024e+02
1.852374853996039690e+02
1.685521368916767244e+02
1.520544983553335499e+02
1.362408503458606788e+02
1.214682557110504604e+02
1.078478975083341140e+02
9.518215147851523739e+01
8.300552086870470703e+01
7.075401358932299445e+01
5.800967803870742046e+01
4.470522212103449533e+01
3.118597738960839649e+01
1.810610718863749469e+01
6.217651800074357027e+00
-3.860244335859263742e+00
-1.182577664788567517e+01
-1.779820463132029573e+01
-2.232361028865356900e+01
-2.627497420032824138e+01
-3.065696847878330900e+01
-3.635242243714375121e+01
-4.387004960565496958e+01
-5.316583258209533369e+01
-6.360932362617417368e+01
-7.413438126189102206e+01
-8.354484597615117991e+01
-9.087425998780896919e+01
-9.567390640241688970e+01
-9.813437467156416005e+01
-9.900574899699996934e+01
-9.934708677998497706e+01
-1.001922797243976930e+02
-1.022462794269268613e+02
-1.057084816830061271e+02
-1.102679356513872335e+02
-1.152534147550152994e+02
-1.198733845141868812e+02
-1.234610644787542668e+02
-1.256531946857809174e+02
-1.264662630579397842e+02
-1.262663929094357940e+02
-1.256477004592093323e+02
-1.252515186308549744e+02
-1.255804840432272727e+02
-1.268663284354367846e+02
-1.290264071307196332e+02
-1.317102227275666166e+02
-1.344138024652076808e+02
-1.366285188480999864e+02
-1.379878474126693106e+02
-1.383784456552971847e+02
-1.379867958122545701e+02
-1.372607336861873932e+02
-1.367873055760689454e+02
-1.371233919823746419e+02
-1.386366416722414669e+02
-1.414038724159335061e+02
-1.451922616720989083e+02
-1.495338846534507411e+02
-1.538794312967989413e+02
-1.577738022439909855e+02
-1.609717651933135301e+02
-1.634424170939262240e+02
-1.652813000372104000e+02
-1.666051362124925390e+02
-1.675029832719776550e+02
-1.680629767775971573e+02
-1.684331223533540651e+02
-1.688542455427098616e+02
-1.696306666823527394e+02
-1.710497263504533976e+02
-1.732894774036106469e+02
-1.763564180091128719e+02
-1.800861060728694838e+02
-1.842208345756156689e+02
-1.885414957811904060e+02
-1.929902733277383220e+02
-1.977107607077684577e+02
-2.029654356503173460e+02
-2.089496285662260107e+02
-2.155771278578757517e+02
-2.223333166585657636e+02
-2.282570871744285625e+02
-2.320470330054178021e+02
-2.322489514581676247e+02
-2.274915815840437290e+02
-2.167516847222702268e+02
-1.996081413036935146e+02
-1.764110095631357069e+02
-1.482959157037536215e+02
-1.170261103112723902e+02
-8.470301639740313249e+01
-5.341265679692914148e+01
-2.487858300086593033e+01
-2.013663992601166797e-01
2.023118021641938924e+01
3.662697713673016153e+01
4.952925489516539415e+01
5.954791109495970147e+01
6.719297247274171525e+01
7.282670797486295555e+01
7.667591077221416640e+01
7.884058105531079264e+01
7.928308513419244719e+01
7.783686041006018286e+01
7.429563736437378907e+01
6.861000966234502130e+01
6.113419268395311690e+01
5.278002261473935164e+01
4.492109843162295135e+01
3.899100813944036759e+01
3.589962082856466452e+01
3.554309503025714889e+01
3.669489029471033348e+01
