-4.740120022036373371e+01
-3.993818524260500880e+01
-3.385592481940400944e+01
-3.017804209387560022e+01
-2.932805268102514873e+01
-3.107749146044191235e+01
-3.468371574594254980e+01
-3.916753581790180760e+01
-4.363665395513393719e+01
-4.753721749278184205e+01
-5.074099179948450455e+01
-5.345022392448854021e+01
-5.598528889882434356e+01
-5.856463680285065720e+01
-6.117521075987277612e+01
-6.357909394922402413e+01
-6.543750168733410533e+01
-6.648452530650511960e+01
-6.666883511721512434e+01
-6.620441750360527067e+01
-6.551678547513323281e+01
-6.511554991558341499e+01
-6.544706308996060784e+01
-6.677374035528855245e+01
-6.910271901742051170e+01
-7.217125240759609994e+01
-7.549637276250280138e+01
-7.849184066925045045e+01
-8.063179579141224451e+01
-8.161031883177236068e+01
-8.143383212590114795e+01
-8.040414605451350383e+01
-7.899869267929962291e+01
-7.770344677071531692e+01
-7.687099977499177328e+01
-7.665345664845960982e+01
-7.701886955567398729e+01
-7.782525826802010727e+01
-7.890684095748083848e+01
-8.012565135085630175e+01
-8.136104769004980142e+01
-8.244291115580692519e+01
-8.306485332725415560e+01
-8.272629619024689873e+01
-8.074027672830776226e+01
-7.631538454547590788e+01
-6.869468979629704108e+01
-5.731953118349210996e+01
-4.197467946833875629e+01
-2.286981092513376623e+01
-6.347488854233938049e-01
2.376016327211362977e+01
4.913014887192350244e+01
7.422294517454051288e+01
9.786717111539795155e+01
1.191046598876295093e+02
1.372872550978844970e+02
1.521157725821929034e+02
1.636083609687526916e+02
1.720137808694008754e+02
1.777111827974588891e+02
1.811349233677885877e+02
1.827344360835974157e+02
1.829546650737955815e+02
1.822204182552615919e+02
1.809187290089813303e+02
1.793798214397992297e+02
1.778555405780920751e+02
1.764914922707480400e+02
1.752942302431327448e+02
1.741078996438839681e+02
1.726237699253923097e+02
1.704380069857454600e+02
1.671487399361848247e+02
1.624589299712864090e+02
1.562459946128108754e+02
1.485781824217571625e+02
1.396848680900456543e+02
1.299004629853110089e+02
1.195969584318133059e+02
1.091160674329981788e+02
9.871807826948354148e+01
8.856900611673225399e+01
7.877701149570498274e+01
6.946517798818069878e+01
6.084295783622265219e+01
5.322962636851465845e+01
4.700296058805925270e+01
4.248672575412661701e+01
3.982414956842835352e+01
3.889391561276933373e+01
3.931025615542736773e+01
4.051189990898145510e+01
4.189912661632880031e+01
4.295659730503587070e+01
4.332015142945466124e+01
4.278619258207304199e+01
4.128962238650287730e+01
3.887951014714022335e+01
3.570586019077427409e+01
3.200725033933004937e+01
2.807648636862426983e+01
2.419292687915181617e+01
2.053788484180982721e+01
1.713244210109749233e+01
1.383703394943677267e+01
1.042345994127445863e+01
6.687573639131890957e+00
2.546622010203137165e+00
-1.920367813854163330e+00
-6.492394331494452331e+00
-1.086375420150365301e+01
-1.471939669023751662e+01
-1.781997365678203948e+01
-2.007871504539933483e+01
-2.159277021751957193e+01
-2.260113560161531154e+01
-2.338707306259901486e+01
-2.418098189581996849e+01
-2.511091979587840228e+01
-2.620644393206050893e+01
-2.743039628609746217e+01
-2.871458408322030209e+01
-2.999464754496530361e+01
-3.124915069295538217e+01
-3.253633109128351464e+01
-3.400235440698311606e+01
-3.583246368647718327e+01
-3.814504590046369970e+01
-4.087499556207207263e+01
-4.372157945910316812e+01
-4.621710217814586485e+01
-4.790845492474950618e+01
-4.857116133827889826e+01
-4.834113089231645688e+01
-4.768046603154142815e+01
-4.718157434343245882e+01
-4.730886891924791371e+01
-4.821488862434591738e+01
-4.972006883989290316e+01
-5.144728660289203503e+01
-5.302097086300230444e+01
-5.422522393740405278e+01
-5.506451687606568157e+01
-5.573646673895771642e+01
-5.655937711470023999e+01
-5.788819853728688258e+01
-6.002847197771372123e+01
-6.314799922452908731e+01
-6.719568539615860914e+01
-7.185025644131937383e+01
-7.652388616403041510e+01
-8.043338384979895750e+01
-8.272629619024689873e+01
-8.262247530185173616e+01
-7.952394815035127351e+01
-7.306623040461440155e+01
-6.311179237670232567e+01
-4.970969321057280865e+01
-3.305582628668521750e+01
-1.348794740366706435e+01
8.471644134547911875e+00
3.205729868627036439e+01
5.624977533585062872e+01
7.986089099137487324e+01
1.017010409676079519e+02
1.207726209434122353e+02
1.364293488491391884e+02
1.484625070944633194e+02
1.570953568663741180e+02
1.628831530810840604e+02
1.665372509865843540e+02
1.687196751323362491e+02
1.698753172832812481e+02
1.701623010407715242e+02
1.695030444506089964e+02
1.677299061331526104e+02
1.647648056969701713e+02
1.607593634683258301e+02
1.561287866565835429e+02
1.514456202588032170e+02
1.472225641139728509e+02
1.436795862954107008e+02
1.406122265215761900e+02
1.374346739588329740e+02
1.333876145849897057e+02
1.278225427088239314e+02
1.204384954054375072e+02
1.113696470324264851e+02
1.010940429761884332e+02
9.022153362766381690e+01
7.927401292005330902e+01
6.855957949597632251e+01
5.817539611164401236e+01
4.810130931989704806e+01
3.831458598131570881e+01
2.887260828335093876e+01
1.994459038030560194e+01
1.179628060118252719e+01
4.740972121706279907e+00
-9.271456250944654087e-01
-5.006034230986263545e+00
-7.460336658699906032e+00
-8.484464379209324392e+00
-8.521197121793157692e+00
-8.200782621011942553e+00
-8.201898039696065013e+00
-9.084224652530178190e+00
-1.115763634345064048e+01
-1.442937101661519250e+01
-1.863808071797301480e+01
-2.335844452268526084e+01
-2.813937407017935755e+01
-3.262862334060085345e+01
-3.664711729404189811e+01
-4.020170406482240821e+01
-4.344656114768487498e+01
-4.661200906300378222e+01
-4.992346920361344331e+01
-5.353712150937907666e+01
-5.751082804278343019e+01
-6.180612329594205789e+01
-6.630005411287902461e+01
-7.079153425330986238e+01
-7.500600989420138376e+01
-7.861417135884249774e+01
-8.127804672149014209e+01
-8.272629619024689873e+01
-8.284544862834783885e+01
-8.175790893408989746e+01
-7.984583753678174389e+01
-7.768516509216452448e+01
-7.588794311498052991e+01
-7.490370718431057639e+01
-7.486613636280559092e+01
-7.555865986429110137e+01
-7.651568701109387405e+01
-7.721123276143103453e+01
-7.725057329010394369e+01
-7.648796249870669328e+01
-7.503769282813421171e+01
-7.320114421856644071e+01
-7.136294465722349400e+01
-6.989728826992219979e+01
-6.909189149589276724e+01
-6.908072858276892703e+01
-6.979029304912717180e+01
-7.092318793841444347e+01
-7.200069572226874470e+01
-7.246386306588054538e+01
-7.180912408649804490e+01
-6.972237407313997437e+01
-6.617698131479551193e+01
-6.147298560289146252e+01
-5.620999191530508199e+01
-5.119958230905158558e+01
-4.733191570698197381e+01
-4.541285364601812091e+01
-4.598600395363263971e+01
-4.916457844868495641e+01
-5.452668902132912621e+01
-6.114406953641638154e+01
