-4.577416402169095022e+01
-3.750755474980557125e+01
-3.131609364796984352e+01
-2.859378631571006579e+01
-2.969436089945218527e+01
-3.399695363271132464e+01
-4.028426948255927442e+01
-4.721306637365943004e+01
-5.369457294174873851e+01
-5.910523007840092191e+01
-6.333693800687989750e+01
-6.673053319261909166e+01
-6.992498994100753862e+01
-7.364041530567968152e+01
-7.842687718507335148e+01
-8.444462446958561941e+01
-9.136056687567422330e+01
-9.842100393662568081e+01
-1.046883846592438516e+02
-1.093491442701151044e+02
-1.119688085944686264e+02
-1.126096010833653054e+02
-1.117934260843433094e+02
-1.103384970031887917e+02
-1.091172983259986466e+02
-1.088021454786117488e+02
-1.096812419212321146e+02
-1.116136084034066442e+02
-1.141358485716159805e+02
-1.166676159930027694e+02
-1.187271505577757011e+02
-1.200802327508817058e+02
-1.207871170883641696e+02
-1.211497993032557190e+02
-1.215839833693879939e+02
-1.224583147823659885e+02
-1.239610056171318604e+02
-1.260510729711369038e+02
-1.285139165536720895e+02
-1.310856448175671289e+02
-1.335724916647743896e+02
-1.358936190273293221e+02
-1.380136778279513692e+02
-1.397864175964660660e+02
-1.407819159161722382e+02
-1.401936979613053325e+02
-1.368936109987331236e+02
-1.296253322375616222e+02
-1.172506421823979395e+02
-9.894483356045711275e+01
-7.429168028623581677e+01
-4.330774624787549953e+01
-6.464170507666068488e+00
3.526010124544818325e+01
8.033495636039873489e+01
1.267317003174594419e+02
1.721246067668490696e+02
2.142092451333280110e+02
2.510397153135955932e+02
2.812857815557828189e+02
3.043611297884630176e+02
3.204300268236035549e+02
3.303217357926109798e+02
3.353657099977131111e+02
3.371435619637687751e+02
3.371772907280341087e+02
3.366273208897488303e+02
3.361019435401508417e+02
3.356460378172018295e+02
3.349038209974542610e+02
3.333844362008880466e+02
3.307293026632051465e+02
3.268866329359468637e+02
3.221270182526261578e+02
3.168828975922393170e+02
3.114716426594012546e+02
3.058389642546056848e+02
2.994725747006762049e+02
2.915554869435371188e+02
2.812974171592071002e+02
2.682819310622343778e+02
2.526580523693138787e+02
2.350947258147219827e+02
2.165474882911438783e+02
1.979740373300095087e+02
1.801310349955418530e+02
1.635089665942883244e+02
1.483764943671900483e+02
1.348625161288891832e+02
1.230161051572893030e+02
1.128266297276455532e+02
1.042204186865770623e+02
9.705756350329400561e+01
9.114323664054288088e+01
8.625680583954341785e+01
8.218847447351987512e+01
7.876121148328817867e+01
7.582384027182141040e+01
7.322662264683650335e+01
7.080119361108302201e+01
6.835238405935926664e+01
6.565878248769629977e+01
6.248585129687174344e+01
5.861788142017228154e+01
5.389923408457853071e+01
4.826208443668068782e+01
4.172805961649501683e+01
3.439196604742071628e+01
2.640301661675353984e+01
1.795219307995818525e+01
9.267623188934322798e+00
6.153398305831245807e-01
-7.704987915654839981e+00
-1.538573171962651998e+01
-2.216584014888719878e+01
-2.789854609584848788e+01
-3.259977035257037414e+01
-3.645101227522523857e+01
-3.975530802643632455e+01
-4.286950138155047796e+01
-4.614015771402571886e+01
-4.985056723040396776e+01
-5.416860034153170034e+01
-5.909471392719648009e+01
-6.443243831745616035e+01
-6.980906132186231616e+01
-7.475782387461768508e+01
-7.885163658303227407e+01
-8.185536025666138471e+01
-8.383588695321171258e+01
-8.516266523761126450e+01
-8.638028135999240931e+01
-8.801370295820666456e+01
-9.040042070083433146e+01
-9.360697419685212139e+01
-9.743488081614427188e+01
-1.014964578857197068e+02
-1.053294875995115092e+02
-1.085096665344131281e+02
-1.107316565292226755e+02
-1.118612266870036933e+02
-1.119761311597156634e+02
-1.113953405428550809e+02
-1.106679371961802758e+02
-1.104862078312467020e+02
-1.115150036145072647e+02
-1.141770058307175475e+02
-1.184712161393149188e+02
-1.239087101729807898e+02
-1.296213071184295416e+02
-1.346366458362945195e+02
-1.382292801568158325e+02
-1.401936979613053325e+02
-1.408966857055238506e+02
-1.410683942841661462e+02
-1.414311218457032169e+02
-1.423458501292305129e+02
-1.436303831966201869e+02
-1.445868960504785719e+02
-1.441634536279251506e+02
-1.411442545707076874e+02
-1.343134689786104730e+02
-1.225960064939296785e+02
-1.051939190424217827e+02
-8.172050254617305143e+01
-5.231265604940236358e+01
-1.768602491029827917e+01
2.089961205366030228e+01
6.176626826845219398e+01
1.030020877747619039e+02
1.426658290780258653e+02
1.789909854494897274e+02
2.105760690609042172e+02
2.365301363278699114e+02
2.565266447162743475e+02
2.707396734976182415e+02
2.796920403376839204e+02
2.840889515860424694e+02
2.847058151821540832e+02
2.823562394174495580e+02
2.779187278266714429e+02
2.723621485261523958e+02
2.666940107296126143e+02
2.617899997552749483e+02
2.581454390102854290e+02
2.556639251948551248e+02
2.536105294112585966e+02
2.507957260402581880e+02
2.459473977097310922e+02
2.381251314429583488e+02
2.269980159900441663e+02
2.128726008270707553e+02
1.964847065227213818e+02
1.786822690833814136e+02
1.601614125021048949e+02
1.413583527774961794e+02
1.224951317197861442e+02
1.037059071494982163e+02
8.516389518883669041e+01
6.715449441218764548e+01
5.006730938388449914e+01
3.431557056258774452e+01
2.023450815380386558e+01
8.024339307929569287e+00
-2.235803016880009153e+00
-1.053764300871803705e+01
-1.691753567036286299e+01
-2.148950753653932111e+01
-2.452778238205317152e+01
-2.654745919281877420e+01
-2.830352098578912035e+01
-3.064437863730396572e+01
-3.424224549418727293e+01
-3.933033721144111894e+01
-4.560599750846297695e+01
-5.236812232263486777e+01
-5.881671973204821313e+01
-6.436018802638130865e+01
-6.879718265278563649e+01
-7.232567597332221965e+01
-7.541248959252979489e+01
-7.859274488642574852e+01
-8.226832005086188815e+01
-8.656598855581640350e+01
-9.130658893132337539e+01
-9.610347068417350158e+01
-1.005459374935957158e+02
-1.043766627865212939e+02
-1.075865641297744872e+02
-1.104087639864683013e+02
-1.132370259563130332e+02
-1.164954768363827071e+02
-1.204745387610649630e+02
-1.251671951793799593e+02
-1.301833519922569451e+02
-1.348251509911082451e+02
-1.383320385206636161e+02
-1.401936979613053325e+02
-1.403712299824940999e+02
-1.393133585707997213e+02
-1.377696570160381384e+02
-1.364997461785105770e+02
-1.360010979903520649e+02
-1.363447344909998264e+02
-1.371624797859695093e+02
-1.377882911022994676e+02
-1.375089169810361227e+02
-1.358289371864335067e+02
-1.326346756892505141e+02
-1.281795147254752294e+02
-1.229007149096992464e+02
-1.171715114626096295e+02
-1.111398685027282340e+02
-1.047690679741110955e+02
-9.807687725759384989e+01
-9.143139025028433764e+01
-8.569881690034607402e+01
-8.210323710516729534e+01
-8.181153147550747917e+01
-8.540879925425495856e+01
-9.250741412393460905e+01
-1.017014045217031537e+02
