4.162658503011629207e+00
-1.422870851269644810e+01
-3.065651443407380938e+01
-4.365504059268543102e+01
-5.255883234755570044e+01
-5.749175721830152241e+01
-5.913756059732202175e+01
-5.844823332559022333e+01
-5.641128381765425814e+01
-5.391391460124648205e+01
-5.168132686935285136e+01
-5.025436037340895012e+01
-4.998748104050677199e+01
-5.105681958886280825e+01
-5.346370287243543373e+01
-5.702778855218437570e+01
-6.139390705382099611e+01
-6.609344341929690358e+01
-7.067087451183606106e+01
-7.482630064027823380e+01
-7.849190715610929203e+01
-8.179261438944527640e+01
-8.491978147652245923e+01
-8.800821639803173468e+01
-9.109678219313886416e+01
-9.418019529609004792e+01
-9.729096898936973048e+01
-1.005421157550360078e+02
-1.041052881587044681e+02
-1.081461870990167142e+02
-1.127558775481912505e+02
-1.179060473652103127e+02
-1.234376272511510280e+02
-1.290812876681057162e+02
-1.345085359097046478e+02
-1.394118049229793712e+02
-1.435975690653170034e+02
-1.470546789386285980e+02
-1.499560360460992854e+02
-1.525809830335074082e+02
-1.551919826182598285e+02
-1.579256191389746107e+02
-1.607440790931614742e+02
-1.634563798902117924e+02
-1.657936195781554716e+02
-1.675202715048446009e+02
-1.685606650363231722e+02
-1.690966941679886872e+02
-1.695695790023364964e+02
-1.705373147674858387e+02
-1.724115089237432414e+02
-1.751766362943348554e+02
-1.782142648153079563e+02
-1.802965079484500563e+02
-1.797329750971789224e+02
-1.746221270413033722e+02
-1.631731740314127705e+02
-1.440706711565376850e+02
-1.168169030630058103e+02
-8.194679730187402811e+01
-4.102772699988679506e+01
3.566113511764120503e+00
4.903499981360928928e+01
9.258487747149303004e+01
1.318116877452311257e+02
1.649758080948220709e+02
1.911452958019373511e+02
2.102192306966017838e+02
2.228512924688025123e+02
2.302820378899305638e+02
2.340797551455090684e+02
2.358107215037451283e+02
2.367100368285298657e+02
2.374609399390407134e+02
2.381637631764601224e+02
2.384899270840896577e+02
2.379317964359559596e+02
2.360304912687301737e+02
2.324992806358348787e+02
2.272310400932248342e+02
2.202413193776684750e+02
2.116178764075073104e+02
2.015160853085158124e+02
1.901864504823342372e+02
1.779882161153704772e+02
1.653525603354201792e+02
1.526948210076822079e+02
1.403076713422151727e+02
1.282819470290847335e+02
1.164997406735672172e+02
1.047213837659042071e+02
9.274319339846982757e+01
8.055910433725028952e+01
6.844709300489674320e+01
5.693053480726765514e+01
4.662261365401819546e+01
3.802044225416051404e+01
3.134102876665037485e+01
2.646835562828027122e+01
2.302371923303527623e+01
2.051017338520178157e+01
1.844950538432638254e+01
1.644900530154077245e+01
1.419375724040721565e+01
1.141214477378957426e+01
7.868417164169880351e+00
3.400685413575152083e+00
-2.020125324136215372e+00
-8.256589724511954387e+00
-1.503462904538703704e+01
-2.204375383438950564e+01
-2.907455965342037629e+01
-3.613061106820788382e+01
-4.344965657149395355e+01
-5.140086758050897942e+01
-6.028063074962808798e+01
-7.008662575063452493e+01
-8.037885598007974863e+01
-9.031386038589792520e+01
-9.886841283107742129e+01
-1.051830340268132034e+02
-1.088909180592676762e+02
-1.102854434796800547e+02
-1.102384195237322615e+02
-1.098959116611151927e+02
-1.102868327594046889e+02
-1.120135343781371802e+02
-1.151370560976464645e+02
-1.192664494896295224e+02
-1.237762588971349089e+02
-1.280499382164262556e+02
-1.316735857664689604e+02
-1.345434410759221464e+02
-1.368733389360118622e+02
-1.391023619561792088e+02
-1.417256875642617899e+02
-1.451008377276836541e+02
-1.493006175783756078e+02
-1.540776141528153289e+02
-1.589659280464111646e+02
-1.634835902062472996e+02
-1.673440160815348179e+02
-1.705678883626984543e+02
-1.734183044583114111e+02
-1.761538024941182812e+02
-1.786856751445165514e+02
-1.802965079484500563e+02
-1.795752459735089985e+02
-1.746369629345566068e+02
-1.635705921678099912e+02
-1.449636272348616330e+02
-1.183271379742404861e+02
-8.428593340124243127e+01
-4.448733633041059221e+01
-1.283671265526493688e+00
4.268869080265003646e+01
8.490865720847260434e+01
1.232722962849832271e+02
1.562743989451086861e+02
1.830705151837336189e+02
2.034279973916884501e+02
2.175958566224646518e+02
2.261523794847557269e+02
2.298928010131963333e+02
2.297826933993645753e+02
2.269456841578189596e+02
2.226138180264345579e+02
2.179815521382456893e+02
2.139744962119409593e+02
2.110230638984056952e+02
2.089539236269223466e+02
2.070602633294656130e+02
2.043261676464214815e+02
1.997173248420168079e+02
1.924409274311298930e+02
1.821135231774302667e+02
1.688215551819712630e+02
1.530881707262412590e+02
1.357701662463993273e+02
1.179080169814185695e+02
1.005471274501223604e+02
8.455399813802918629e+01
7.047002511896546650e+01
5.845382457176858537e+01
4.833872821700533962e+01
3.978533558202518350e+01
3.246632215019529610e+01
2.620324907935487957e+01
2.099312439879113512e+01
1.691299725328532944e+01
1.395406164578965580e+01
1.187787457128636603e+01
1.017705358757382328e+01
8.166940172109407925e+00
5.171977615471784695e+00
7.330897749928593221e-01
-5.245275523456415456e+00
-1.246924481110642979e+01
-2.036254736349729200e+01
-2.826067503223533350e+01
-3.561420978758535227e+01
-4.212978922432497342e+01
-4.781053870952609230e+01
-5.290039706477130466e+01
-5.777062806919921201e+01
-6.279853649876012867e+01
-6.827718291485594193e+01
-7.436953422136204495e+01
-8.109555921071188322e+01
-8.833301117868978736e+01
-9.582604511604954212e+01
-1.032136234811831201e+02
-1.100910033670049444e+02
-1.160998807611163954e+02
-1.210214597620335581e+02
-1.248355034765437210e+02
-1.277123927409367354e+02
-1.299302660085708112e+02
-1.317546805476151803e+02
-1.333573705650416343e+02
-1.348415960962640554e+02
-1.363704913154963947e+02
-1.383057623488348611e+02
-1.412290514639811079e+02
-1.457713772557423226e+02
-1.522851683880337532e+02
-1.604910106058909491e+02
-1.692628979359822665e+02
-1.766699088036157264e+02
-1.802965079484500563e+02
-1.777603261829993926e+02
-1.672741624666015809e+02
-1.480847320452778035e+02
-1.206679336993481115e+02
-8.664416757706128180e+01
-4.845709897896944085e+01
-8.909109691221129168e+00
2.933272037534457155e+01
6.414947988174245097e+01
9.421975029789763312e+01
1.190685469194800419e+02
1.389283358773627128e+02
1.544708093788684948e+02
1.664998749169008647e+02
1.756962298790390093e+02
1.824723230088931416e+02
1.869530645974215304e+02
1.890581456594429426e+02
1.886354350622846425e+02
1.855912922155298475e+02
1.799806650970252520e+02
1.720408304497447887e+02
1.621687844035474484e+02
1.508591223679699738e+02
1.386353646547424603e+02
1.260063628890884928e+02
1.134509113785776719e+02
1.013988219127993773e+02
9.017368772904274010e+01
7.990215787846754836e+01
7.044127315294193181e+01
6.138535909405067059e+01
