-4.178121701746142946e+01
-5.780071309062567053e+01
-7.157115033160150119e+01
-8.145989326657557683e+01
-8.685635909836845769e+01
-8.820098814876180882e+01
-8.670804289061680947e+01
-8.392766393109616274e+01
-8.130492375442992170e+01
-7.985861361837974925e+01
-8.004527219161401774e+01
-8.180796062324282047e+01
-8.475112572437976155e+01
-8.835200070182987986e+01
-9.212773962198214406e+01
-9.571952076632234707e+01
-9.890387813021723673e+01
-1.015706633910041177e+02
-1.037072365074625111e+02
-1.054052468743146278e+02
-1.068730055543788211e+02
-1.084151434097926199e+02
-1.103523610143399338e+02
-1.128948820086632594e+02
-1.160258490075292315e+02
-1.194636180048009493e+02
-1.227400206497986233e+02
-1.253687399818814328e+02
-1.270255213599573665e+02
-1.276601200093027728e+02
-1.275033242875065724e+02
-1.269761209877994048e+02
-1.265263168584444884e+02
-1.264273246947711442e+02
-1.265919694558507018e+02
-1.264686558997425152e+02
-1.250753845340503290e+02
-1.211845104454189510e+02
-1.136148147174898497e+02
-1.015440597630477413e+02
-8.474600936555449948e+01
-6.368326497823172616e+01
-3.943656853380814908e+01
-1.350322449252558066e+01
1.246736642003780560e+01
3.692794661709676518e+01
5.862460000037368957e+01
7.670017535365484207e+01
9.071173305795267083e+01
1.005882576796179961e+02
1.065672270513374258e+02
1.091349987375671731e+02
1.089662678840462888e+02
1.068431169975234951e+02
1.035486076842968970e+02
9.975469468575639098e+01
9.593421291622979652e+01
9.231660043329038956e+01
8.888951100632843350e+01
8.543787187703674135e+01
8.161269124533518493e+01
7.702573219319971543e+01
7.136106470070785690e+01
6.447945992140739691e+01
5.647873312542388646e+01
4.767741654040419519e+01
3.851799603421165585e+01
2.942860126170101154e+01
2.070868588040816860e+01
1.249142664683359527e+01
4.791892833461908197e+00
-2.393871891786748307e+00
-8.994775436971709226e+00
-1.482530308068603020e+01
-1.962258531661588634e+01
-2.314407468576074933e+01
-2.528120569387538197e+01
-2.613669054775123612e+01
-2.602624547180136361e+01
-2.539647399071097311e+01
-2.469123130624428342e+01
-2.422642373252070058e+01
-2.412703610399917409e+01
-2.434548494309984079e+01
-2.474208673884154663e+01
-2.518653554178749943e+01
-2.563825309215137693e+01
-2.617741708059716643e+01
-2.697985934513617678e+01
-2.825187335253809096e+01
-3.015722693847430946e+01
-3.276894095502726856e+01
-3.606131802649085927e+01
-3.993469926363110289e+01
-4.425206742250087188e+01
-4.886930433014099151e+01
-5.365328818196982752e+01
-5.849372821213113127e+01
-6.331830741757412540e+01
-6.811186678185397625e+01
-7.292420204639114445e+01
-7.784723902342113888e+01
-8.296145947559105593e+01
-8.827325490046140999e+01
-9.366682664071656461e+01
-9.888532899698650169e+01
-1.035546690956523577e+02
-1.072627783817003149e+02
-1.096883660232958988e+02
-1.107400401024443397e+02
-1.106459831944849270e+02
-1.099447879540820452e+02
-1.093643388074664387e+02
-1.096201204769938897e+02
-1.111975036530316316e+02
-1.141876490888761140e+02
-1.182230029752189893e+02
-1.225245072121924323e+02
-1.260438882324681487e+02
-1.276601200093027728e+02
-1.263730992868116800e+02
-1.214451516886481528e+02
-1.124712124426444575e+02
-9.938864852286864959e+01
-8.244962190913287259e+01
-6.217824680128093462e+01
-3.932578913219552419e+01
-1.482194003872083954e+01
1.029051383894900340e+01
3.494584671220000160e+01
5.816290787735427159e+01
7.914982959398344065e+01
9.738445628739296467e+01
1.126546331351213013e+02
1.250477086866015384e+02
1.348847562541858451e+02
1.426082326896016070e+02
1.486508106754782830e+02
1.533256401746403981e+02
1.567716930062517235e+02
1.589641068994893089e+02
1.597751684927894189e+02
1.590612004127540899e+02
1.567540014017407088e+02
1.529405929652178884e+02
1.479111436414942489e+02
1.421484073972658848e+02
1.362425202452865847e+02
1.307472735856181885e+02
1.260258377332292810e+02
1.221422740187025795e+02
1.188392622941069163e+02
1.156141850076907787e+02
1.118741310241542521e+02
1.071238386738706083e+02
1.011293839388137599e+02
9.400811774186665559e+01
8.621561981565423594e+01
7.842693543265139056e+01
7.134049219633585892e+01
6.546376482670868313e+01
6.095651152225997293e+01
5.759485134491713865e+01
5.487268668729441856e+01
5.219442518696303068e+01
4.907228072769699878e+01
4.524933740442391183e+01
4.071700028930607118e+01
3.564826105806342582e+01
3.029696540101684477e+01
2.491110956210366112e+01
1.968604236517882100e+01
1.475681139121852681e+01
1.021196681508788195e+01
6.110839036222735388e+00
2.494602332317219506e+00
-6.145679536322425918e-01
-3.231337704361919805e+00
-5.439232781010424844e+00
-7.418698431728298459e+00
-9.445183376527143793e+00
-1.184271223650630134e+01
-1.490320980386145067e+01
-1.880153300162529462e+01
-2.353796815466379400e+01
-2.892683531241063122e+01
-3.463328910751747713e+01
-4.024791900062754735e+01
-4.538056211815290908e+01
-4.974860661156267838e+01
-5.323244950939755427e+01
-5.587823146188731016e+01
-5.784961581512249040e+01
-5.935727415217336045e+01
-6.060581033825762631e+01
-6.178062401862031550e+01
-6.306610141549232651e+01
-6.466697270849054746e+01
-6.680469676668374746e+01
-6.967431811024786725e+01
-7.337085055677299295e+01
-7.781930577754302192e+01
-8.275046089487747736e+01
-8.774844341103420220e+01
-9.236897573740388623e+01
-9.629886986554319606e+01
-9.949958190342886155e+01
-1.022628173633440838e+02
-1.051260486830166201e+02
-1.086519699500009892e+02
-1.131397660119196189e+02
-1.183736341396661658e+02
-1.235099227492571288e+02
-1.271605559914834203e+02
-1.276601200093027728e+02
-1.234352335885547518e+02
-1.133620547874688214e+02
-9.701368473865568376e+01
-7.474540908123641714e+01
-4.761619226141313277e+01
-1.718606155204803088e+01
1.474571281685459212e+01
4.639451381684369125e+01
7.618934463074798202e+01
1.028995924936853044e+02
1.256965419693388810e+02
1.441653022544543887e+02
1.582755714594406129e+02
1.683104386188274191e+02
1.747575611175836059e+02
1.781840024462001963e+02
1.791272370438192922e+02
1.780305915208119814e+02
1.752358005178679718e+02
1.710251561207510633e+02
1.656859753711247549e+02
1.595582001983529778e+02
1.530306609070312902e+02
1.464761228142235154e+02
1.401507039743573841e+02
1.341091142937972336e+02
1.281851206088453807e+02
1.220569009247305559e+02
1.153781148673162278e+02
1.079268202059048605e+02
9.971304677124163618e+01
9.099442049429762847e+01
8.218260280783663063e+01
7.367579661513252631e+01
6.569650973724101561e+01
5.821773224187351303e+01
5.101938126527542749e+01
4.385321355559840839e+01
3.663814479973977711e+01
2.958603270194041457e+01
2.319006654614291563e+01
1.808189806128011767e+01
1.482858079562040032e+01
1.375283630445431271e+01
1.482822234758911151e+01
1.766345324080457146e+01
2.156931666075245602e+01
