-1.799978283076222851e+01
1.651946796794654659e+01
4.553565478093675267e+01
6.511973762211225392e+01
7.388062128234658132e+01
7.294494696601785222e+01
6.514908459653564421e+01
5.389267003300395231e+01
4.212078070683839570e+01
3.173004913121096848e+01
2.345989664319402834e+01
1.714768100198564582e+01
1.214728883951650573e+01
7.723711620991689841e+00
3.307158809614499262e+00
-1.419750693687406695e+00
-6.558090770680291115e+00
-1.207937577271825091e+01
-1.789969274477618555e+01
-2.391143039427005590e+01
-2.998001692243175853e+01
-3.593232490246853672e+01
-4.155829697000464762e+01
-4.663251864709404515e+01
-5.095341827711986582e+01
-5.439358420088509405e+01
-5.694838835526520171e+01
-5.876450086078222057e+01
-6.013202642818057342e+01
-6.143458952425108066e+01
-6.306712793857495569e+01
-6.534506620920871001e+01
-6.843278715895328901e+01
-7.231234872742869868e+01
-7.680031389642462614e+01
-8.160497221517626087e+01
-8.640244271150908162e+01
-9.090664367309575766e+01
-9.491846511279337051e+01
-9.835439761524472146e+01
-1.012591612836286430e+02
-1.037959194628459585e+02
-1.061972877721076571e+02
-1.086730432360540846e+02
-1.113046998580638132e+02
-1.139810027306266704e+02
-1.164152183953149944e+02
-1.182442123449516771e+02
-1.191712659224048139e+02
-1.190993907705724837e+02
-1.182090191781955468e+02
-1.169513233844681395e+02
-1.159454132558629453e+02
-1.157852904919074035e+02
-1.167915749565115249e+02
-1.187829288850516747e+02
-1.209633586415219071e+02
-1.219918962862176812e+02
-1.202293352977313674e+02
-1.140894477595208372e+02
-1.023966005809871120e+02
-8.466465249230803636e+01
-6.123615707999313429e+01
-3.324267484470276202e+01
-2.379209797062362242e+00
2.945970742830078493e+01
6.057644385195605707e+01
8.977025259084935271e+01
1.164475119402862191e+02
1.405301049505682442e+02
1.622345399425068422e+02
1.818382766389823928e+02
1.995330095289860992e+02
2.154008723610008929e+02
2.294775984366007151e+02
2.418304551069273884e+02
2.525943367567607538e+02
2.619526015859164545e+02
2.700844910414834317e+02
2.771115272554692979e+02
2.830650118461764464e+02
2.878805643907406306e+02
2.914170241207685308e+02
2.934948442323890276e+02
2.939437350200835795e+02
2.926424443196182210e+02
2.895364607608396454e+02
2.846323131447906576e+02
2.779780342009432275e+02
2.696430987556437913e+02
2.597115990590959314e+02
2.482970664605747970e+02
2.355707230011382194e+02
2.217781450452001195e+02
2.072241066733320736e+02
1.922331361622128156e+02
1.771161228342319589e+02
1.621657459921943882e+02
1.476748830555077632e+02
1.339528754214270521e+02
1.213172311866040189e+02
1.100526789321495329e+02
1.003460146393697130e+02
9.222079810322756543e+01
8.550291550487867198e+01
7.983768135100130792e+01
7.475573280763015305e+01
6.976437454071822231e+01
6.443616615556366867e+01
5.847754654279220432e+01
5.177325979166812431e+01
4.440179876245721857e+01
3.660950146518960935e+01
2.873907646753699652e+01
2.113194742491242550e+01
1.403597847761193407e+01
7.541305294981405893e+00
1.556204233431557782e+00
-4.167563231848944838e+00
-9.956803937385956260e+00
-1.610281820027749689e+01
-2.275198595626365261e+01
-2.985026250734934194e+01
-3.716815841847457591e+01
-4.439052991173305429e+01
-5.122634824356848071e+01
-5.749339481399131557e+01
-6.314947008453644628e+01
-6.826556014766238434e+01
-7.296475568239397091e+01
-7.736341664820137964e+01
-8.153175196020843885e+01
-8.546641115405144262e+01
-8.907337436578102086e+01
-9.218130114229323624e+01
-9.460385684824497332e+01
-9.623969078006861366e+01
-9.716891301730036901e+01
-9.769545730212190904e+01
-9.829920494481687854e+01
-9.949855296082752432e+01
-1.016706953386179890e+02
-1.049052281710695667e+02
-1.089546507739907639e+02
-1.132994674378818587e+02
-1.172947635246953695e+02
-1.203366344490855084e+02
-1.219918962862176812e+02
-1.220648188924902939e+02
-1.206084617236368928e+02
-1.179081369874021306e+02
-1.144570450582582026e+02
-1.109230925549893669e+02
-1.080759579629134777e+02
-1.066355435498279434e+02
-1.070391114907568095e+02
-1.091875290504888909e+02
-1.122760211814444773e+02
-1.148076356116907419e+02
-1.148284879092664283e+02
-1.103415286820060857e+02
-9.978802858148758048e+01
-8.245989508337453344e+01
-5.872572049889519974e+01
-3.000588468429765499e+01
1.502135144134769007e+00
3.328302763424287747e+01
6.302987988752425963e+01
8.909530448938978964e+01
1.107488883072731056e+02
1.281888733831919183e+02
1.423295635553792238e+02
1.544368948492631830e+02
1.657113542929975551e+02
1.769274146783778860e+02
1.882290337413760426e+02
1.991432815647764301e+02
2.088084076549582733e+02
2.163335553884351725e+02
2.211468381440079725e+02
2.231861050182666872e+02
2.228595470176153412e+02
2.208182433658717514e+02
2.176704270740394804e+02
2.137738649223046536e+02
2.091738025850701206e+02
2.036686235696045628e+02
1.969407071332574901e+02
1.886909952305061609e+02
1.787339728583851581e+02
1.670346843545374895e+02
1.537043847795926865e+02
1.389939726492116847e+02
1.233048399675791131e+02
1.071922458994154965e+02
9.131888393654432434e+01
7.634638574645310882e+01
6.279771145685229783e+01
5.094485309689521557e+01
4.076606127185619499e+01
3.198828940584527203e+01
2.419792110353749592e+01
1.697574548983533305e+01
1.000184224987290094e+01
3.094946934206962652e+00
-3.808075075835436252e+00
-1.069558885713183471e+01
-1.751078927146200215e+01
-2.415533236397447325e+01
-3.048264999662879760e+01
-3.630987056992729123e+01
-4.146556935749372741e+01
-4.586221426566279291e+01
-4.956153546710250168e+01
-5.280342071641243251e+01
-5.598422355550672336e+01
-5.958101643639605527e+01
-6.402655385818744094e+01
-6.955995251198730500e+01
-7.610606100674246477e+01
-8.324643951614174853e+01
-9.031786899704349025e+01
-9.661692159082898002e+01
-1.016314088930873254e+02
-1.052004347196364051e+02
-1.075410131821117403e+02
-1.091435597995433966e+02
-1.105869664254793463e+02
-1.123395485670845630e+02
-1.146059603743664610e+02
-1.172635633622711566e+02
-1.199073925636372167e+02
-1.219918962862176954e+02
-1.230250828944613630e+02
-1.227486977524327045e+02
-1.212397678928278140e+02
-1.188961764622395521e+02
-1.163117613782821564e+02
-1.140903205638102804e+02
-1.126739963651886001e+02
-1.122503449543849001e+02
-1.127559315618416917e+02
-1.139464398672286052e+02
-1.154897135402339501e+02
-1.170586257415994709e+02
-1.184212056576258618e+02
-1.195160664446188719e+02
-1.204720778447207294e+02
-1.215297576540309308e+02
-1.228775695044537315e+02
-1.244894592409931704e+02
-1.260648671215460013e+02
-1.271086577313850512e+02
-1.271057205630115732e+02
-1.257087355944822349e+02
-1.228711803844576878e+02
-1.188840650034181294e+02
-1.142970158323095120e+02
-1.097362826848402904e+02
-1.056790922893324733e+02
-1.022786643121312267e+02
-9.932513986453921007e+01
