-9.362224368337135161e+01
-9.398005264108641654e+01
-9.588018914781274304e+01
-1.004428143005904417e+02
-1.080086512921259185e+02
-1.181310193612435171e+02
-1.298366960327109041e+02
-1.420372011607397553e+02
-1.539291253593752344e+02
-1.652373285405075194e+02
-1.762122498786446840e+02
-1.873755044098171822e+02
-1.990980199814061962e+02
-2.111680982397735420e+02
-2.225293979488376124e+02
-2.313123699053574569e+02
-2.351633113454761315e+02
-2.317597957588368445e+02
-2.193485501319786408e+02
-1.971555604599371065e+02
-1.655710544638783404e+02
-1.260848668587024264e+02
-8.102024871748157864e+01
-3.315169592147132249e+01
1.471606052268521125e+01
6.014631060220901304e+01
1.013761411303538296e+02
1.374574567735436119e+02
1.682021519490665185e+02
1.939698840381327329e+02
2.153918497320425161e+02
2.331375320531136310e+02
2.477948384061274112e+02
2.598614080852493657e+02
2.697794951141021329e+02
2.779323588522967157e+02
2.845660931147871224e+02
2.896767291320595632e+02
2.929522220729550099e+02
2.938399511132096222e+02
2.917356387241488846e+02
2.862172979514127746e+02
2.772258002032440345e+02
2.651250051948583746e+02
2.506288429297212019e+02
2.346286333277081724e+02
2.179781763784513942e+02
2.012967358405639118e+02
1.848345884958070258e+02
1.684243994770777419e+02
1.515307699147896869e+02
1.334078683569206873e+02
1.133576297594981668e+02
9.103459449949394866e+01
6.668926585551210451e+01
4.122814028927423635e+01
1.603178095182195761e+01
-7.408483647462478672e+00
-2.787910878326728437e+01
-4.470171674732070244e+01
-5.779257515432726677e+01
-6.756308315792057329e+01
-7.474980543042730119e+01
-8.024422080094463183e+01
-8.494916329614645178e+01
-8.966335157533750078e+01
-9.499067607189900286e+01
-1.012731853268301734e+02
-1.085550393250175318e+02
-1.165962667904844352e+02
-1.249501179010635781e+02
-1.330873771655562905e+02
-1.405220815977200459e+02
-1.468998848473540590e+02
-1.520467527879275451e+02
-1.559973477009799865e+02
-1.590048778562084237e+02
-1.615090116037552548e+02
-1.640482506706943013e+02
-1.671390572607840852e+02
-1.711634854866170770e+02
-1.762961835475672956e+02
-1.824802655617894516e+02
-1.894447763215321459e+02
-1.967480082898567275e+02
-2.038365297719463172e+02
-2.101266168663357519e+02
-2.151209948678188937e+02
-2.185507166096846845e+02
-2.204917656226946008e+02
-2.213854273141350006e+02
-2.219190951226945572e+02
-2.227929052490448782e+02
-2.244641590799849098e+02
-2.269788415418933027e+02
-2.299589716355459643e+02
-2.327466882153240988e+02
-2.346452049867390031e+02
-2.351633113454761315e+02
-2.341726906307544596e+02
-2.319228851566034280e+02
-2.289164699199959330e+02
-2.257070611393687329e+02
-2.227205355002917599e+02
-2.201833692257552002e+02
-2.181764035790670846e+02
-2.167576265562230731e+02
-2.160532280097561397e+02
-2.162228299075602251e+02
-2.172689964223394838e+02
-2.187614397269896074e+02
-2.196214808642111223e+02
-2.181048149483562213e+02
-2.120345681274071694e+02
-1.992293721569088518e+02
-1.779972162943226408e+02
-1.475469906544465744e+02
-1.082033278696849266e+02
-6.137950790987410699e+01
-9.337444457839282563e+00
4.518879137945040014e+01
9.941910930671949131e+01
1.509274252764656126e+02
1.979535040698834223e+02
2.395762160616512801e+02
2.757133932659087350e+02
3.069435994691138490e+02
3.341936464482546967e+02
3.583829200190234587e+02
3.801289298154778180e+02
3.995885794437019740e+02
4.164607864474095322e+02
4.301360992380417656e+02
4.399510161231284542e+02
4.454766007982600513e+02
4.467468446190750910e+02
4.443381824034624401e+02
4.392605869390337148e+02
4.326898597521068837e+02
4.256277028805482701e+02
4.186065200365466126e+02
4.115522901866421535e+02
4.038698704763675664e+02
3.947253597169661248e+02
3.834085173299924350e+02
3.696179144148692330e+02
3.535492140741324647e+02
3.357654267203703284e+02
3.169389261547344745e+02
2.976170217296403280e+02
2.781311860687741273e+02
2.586646697776617998e+02
2.393976463132414096e+02
2.206269724359876250e+02
2.027959964593737254e+02
1.864226015456063976e+02
1.719578413385632416e+02
1.596349622962695776e+02
1.493676651950671044e+02
1.407289607845756905e+02
1.330134666262057976e+02
1.253748880276664721e+02
1.170219218199215305e+02
1.074296999253009375e+02
9.649438153151973552e+01
8.456243882017164992e+01
7.231523762148231071e+01
6.055055387353620233e+01
4.993529035462883314e+01
4.080494656784270546e+01
3.307330247492336639e+01
2.628565941692712471e+01
1.979068875947369577e+01
1.294998139421771555e+01
5.298779122412668130e+00
-3.382670144861748440e+00
-1.307695285807903929e+01
-2.358602156300953823e+01
-3.460749178606528176e+01
-4.580435187847284340e+01
-5.684922058310542070e+01
-6.744854240601348749e+01
-7.737653707247676493e+01
-8.653983197918088877e+01
-9.504761529199814163e+01
-1.032228977749033163e+02
-1.115093652619625288e+02
-1.203002328754496091e+02
-1.297757074511667952e+02
-1.398318053968430945e+02
-1.501267632743613945e+02
-1.602107382302805263e+02
-1.696747757122746236e+02
-1.782594555286711113e+02
-1.858887609388293640e+02
-1.926256134728813549e+02
-1.985701125923757218e+02
-2.037388197337084534e+02
-2.079806515766209145e+02
-2.109918429633141272e+02
-2.124611069077620868e+02
-2.123023085878486427e+02
-2.108582811206618430e+02
-2.089470930664172101e+02
-2.076949192196395302e+02
-2.082082929630159924e+02
-2.112007141670148371e+02
-2.166798578661327497e+02
-2.237702652644857153e+02
-2.307268666895814704e+02
-2.351633113454761315e+02
-2.344569055291055406e+02
-2.262332673303723709e+02
-2.088192360498217681e+02
-1.815739097957234662e+02
-1.450352150511180582e+02
-1.008535521143229801e+02
-5.153444013176341798e+01
-5.416167686886552701e-02
5.058092670206163888e+01
9.777034770550895360e+01
1.396819755887823078e+02
1.754565647660531909e+02
2.051859104160284062e+02
2.296595372936825470e+02
2.499565480499205989e+02
2.670154898826131102e+02
2.813219056836974232e+02
2.928116648520659737e+02
3.010116386798770804e+02
3.053504716122524201e+02
3.055058167761026198e+02
3.016455921888991725e+02
2.944766249040970933e+02
2.850987616952711505e+02
2.747273892089658602e+02
2.643749623261926445e+02
2.545860756163643259e+02
2.453080355978076170e+02
2.359411230720762092e+02
2.255527289069908647e+02
2.131826951835040802e+02
1.981409038636118396e+02
1.802138418225947305e+02
1.597422464262945994e+02
1.375741664364286976e+02
1.149135418037271990e+02
9.308925984873002335e+01
7.329302872010242709e+01
5.636525626415499346e+01
4.270077503891895532e+01
3.228756656025197458e+01
2.482431180583277097e+01
1.983668035768434734e+01
1.674223379152952162e+01
1.487336396579007669e+01
1.350828460375064211e+01
1.195208967050595916e+01
9.668616599486863805e+00
6.422972515943079941e+00
2.373057675705229741e+00
-1.945357196502797592e+00
