-3.475694088085622724e+01
-5.088999121763963984e+01
-6.718217526590483146e+01
-8.356454717159157042e+01
-9.960942935131404852e+01
-1.146152686327976795e+02
-1.278390137738775820e+02
-1.387500694577255445e+02
-1.471837519586295855e+02
-1.533502334523731179e+02
-1.577389840457186097e+02
-1.609847197444302935e+02
-1.637380681565153111e+02
-1.665611189911125507e+02
-1.698586550088246554e+02
-1.738456646554832332e+02
-1.785417124876807407e+02
-1.837824977935744073e+02
-1.892463235980766285e+02
-1.945041969615253379e+02
-1.991111727078751699e+02
-2.027444981028727682e+02
-2.053530636721496876e+02
-2.072447085792329062e+02
-2.090454777431962725e+02
-2.115200257081608584e+02
-2.153112379911238463e+02
-2.207034808097579628e+02
-2.275102437715258077e+02
-2.351305607121427670e+02
-2.427463775887892723e+02
-2.495851300414533398e+02
-2.551547652958606136e+02
-2.593698200279287676e+02
-2.625304181724361570e+02
-2.651746663677785136e+02
-2.678718254018652942e+02
-2.710465825836781733e+02
-2.749080369112070912e+02
-2.794880579373798355e+02
-2.847157079851550634e+02
-2.904458902198012993e+02
-2.964342797585312610e+02
-3.023247143669268553e+02
-3.077072979246664204e+02
-3.122306097327521002e+02
-3.156979287460326873e+02
-3.180971688010833418e+02
-3.195718914314670087e+02
-3.203714172398404685e+02
-3.208037266931292493e+02
-3.211913943453747606e+02
-3.218294622535091207e+02
-3.229513520254798209e+02
-3.247007341308377590e+02
-3.270904192707589573e+02
-3.299206612195632147e+02
-3.326354498920079550e+02
-3.341315101493245265e+02
-3.326089319257140460e+02
-3.256161417712326624e+02
-3.104124634392520647e+02
-2.846277330411758157e+02
-2.470212085702937941e+02
-1.980475419842862266e+02
-1.399887739604399144e+02
-7.657953876743545152e+01
-1.224156254812775302e+01
4.883723006792504862e+01
1.035192083906125333e+02
1.502164467471515650e+02
1.889557667441262652e+02
2.210207793401820027e+02
2.483164259103893414e+02
2.726896426366099035e+02
2.954303712968364266e+02
3.170699696818525126e+02
3.374550664189742406e+02
3.559850712504923536e+02
3.718971411964635081e+02
3.845319088290627292e+02
3.935487600764657827e+02
3.990524565158799533e+02
4.015839685597578068e+02
4.019612358905404790e+02
4.010186189600017883e+02
3.993437530191686164e+02
3.971149887959952025e+02
3.940936112311657098e+02
3.897457113239156570e+02
3.834096310908892633e+02
3.744285142498662253e+02
3.622264858930802802e+02
3.463684760272956851e+02
3.266575999736131735e+02
3.032816160495460736e+02
2.769502159548084137e+02
2.489177441054864630e+02
2.208126521038980457e+02
1.942981698175572660e+02
1.706934753861174556e+02
1.507053697905427043e+02
1.343503360604310899e+02
1.210525366721555400e+02
1.098479741082025782e+02
9.962067695461426808e+01
8.932112610353829041e+01
7.814683474889105241e+01
6.567635848466812831e+01
5.192659555869168031e+01
3.728336484470017353e+01
2.229517629857972238e+01
7.411084440559988273e+00
-7.199958632595716779e+00
-2.165347510707670864e+01
-3.619543944699152860e+01
-5.099826775219248987e+01
-6.602036038084699499e+01
-8.098026044566219639e+01
-9.543080296280572838e+01
-1.088936408449245619e+02
-1.210199868381716328e+02
-1.317402420242239316e+02
-1.413446401664794223e+02
-1.504355457237005567e+02
-1.597391421702094476e+02
-1.698384849394024343e+02
-1.809365058307682830e+02
-1.927456141067853252e+02
-2.045506369955056982e+02
-2.154358170136477497e+02
-2.246107140910384601e+02
-2.317222740746824456e+02
-2.370321717072097840e+02
-2.413876130623927452e+02
-2.459931732129683724e+02
-2.520550656510015415e+02
-2.604000054275318234e+02
-2.711801580786365093e+02
-2.837636996366468338e+02
-2.968613609287132817e+02
-3.088602718166625323e+02
-3.182680970387880279e+02
-3.241450227823946761e+02
-3.264070303451565565e+02
-3.258966374086180053e+02
-3.241533542161237733e+02
-3.229088667771728751e+02
-3.234590582294007959e+02
-3.261454577617141695e+02
-3.301445535743015967e+02
-3.336207941267936121e+02
-3.341315101493245265e+02
-3.290867713093914517e+02
-3.161185875333990793e+02
-2.933514303350127648e+02
-2.596564624357046114e+02
-2.149353965379990541e+02
-1.603582806613745220e+02
-9.840092870453807450e+01
-3.256681659824309349e+01
3.319171158576263991e+01
9.519421641301246950e+01
1.506592833716625819e+02
1.980489331941914770e+02
2.370899626127279873e+02
2.685688495896466748e+02
2.940224526523906547e+02
3.153856146661836988e+02
3.346067492843956757e+02
3.532507062992273745e+02
3.721549929890386466e+02
3.912518874955255228e+02
4.096646719205934914e+02
4.260919082438434202e+02
4.393446982829327112e+02
4.488043198913233027e+02
4.546005175231118187e+02
4.574535475257453072e+02
4.582853111019622361e+02
4.577996940235111083e+02
4.562184003580716762e+02
4.532523042246575073e+02
4.482627108652316110e+02
4.405060876163615831e+02
4.293747896112170110e+02
4.145867235861817903e+02
3.962951443058212817e+02
3.750974262419247225e+02
3.519393794232670984e+02
3.279400632854110427e+02
3.041916295230812466e+02
2.816018942889321579e+02
2.608249173587046243e+02
2.422720921779634580e+02
2.261520192883247944e+02
2.124910684076874361e+02
2.011297073857746511e+02
1.917207681723511996e+02
1.837480843204226915e+02
1.765675716412523570e+02
1.694785208701157728e+02
1.618412175306366692e+02
1.532298765551784925e+02
1.435541941205091234e+02
1.330607069338943234e+02
1.221854486246318316e+02
1.113324223252640195e+02
1.006991445087563051e+02
9.022223695313206804e+01
7.963712758403816849e+01
6.860583372348321518e+01
5.686186968919530216e+01
4.432095264282370550e+01
3.111378164987922901e+01
1.752998293165186539e+01
3.908243545008403430e+00
-9.466714088592013354e+00
-2.241037233594372680e+01
-3.481383985685741322e+01
-4.657813604027349186e+01
-5.756980007871706562e+01
-6.765295018641887737e+01
-7.679381574788075682e+01
-8.516797781390403088e+01
-9.319219449145158762e+01
-1.014546299879566362e+02
-1.105739792872142289e+02
-1.210407415477507698e+02
-1.330908687245299120e+02
-1.466514908947493154e+02
-1.613794863581864263e+02
-1.767803396478286118e+02
-1.923585269063079863e+02
-2.077346433664988865e+02
-2.226831905185761116e+02
-2.370924761756212149e+02
-2.508945646299821988e+02
-2.640224549130399510e+02
-2.764167838693249450e+02
-2.880557982530200434e+02
-2.989569735389287075e+02
-3.091123394896674768e+02
-3.183621186862150125e+02
-3.262521825259891557e+02
-3.319315439355493140e+02
-3.341315101493245265e+02
-3.312560600065104950e+02
-3.216039011030002825e+02
-3.037090223459506433e+02
-2.767325715738047620e+02
-2.408097385967782884e+02
-1.972729061683470491e+02
-1.487048644901754244e+02
-9.878737714572640982e+01
-5.191095864008729421e+01
-1.254072851029200208e+01
1.559380647820311339e+01
3.032933523393148789e+01
3.170586936840011560e+01
2.219428637026821249e+01
6.365007332106401350e+00
