-6.531304681970659942e-01
-6.103112381710606371e+01
-1.136810717344238810e+02
-1.531100718977992017e+02
-1.773517533961997401e+02
-1.880003754563162772e+02
-1.891448098389537336e+02
-1.857711762112155895e+02
-1.822604247374993349e+02
-1.814153153826134428e+02
-1.841508081604366680e+02
-1.897251940555248666e+02
-1.962759806898753823e+02
-2.014493435402143575e+02
-2.029891938957199216e+02
-1.992017397614401659e+02
-1.892274433731446379e+02
-1.730847662198983983e+02
-1.515206250808919037e+02
-1.257614518060462956e+02
-9.725336471315881681e+01
-6.743103009170192763e+01
-3.752560103065918895e+01
-8.433297566440167259e+00
1.932169838126159078e+01
4.552024216707276594e+01
7.011242275000748236e+01
9.307543118436939267e+01
1.143224457631493038e+02
1.336910359433586848e+02
1.509977549672798034e+02
1.661106433669498301e+02
1.789902857888246217e+02
1.896844698349417513e+02
1.982993503779526634e+02
2.049821023037832788e+02
2.099341475791467246e+02
2.134417038889039873e+02
2.158801158638862034e+02
2.176504521663609353e+02
2.190545146135087577e+02
2.201698316766358232e+02
2.207944255859527232e+02
2.204888735179163461e+02
2.186968135704811971e+02
2.149040001270708444e+02
2.087902312073252631e+02
2.003289573075390138e+02
1.898057157375506563e+02
1.777583891456412459e+02
1.648674534966474710e+02
1.518274881396405078e+02
1.392239318106091446e+02
1.274383069004753821e+02
1.166076582976461822e+02
1.066540850810582555e+02
9.737265434369435013e+01
8.853810123873934401e+01
7.998893541178418332e+01
7.167151693911273469e+01
6.364530676613998139e+01
5.604973373384955693e+01
4.903564768767953552e+01
4.268351825566492863e+01
3.694399220285833252e+01
3.162543686022247869e+01
2.642989288298318229e+01
2.102104076775847119e+01
1.510073193274051917e+01
8.475663119489563968e+00
1.106125907095233174e+00
-6.870622112539411575e+00
-1.515904085753092190e+01
-2.338110400204463701e+01
-3.119806118838366871e+01
-3.843132801536623333e+01
-4.512315402240735551e+01
-5.150511168452089805e+01
-5.789090545935907528e+01
-6.454317812792204734e+01
-7.156355310572303097e+01
-7.883565447937597526e+01
-8.603709569500784937e+01
-9.272856553004304203e+01
-9.850548446436204131e+01
-1.031598823466247694e+02
-1.067797123500390484e+02
-1.097359221517411214e+02
-1.125600564013008267e+02
-1.157617022471928152e+02
-1.196584298687664329e+02
-1.242890244172218956e+02
-1.294462540357526450e+02
-1.348052831054862395e+02
-1.400756984640146641e+02
-1.450991179151412780e+02
-1.498488521633666721e+02
-1.543479744875319000e+02
-1.585793655798707675e+02
-1.624695941967387682e+02
-1.659647715959423238e+02
-1.691263702612568522e+02
-1.721447394571096652e+02
-1.752347610962285387e+02
-1.784820683595644653e+02
-1.817546012942956679e+02
-1.847488622021813853e+02
-1.871489648715761405e+02
-1.888084754605391424e+02
-1.898564985171790340e+02
-1.906736999642500052e+02
-1.917490439656585579e+02
-1.934770065534669641e+02
-1.959672424205353707e+02
-1.989225852761739191e+02
-2.016179012506104584e+02
-2.029891938957199216e+02
-2.018150058355786030e+02
-1.969436453809274497e+02
-1.875047437600264857e+02
-1.730527476086090530e+02
-1.536191759544326487e+02
-1.296811864872457818e+02
-1.020687818623006109e+02
-7.183211296824148917e+01
-4.009170688001224647e+01
-7.905388333502807896e+00
2.381165282930312799e+01
5.429787844628908289e+01
8.290681025441098484e+01
1.090678421256572932e+02
1.322993809123781546e+02
1.522911540564224140e+02
1.690137324044671061e+02
1.827789221531843395e+02
1.941925750631956760e+02
2.039967547648672337e+02
2.128603358977416917e+02
2.212142354900375096e+02
2.292071393471847216e+02
2.367797550564546611e+02
2.437785308694284936e+02
2.500208869342594653e+02
2.552862501318977024e+02
2.592784980717926828e+02
2.616260253757837972e+02
2.619491602534932326e+02
2.599693986759806421e+02
2.556033805953825322e+02
2.489934644409385101e+02
2.404632642103189255e+02
2.304252760307005303e+02
2.192892751102863826e+02
2.074129519077255850e+02
1.951008677727884617e+02
1.826214506320234534e+02
1.702103860350087814e+02
1.580602689269247207e+02
1.463201862643681750e+02
1.351184924595622476e+02
1.245930309474956346e+02
1.148992434447281141e+02
1.061823932261492018e+02
9.852744632037970973e+01
9.191217790102307106e+01
8.618130447343308731e+01
8.104875575478618543e+01
7.613325501792115801e+01
7.103043070689513172e+01
6.540969540899233436e+01
5.910373311707706989e+01
5.215412110784942712e+01
4.479348842171358314e+01
3.736776420281092470e+01
3.022173698888298077e+01
2.358779664640535145e+01
1.752276677446708675e+01
1.191648474571665162e+01
6.554717281409438101e+00
1.190215879504380680e+00
-4.414311563639163438e+00
-1.046913429725748834e+01
-1.713784459589387765e+01
-2.449843095499499057e+01
-3.249798526826187839e+01
-4.092454699667248974e+01
-4.940913860663452795e+01
-5.746383355340000065e+01
-6.456221820024930480e+01
-7.025986067782145028e+01
-7.433024905200828414e+01
-7.687161979438737092e+01
-7.833649929662264810e+01
-7.945351950843712530e+01
-8.104974216868370718e+01
-8.382934010317161722e+01
-8.819199760453410875e+01
-9.415679159127002151e+01
-1.014045868549156637e+02
-1.094024953002766836e+02
-1.175529881335317839e+02
-1.253146381731937993e+02
-1.322626535244204433e+02
-1.380917912714792237e+02
-1.425983169534979993e+02
-1.456851334830343490e+02
-1.474041120080189273e+02
-1.480079789593509076e+02
-1.479668462592241553e+02
-1.479186838492208267e+02
-1.485521726544984631e+02
-1.504486616803572474e+02
-1.539277916429240349e+02
-1.589448691135180809e+02
-1.650786979973676694e+02
-1.716268794257067043e+02
-1.777928390867351425e+02
-1.829149766508054995e+02
-1.866672652668230796e+02
-1.891597335854375217e+02
-1.908899696599884805e+02
-1.925442597212767168e+02
-1.947041089535728702e+02
-1.975509678780543368e+02
-2.006646917603833913e+02
-2.029882312927758221e+02
-2.029891938957199216e+02
-1.989911663052346285e+02
-1.895901552880115730e+02
-1.740373761287446257e+02
-1.524740370306570298e+02
-1.259486032843778389e+02
-9.621506551314655553e+01
-6.537146491092019573e+01
-3.543272826410175469e+01
-7.944723148954608405e+00
1.625904150568953810e+01
3.709301302030826264e+01
5.505047617317482889e+01
7.090030958227353608e+01
8.535708031300264054e+01
9.883566675790022771e+01
1.113702309643634294e+02
1.227043258024129671e+02
1.324735248642088834e+02
1.403652148418452441e+02
1.461796352400203602e+02
1.497946791315949326e+02
1.510946852005147605e+02
1.499310916722589013e+02
1.461504614403043263e+02
1.396809736740614198e+02
1.306372728981626494e+02
1.193967541750305941e+02
1.066131124798375254e+02
9.315420015667974951e+01
7.997321866288893943e+01
6.793915650927372951e+01
5.765950903355656010e+01
4.933050812844840038e+01
4.265783229610312333e+01
3.689621853834923826e+01
