-3.996685699945059156e+01
-1.770928287964679981e+01
3.200367754427020373e-01
1.113932788114843753e+01
1.370388487950226164e+01
8.883740459897524033e+00
-1.161903328382656753e+00
-1.385890460866410834e+01
-2.697361796892276686e+01
-3.902666671418955247e+01
-4.934208916960571401e+01
-5.785744483063231769e+01
-6.485676197468771420e+01
-7.073831374895266322e+01
-7.586695822077859930e+01
-8.052466986196786536e+01
-8.494957085122567264e+01
-8.942530465660807693e+01
-9.435560913616211565e+01
-1.002555919603029224e+02
-1.076277413165532977e+02
-1.167584408018272484e+02
-1.275328212331949658e+02
-1.393784342019124551e+02
-1.513941281843819127e+02
-1.626273335905408999e+02
-1.723865276083915035e+02
-1.804589148496090161e+02
-1.871491382478513401e+02
-1.931292544685681492e+02
-1.991485786257199209e+02
-2.056738129023057979e+02
-2.125339540120820914e+02
-2.186603584700901592e+02
-2.220337616329599655e+02
-2.199297371236842764e+02
-2.094605143213582608e+02
-1.882811677553136178e+02
-1.552411657614351554e+02
-1.107693423623938571e+02
-5.687517037555012678e+01
3.216328739438102602e+00
6.566775548590216260e+01
1.266970297875532054e+02
1.831524818382665103e+02
2.328862597659532412e+02
2.748756501240733314e+02
3.091035192049590705e+02
3.362652249101658981e+02
3.574054392460205918e+02
3.735905186009327963e+02
3.856908025445225121e+02
3.943018209731902743e+02
3.997911811132644289e+02
4.024162847554140399e+02
4.024225269875826143e+02
4.000412916052798096e+02
3.953849614887180905e+02
3.883312705624165346e+02
3.785144632949495644e+02
3.654672723469917628e+02
3.488490281554927606e+02
3.286416816652298962e+02
3.052272518437507642e+02
2.793327915065234492e+02
2.518847957486711095e+02
2.238353156935785080e+02
1.960169255510288906e+02
1.690612993074175279e+02
1.433837704850272416e+02
1.192110785070785397e+02
9.662543211356310735e+01
7.561110587157145346e+01
5.610483530610862601e+01
3.805216403521014001e+01
2.145265023639919377e+01
6.358783304260267499e+00
-7.189904321249134256e+00
-1.926842323604945051e+01
-3.013976056516906255e+01
-4.024353759506600170e+01
-5.008206143518296471e+01
-6.003441084993356469e+01
-7.017428524659713673e+01
-8.019105206002977582e+01
-8.948426350725569023e+01
-9.741247096655357041e+01
-1.035828286521396251e+02
-1.080431202025569632e+02
-1.112942406460859672e+02
-1.141286011859462519e+02
-1.173691912143356717e+02
-1.216118460993684494e+02
-1.270561234914011379e+02
-1.334684373668527826e+02
-1.402821632706250625e+02
-1.468066790143546143e+02
-1.524838596090781095e+02
-1.571080639788717974e+02
-1.609298083382530820e+02
-1.645955606119063930e+02
-1.689316634484445387e+02
-1.746441714556046350e+02
-1.820451455075832143e+02
-1.909039354285761192e+02
-2.004664696749408392e+02
-2.096143799160263370e+02
-2.170783732850903789e+02
-2.216065255142036676e+02
-2.220337616329599655e+02
-2.172751172266709432e+02
-2.063117792000910526e+02
-1.882256477115624023e+02
-1.623063220798844384e+02
-1.282147946072545324e+02
-8.615707403560375610e+01
-3.700116685383152060e+01
1.772017710997498341e+01
7.593719316804096309e+01
1.352638452356235348e+02
1.932383672354297346e+02
2.475217633349036817e+02
2.960509846067595845e+02
3.371960646757249265e+02
3.699553270152293294e+02
3.941459767928895985e+02
4.104816378591180523e+02
4.204376479492723320e+02
4.258904824972108258e+02
4.286249776664517981e+02
4.298683634429675635e+02
4.300080971245312753e+02
4.285953987319156795e+02
4.246455141282655745e+02
4.171321808594825029e+02
4.054773473313669001e+02
3.898212995266453618e+02
3.709550979732091491e+02
3.499676067944607212e+02
3.278082831245573630e+02
3.049992180723999127e+02
2.816226963831620651e+02
2.575429421159407184e+02
2.327078570055174964e+02
2.073698889105295393e+02
1.821344619506759841e+02
1.578330797318859595e+02
1.352868916839348401e+02
1.150604572206930811e+02
9.730414108394640493e+01
8.174890677991751886e+01
6.785380255447358877e+01
5.503354801489376058e+01
4.285324818586424556e+01
3.110705092789461901e+01
1.977981106233171715e+01
8.956706347893273801e+00
-1.250774150853231959e+00
-1.073611743895150994e+01
-1.940430256742109805e+01
-2.718956964203664484e+01
-3.410516503880728578e+01
-4.030921031735834958e+01
-4.614087580122696863e+01
-5.208227572828167240e+01
-5.863656413473435691e+01
-6.616375176634289801e+01
-7.475222844613600159e+01
-8.419573753182916676e+01
-9.409039534503193636e+01
-1.039988057027792649e+02
-1.135922307945800469e+02
-1.227010862956346955e+02
-1.312685106751603712e+02
-1.392669444231030411e+02
-1.466557049327568052e+02
-1.534199515396088600e+02
-1.596702225131193700e+02
-1.657341757729716392e+02
-1.721581969808700592e+02
-1.795616527954446724e+02
-1.883486038957909159e+02
-1.983626438405059957e+02
-2.086293088967111089e+02
-2.173254521636037566e+02
-2.220337616329599655e+02
-2.202128796168208851e+02
-2.097119154839928115e+02
-1.891615864231795285e+02
-1.581574007043669212e+02
-1.172757868011768778e+02
-6.800693317885719580e+01
-1.263899161591216114e+01
4.593731450928937221e+01
1.045381593061366630e+02
1.600874896840561519e+02
2.100326507012244406e+02
2.526820427403987424e+02
2.873771368378370994e+02
3.144328603781256675e+02
3.348440789485026698e+02
3.498534477179193232e+02
3.605414088700693469e+02
3.675805860103518512e+02
3.712155697551891080e+02
3.714382577009866395e+02
3.682557350006891284e+02
3.619088208949098657e+02
3.529215116537070571e+02
3.419500305881484792e+02
3.295138365638392202e+02
3.157596235472459512e+02
3.003859067814371429e+02
2.827647283386700110e+02
2.622072622284099452e+02
2.382713395277486086e+02
2.110020864422290856e+02
1.810270124982390882e+02
1.494803981120642504e+02
1.177814723794104168e+02
8.732189033516945642e+01
5.914071660089538796e+01
3.368807655242007115e+01
1.077892773944903126e+01
-1.021992715977430777e+01
-3.003475842953806563e+01
-4.911577525813438427e+01
-6.741256711805196744e+01
-8.438098366301782960e+01
-9.921574000412309147e+01
-1.112191173658954568e+02
-1.201473600527300647e+02
-1.263635036155147304e+02
-1.307156992585326805e+02
-1.342159682632622264e+02
-1.376983434492585161e+02
-1.416121142323876541e+02
-1.460004693406459921e+02
-1.506255304997125393e+02
-1.551685482531620437e+02
-1.594332709637270966e+02
-1.634841419263417777e+02
-1.676615889236176713e+02
-1.724506257210451281e+02
-1.782436773000308108e+02
-1.851101499887260218e+02
-1.927061283692805773e+02
-2.003878241668230089e+02
-2.074690844199677429e+02
-2.134777605678915506e+02
-2.182796769226032154e+02
-2.220337616329599655e+02
-2.250408283087387531e+02
-2.275841708056472044e+02
-2.298279419089990654e+02
-2.317860439418073213e+02
-2.333440176771614745e+02
-2.343161591038636118e+02
-2.345271035236847297e+02
-2.338996247355681817e+02
-2.325148467145337463e+02
-2.306136871563188890e+02
