2.572848598077309035e+01
8.287882829711969634e+01
1.320923251840932267e+02
1.675842350393117499e+02
1.869783749977852381e+02
1.913840959052438393e+02
1.844451718457141283e+02
1.708787102700957519e+02
1.550531187204402102e+02
1.399962998373982543e+02
1.270107633463138512e+02
1.158725354227552202e+02
1.054335478099357317e+02
9.435768032568020658e+01
8.172495089911086552e+01
6.733467956282736111e+01
5.168047746950327337e+01
3.568903249436698388e+01
2.036636045210065049e+01
6.485202795425884403e+00
-5.593220913728970345e+00
-1.592453600009260839e+01
-2.484081285678401940e+01
-3.274952222226808374e+01
-3.997335274638986391e+01
-4.669452882364085156e+01
-5.299953822053140584e+01
-5.896245594407844237e+01
-6.468832880124149654e+01
-7.027468337969641254e+01
-7.571881648028313805e+01
-8.084802391392855725e+01
-8.533762132550947399e+01
-8.882155733012506005e+01
-9.104469702194100478e+01
-9.198908606184741643e+01
-9.192346471386630924e+01
-9.135616679131599938e+01
-9.090567909349782383e+01
-9.113299098581292412e+01
-9.239303833990688020e+01
-9.475241076128313011e+01
-9.799464744560022211e+01
-1.017065251802338537e+02
-1.054171361949865826e+02
-1.087481203978874049e+02
-1.115292205397502698e+02
-1.138426193991767548e+02
-1.159847407051130119e+02
-1.183643087408291592e+02
-1.213682531307573811e+02
-1.252170049106987904e+02
-1.298225627778699049e+02
-1.346751453789937329e+02
-1.388002341320818971e+02
-1.408238651000420418e+02
-1.391598389314071369e+02
-1.322963800016337075e+02
-1.191195378338034629e+02
-9.918497700529977124e+01
-7.285807852833382015e+01
-4.128191481055772272e+01
-6.183641649632718895e+00
3.042568792512508224e+01
6.657627166688138232e+01
1.006077092372304378e+02
1.313254244428459856e+02
1.580346184701648724e+02
1.804818684128965174e+02
1.987539075437020699e+02
2.131764861107321849e+02
2.242321281681246319e+02
2.324867371748974278e+02
2.384996578673871568e+02
2.427094216501283483e+02
2.453290537916940934e+02
2.463084916416925125e+02
2.453997429711997711e+02
2.423085559297418285e+02
2.368682628386246733e+02
2.291539244250990919e+02
2.194821425398616555e+02
2.083033422660911640e+02
1.960501002970787567e+02
1.830192534432462139e+02
1.693348716547837398e+02
1.549935212089095558e+02
1.399594081754618458e+02
1.242632628935236880e+02
1.080646869400828365e+02
9.165672134491509837e+01
7.541350829097623887e+01
5.970236935633675301e+01
4.479656228707170129e+01
3.082593055645264712e+01
1.778740922116686818e+01
5.613305648823236460e+00
-5.729754945115436371e+00
-1.615748465429813763e+01
-2.545043517697324020e+01
-3.332997590879266170e+01
-3.960385897256801968e+01
-4.430501733291350774e+01
-4.774072656601525466e+01
-5.042170205150721074e+01
-5.291076548101098354e+01
-5.566762572439641588e+01
-5.895561228439954959e+01
-6.283514265864435799e+01
-6.722236998068436264e+01
-7.196590515049187786e+01
-7.690248027315729473e+01
-8.187645657776458563e+01
-8.672858176530476726e+01
-9.127898646295719232e+01
-9.533991779675186251e+01
-9.877050439990669872e+01
-1.015408577300378852e+02
-1.037565075826407366e+02
-1.056265029502910693e+02
-1.074015621941952077e+02
-1.093203318836684872e+02
-1.115830294584190199e+02
-1.143479282943321493e+02
-1.177322407176986871e+02
-1.217951895993446101e+02
-1.264833732849938031e+02
-1.315305736384223110e+02
-1.363367754440620558e+02
-1.398926494019842721e+02
-1.408238651000420418e+02
-1.375840349007708880e+02
-1.287578487934972600e+02
-1.133866544870449218e+02
-9.122341530150580979e+01
-6.283496727594018694e+01
-2.951278759935718909e+01
6.980571105922418695e+00
4.474196141042890673e+01
8.202548886401734762e+01
1.174274722168088800e+02
1.499414634660895445e+02
1.789216434484142724e+02
2.040066467388777767e+02
2.250376170335538291e+02
2.419907875545002867e+02
2.549453557059379705e+02
2.640959017543827940e+02
2.697857413340010453e+02
2.725140559749645490e+02
2.728823422133424401e+02
2.714825439259534505e+02
2.687640388889446967e+02
2.649369916241057581e+02
2.599653672445153347e+02
2.536637167857764439e+02
2.458527044019045888e+02
2.364908376621801267e+02
2.257126327594886561e+02
2.137559381782610615e+02
2.008210078980176831e+02
1.869439356611233336e+02
1.719696980552463685e+02
1.556646818005822865e+02
1.379262773712031560e+02
1.189776748216009139e+02
9.943856709262706772e+01
8.023847658630207036e+01
6.242134176528990963e+01
4.691794662157835916e+01
3.434509587279171683e+01
2.487096578592541363e+01
1.818023980916163396e+01
1.356027490871693431e+01
1.009430597503323668e+01
6.902484469667371059e+00
3.348277722244205279e+00
-8.537955838751543070e-01
-5.647778778632584817e+00
-1.074227485885622002e+01
-1.577156783649139982e+01
-2.045969628647881677e+01
-2.472805449130135003e+01
-2.869868734942802746e+01
-3.259184916248990760e+01
-3.657870266661022640e+01
-4.067842771002248980e+01
-4.475687981566623819e+01
-4.861855939282729366e+01
-5.213100073279525759e+01
-5.530734415061442633e+01
-5.830631526716172175e+01
-6.137173339910876280e+01
-6.477495608175033226e+01
-6.880236938634953958e+01
-7.376817497715663308e+01
-7.999258847538246187e+01
-8.770434952905421255e+01
-9.688928707436855348e+01
-1.071645922930453878e+02
-1.177625448938464388e+02
-1.276454529949035077e+02
-1.356879777658135993e+02
-1.408238651000420418e+02
-1.420954140553960201e+02
-1.386323966455124150e+02
-1.296593183592511593e+02
-1.146051489128445553e+02
-9.331831306413778293e+01
-6.629009886715157052e+01
-3.474553975584984755e+01
-5.149378346950186369e-01
3.428704025751881801e+01
6.765404608167932565e+01
9.800923065210814400e+01
1.243592595632169520e+02
1.462702564761228530e+02
1.637303360992522414e+02
1.769896839764207641e+02
1.864393709339172176e+02
1.925385642341199457e+02
1.957701004256010151e+02
1.966061555225383017e+02
1.954745169085384759e+02
1.927173666143797277e+02
1.885428210801862861e+02
1.829915593191304310e+02
1.759529017838028153e+02
1.672435244847901572e+02
1.567188383084181567e+02
1.443595889732101796e+02
1.302925752184562498e+02
1.147515323693523754e+02
9.801823391188227674e+01
8.037953155365654823e+01
6.211039035736818903e+01
4.347437509859499016e+01
2.472878021737884069e+01
6.122839477267312702e+00
-1.211770754457083399e+01
-2.981158320391936201e+01
-4.682492549739197329e+01
-6.304058318578262288e+01
-7.830845481140698894e+01
-9.241193561250358357e+01
-1.050765467170320733e+02
-1.160221992258106241e+02
-1.250401783244213902e+02
-1.320666679310428151e+02
-1.372257982430094501e+02
-1.408238651000420418e+02
-1.432897051103988986e+02
-1.450760849836569548e+02
-1.465626456133217062e+02
-1.480134296271745029e+02
-1.496150984199856282e+02
-1.515613626887215162e+02
-1.541036293848069363e+02
-1.575032353434654340e+02
-1.618913381565103293e+02
-1.671181821806040375e+02
-1.727004727288560559e+02
