-4.054691672277527914e+01
-1.091547771904643156e+02
-1.691047095081422071e+02
-2.142087354766821079e+02
-2.422489279473105626e+02
-2.549801649410715072e+02
-2.569100444780787029e+02
-2.535137099795447853e+02
-2.495722761478921257e+02
-2.481145265260490760e+02
-2.501425503802713592e+02
-2.550395866573690000e+02
-2.613662492442811072e+02
-2.676901567489736067e+02
-2.731607568410263980e+02
-2.776911652872479408e+02
-2.817745467274336875e+02
-2.860815591728556910e+02
-2.910241568587713914e+02
-2.964326572854329811e+02
-3.014139700851999351e+02
-3.043899862485528729e+02
-3.032839789389689713e+02
-2.958188869007614699e+02
-2.798902738246928266e+02
-2.539652498163019914e+02
-2.174398034342434300e+02
-1.708778483125994683e+02
-1.160707348268448129e+02
-5.588878509492026581e+01
6.072005131283960466e+00
6.601355235072927030e+01
1.205469367515111543e+02
1.672517761638039815e+02
2.050216100810177977e+02
2.340829343185110361e+02
2.556907643165952493e+02
2.716276825625806737e+02
2.836923656207227395e+02
2.933258204464124219e+02
3.014295138975632540e+02
3.083492357629486378e+02
3.139663902881798094e+02
3.178440082804281133e+02
3.193943467674945396e+02
3.180466300448184143e+02
3.133868330399291722e+02
3.052337505108885125e+02
2.936329998813594102e+02
2.787883802928085970e+02
2.609781890237019866e+02
2.405047649108315397e+02
2.177028929449257930e+02
1.929972657697014995e+02
1.669638504022874486e+02
1.403350100031188106e+02
1.139116003780702613e+02
8.840445126766742590e+01
6.428692221408543617e+01
4.174578635526852821e+01
2.075426894249688203e+01
1.214201067566608838e+00
-1.690828273619501942e+01
-3.349718353379223856e+01
-4.826636331514100675e+01
-6.082430593142308339e+01
-7.083913751922314361e+01
-7.825923907568774496e+01
-8.346890828672950136e+01
-8.725928302509950640e+01
-9.059971925426654593e+01
-9.432735206292485941e+01
-9.892771402134953007e+01
-1.045160892980991889e+02
-1.109990641216464269e+02
-1.182913533205006900e+02
-1.264438600724067925e+02
-1.356058475078845618e+02
-1.458567430121450172e+02
-1.570342442375143150e+02
-1.686895508300526387e+02
-1.802109977445007303e+02
-1.910438367538874900e+02
-2.008800579657922185e+02
-2.097236001126011899e+02
-2.178163812881969079e+02
-2.254849312557144856e+02
-2.329989687769632383e+02
-2.405135934970917901e+02
-2.481117675469730557e+02
-2.558993141310193948e+02
-2.640599479857052074e+02
-2.727828483098542165e+02
-2.820421887944633568e+02
-2.913118150180364978e+02
-2.993770557297989399e+02
-3.043899862485528729e+02
-3.041907145119529332e+02
-2.967689006160412646e+02
-2.806830837796678679e+02
-2.553154130028984241e+02
-2.209471502509260290e+02
-1.787046888719721380e+02
-1.304261295884058995e+02
-7.846609377233546923e+01
-2.543582586482625629e+01
2.610665617661395288e+01
7.396105075770364579e+01
1.165095813033402692e+02
1.528134975808025047e+02
1.825802707155930307e+02
2.060332841266823891e+02
2.237277596819857877e+02
2.363661377728444961e+02
2.446677210305187486e+02
2.493127227760553239e+02
2.509226342152313123e+02
2.500175411369243363e+02
2.469322555571238809e+02
2.417319093805465968e+02
2.341927523249313765e+02
2.238961369251043436e+02
2.104347500727065778e+02
1.936661718357607072e+02
1.739025265892689731e+02
1.519325113447878834e+02
1.288384800926269520e+02
1.056671552237689582e+02
8.309443790899470628e+01
6.124661599706689685e+01
3.977448144553459031e+01
1.814855098167474523e+01
-3.972398106811667162e+00
-2.647932940216047371e+01
-4.877232993450883924e+01
-6.994621446537477993e+01
-8.911540159968852493e+01
-1.057418259384691908e+02
-1.198285172930222018e+02
-1.318986159070419433e+02
-1.427746637817868987e+02
-1.532523423825931559e+02
-1.637955088693937569e+02
-1.743679499733103739e+02
-1.844665710804727041e+02
-1.933437343149210506e+02
-2.003345644472803144e+02
-2.051644960379820191e+02
-2.081141826408324391e+02
-2.099700893347110480e+02
-2.117806757640322530e+02
-2.145260005727741657e+02
-2.188382626116995198e+02
-2.248692444729354634e+02
-2.323249303967596973e+02
-2.406214612235158654e+02
-2.490833549521299517e+02
-2.571117623088917412e+02
-2.642862739539090740e+02
-2.704018200385638124e+02
-2.754611838202080776e+02
-2.796399683858971912e+02
-2.832288094913318446e+02
-2.865568304280828897e+02
-2.899095290033827723e+02
-2.934529055733339078e+02
-2.971602696003811843e+02
-3.007308714555226743e+02
-3.035033126554636738e+02
-3.043899862485528729e+02
-3.018769631324090028e+02
-2.941364975539287343e+02
-2.792718490931592896e+02
-2.556689471093343684e+02
-2.223745853945790145e+02
-1.793998515285541657e+02
-1.278661454430559132e+02
-6.995423808172832025e+01
-8.661533558815207812e+00
5.259568849552300662e+01
1.104767159169797992e+02
1.622253332531246315e+02
2.060847727967929472e+02
2.415060108488935384e+02
2.690820911405218112e+02
2.902301869591084937e+02
3.067314181799936819e+02
3.202754430851964571e+02
3.321256789130071070e+02
3.429526665575806987e+02
3.528253713349967597e+02
3.613226279407297739e+02
3.677181915808611166e+02
3.711937491512441625e+02
3.710454119064202132e+02
3.668592149301086351e+02
3.586238062547790264e+02
3.467378921762430650e+02
3.318920433789365916e+02
3.148632582030771800e+02
2.963118030394198854e+02
2.766691953690393575e+02
2.561556668381981012e+02
2.349011744928866392e+02
2.130994993130493924e+02
1.911162690346936301e+02
1.694978001439113200e+02
1.488711264543262587e+02
1.297686785393289597e+02
1.124498251099758193e+02
9.681291156508795837e+01
8.246252997957397213e+01
6.891625525566485067e+01
5.585766140949449010e+01
4.331622805421723399e+01
3.168198522238654391e+01
2.152999205044791609e+01
1.331847963708967875e+01
7.094502623519463924e+00
2.348584137248604264e+00
-1.905027941944091197e+00
-6.849643259652879124e+00
-1.350329667399559241e+01
-2.241406393562683519e+01
-3.351614669851974782e+01
-4.617287412041494576e+01
-5.937139599530058831e+01
-7.200986953778775046e+01
-8.320523526826539751e+01
-9.253433231887862576e+01
-1.001339742699698263e+02
-1.066409502503857709e+02
-1.130113431547368918e+02
-1.202815953407451843e+02
-1.293299323088553194e+02
-1.406921054554039188e+02
-1.544811792013261709e+02
-1.704375755603973630e+02
-1.880828598573880583e+02
-2.068909938403298270e+02
-2.263699577490344268e+02
-2.459928417352783754e+02
-2.650078939137975453e+02
-2.822337709124471985e+02
-2.959660569727548705e+02
-3.040852685631238046e+02
-3.043899862485528729e+02
-2.950977123320918167e+02
-2.753761059828814268e+02
-2.457233313711999472e+02
-2.080442781385941089e+02
-1.653676703124176299e+02
-1.212711427451425834e+02
-7.917229523092487398e+01
-4.167851298780283287e+01
-1.016973055181780694e+01
1.527844196910525909e+01
3.562930952944773111e+01
5.238614339970606437e+01
6.703904223164624909e+01
8.064558460756161651e+01
9.368414046751080093e+01
