2.550033767955187614e+01
-8.296434087787596923e+01
-1.770329940426268536e+02
-2.463339283885924260e+02
-2.869649945338218799e+02
-3.015249528049049559e+02
-2.971697293643584317e+02
-2.827704733079148127e+02
-2.662828812921654276e+02
-2.530569295871272288e+02
-2.453255756194240007e+02
-2.427004847932210509e+02
-2.432541092853286955e+02
-2.447051434444334177e+02
-2.453204461665225722e+02
-2.443318130646828195e+02
-2.418719755473596251e+02
-2.385988381896304986e+02
-2.352428343207996022e+02
-2.322709320508382689e+02
-2.297656958538182153e+02
-2.275201073585664631e+02
-2.252616263085306514e+02
-2.228634245411881807e+02
-2.204209758996947812e+02
-2.181635910491215213e+02
-2.162568883031547671e+02
-2.145745030999782443e+02
-2.124959732593167701e+02
-2.087780306491550846e+02
-2.015644963082333447e+02
-1.886049912255423919e+02
-1.676994390974888915e+02
-1.372795065600644193e+02
-9.693650348106970682e+01
-4.768035668231411250e+01
8.195788682050419993e+00
6.760723226787307283e+01
1.273473922305639690e+02
1.847106363098613429e+02
2.378911466806838462e+02
2.860810481684969773e+02
3.292972951084242368e+02
3.680419145490358233e+02
4.029241885315948366e+02
4.343514092365580836e+02
4.623522707091358939e+02
4.865583523683589533e+02
5.063380000545795383e+02
5.210396353353346512e+02
5.302588679106905829e+02
5.340261858067806315e+02
5.328443778154805841e+02
5.275688831728941750e+02
5.191802748024817902e+02
5.085300901958038367e+02
4.961527398284756032e+02
4.822165637844537400e+02
4.666222915730419345e+02
4.491766774086840996e+02
4.297379519202157780e+02
4.082753891664690400e+02
3.848646391995895328e+02
3.596867633802763748e+02
3.330766990531118950e+02
3.055961753451420009e+02
2.780529860144823715e+02
2.514059447416734940e+02
2.265662460310695678e+02
2.041727974909170769e+02
1.844425172415080851e+02
1.671657563735546432e+02
1.518428527587216195e+02
1.378859507637222066e+02
1.247914381191396274e+02
1.122238372065570218e+02
1.000037025691994330e+02
8.803236228224054116e+01
7.620690419313248753e+01
6.437732636173694800e+01
5.237643493440240405e+01
4.011341742068515970e+01
2.767107333676916170e+01
1.532133554727124647e+01
3.417435197111373668e+00
-7.786584100563985089e+00
-1.827892081192627671e+01
-2.830683909604093884e+01
-3.825346377114311736e+01
-4.844263296351412862e+01
-5.898939577177102933e+01
-6.978918645074695348e+01
-8.063797425878290426e+01
-9.137546479109887798e+01
-1.019354677222569734e+02
-1.122772217158851618e+02
-1.222721172593670360e+02
-1.316484346618780421e+02
-1.400480296758509269e+02
-1.471758292256915013e+02
-1.529688218639854540e+02
-1.576910906448207754e+02
-1.618871970373157581e+02
-1.662007917635903880e+02
-1.711489421316977086e+02
-1.769708153423499937e+02
-1.836190679682358677e+02
-1.908761733530608637e+02
-1.985149334710444577e+02
-2.064081125121664400e+02
-2.145271086722368636e+02
-2.228421561734805891e+02
-2.312015581648989269e+02
-2.392707674675762917e+02
-2.465608257983903400e+02
-2.525286679883968759e+02
-2.567181796712533242e+02
-2.589084496982617338e+02
-2.592251942569391758e+02
-2.581692904928117969e+02
-2.565413164050104342e+02
-2.552782921276294985e+02
-2.552460109811322866e+02
-2.570453857821837573e+02
-2.608900183844668845e+02
-2.665846240310465873e+02
-2.735943873143113478e+02
-2.811704263316210017e+02
-2.884897267526852147e+02
-2.947689076480271524e+02
-2.993190919719014573e+02
-3.015249528049049559e+02
-3.007528757252396758e+02
-2.962281506381972918e+02
-2.869633677342739588e+02
-2.718239292188865193e+02
-2.497454472952016999e+02
-2.200223830262425793e+02
-1.825499064084572183e+02
-1.379386499241213073e+02
-8.748792251363249761e+01
-3.305012146272370188e+01
2.317013784191444614e+01
7.885157333237960131e+01
1.318014043021815951e+02
1.801708187617365979e+02
2.225944493095115035e+02
2.582362717623463482e+02
2.867697324904527818e+02
3.083324763187198414e+02
3.234634474546211322e+02
3.329998548852331055e+02
3.379282391260568374e+02
3.392257520453406414e+02
3.377367077917800771e+02
3.340975501199962423e+02
3.287005296116275304e+02
3.216938997770199649e+02
3.130186536372704040e+02
3.024639584275506081e+02
2.897224728696605212e+02
2.744586270952618179e+02
2.564245715899551215e+02
2.356269942677698452e+02
2.124798042326741552e+02
1.878360750042837424e+02
1.628325296927591808e+02
1.385937404182970170e+02
1.159457150794179370e+02
9.528469347567661885e+01
7.663933559815757235e+01
5.985300712666702339e+01
4.477612733073078743e+01
3.138653571639149220e+01
1.980163899869108945e+01
1.018735047934923443e+01
2.605680299950165590e+00
-3.128770404092676927e+00
-7.507231334455582328e+00
-1.125528983142863382e+01
-1.515411539214689896e+01
-1.984189668962550712e+01
-2.568995070502259637e+01
-3.278952327255314003e+01
-4.101671026578725332e+01
-5.011599975344894631e+01
-5.975979139073751156e+01
-6.957576453954928297e+01
-7.916212724516141463e+01
-8.811864126289697197e+01
-9.610555560178734424e+01
-1.029125564348739204e+02
-1.085008124668395197e+02
-1.129964401617365155e+02
-1.166490169290497647e+02
-1.197822311131123456e+02
-1.227422853558142464e+02
-1.258274866525611060e+02
-1.291979868505486309e+02
-1.328101740791329917e+02
-1.364387919362240496e+02
-1.397995617050979433e+02
-1.427023527588739285e+02
-1.451323088139572519e+02
-1.472109838995209543e+02
-1.490847019406345453e+02
-1.508393156199282714e+02
-1.525095353205643960e+02
-1.541739520810525050e+02
-1.560675489520293411e+02
-1.586312476635452811e+02
-1.624459458245144674e+02
-1.680484600639061910e+02
-1.756787595521110177e+02
-1.850470571357331551e+02
-1.952283721505260985e+02
-2.047748925527694723e+02
-2.120642888124788215e+02
-2.157950972044740752e+02
-2.154583745047599734e+02
-2.116045153659189850e+02
-2.057885721994040296e+02
-2.001899515723561080e+02
-1.970203886349717095e+02
-1.979114914141555346e+02
-2.034824609802132613e+02
-2.132295220190823386e+02
-2.257669774992318423e+02
-2.393191310203964690e+02
-2.522707665230130090e+02
-2.635809083219681952e+02
-2.729410838849858010e+02
-2.806569764415824011e+02
-2.873065567270415386e+02
-2.932814714884200384e+02
-2.983660890543017103e+02
-3.015249528049049559e+02
-3.010099118171611963e+02
-2.947692696959248906e+02
-2.810103121987654617e+02
-2.587055526726086327e+02
-2.278752264399096532e+02
-1.895975008159282993e+02
-1.458123490963636186e+02
-9.902468116650206298e+01
-5.198127301886036378e+01
-7.351269304540863914e+00
3.257138944112023182e+01
6.610177615128097273e+01
9.227610652961627125e+01
1.108148495603051913e+02
1.219705951659120160e+02
1.263366672403431039e+02
1.246943261364719149e+02
1.179470481221582361e+02
1.071376391601959028e+02
9.348174536921069944e+01
7.831810303019156549e+01
6.291022096438351241e+01
4.813356525510482697e+01
3.419200204770012874e+01
2.054623651148013153e+01
