-1.050864565513720095e+01
-7.068865795309355349e+01
-1.227605328110367964e+02
-1.607708065194484846e+02
-1.823230543325518056e+02
-1.887145830313958470e+02
-1.840028158213297900e+02
-1.734929020671806654e+02
-1.621993456183003843e+02
-1.537112344955856429e+02
-1.496783904220667125e+02
-1.499140948862489040e+02
-1.529502169472784487e+02
-1.568105663273292407e+02
-1.597652011463743804e+02
-1.608646643628290747e+02
-1.601259686765744732e+02
-1.583541300195937254e+02
-1.567102478815900213e+02
-1.562238352267712855e+02
-1.574430330480056170e+02
-1.603250960310067796e+02
-1.643469954926857781e+02
-1.687237830360909356e+02
-1.725969836796237189e+02
-1.751029467505236994e+02
-1.753234603851070972e+02
-1.722019267171645254e+02
-1.645276667074135446e+02
-1.510430829545276481e+02
-1.306571169552540823e+02
-1.027026683461499204e+02
-6.716540186480636976e+01
-2.481862586359808631e+01
2.278143240053501728e+01
7.344638281987980122e+01
1.246143157231302609e+02
1.736574613213813620e+02
2.181859021909135663e+02
2.563034256299878280e+02
2.867742768027613920e+02
3.090722387009999466e+02
3.233177702711817574e+02
3.301465118781956107e+02
3.305627274859065210e+02
3.258102509473542341e+02
3.172664590295461267e+02
3.063499159039010920e+02
2.944256965371554315e+02
2.826924196405374801e+02
2.720524186495464392e+02
2.629956595214629260e+02
2.555405876019517279e+02
2.492598639164122858e+02
2.433945140966964686e+02
2.370387586157040403e+02
2.293560004071106846e+02
2.197700043227619062e+02
2.080788704634178998e+02
1.944637280300247824e+02
1.793968845210311542e+02
1.634836449720809242e+02
1.472895852288293383e+02
1.312069576102890096e+02
1.154026085751582116e+02
9.986721989222485263e+01
8.454949717347464855e+01
6.951497812364874562e+01
5.504357597928044044e+01
4.160135308568080603e+01
2.968865458794199697e+01
1.964140292777392816e+01
1.149446546682403003e+01
4.976646443057096469e+00
-3.767529827473810045e-01
-5.068585470402306115e+00
-9.516606315297021723e+00
-1.399677534853268668e+01
-1.864345880285752699e+01
-2.347320126885454883e+01
-2.840740892816110730e+01
-3.329699894683459149e+01
-3.796314721903088696e+01
-4.225137992853716185e+01
-4.608081958685449564e+01
-4.947637056469571348e+01
-5.258091312035514164e+01
-5.564044458469592769e+01
-5.895231514175819143e+01
-6.278357414285904525e+01
-6.729345369803107246e+01
-7.250442931591240381e+01
-7.834382680803851429e+01
-8.473037221987654277e+01
-9.163984534294868922e+01
-9.909097397998704082e+01
-1.070531350844336629e+02
-1.153446681230387156e+02
-1.236068937227773432e+02
-1.313885336238238324e+02
-1.382950558542048043e+02
-1.441108678057431689e+02
-1.488262306483497355e+02
-1.525671254461378510e+02
-1.554786910106503797e+02
-1.576299309884649347e+02
-1.589967900449536842e+02
-1.595415148593631329e+02
-1.593432977391216241e+02
-1.586887039453952752e+02
-1.580465416225480908e+02
-1.579266514589358792e+02
-1.586992997429679519e+02
-1.604746488648499962e+02
-1.630971773563172746e+02
-1.662356579091247966e+02
-1.695020612143528069e+02
-1.725389426346924324e+02
-1.750563702855000656e+02
-1.768418975757472538e+02
-1.777823463849281609e+02
-1.779135960459296371e+02
-1.774731072677584507e+02
-1.769044148262790657e+02
-1.767731815437622345e+02
-1.775958913726476567e+02
-1.796303720434943614e+02
-1.826996520519961393e+02
-1.861040108028635984e+02
-1.886396764689152690e+02
-1.887145830313958470e+02
-1.845415228288159710e+02
-1.743884904538262504e+02
-1.568642938772090361e+02
-1.312089056716437199e+02
-9.753381316142423429e+01
-5.693057856495160252e+01
-1.137370281428908925e+01
3.658342699487030814e+01
8.422017239336189220e+01
1.290259622197528699e+02
1.689502618323031413e+02
2.025160477075802419e+02
2.288392908444348564e+02
2.476023938124094741e+02
2.590093840849806384e+02
2.637262154533289049e+02
2.627939826313775598e+02
2.575017376129061404e+02
2.492183221477087898e+02
2.392037279156537863e+02
2.284398745058050508e+02
2.175278448050521263e+02
2.066869296066272454e+02
1.958598634276052621e+02
1.848888603255272471e+02
1.736972701578515057e+02
1.624038201692472114e+02
1.513114400004277798e+02
1.407561316338489803e+02
1.308767995708284104e+02
1.214367170752852587e+02
1.118230677815730871e+02
1.012558639976026882e+02
8.911683841401368511e+01
7.524200784869819358e+01
6.003980192707457775e+01
4.438244494171395615e+01
2.932663328969206873e+01
1.579710615727945111e+01
4.372468038176947402e+00
-4.757676137212655476e+00
-1.169720269103702037e+01
-1.671023669705280668e+01
-2.014470569954212920e+01
-2.243755602719923203e+01
-2.414620260565713750e+01
-2.592157087873552257e+01
-2.838173174535710785e+01
-3.192506253993513354e+01
-3.657910398839820942e+01
-4.197890778595048289e+01
-4.750721609946665325e+01
-5.254228774980968808e+01
-5.669991708927567231e+01
-5.996340813379586621e+01
-6.266325829541546710e+01
-6.534789288168531129e+01
-6.862347242793849489e+01
-7.301633348420941161e+01
-7.886072918058857795e+01
-8.619722808277558102e+01
-9.470268094119342095e+01
-1.037101775639820289e+02
-1.123575760032461801e+02
-1.198313619795767409e+02
-1.256079075628449999e+02
-1.295866461995209988e+02
-1.320629061946387992e+02
-1.335667861647940811e+02
-1.346526261731468708e+02
-1.357320091821249548e+02
-1.370066701449813422e+02
-1.385071899644037217e+02
-1.402008507767012588e+02
-1.421009057660560302e+02
-1.443049903991835095e+02
-1.469339770855836491e+02
-1.500123332320441705e+02
-1.533684722433073375e+02
-1.566151155235690453e+02
-1.592273043383144966e+02
-1.607004280661669213e+02
-1.607401857278464945e+02
-1.594092539880656716e+02
-1.571559301973052811e+02
-1.546951075080442877e+02
-1.527787272255517905e+02
-1.519427831418491337e+02
-1.523324078954741481e+02
-1.536828187579608311e+02
-1.554738099854502593e+02
-1.571978767811488638e+02
-1.586251967290454843e+02
-1.599433948592062222e+02
-1.616993390051897563e+02
-1.645538674012897502e+02
-1.689405751132746900e+02
-1.747524174749839574e+02
-1.811508955174889195e+02
-1.865396810601091033e+02
-1.887145830313958470e+02
-1.851922620243588540e+02
-1.736893928745286075e+02
-1.526563854841902526e+02
-1.217081653700826109e+02
-8.180214899036579368e+01
-3.510721249153089474e+01
1.537073921586001291e+01
6.627509877969116303e+01
1.143804501200742720e+02
1.569957798174106358e+02
1.922315845798664498e+02
2.190878484453026260e+02
2.373752854098624425e+02
2.475467972663487046e+02
2.505183420169048532e+02
2.475004376369295187e+02
2.398179171279192587e+02
2.287117581065240870e+02
2.151670113492652376e+02
1.998405884002950188e+02
1.831354581584047878e+02
1.653926813062319070e+02
1.471048316883049836e+02
1.290427230253890230e+02
1.122270554809361442e+02
9.773500012497606804e+01
8.639056399384723761e+01
7.843796103443712298e+01
7.332742532982588557e+01
6.973622908077624061e+01
