-5.812314336909067691e+01
-5.139800385517202130e+01
-4.655096158569179465e+01
-4.492106371256927844e+01
-4.688592544297219433e+01
-5.178489935844217484e+01
-5.812831113390160453e+01
-6.399813899031883579e+01
-6.751512362664853129e+01
-6.724850165476618713e+01
-6.247578582151977145e+01
-5.325701353671581728e+01
-4.034691978638616661e+01
-2.500079018594154689e+01
-8.727570982778210862e+00
6.973063015026859546e+00
2.085977865363373951e+01
3.214682094246801825e+01
4.060311473257097248e+01
4.651737045661474923e+01
5.053148761710125569e+01
5.339545279527581556e+01
5.572816704326130122e+01
5.786114680314496184e+01
5.980434561851927810e+01
6.132571727027517028e+01
6.209762762293730987e+01
6.184900482332226090e+01
6.047507943799821817e+01
5.808291482067131994e+01
5.497278432996472475e+01
5.156625387045244224e+01
4.829771479647308752e+01
4.549419171811377538e+01
4.327606975271001488e+01
4.151058125228269091e+01
3.983786450753216712e+01
3.777073566524978077e+01
3.484669776901903759e+01
3.078580968337161039e+01
2.559294762177999161e+01
1.955535350147919615e+01
1.312813115440006584e+01
6.752906631864831866e+00
6.927531054002074029e-01
-5.032979847871686729e+00
-1.057682579757673480e+01
-1.609140037139793478e+01
-2.155214543442112785e+01
-2.667375701263586762e+01
-3.097000961065337776e+01
-3.393363169319243866e+01
-3.525609186142511220e+01
-3.499232801531216808e+01
-3.360247687195943911e+01
-3.185131166657219026e+01
-3.059350884123623615e+01
-3.050889216323807673e+01
-3.187497159201286223e+01
-3.446523698315303363e+01
-3.762571980740649025e+01
-4.051236057958018932e+01
-4.240074009049391179e+01
-4.294741714119533782e+01
-4.230376463793255937e+01
-4.104568276104885882e+01
-3.995621705129757117e+01
-3.974938200935073240e+01
-4.083420819976406335e+01
-4.319501714709625873e+01
-4.642283905134512167e+01
-4.988270940390903974e+01
-5.295254212596482546e+01
-5.524191171895962782e+01
-5.671039184880716277e+01
-5.764818468280454056e+01
-5.853102561289641415e+01
-5.980015974498164155e+01
-6.164772423986639183e+01
-6.390207551972420674e+01
-6.608042264269408861e+01
-6.759638251529821673e+01
-6.801923722297225083e+01
-6.724850165476618713e+01
-6.551959559245497644e+01
-6.325476305461629067e+01
-6.085316537540529680e+01
-5.853083225114329480e+01
-5.628011795280215779e+01
-5.394752526571360818e+01
-5.137005210129625254e+01
-4.849021891259027939e+01
-4.539265944004425535e+01
-4.225523380207285129e+01
-3.925478157934698231e+01
-3.648644658671794616e+01
-3.394275748747021737e+01
-3.156369574252202881e+01
-2.932645603362369258e+01
-2.731845120341994715e+01
-2.574742966278070355e+01
-2.487655197590704859e+01
-2.490297276492684375e+01
-2.581510747078635859e+01
-2.727412168111186475e+01
-2.857281822293171558e+01
-2.871560182551793616e+01
-2.662125727333251746e+01
-2.138978194344675643e+01
-1.253578110858590122e+01
-1.020781101000594049e-01
1.537891329838562626e+01
3.304240464742504457e+01
5.188956332825604534e+01
7.095042347349050260e+01
8.937601360229776049e+01
1.064740135111825907e+02
1.217252409315252351e+02
1.348043592409342750e+02
1.455971885042176268e+02
1.541878698561444594e+02
1.607979238182160771e+02
1.656906849387628995e+02
1.690836126074821095e+02
1.711098882370073113e+02
1.718395396319042732e+02
1.713391908347465176e+02
1.697400419699841905e+02
1.672874672357276040e+02
1.643493789333085715e+02
1.613684978097450937e+02
1.587632955429603498e+02
1.568058096036004940e+02
1.555197705797557433e+02
1.546470491715736557e+02
1.537183263019359742e+02
1.522215572689097769e+02
1.497994332768280401e+02
1.463728360115094347e+02
1.421229425967980546e+02
1.373524761739362816e+02
1.323190012612612065e+02
1.271362058451432375e+02
1.217802020907593459e+02
1.161707180695684514e+02
1.102660605496066069e+02
1.041197592260867850e+02
9.787761423621694234e+01
9.172933644732862035e+01
8.585131424551389046e+01
8.037218807178587099e+01
7.536985270378944790e+01
7.089142114269351680e+01
6.698231149297652109e+01
6.370406189205208136e+01
6.111696453934115425e+01
5.922521816100211112e+01
5.792349422119782076e+01
5.700070763100690385e+01
5.621952741758271088e+01
5.542431713749557076e+01
5.459588569641434219e+01
5.380690892802447678e+01
5.311180992007246715e+01
5.245746790423230266e+01
5.167926837152561603e+01
5.057568687769077087e+01
4.899954007638889664e+01
4.690502694446463750e+01
4.433274420795500959e+01
4.135915681482877204e+01
3.805304204257475220e+01
3.446486097474783605e+01
3.064347723309588645e+01
2.665567500498768894e+01
2.259107496585124153e+01
1.855535114967639032e+01
1.466580349786912763e+01
1.105577187900640723e+01
7.876493980219926527e+00
5.275258745744920930e+00
3.339399942161044521e+00
2.021988290408970101e+00
1.090287386914738477e+00
1.422667573780174166e-01
-1.293052489531007154e+00
-3.606155143929562712e+00
-6.976562764408143380e+00
-1.131782740600238668e+01
-1.631053447153610136e+01
-2.149646095322022177e+01
-2.639495938060285596e+01
-3.061120804529005568e+01
-3.391609985906839597e+01
-3.628142666928685856e+01
-3.785999791432448092e+01
-3.891826210637819372e+01
-3.975284773893329771e+01
-4.062991618333694532e+01
-4.176422549452863109e+01
-4.332259406728266526e+01
-4.542610936998390514e+01
-4.813968966737652977e+01
-5.145015040212942381e+01
-5.523350472627528518e+01
-5.921629461399308525e+01
-6.295291134842425151e+01
-6.585003138488174557e+01
-6.724850165476618713e+01
-6.653271377668585274e+01
-6.321546448027318377e+01
-5.696851623921843100e+01
-4.761697180485944614e+01
-3.514219474055789760e+01
-1.972064722331498388e+01
-1.785952622780371257e+00
1.792940085576706366e+01
3.842102424584351894e+01
5.852931749481237489e+01
7.711954262927308434e+01
9.326589136148055559e+01
1.063856410847517395e+02
1.162971952848547801e+02
1.231958296745136039e+02
1.275529576666923219e+02
1.299661455573346416e+02
1.310099371871498306e+02
1.311333791028875453e+02
1.306185814430246523e+02
1.295893123420104871e+02
1.280572812887437522e+02
1.259972284117147296e+02
1.234313651356194015e+02
1.204892016673042576e+02
1.174119841029340563e+02
1.144956426847295035e+02
1.119935389381283102e+02
1.100133124684157480e+02
1.084441297885633730e+02
1.069486103596960476e+02
1.050400347939473562e+02
1.022330189738922712e+02
9.821640077618938847e+01
9.297542921487271883e+01
8.680598805575930044e+01
8.021324860445346872e+01
7.374285717488169212e+01
6.782236812425773564e+01
6.267887958598416276e+01
5.835334726453111642e+01
5.477960883874139597e+01
5.186802676268511902e+01
4.954319546723868228e+01
4.771955794966034858e+01
4.623498169921247580e+01
4.478557716551848955e+01
4.291065978216562371e+01
4.006344700194080843e+01
3.576968659707784326e+01
2.982767313973049994e+01
2.246114890762921590e+01
1.433506673770009421e+01
