1.087873514923245466e+00
-2.943242976048558290e+01
-5.617777516724922293e+01
-7.634635476348194061e+01
-8.872044215095191078e+01
-9.371256411429499167e+01
-9.295675595853165873e+01
-8.868852735739510251e+01
-8.314778655962545884e+01
-7.814452854264553139e+01
-7.482869175299434517e+01
-7.364417115186249418e+01
-7.442464034931172989e+01
-7.658559763730761460e+01
-7.936361118094025358e+01
-8.204681330266549821e+01
-8.413857331952944207e+01
-8.541182036678642930e+01
-8.585367341809954667e+01
-8.555328567926002847e+01
-8.460991817018761196e+01
-8.310986798263428454e+01
-8.116386548174922666e+01
-7.895734151826691516e+01
-7.676846494826858702e+01
-7.493957781915977989e+01
-7.381545750592455590e+01
-7.366775310241288821e+01
-7.461710424669450958e+01
-7.656349449013666231e+01
-7.914410724597092894e+01
-8.173808807683739985e+01
-8.352258548278243211e+01
-8.357127408614444164e+01
-8.098519878708032138e+01
-7.504341903562118432e+01
-6.534754733843088559e+01
-5.192139594313459128e+01
-3.523093223926771600e+01
-1.611130936382975420e+01
4.383205676625300029e+00
2.516261515502918300e+01
4.525763078498737713e+01
6.389928876288206538e+01
8.051149795384154118e+01
9.465071970000217050e+01
1.059468368841694712e+02
1.140896148091126463e+02
1.188777935095280185e+02
1.203115136992917087e+02
1.186756591304638135e+02
1.145537213553750888e+02
1.087417933143260456e+02
1.020863968084581757e+02
9.531280869481150830e+01
8.891184489844816596e+01
8.311559997810351774e+01
7.794977188003140611e+01
7.332841154890749635e+01
6.915334829797781424e+01
6.538199897110321501e+01
6.203455754756541296e+01
5.913350439354805133e+01
5.660229902734981522e+01
5.417861456513024621e+01
5.140191925709041243e+01
4.770827564376766361e+01
4.261434508415455724e+01
3.591969137803996404e+01
2.783231014530563385e+01
1.894831363753255715e+01
1.008477762873371120e+01
2.036149474629819878e+00
-4.644648380386559694e+00
-9.763606433529375295e+00
-1.347869189721001604e+01
-1.619270076735430308e+01
-1.839423570947114328e+01
-2.050086335684268590e+01
-2.275014244704481570e+01
-2.516298155807188408e+01
-2.757775003681731363e+01
-2.973648480019124918e+01
-3.139999496103675369e+01
-3.246442554980150419e+01
-3.304034549735111170e+01
-3.345329203150869546e+01
-3.415313372264615310e+01
-3.556733501651504525e+01
-3.796206182966214726e+01
-4.136470528346916353e+01
-4.556847647263738565e+01
-5.020940156516395803e+01
-5.488370761520452845e+01
-5.925820440728838889e+01
-6.313179572925056249e+01
-6.643987913303818971e+01
-6.922703380633282677e+01
-7.161315788451908304e+01
-7.375435657387396304e+01
-7.579330458729489806e+01
-7.781467259130363345e+01
-7.983429790459595665e+01
-8.183006264488321335e+01
-8.378847825155139617e+01
-8.572822286059420094e+01
-8.767811271647533999e+01
-8.961903484138503018e+01
-9.142937966303276198e+01
-9.288149235797524739e+01
-9.371256411429499167e+01
-9.374953298870840968e+01
-9.302828509276518787e+01
-9.183536276014103805e+01
-9.063167358762113679e+01
-8.988058371742157249e+01
-8.985947341884771333e+01
-9.054721380834847366e+01
-9.164392288045819157e+01
-9.271205920647022936e+01
-9.336254965509337467e+01
-9.338749823852904797e+01
-9.278118243551207911e+01
-9.166450669400481388e+01
-9.018049158293203504e+01
-8.842735964784856151e+01
-8.645230657311392974e+01
-8.428360977269376519e+01
-8.196686959425437635e+01
-7.959060141347293893e+01
-7.730264924557816641e+01
-7.531179495985298900e+01
-7.385899207361583763e+01
-7.315825194641878682e+01
-7.333859213463331628e+01
-7.442480510897155455e+01
-7.635821861695563939e+01
-7.901238988574448285e+01
-8.215301281520349619e+01
-8.534099532258417753e+01
-8.784522944756217555e+01
-8.865741549865691695e+01
-8.665710697686637332e+01
-8.089042124872581496e+01
-7.085823218782265087e+01
-5.669706454662506445e+01
-3.917990622051416949e+01
-1.954035679896428945e+01
8.048286568830107512e-01
2.052709438543777054e+01
3.856381627007743873e+01
5.417224471807274710e+01
6.689088799622423664e+01
7.647556205577670596e+01
8.287228804846931496e+01
8.624447662800076841e+01
8.701308173340459007e+01
8.583958616175836198e+01
8.351092236434017479e+01
8.075432788475357881e+01
7.806523326618109593e+01
7.562948262644118813e+01
7.336591485613570285e+01
7.105119594772804703e+01
6.846068802275864584e+01
6.547385451600962369e+01
6.212110141555547216e+01
5.856666216446468809e+01
5.503609619390884689e+01
5.171994439212160444e+01
4.870181878117534779e+01
4.594457166854174091e+01
4.332840147419153709e+01
4.070379897281512172e+01
3.792242112298236378e+01
3.483481848483511101e+01
3.127692275653136278e+01
2.708581605763075828e+01
2.217023334682482272e+01
1.661529415207972704e+01
1.075932968981424409e+01
5.181368023040580084e+00
5.823420726580401663e-01
-2.402938634564078413e+00
-3.395609171325276066e+00
-2.396772418056762888e+00
2.003916006779462577e-01
3.720059163210049036e+00
7.400091734449656400e+00
1.060313204782067942e+01
1.295861030900339728e+01
1.438015017913894766e+01
1.496458643386410259e+01
1.483915731049671294e+01
1.404581860767709856e+01
1.252678468294684677e+01
1.021755966074317001e+01
7.189982256793538085e+00
3.753725891540149462e+00
4.417507289690245642e-01
-2.137651040394990432e+00
-3.531009410550256078e+00
-3.649767998698615123e+00
-2.852092945991778983e+00
-1.841099301649586906e+00
-1.414132846746253946e+00
-2.171900357019640460e+00
-4.309666555836049184e+00
-7.564278289006340472e+00
-1.131863332026788349e+01
-1.480970342170627951e+01
-1.736297943566608382e+01
-1.858122467840044578e+01
-1.843905466109528390e+01
-1.726592006105929045e+01
-1.563022072691090969e+01
-1.416381898729056488e+01
-1.338375602765722228e+01
-1.356661755198979513e+01
-1.470854694661659501e+01
-1.657147341958770070e+01
-1.879053474006373037e+01
-2.100818213514394017e+01
-2.300034367043178563e+01
-2.475788058061414176e+01
-2.648609850436043800e+01
-2.850388591154400331e+01
-3.107008471748704181e+01
-3.421536719908495172e+01
-3.766979152898910144e+01
-4.092925819781844154e+01
-4.343074821069972558e+01
-4.475836924358856805e+01
-4.479898806102487896e+01
-4.379383374344121194e+01
-4.227500238444344660e+01
-4.091928244267377579e+01
-4.037653716771304602e+01
-4.112554464896998496e+01
-4.338795011567577120e+01
-4.710861008441188602e+01
-5.199600744813439945e+01
-5.760990343066461605e+01
-6.347921655876537272e+01
-6.922062405691816878e+01
-7.461184545789139122e+01
-7.957982025070893428e+01
-8.410587182670931838e+01
-8.809968443120666848e+01
-9.131319847002633594e+01
-9.334211706073449477e+01
-9.371256411429499167e+01
-9.200489837004771232e+01
-8.795264179713311137e+01
-8.147501407891746794e+01
-7.264026394326100444e+01
-6.159394257829535491e+01
-4.850370339419373522e+01
-3.355898736114885850e+01
-1.702561798471230503e+01
6.851080893906384972e-01
1.899003246106833842e+01
