-5.463346741052372124e+01
2.565380922988345560e+02
5.227692735157230572e+02
7.117170688399874052e+02
8.112460748616613273e+02
8.296240257169190500e+02
7.895400677674447252e+02
7.192330366713414378e+02
6.441935428191331994e+02
5.817723770917667707e+02
5.394639279770671010e+02
5.163056669828197300e+02
5.060856723829848534e+02
5.009217532608234364e+02
4.941082439310027894e+02
4.816762053249680093e+02
4.626501559801625945e+02
4.383568257847591667e+02
4.112940292654504901e+02
3.840278337593686615e+02
3.584267773784478095e+02
3.353457617831204516e+02
3.147065300942050499e+02
2.958242073072553922e+02
2.778065325245174790e+02
2.598866798115676033e+02
2.416137553600469801e+02
2.228900182568177684e+02
2.038916322806590529e+02
1.849321655183220514e+02
1.663267612368959476e+02
1.482975891531587820e+02
1.309370748439201861e+02
1.142227546935822176e+02
9.806294671087918857e+01
8.234894134407949196e+01
6.699532889452144957e+01
5.196017078174070036e+01
3.724585506302059912e+01
2.288687874314780402e+01
8.932255480102156753e+00
-4.570949320836348306e+00
-1.758881623103071234e+01
-3.010490528779882879e+01
-4.211834339046552600e+01
-5.363785202297767540e+01
-6.467452746597557223e+01
-7.523577862485031176e+01
-8.532177378668799861e+01
-9.492472039397489425e+01
-1.040306695716280387e+02
-1.126231059128735126e+02
-1.206871107888822792e+02
-1.282126698580675281e+02
-1.351961779351311748e+02
-1.416401051318655391e+02
-1.475513616534728953e+02
-1.529389289058591714e+02
-1.578112357824175547e+02
-1.621737702599065756e+02
-1.660273834497066332e+02
-1.693676224458725414e+02
-1.721853146460629489e+02
-1.744684736151905327e+02
-1.762052269308068446e+02
-1.773868900936404884e+02
-1.780099633114983817e+02
-1.780762251594893257e+02
-1.775911092770635946e+02
-1.765613972344403351e+02
-1.749933850361422856e+02
-1.728922322393244144e+02
-1.702626087375414272e+02
-1.671101861936072055e+02
-1.634429476378375625e+02
-1.592709853498039365e+02
-1.546040516968846532e+02
-1.494476656704759989e+02
-1.437999414742557178e+02
-1.376512350949918755e+02
-1.309871842824607597e+02
-1.237939629194353159e+02
-1.160637609181827941e+02
-1.077987620302792919e+02
-9.901261954460768777e+01
-8.972915023328374673e+01
-7.997855723593541200e+01
-6.979203626800540405e+01
-5.919614139834261834e+01
-4.820836384559375176e+01
-3.683450850302106261e+01
-2.506716614931363907e+01
-1.288446492758823503e+01
-2.500049189190516330e-01
1.288334392807161422e+01
2.656340354119392089e+01
4.082205797404355252e+01
5.565407255792916885e+01
7.099653754827315311e+01
8.671828481424466872e+01
1.026311432558261316e+02
1.185318285579017896e+02
1.342732411504738650e+02
1.498492546770612250e+02
1.654625208055211090e+02
1.815365940591242122e+02
1.986380520196552197e+02
2.172951340662288260e+02
2.377352470814769845e+02
2.596056973612011802e+02
2.817749305370791717e+02
3.023176319401581509e+02
3.187523468616740274e+02
3.285229848008962676e+02
3.296148141603473505e+02
3.211136716086796241e+02
3.035037608005950460e+02
2.785788115852952842e+02
2.489861344822216154e+02
2.175628369626134884e+02
1.866901358330248399e+02
1.578641299137979672e+02
1.315863516831864786e+02
1.075589064595739330e+02
8.506945050988296941e+01
6.340484356128888521e+01
4.215047249648979033e+01
2.129785137401233897e+01
1.165643635215303675e+00
-1.779180058941462761e+01
-3.518549566973426579e+01
-5.082187219978021631e+01
-6.473592313426357236e+01
-7.714941533181206523e+01
-8.839080836019337539e+01
-9.880300377816953983e+01
-1.086552876443852540e+02
-1.180784825902444481e+02
-1.270468797933136216e+02
-1.354209922869578975e+02
-1.430371084413380629e+02
-1.497990993415818082e+02
-1.557232468398391916e+02
-1.609176383264682499e+02
-1.655175923795456185e+02
-1.696136159549290596e+02
-1.731950524844696133e+02
-1.761147735523751692e+02
-1.780762251594893257e+02
-1.786505847610550575e+02
-1.773361097057077416e+02
-1.736649504794884535e+02
-1.673344992570814611e+02
-1.583170294947772447e+02
-1.468991425397834689e+02
-1.336314956050680394e+02
-1.192099770113262309e+02
-1.043357747323469766e+02
-8.960394771173497475e+01
-7.545141726704920870e+01
-6.216571077452742600e+01
-4.993092936749508226e+01
-3.887823845098183995e+01
-2.911441539580988547e+01
-2.071868056941130476e+01
-1.371699609346138971e+01
-8.052636084320937471e+00
-3.568816189343941403e+00
-1.191886901738570259e-02
2.941777745309188674e+00
5.638265470595193563e+00
8.384560305254389334e+00
1.138649295192023203e+01
1.470311861066942072e+01
1.823746994304990210e+01
2.177478066423619296e+01
2.505971536770629626e+01
2.788593917156511282e+01
3.016626834411880864e+01
3.195886824861783637e+01
3.343764722115707855e+01
3.481129880054812276e+01
3.621769850365808452e+01
3.764086044600398395e+01
3.889479793860363088e+01
3.968523309700618995e+01
3.972180205000600495e+01
3.883758448965552645e+01
3.707847117563246542e+01
3.473644275672208437e+01
3.231222528883115785e+01
3.040928581914797491e+01
2.958401009311912233e+01
3.019592075716889568e+01
3.230677840107142629e+01
3.566630239132432223e+01
3.979559697561963816e+01
4.414231239209988189e+01
4.825041999824287586e+01
5.187947865356021282e+01
5.502747414610966814e+01
5.785087747470558384e+01
6.052213263289900169e+01
6.309568183563290944e+01
6.544738645921637499e+01
6.731203878611850655e+01
6.839753793764546685e+01
6.852498299069537779e+01
6.773464417554302486e+01
6.630837552940394630e+01
6.469186634645778611e+01
6.334580527165856267e+01
6.259122721147056012e+01
6.251977150222631963e+01
6.300507125512071127e+01
6.379172748337417431e+01
6.459550893687267603e+01
6.515997375762158583e+01
6.526849425732297050e+01
6.475128704107856947e+01
6.351665172979879515e+01
6.159463901355154292e+01
5.915825637272936177e+01
5.650075034321933032e+01
5.397531788739237868e+01
5.191946419264419177e+01
5.058511012299231879e+01
5.008698195189695923e+01
5.037659476741058739e+01
5.125026336683511374e+01
5.239845799242598190e+01
5.349096195028366907e+01
5.427212973325181622e+01
5.462946768714984813e+01
5.460814725651466262e+01
5.436956720641202168e+01
5.411823089355719674e+01
5.403161432166303513e+01
5.421649414334270034e+01
5.469412020896858451e+01
5.540324551706083867e+01
5.620957438508982307e+01
5.691702491209905190e+01
5.728524637937387354e+01
5.706458462389356612e+01
5.605736775017091134e+01
5.420247415736592700e+01
5.167013644729188115e+01
4.895196655814326903e+01
4.692129609614984531e+01
4.680632027869712886e+01
4.998776767233525220e+01
5.755797612355326009e+01
6.968593051471366095e+01
8.498402941092146534e+01
1.001820704896957324e+02
1.104029119251545694e+02
1.101726126173745968e+02
9.501931067463000602e+01
6.320466862884148895e+01
1.691216433435803168e+01
-3.775777021872008277e+01
