-1.378648015481328315e+01
-3.179812543658613322e+01
-4.779640372469204124e+01
-6.032650912299017421e+01
-6.886727393381548268e+01
-7.386958282153476318e+01
-7.647176248561117973e+01
-7.802240692793785115e+01
-7.961009445232183168e+01
-8.177538831928995933e+01
-8.448026100390823956e+01
-8.729721047265907430e+01
-8.971147563772836975e+01
-9.141334835319294427e+01
-9.247227938724761032e+01
-9.332201886378783229e+01
-9.455567393786699881e+01
-9.662178789947358837e+01
-9.957701713885514039e+01
-1.030296227582405635e+02
-1.063002924408025081e+02
-1.087092096474305833e+02
-1.098515793081689935e+02
-1.097530524381877512e+02
-1.088561159798577052e+02
-1.078544974268773871e+02
-1.074567008672651554e+02
-1.081892519529292827e+02
-1.103131666694103785e+02
-1.138420889402702301e+02
-1.185816242756789336e+02
-1.241121349045754982e+02
-1.297088207244020452e+02
-1.342758027221233590e+02
-1.364004398444702417e+02
-1.345824938208326955e+02
-1.275896738630071638e+02
-1.148057380775265983e+02
-9.642429509578634850e+01
-7.340431503533376656e+01
-4.720665619583732564e+01
-1.942503203028654468e+01
8.539346808987639648e+00
3.565540791777675622e+01
6.128038207248826552e+01
8.507577382028277668e+01
1.068857686117590333e+02
1.266142518602565445e+02
1.441196353851416916e+02
1.591539091842578841e+02
1.713771610596839992e+02
1.804560566873131506e+02
1.862147630446884818e+02
1.887816413665110815e+02
1.886759099412684577e+02
1.867881504745833467e+02
1.842229547944468493e+02
1.820152725138622998e+02
1.808064962012927595e+02
1.806213203246734054e+02
1.808662779684827910e+02
1.805737459399573765e+02
1.787937121314100466e+02
1.749600282716935737e+02
1.690728215462332855e+02
1.616317649086444987e+02
1.533699890804341806e+02
1.449221492892226024e+02
1.365839230282113306e+02
1.282732574733753381e+02
1.196986903125531541e+02
1.106269373015932871e+02
1.010880576200946166e+02
9.139955857256174454e+01
8.200882509397175113e+01
7.327254603609233641e+01
6.533152134300266312e+01
5.816992787985410018e+01
5.181484848846152147e+01
4.652296003997445695e+01
4.279291199638826271e+01
4.114897212366335566e+01
4.179788387453262288e+01
4.435762895002100947e+01
4.782600762295031416e+01
5.082553305194664972e+01
5.202008517974416435e+01
5.052649016044912855e+01
4.616113367270434509e+01
3.944388755889488607e+01
3.138850641042442291e+01
2.318917312232827399e+01
1.592465385850453430e+01
1.035148217128221937e+01
6.796536736513914434e+00
5.125631586159261843e+00
4.761312663348803653e+00
4.745277301645295154e+00
3.878437612117924260e+00
9.810579833041330744e-01
-4.748235647726037456e+00
-1.340067802482981563e+01
-2.422532745975677670e+01
-3.579796822612694029e+01
-4.644792026417395903e+01
-5.477753939333364031e+01
-6.007190005554637935e+01
-6.245071474244520005e+01
-6.272939594225260862e+01
-6.207743142463684194e+01
-6.163217575392228298e+01
-6.221507849454786765e+01
-6.422173750040630580e+01
-6.766338679752863072e+01
-7.227706508916448058e+01
-7.762703924702859126e+01
-8.317437439459106940e+01
-8.833879891374587601e+01
-9.258199711980066127e+01
-9.551784256447727728e+01
-9.702891770527362780e+01
-9.734968383435388262e+01
-9.706952580690972354e+01
-9.702273125120161978e+01
-9.807202958838901452e+01
-1.008462220007578622e+02
-1.055303140812794851e+02
-1.117959124842508061e+02
-1.188950297004203378e+02
-1.258572422213168522e+02
-1.316849977666750249e+02
-1.354670056527068027e+02
-1.364004398444702417e+02
-1.337708840183892107e+02
-1.269508381469269978e+02
-1.154555701164011055e+02
-9.906146339179511529e+01
-7.795620824129908044e+01
-5.285546340586412839e+01
-2.501019343269056350e+01
3.939086390216953504e+00
3.224302047893984025e+01
5.837691087746152618e+01
8.130606234181274772e+01
1.005797875918517974e+02
1.162351010112552103e+02
1.285924385707757835e+02
1.380645970870123165e+02
1.450504276770824958e+02
1.499034307748407571e+02
1.529244970264357733e+02
1.543446076901825563e+02
1.543049539556465675e+02
1.528678672810158901e+02
1.500800492899043093e+02
1.460707545793506483e+02
1.411349896753266933e+02
1.357490689492572358e+02
1.304932868664713510e+02
1.258988786838772143e+02
1.222729372736520048e+02
1.195687629980372719e+02
1.173542068164555729e+02
1.148935691229874294e+02
1.113193551767077878e+02
1.058477894819639005e+02
9.798623037116470869e+01
8.768224423489972708e+01
7.537473943914871199e+01
6.193022952552762206e+01
4.847454308765079389e+01
3.615601656285766552e+01
2.589958873703961828e+01
1.822424568513236309e+01
1.318295539539093753e+01
1.043849653385856868e+01
9.431456215765301465e+00
9.564684163221228275e+00
1.033875182589175523e+01
1.141101741373048384e+01
1.258854253255252686e+01
1.378056530531677737e+01
1.493137888605911456e+01
1.595097888482908743e+01
1.666586770886168978e+01
1.680958044793413819e+01
1.605775780722772339e+01
1.410188543351424073e+01
1.075002855559464621e+01
6.027532268998321285e+00
2.324466305173693570e-01
-6.095023989066477021e+00
-1.229561863280731515e+01
-1.777096801151452254e+01
-2.215859381429543973e+01
-2.543852725539328219e+01
-2.793071606116508576e+01
-3.018552660090550788e+01
-3.281198570585481633e+01
-3.630034797642107947e+01
-4.087876866408328169e+01
-4.643128987784055539e+01
-5.250926556513001486e+01
-5.846045773588804906e+01
-6.365016456535198586e+01
-6.768396041648445305e+01
-7.052582631176755967e+01
-7.246214592289831558e+01
-7.394862826911230513e+01
-7.543304333976514897e+01
-7.723841636083658102e+01
-7.953208515738447204e+01
-8.234924891184304840e+01
-8.562775453492615441e+01
-8.923187222349187664e+01
-9.296336564163425464e+01
-9.657306141802089883e+01
-9.979982184528383016e+01
-1.024556920831193310e+02
-1.045318938085800937e+02
-1.062566915626462389e+02
-1.080447869742395994e+02
-1.103390846082382666e+02
-1.134117881645056087e+02
-1.172222224023392556e+02
-1.214108508684530676e+02
-1.254461621282996475e+02
-1.288578897594243813e+02
-1.314344447574093522e+02
-1.332734155600043664e+02
-1.346479322732939465e+02
-1.357456284266240516e+02
-1.364004398444702417e+02
-1.359460422739951468e+02
-1.332763321638309151e+02
-1.271149180743708200e+02
-1.164001184635732074e+02
-1.006353290877555224e+02
-8.007339785283409128e+01
-5.568503308420623910e+01
-2.895686551395144903e+01
-1.623767281432620280e+00
2.456956087877012607e+01
4.805166714121511973e+01
6.758959308901123109e+01
8.246272338539401403e+01
9.260054265549075581e+01
9.859712842031342461e+01
1.015524192648667992e+02
1.027707888953061115e+02
1.034087562746685052e+02
1.041768135386365230e+02
1.051743814963421215e+02
1.058968454206984973e+02
1.054128795564801777e+02
1.026650854967226962e+02
9.680133946536108169e+01
8.742267634943767973e+01
7.466182464758000492e+01
5.908479046937935664e+01
4.149662582011549716e+01
2.277037568964470893e+01
