-1.100282527373651931e+01
-4.931272099693362065e+01
-8.215031921530606951e+01
-1.055417392952008697e+02
-1.179802834544081804e+02
-1.205338166751752169e+02
-1.161852629383698741e+02
-1.087230082182897206e+02
-1.015840106963475336e+02
-9.700758134095561047e+01
-9.570336209300575092e+01
-9.703096636484345083e+01
-9.952597774417338883e+01
-1.015454137459016266e+02
-1.018313810269779651e+02
-9.986162044192698772e+01
-9.593767645365841190e+01
-9.103317653686231381e+01
-8.647271852846702700e+01
-8.353822781576369039e+01
-8.311057396421323062e+01
-8.544337932296666338e+01
-9.012542983612095782e+01
-9.623001221509024106e+01
-1.025966837500532023e+02
-1.081536576820502091e+02
-1.121712588666598833e+02
-1.143554514415556582e+02
-1.147571365785334763e+02
-1.135592960083142486e+02
-1.108525730867416428e+02
-1.064915608350060978e+02
-1.000672149485532998e+02
-9.098424241207949592e+01
-7.861403529765824771e+01
-6.248585747063303586e+01
-4.246596861891492836e+01
-1.887002723572184948e+01
7.520972702180419134e+00
3.552950364848356912e+01
6.370335834797784713e+01
9.047402578745800383e+01
1.143553582469957917e+02
1.341763718098175673e+02
1.493025795005931684e+02
1.597646674643357869e+02
1.662187240293144157e+02
1.697244106844695182e+02
1.714178480949092886e+02
1.722085535854951672e+02
1.726042138303730837e+02
1.726952707339283393e+02
1.722723457659424184e+02
1.710209017853808007e+02
1.687221230658861941e+02
1.653854972417429678e+02
1.612652493560356675e+02
1.567670316806358244e+02
1.522976388940863615e+02
1.481194731346869844e+02
1.442519742094815456e+02
1.404427806829249334e+02
1.362222882530067523e+02
1.310408862110156747e+02
1.244540811690277309e+02
1.162841584030236817e+02
1.066870977430340446e+02
9.610314375451181945e+01
8.513268095033487270e+01
7.440612737673480126e+01
6.449148715286258948e+01
5.583469520144296183e+01
4.870446450631499857e+01
4.313897192223296884e+01
3.893302668322353099e+01
3.570421077725990955e+01
3.302878461043762570e+01
3.059188224882421636e+01
2.828650099509725635e+01
2.621656277785523059e+01
2.459737337148597192e+01
2.359221747417297621e+01
2.315812289190106199e+01
2.297721823030141053e+01
2.251823426012596485e+01
2.121590004929175421e+01
1.869312565904775880e+01
1.491482477846790644e+01
1.018937160971870703e+01
5.018583738466322330e+00
-1.223508918362004039e-01
-4.972398583783952830e+00
-9.565826222814084900e+00
-1.417425304998328528e+01
-1.912466439130456308e+01
-2.457047830020464829e+01
-3.033691117953868854e+01
-3.593700268531247133e+01
-4.076244338691279268e+01
-4.435765217476299682e+01
-4.664634180371487560e+01
-4.800650673755640696e+01
-4.915824874222577989e+01
-5.091125543151082411e+01
-5.388300457218930717e+01
-5.830744544062466161e+01
-6.399520524925367226e+01
-7.042100903732276151e+01
-7.686816929943221055e+01
-8.258121178210346613e+01
-8.692285777654579704e+01
-8.953569691384362272e+01
-9.046703171698878521e+01
-9.018743456559535332e+01
-8.946346826703306476e+01
-8.911246930208022832e+01
-8.972514480250200108e+01
-9.146464185830311067e+01
-9.403408929575266484e+01
-9.684319232834481284e+01
-9.930519443806133495e+01
-1.011109648401062060e+02
-1.023327560506849494e+02
-1.033191178460132420e+02
-1.044711628416893490e+02
-1.060415473314172914e+02
-1.080523664551042913e+02
-1.103414595539010890e+02
-1.126804130231909227e+02
-1.148867986007191746e+02
-1.168691038443623853e+02
-1.185804198846107624e+02
-1.199045080076079586e+02
-1.205338166751752169e+02
-1.199018821576058542e+02
-1.172074533348214658e+02
-1.115354813958084605e+02
-1.020491340119918959e+02
-8.819956799675549064e+01
-6.988904163853622720e+01
-4.754149095463533570e+01
-2.207580466277928721e+01
5.188973282256213793e+00
3.266559969306048572e+01
5.865974699119778535e+01
8.156882361209332544e+01
1.001161021112449703e+02
1.135814479635367462e+02
1.219504454127010575e+02
1.258995712062921370e+02
1.265940706195759446e+02
1.253695840386154856e+02
1.234238888669496390e+02
1.216179961308561843e+02
1.204109504874666641e+02
1.198948401073827199e+02
1.198819863623936754e+02
1.200077331056997849e+02
1.198263710396410033e+02
1.188888812376107609e+02
1.168050793723810870e+02
1.133056680087482988e+02
1.083146716855522271e+02
1.020131185396004554e+02
9.484415825054485083e+01
8.741687544345421657e+01
8.032234083587687223e+01
7.394129044382209770e+01
6.834080932581321122e+01
6.330908994070424001e+01
5.849882998253929145e+01
5.359682520732248889e+01
4.844039617574819090e+01
4.304776737245330054e+01
3.757955957606777986e+01
3.227028398322462266e+01
2.736179326500815989e+01
2.305451586464614877e+01
1.948024945860874624e+01
1.669450914748195913e+01
1.468427961120242742e+01
1.338405175717271689e+01
1.269056856554222890e+01
1.247012457279241104e+01
1.255840751049912285e+01
1.275589182357593998e+01
1.282482136209276646e+01
1.249926947565659674e+01
1.152042617173475492e+01
9.698209599373214473e+00
6.981457637947677597e+00
3.504743562892908670e+00
-4.202607592341003340e-01
-4.385239064932120456e+00
-8.022611579900257084e+00
-1.114696374150298119e+01
-1.382978929444575478e+01
-1.636137291413007233e+01
-1.910991956589752405e+01
-2.234231584149452132e+01
-2.609274291139450952e+01
-3.014152339502091493e+01
-3.410958615491581725e+01
-3.761920537509210760e+01
-4.045018096105557959e+01
-4.263241717855592583e+01
-4.444062594176520520e+01
-4.628547804191580894e+01
-4.853371807532675319e+01
-5.133124654764048245e+01
-5.451800254511860544e+01
-5.768718217527035819e+01
-6.037010235722663509e+01
-6.226601300866516908e+01
-6.341165038988308567e+01
-6.420433233883105117e+01
-6.525586289319775801e+01
-6.714133684456071194e+01
-7.016273640043030468e+01
-7.423088487523962442e+01
-7.889843842727599110e+01
-8.350606193793673526e+01
-8.737292336096123790e+01
-8.997224346349121049e+01
-9.105941483798677893e+01
-9.073956303793640643e+01
-8.946523625353650289e+01
-8.795617624434628112e+01
-8.704932600464401560e+01
-8.751303277426443117e+01
-8.987035060121127117e+01
-9.426438502363428995e+01
-1.003795772888173730e+02
-1.074216775536515200e+02
-1.141623956294768618e+02
-1.190685481456270054e+02
-1.205338166751752169e+02
-1.171895601758660632e+02
-1.082139560268255281e+02
-9.354180783738634375e+01
-7.391651685925066317e+01
-5.078124871442096833e+01
-2.604051379976285929e+01
-1.737903867051404205e+00
2.029202227073264453e+01
3.872532640938101167e+01
5.292545056262164849e+01
6.293853997526774435e+01
6.930757798185337037e+01
7.277162280136300865e+01
7.395616462510314193e+01
7.316722156886608275e+01
7.037844352417096161e+01
6.543404426990241518e+01
5.838707352188438904e+01
4.980560938289845296e+01
4.086709176753189610e+01
3.314054200074835421e+01
2.809855436069625512e+01
2.654141285553833995e+01
2.818507053821065256e+01
3.162509913385281379e+01
