9.627406579611017534e+00
7.502253436554054744e+00
5.099106234197421372e+00
2.246174403343903947e+00
-1.086237866490396442e+00
-4.779590419992741701e+00
-8.608704652580952299e+00
-1.231439154324268870e+01
-1.567755153159692938e+01
-1.856258526157544964e+01
-2.091455609716463115e+01
-2.272428682917060172e+01
-2.399855918040915270e+01
-2.477057850942570028e+01
-2.515469950980761737e+01
-2.540567369725258118e+01
-2.592080674171949539e+01
-2.714949904305340311e+01
-2.943523471996784480e+01
-3.286502380449888250e+01
-3.720437720119740277e+01
-4.195116084900114828e+01
-4.648128063187458991e+01
-5.022472994219009479e+01
-5.281614609404766725e+01
-5.418569085621874848e+01
-5.457061775664998038e+01
-5.444186169854810231e+01
-5.436406263115037518e+01
-5.483032528460306310e+01
-5.611980198826999811e+01
-5.821932345217625482e+01
-6.083669493528871897e+01
-6.350900524565196292e+01
-6.577275810669667067e+01
-6.733051595127948019e+01
-6.814509497921018522e+01
-6.842493691087835828e+01
-6.851551727168491368e+01
-6.875174247136328631e+01
-6.933528081540092103e+01
-7.027993501294577072e+01
-7.143488518040766166e+01
-7.256652516198950309e+01
-7.345896064372432477e+01
-7.398519532654160002e+01
-7.411876836475424568e+01
-7.389692877984467145e+01
-7.337857894290719685e+01
-7.263270190538221982e+01
-7.175463070698332047e+01
-7.087833156564009585e+01
-7.016090956362297959e+01
-6.974614171033540799e+01
-6.973014849611396926e+01
-7.014224661764758650e+01
-7.093923028701986766e+01
-7.201172742182015440e+01
-7.320967037504495067e+01
-7.439116456815317235e+01
-7.548102385521845292e+01
-7.650508055644634453e+01
-7.756156431437001686e+01
-7.871506747869102583e+01
-7.984736129286844175e+01
-8.053852767506629107e+01
-8.004523913451397732e+01
-7.739542806477520287e+01
-7.156938489142524418e+01
-6.171268026900348502e+01
-4.732354241883291479e+01
-2.836834977462653029e+01
-5.301124445301944377e+00
2.100760680562019544e+01
4.939939457519152199e+01
7.856934913037383694e+01
1.071914560509234491e+02
1.340286450075336404e+02
1.580437383034834511e+02
1.785113486750555012e+02
1.950993717202298683e+02
2.078769155632514014e+02
2.172309041064373218e+02
2.237179009326149526e+02
2.279087365781451524e+02
2.302837916564022578e+02
2.312071812546357990e+02
2.309633991620752909e+02
2.298079801759942598e+02
2.279876248039354891e+02
2.257191599213489894e+02
2.231507230315455104e+02
2.203367396728656331e+02
2.172386346632409868e+02
2.137385580334569966e+02
2.096506644760943914e+02
2.047347459025968419e+02
1.987323544197782610e+02
1.914335005930134344e+02
1.827543203698309640e+02
1.727917841819223099e+02
1.618300878758952592e+02
1.502922684804607059e+02
1.386497363268357503e+02
1.273200563364674878e+02
1.165935730724403498e+02
1.066203600033160797e+02
9.745670103047758914e+01
8.913370413731428243e+01
8.170027993702623803e+01
7.521677185692061585e+01
6.970990431586542968e+01
6.512003062760334160e+01
6.127341273006565814e+01
5.789803398363422104e+01
5.467966452367610231e+01
5.134253585082402793e+01
4.773621561986567485e+01
4.390012308135267460e+01
4.006725608931759552e+01
3.658721189965856269e+01
3.379191580280726726e+01
3.185891764684305372e+01
3.072460600122291297e+01
3.007497843069583610e+01
2.941775666759151164e+01
2.822234168196886372e+01
2.609135294047325360e+01
2.290093926295957516e+01
1.884402811117318777e+01
1.434958353787542507e+01
9.912022580374618030e+00
5.908880177895426300e+00
2.489016728936370271e+00
-4.186043659480205292e-01
-2.981154351312291340e+00
-5.289866717552683895e+00
-7.240627124189607855e+00
-8.544259993837854950e+00
-8.868440396166853645e+00
-8.035781636352041346e+00
-6.172586232227786240e+00
-3.732809765635458632e+00
-1.385336407037826234e+00
1.885197861909162498e-01
5.068333265668485410e-01
-5.760182696702926819e-01
-2.859832091633258244e+00
-5.906473174943478455e+00
-9.199018082701250876e+00
-1.227795072542968313e+01
-1.481905360162078011e+01
-1.666327624744376124e+01
-1.782403038210402002e+01
-1.847668244824295414e+01
-1.891014798449636203e+01
-1.942904086726258583e+01
-2.023471029398440635e+01
-2.134593183884052792e+01
-2.261235212242281989e+01
-2.382316857886058870e+01
-2.484915556607164433e+01
-2.572845465355372596e+01
-2.664471508343133621e+01
-2.781939586267344566e+01
-2.938770249363696507e+01
-3.132452455442069095e+01
-3.345185411423673827e+01
-3.551714142196384216e+01
-3.729861518918288255e+01
-3.868284288026227102e+01
-3.967923390515844062e+01
-4.037627147573775233e+01
-4.087877565919920642e+01
-4.126985462860763221e+01
-4.161522825605031528e+01
-4.199297798132442949e+01
-4.251207548072255804e+01
-4.329277603193771995e+01
-4.441635672985606220e+01
-4.588131525153207235e+01
-4.759974603308397434e+01
-4.943661452997017136e+01
-5.126654209152162878e+01
-5.301733098552264778e+01
-5.468272694939608414e+01
-5.630550947591038380e+01
-5.794556730629214769e+01
-5.965135115898385720e+01
-6.144850800451747830e+01
-6.334972737753011529e+01
-6.537723116705990378e+01
-6.757945488368521580e+01
-7.002053053630928048e+01
-7.272583376418945988e+01
-7.558477259047293728e+01
-7.824380822677790093e+01
-8.004523913451397732e+01
-8.005467849343226305e+01
-7.718219636768436942e+01
-7.037208948182205859e+01
-5.882114340560156052e+01
-4.218035687896257713e+01
-2.069582468806603259e+01
4.744050166866079721e+00
3.267562284874544787e+01
6.125228252453053557e+01
8.854681699610897283e+01
1.129002676444363402e+02
1.332142029700906676e+02
1.490906624181591269e+02
1.607806787549546073e+02
1.689741932229395900e+02
1.745132563508993826e+02
1.781225140886259624e+02
1.802340221321325657e+02
1.809485795183289270e+02
1.801300643710466147e+02
1.775833641878925846e+02
1.732380914109222942e+02
1.672630992348093173e+02
1.600695078286524051e+02
1.522080108190129408e+02
1.442092940743588656e+02
1.364348458540994784e+02
1.289915926190069229e+02
1.217293708832375216e+02
1.143073131092137658e+02
1.062992301895150433e+02
9.730829379385136235e+01
8.706632430287552893e+01
7.549710950291419920e+01
6.273153714107544943e+01
4.907735914993286741e+01
3.496153660698252708e+01
2.086912565516707474e+01
7.293222594929559932e+00
-5.308959667031034613e+00
-1.656810304651445165e+01
-2.626234726712406697e+01
-3.435895401709990438e+01
-4.100726974920960544e+01
-4.647687878201857359e+01
-5.106683990054070676e+01
-5.502294130277312689e+01
-5.848788642601014232e+01
-6.149257879941509941e+01
-6.398742024620447921e+01
-6.590682957856176927e+01
-6.724912389166648552e+01
-6.813860597064586955e+01
-6.883197408279099250e+01
-6.965178066802141643e+01
-7.086977883267405787e+01
-7.259430816430472078e+01
-7.471449974919298143e+01
-7.692526389436494583e+01
-7.882389301468600706e+01
-8.004523913451397732e+01
-8.038898446902030059e+01
-7.989270969823618884e+01
-7.882282153955901549e+01
