3.314387922955638288e+01
1.953358557387307215e+01
6.816660231710805817e+00
-4.289150974604012845e+00
-1.336848796320337840e+01
-2.038490828757432638e+01
-2.567884183032202827e+01
-2.988625385040572269e+01
-3.379861683555969876e+01
-3.819843494205431966e+01
-4.370332208202663082e+01
-5.063943529370472163e+01
-5.895401014723510968e+01
-6.817381266115397409e+01
-7.741800796259691708e+01
-8.547406826635629784e+01
-9.093788038188296241e+01
-9.240198171505677749e+01
-8.865958515782156724e+01
-7.889124839140056622e+01
-6.281189806795246966e+01
-4.075963016448628196e+01
-1.370070823321561448e+01
1.687141383397852223e+01
4.913678726955012621e+01
8.120538868020756240e+01
1.113653326125498353e+02
1.382673435049597401e+02
1.610189767070890241e+02
1.791960048931122174e+02
1.927991783723078925e+02
2.021815427524315680e+02
2.079537501404240345e+02
2.108669721809610280e+02
2.116888973213443705e+02
2.111092516859661430e+02
2.097034226311568545e+02
2.079413078293334536e+02
2.061926868880425161e+02
2.046909210234657337e+02
2.034659232783272955e+02
2.022974954284721605e+02
2.007373641916382780e+02
1.982105329303472274e+02
1.941633539545125018e+02
1.882007951753287784e+02
1.801602448402316838e+02
1.701004375729477829e+02
1.582212648513404645e+02
1.447543239144325753e+02
1.298743623197016746e+02
1.136777898442760346e+02
9.624439636960616440e+01
7.775049177143951340e+01
5.857243028068948121e+01
3.932717478445778880e+01
2.082243685574925607e+01
3.917247089803079341e+00
-1.067212854277790690e+01
-2.255520419644031804e+01
-3.177061173136502958e+01
-3.877074353891988778e+01
-4.428970450015267346e+01
-4.913138147826972357e+01
-5.393760120637034561e+01
-5.900424228187488751e+01
-6.420439275965233605e+01
-6.905367773195702341e+01
-7.291148021103954591e+01
-7.525495298408938538e+01
-7.591627275948744114e+01
-7.517958448062678656e+01
-7.370342201493633638e+01
-7.231820570043292662e+01
-7.178622934090432750e+01
-7.259782311894707618e+01
-7.484992064394984368e+01
-7.823415619192101644e+01
-8.214212005512334258e+01
-8.586382558803512666e+01
-8.881727958667812572e+01
-9.072420020313779787e+01
-9.166115447134244221e+01
-9.196694331612586382e+01
-9.205106859543771236e+01
-9.219065983360633254e+01
-9.240198171505677749e+01
-9.243286705808371551e+01
-9.186988628851648286e+01
-9.030874253593889023e+01
-8.751962387665314225e+01
-8.354148668093408503e+01
-7.867042544778338709e+01
-7.335110451179106406e+01
-6.801995977507844771e+01
-6.296962898045543966e+01
-5.829253517041926358e+01
-5.392143764573088305e+01
-4.973962104371804571e+01
-4.570512385952579848e+01
-4.192886399396113717e+01
-3.866452863058899680e+01
-3.620603843993808368e+01
-3.473648505658729846e+01
-3.420623208830696171e+01
-3.430981519120777534e+01
-3.458027165985906493e+01
-3.455920758008674909e+01
-3.396794350983691402e+01
-3.280939847553283784e+01
-3.136162564475837655e+01
-3.006931775830383913e+01
-2.938329246595694499e+01
-2.961727783717614315e+01
-3.087296426102916058e+01
-3.304233644393306690e+01
-3.586121141564378689e+01
-3.897760768402444853e+01
-4.200919721383636585e+01
-4.458453893152930192e+01
-4.638296751120316941e+01
-4.719454679021565369e+01
-4.700284236600973742e+01
-4.605635202899721747e+01
-4.486841726156077925e+01
-4.410089554528138933e+01
-4.434836564963521965e+01
-4.591264742159055601e+01
-4.868432725376581516e+01
-5.219662154194349313e+01
-5.581917454605612505e+01
-5.898793386816753070e+01
-6.137008987187084585e+01
-6.292344053969304696e+01
-6.386857762431593244e+01
-6.460995388913545412e+01
-6.562906849281581856e+01
-6.736308529255444455e+01
-7.008844751315453436e+01
-7.383804290601801767e+01
-7.837459697580581519e+01
-8.322001308302172617e+01
-8.771449484429976451e+01
-9.107005087292260725e+01
-9.240198171505677749e+01
-9.075827552252761166e+01
-8.518818897037385796e+01
-7.487597535094336365e+01
-5.931720728790655528e+01
-3.848530927472431529e+01
-1.292795709476188648e+01
1.625246608144290761e+01
4.754300719735430647e+01
7.925052200329410823e+01
1.097503715053805848e+02
1.376864268581931867e+02
1.620790817190737698e+02
1.823355018309888180e+02
1.981961944844754839e+02
2.096722088315686392e+02
2.170112521377386656e+02
2.206856820200824814e+02
2.213537971927311787e+02
2.197496616616423637e+02
2.165141618722358885e+02
2.120436348589435340e+02
2.064411608183269777e+02
1.995981546638405462e+02
1.913571234455413048e+02
1.816673770056626722e+02
1.706637095302555167e+02
1.586491994978338482e+02
1.460089052830742560e+02
1.331024715862488677e+02
1.201839347097315738e+02
1.073801744379117480e+02
9.472637015047598652e+01
8.222444487487037179e+01
6.988579755233543267e+01
5.774560526434238739e+01
4.586355430476687900e+01
3.432741952218129455e+01
2.325665022846715857e+01
1.279069784585748337e+01
3.054784873561548153e+00
-5.887879072238376921e+00
-1.407730541655362444e+01
-2.166643711608780265e+01
-2.887911878597756044e+01
-3.591779881647782702e+01
-4.285345322177357730e+01
-4.954861033794649927e+01
-5.565833719749701913e+01
-6.072736364987212454e+01
-6.436126473273347415e+01
-6.640818510693605958e+01
-6.706849087330746784e+01
-6.687233969740233874e+01
-6.652407549549710097e+01
-6.667714017036445284e+01
-6.773715867181678618e+01
-6.977450983197647361e+01
-7.257110093166286902e+01
-7.576191063407159731e+01
-7.899469263368966665e+01
-8.203609919191734434e+01
-8.479003293197202140e+01
-8.724229046585703884e+01
-8.938024385231130964e+01
-9.113937055535242848e+01
-9.240198171505677749e+01
-9.303949958921876373e+01
-9.296887808124250796e+01
-9.219254856813870447e+01
-9.080500282526097067e+01
-8.896709921679186550e+01
-8.686067664615856643e+01
-8.463924135741297050e+01
-8.239154611269417217e+01
-8.013559329352725058e+01
-7.785301447267026731e+01
-7.555322564221077641e+01
-7.333491128902880973e+01
-7.140844837348146257e+01
-7.006176132644498011e+01
-6.957893179723397736e+01
-7.013969233669416781e+01
-7.173588432686636907e+01
-7.413856101970735324e+01
-7.693225013830179648e+01
-7.960473656635943485e+01
-8.165955954934761962e+01
-8.271668537618404571e+01
-8.257704785580338580e+01
-8.123614825738954437e+01
-7.884207677422996596e+01
-7.561215184756575525e+01
-7.174349291861678068e+01
-6.735871238146512496e+01
-6.251212091267151294e+01
-5.725369001451365136e+01
-5.171982962901708447e+01
-4.620178412485765307e+01
-4.114328215328782079e+01
-3.704491810217896131e+01
-3.429938873450390702e+01
-3.302779299674011071e+01
-3.300013972244228455e+01
-3.368580632939767838e+01
-3.441283149072263114e+01
-3.456460444282681266e+01
-3.373924034977437003e+01
-3.182972431943959890e+01
-2.901721183533493686e+01
-2.568796454935853291e+01
-2.229675169552558245e+01
-1.921740903076272389e+01
-1.663555520049647285e+01
-1.452967491289415491e+01
-1.274623730607094529e+01
-1.111972423701456947e+01
-9.558915803780333675e+00
