-9.215033524928043107e+01
-1.070316831958781876e+02
-1.209416611568297526e+02
-1.328760978969395694e+02
-1.415985095649539858e+02
-1.456634143123148135e+02
-1.435585001128885381e+02
-1.339502350793032122e+02
-1.159735709371540366e+02
-8.946410492246887713e+01
-5.504029969348848539e+01
-1.401434450618741323e+01
3.180961081420122127e+01
8.035851330745771293e+01
1.294679879198160393e+02
1.770001556168396064e+02
2.209315141269613605e+02
2.594553480739256770e+02
2.911257670163851117e+02
3.150310427052768887e+02
3.309445781297187636e+02
3.393858219629570385e+02
3.415365103453970619e+02
3.389966799826025294e+02
3.334270560741983331e+02
3.261854377565021537e+02
3.180797424346786784e+02
3.093117131143867482e+02
2.996076154775380473e+02
2.884728318366420012e+02
2.754793569689899186e+02
2.604895683673178155e+02
2.437405201449917058e+02
2.257695153836481268e+02
2.072327092777525479e+02
1.887080358523936354e+02
1.705569303927666454e+02
1.528675784754942129e+02
1.354613458569117768e+02
1.179437958781239359e+02
9.981077159716534197e+01
8.063000548484544083e+01
6.027372777163600404e+01
3.910888728829652194e+01
1.803555104960476996e+01
-1.669033099303447898e+00
-1.864950512055005305e+01
-3.181141328103353061e+01
-4.059599917163978233e+01
-4.511439869914626399e+01
-4.611101298416797789e+01
-4.477609380027498531e+01
-4.246060475462154216e+01
-4.036411055775234757e+01
-3.928357503795132999e+01
-3.951049997122376567e+01
-4.091176810594968316e+01
-4.313895260758931016e+01
-4.584637690245438080e+01
-4.880918580859427891e+01
-5.191044400390674696e+01
-5.505648094015647587e+01
-5.811769739754014097e+01
-6.095257139689226733e+01
-6.349525129961202197e+01
-6.583574953030698396e+01
-6.822875168933092027e+01
-7.101907024104485799e+01
-7.452579113516489429e+01
-7.894333983643147690e+01
-8.429276152128406352e+01
-9.042239777869309592e+01
-9.704289331321498935e+01
-1.037836700508648846e+02
-1.102576752866448544e+02
-1.161192863302318301e+02
-1.211100049236998473e+02
-1.250987168974377823e+02
-1.281161942198648944e+02
-1.303642743912649564e+02
-1.321783858678276147e+02
-1.339439355235391531e+02
-1.359878272838667215e+02
-1.384714758347845986e+02
-1.413146786395353729e+02
-1.441884631406388451e+02
-1.466077578291591124e+02
-1.481120255515911595e+02
-1.484657601593775382e+02
-1.477868451316769836e+02
-1.465370139622158376e+02
-1.453614734944885356e+02
-1.448177911324423519e+02
-1.450791879870658647e+02
-1.457196741484204665e+02
-1.456634143123148135e+02
-1.433122624534815657e+02
-1.367965199435056149e+02
-1.242693684043735516e+02
-1.041885401084319369e+02
-7.557375390256339642e+01
-3.823728015656598700e+01
7.055848707963079391e+00
5.858227693275193815e+01
1.138699446835327080e+02
1.700904075491818617e+02
2.245092905691851115e+02
2.748547016390671160e+02
3.195258452068815131e+02
3.576404945103331556e+02
3.889599697303165158e+02
4.137365400621583831e+02
4.325263083535945725e+02
4.460132519059010292e+02
4.548891186221121643e+02
4.598124299537868183e+02
4.614259858042779570e+02
4.603755831920659602e+02
4.572829912496001725e+02
4.526813118851258650e+02
4.469637015315759072e+02
4.403820808783027587e+02
4.330844669943644476e+02
4.251509249118749949e+02
4.165981018901285324e+02
4.073545468644260836e+02
3.972368284518404380e+02
3.859588552924832356e+02
3.731850686523650324e+02
3.586134144448772076e+02
3.420615341082926761e+02
3.235311259593680688e+02
3.032388252349388722e+02
2.816184522202451035e+02
2.593038659728470066e+02
2.370925218847049223e+02
2.158825252281102109e+02
1.965774813657930906e+02
1.799592250691551953e+02
1.665426127646553880e+02
1.564519410901794174e+02
1.493749552215082019e+02
1.446332644154234401e+02
1.413592922352860342e+02
1.387155586346877669e+02
1.360653642509052759e+02
1.330279373194184132e+02
1.294154803503344624e+02
1.251127142282732336e+02
1.199839181785420692e+02
1.138672221886818932e+02
1.066547929858110138e+02
9.839618204292406745e+01
8.934245652741918775e+01
7.988471702823871112e+01
7.040837735264034336e+01
6.114467921405862683e+01
5.211315055503193605e+01
4.319259484536701166e+01
3.426829106421077142e+01
2.535481607578496721e+01
1.662739439565604016e+01
8.369803753445211214e+00
8.889443183567777851e-01
-5.570286165681835655e+00
-1.090588185007635502e+01
-1.522792726537400654e+01
-1.888707133744605926e+01
-2.243520688924149908e+01
-2.651886297181374630e+01
-3.173125646105245323e+01
-3.846248762497737061e+01
-4.679550273225049750e+01
-5.649104940824318533e+01
-6.707323305931723212e+01
-7.797694375199861838e+01
-8.868542845125520557e+01
-9.880140212629933671e+01
-1.080490927237549386e+02
-1.162522583344629652e+02
-1.233346782940452329e+02
-1.293458143420637896e+02
-1.344632047066185123e+02
-1.389081812288719959e+02
-1.427517802426410185e+02
-1.456634143123148135e+02
-1.467168909375278645e+02
-1.443743991543089749e+02
-1.367128229823173058e+02
-1.218554484233195296e+02
-9.848327656881838266e+01
-6.626034914069870752e+01
-2.603712431430926699e+01
2.022392156364054472e+01
6.976687892343296937e+01
1.195087268183638116e+02
1.665345011066508505e+02
2.085115353999051990e+02
2.439379557352976349e+02
2.721814469151782987e+02
2.933308315490688756e+02
3.079529453234998186e+02
3.168640260952239487e+02
3.209707543962811656e+02
3.211699767097949803e+02
3.182795022695199805e+02
3.129955225831059806e+02
3.058851698894271749e+02
2.974091360143219163e+02
2.879557833160617406e+02
2.778707792369790468e+02
2.674674787943681622e+02
2.569939865143185784e+02
2.465385620513602305e+02
2.358980094325751224e+02
2.244907651157631960e+02
2.114122183475792838e+02
1.956713636863003103e+02
1.765443369879950524e+02
1.539028036330595626e+02
1.283755360460272641e+02
1.012741834219108341e+02
7.430838514014445195e+01
4.918144537318448783e+01
2.718566747600927869e+01
8.920629910238801585e+00
-5.766686975458387820e+00
-1.759412425183662521e+01
-2.749004332068481915e+01
-3.623313511518364294e+01
-4.424394953411628251e+01
-5.159698973520713139e+01
-5.819735257072233026e+01
-6.398290348546067463e+01
-6.902644188631151678e+01
-7.350259548170149060e+01
-7.757961749836070453e+01
-8.133993534401852799e+01
-8.480586466051386196e+01
-8.806188286134263876e+01
-9.137644707745096184e+01
-9.520692196417233788e+01
-1.000458242083033724e+02
-1.061801974834633313e+02
-1.135012888807281257e+02
-1.214767708471527499e+02
-1.293096836367772084e+02
-1.362147075203841098e+02
-1.416891699614885738e+02
-1.456634143123148135e+02
-1.484761875802276165e+02
-1.507043883436308818e+02
-1.529361466778461249e+02
-1.555761200277480043e+02
-1.587256057173044610e+02
-1.621437740731039696e+02
-1.652979210633740763e+02
-1.675133144311708691e+02
-1.681987809842693196e+02
-1.670745059889858339e+02
-1.643109089736634871e+02
-1.605158424747903041e+02
