4.508429265604523550e+01
-5.859310837414653861e+00
-5.077757994231849636e+01
-8.534563253403521799e+01
-1.079618532499049763e+02
-1.198201287460761080e+02
-1.241516110243036337e+02
-1.250189779386372777e+02
-1.260895871329006184e+02
-1.297347151952769764e+02
-1.366503262122813567e+02
-1.459973132705018202e+02
-1.558898352869511541e+02
-1.640027407372052153e+02
-1.681226560265230603e+02
-1.665526265639405494e+02
-1.583366118189342444e+02
-1.433045023220618646e+02
-1.219752864273755506e+02
-9.538616184815523980e+01
-6.491291650462856921e+01
-3.211372574305973870e+01
1.404692917002780206e+00
3.411323392046620739e+01
6.469206517112834831e+01
9.216533095730557079e+01
1.160042098349539827e+02
1.361413013967718939e+02
1.528655761489377483e+02
1.666330331966210849e+02
1.778721974363430718e+02
1.868470334584098964e+02
1.935985250171667360e+02
1.979712304365735065e+02
1.997294178640641178e+02
1.987356207734633244e+02
1.951148537610120570e+02
1.893175665340440332e+02
1.820450082944001053e+02
1.740730573137732335e+02
1.660545189164378712e+02
1.583761493368691617e+02
1.511075051081499794e+02
1.440332053482469519e+02
1.367359619956783945e+02
1.287007425849638480e+02
1.194236574227407459e+02
1.085160787932606326e+02
9.579595935258140571e+01
8.135855807753200963e+01
6.561036091615969212e+01
4.923441353222575145e+01
3.306107338606895496e+01
1.786511175122376827e+01
4.168304060936897315e+00
-7.858043436239522173e+00
-1.834460908899277953e+01
-2.756412263506173232e+01
-3.575003449139625644e+01
-4.298003701465025017e+01
-4.916548060266674725e+01
-5.414145768016000204e+01
-5.781765479069925817e+01
-6.031958578194704756e+01
-6.203808804754243766e+01
-6.354095052198439930e+01
-6.537750700073577548e+01
-6.787459156806244209e+01
-7.103498787472587139e+01
-7.459893068725681076e+01
-7.823756356352251373e+01
-8.176478795179767189e+01
-8.524259419089152345e+01
-8.892986861355940675e+01
-9.312543451437979058e+01
-9.800636681977482567e+01
-1.035434147245228189e+02
-1.095207858765251956e+02
-1.156319258228382978e+02
-1.215851774429522436e+02
-1.271544791410535566e+02
-1.321587255648849464e+02
-1.364144459124498212e+02
-1.397258298440274871e+02
-1.419372407265728384e+02
-1.430152462770709008e+02
-1.431034593235018804e+02
-1.425174473555025827e+02
-1.416834854103624650e+02
-1.410406112266883270e+02
-1.409277104712112987e+02
-1.414840449359600427e+02
-1.425947182850115666e+02
-1.439036420818843851e+02
-1.449074158635718277e+02
-1.451315150337887872e+02
-1.443525921895162014e+02
-1.427791954752337062e+02
-1.410900555426334222e+02
-1.402790427057339002e+02
-1.413366906003991232e+02
-1.448628590960784948e+02
-1.507303185027556083e+02
-1.579076010011235098e+02
-1.645138433805717000e+02
-1.681226560265230603e+02
-1.662580198303624286e+02
-1.569531048092917729e+02
-1.392056442343615004e+02
-1.131939723089599283e+02
-8.019001074861370171e+01
-4.220688436245607988e+01
-1.508940730501043603e+00
3.984573760117498864e+01
8.028171467227477365e+01
1.187346797625817771e+02
1.544814874853273352e+02
1.869157501121351288e+02
2.154256897054663114e+02
2.394489866422956936e+02
2.586551021618775508e+02
2.731206342059514327e+02
2.833683263755278858e+02
2.902229836699294765e+02
2.945432208458896639e+02
2.969584401565531380e+02
2.977379170337337655e+02
2.968452619222354656e+02
2.941339914961170052e+02
2.895788888169487336e+02
2.834389357000214886e+02
2.762893966582578287e+02
2.689102690452064053e+02
2.620661787087944958e+02
2.562593962136690493e+02
2.515613602260935409e+02
2.475978207297845586e+02
2.436865387127045608e+02
2.390566541129574603e+02
2.330582716253135231e+02
2.252995985011653488e+02
2.156997139686163223e+02
2.044832181613429043e+02
1.921457447146674156e+02
1.793970242098112635e+02
1.670708872496100525e+02
1.559929528394696945e+02
1.468134721663483333e+02
1.398387515184812742e+02
1.349139593962989068e+02
1.314057056687114766e+02
1.283071585382272133e+02
1.244542034069462773e+02
1.188054321809681966e+02
1.107124133149294494e+02
1.001040059531324573e+02
8.753063001278691502e+01
7.405051011031227404e+01
6.098001260141336388e+01
4.956600934426107585e+01
4.066316828185474463e+01
3.451083074239108583e+01
3.069178764626722966e+01
2.829883055626577715e+01
2.624456528186296111e+01
2.358340071402346894e+01
1.972233835185818407e+01
1.446717509105074839e+01
7.929870686666390611e+00
3.719675821616874600e-01
-7.931287695259584325e+00
-1.674763744859420456e+01
-2.585881590041164202e+01
-3.499144046585055889e+01
-4.377158635863014524e+01
-5.174099607695131908e+01
-5.842927142713995181e+01
-6.344607998246323177e+01
-6.655076793775893407e+01
-6.767536580468356533e+01
-6.691569627998137548e+01
-6.453471666857055311e+01
-6.100677087112993036e+01
-5.707777065686812534e+01
-5.377499556731700636e+01
-5.230830352554929163e+01
-5.385222137832298017e+01
-5.925762121748965683e+01
-6.879208412600181077e+01
-8.202200121045777337e+01
-9.789638997824010858e+01
-1.149873989266974661e+02
-1.317597254150896902e+02
-1.467475662496077007e+02
-1.586055346733601539e+02
-1.660975212555066491e+02
-1.681226560265230603e+02
-1.638292347129032862e+02
-1.527793888734326231e+02
-1.350768034905473485e+02
-1.113755591142200103e+02
-8.276512644156181864e+01
-5.059212386774241565e+01
-1.629791142146288507e+01
1.867494188109198205e+01
5.290337069543456749e+01
8.497888324238627433e+01
1.135498291819560279e+02
1.374549792280460565e+02
1.559166612043689213e+02
1.686941298983512638e+02
1.760951132781222839e+02
1.788086831428443304e+02
1.776093023061269776e+02
1.730450008886531634e+02
1.652437927310606938e+02
1.539458863422265154e+02
1.387968962056368127e+02
1.198363369370732556e+02
9.801599210852438659e+01
7.552212967130707000e+01
5.569134715051189488e+01
4.241983192484086373e+01
3.915430945179754474e+01
4.776045764497259682e+01
6.768714866862033830e+01
9.578666820745235100e+01
1.269110863459073073e+02
1.551006071301817713e+02
1.749698956215063674e+02
1.828728893986934736e+02
1.775552552680487679e+02
1.601883560541562304e+02
1.338458231977372748e+02
1.026106431256750682e+02
7.057503180724916092e+01
4.099760847061840252e+01
1.580724851422966992e+01
-4.482719197196622929e+00
-2.051324637513813087e+01
-3.361863680983463354e+01
-4.533484452069426140e+01
-5.700686350918359580e+01
-6.955009840953707112e+01
-8.335390262183624088e+01
-9.828816106961119203e+01
-1.137790868719405921e+02
-1.289360027344611126e+02
-1.427246415834358118e+02
-1.541862426762000666e+02
-1.626844661477254022e+02
-1.681226560265230603e+02
-1.710356186868800705e+02
-1.724668492223715361e+02
-1.736228440225844452e+02
-1.754213425179200385e+02
-1.781385564808304025e+02
-1.813409425805289459e+02
-1.841559544881906163e+02
-1.857589144804195485e+02
-1.858271512870435913e+02
-1.847159120033776389e+02
