-3.633037025089856087e+01
-5.253098028356700411e+01
-6.716208642222656522e+01
-7.913001406056804399e+01
-8.810115324760943167e+01
-9.446646113177520476e+01
-9.907245166983712181e+01
-1.028749992852220458e+02
-1.066564678718610253e+02
-1.108754263525145092e+02
-1.156491391512128075e+02
-1.208302153784509159e+02
-1.261261880791236081e+02
-1.312147495824202679e+02
-1.358250618751794150e+02
-1.397779931127330428e+02
-1.429916068582871276e+02
-1.454623104637641404e+02
-1.472350142461521614e+02
-1.483770560325234271e+02
-1.489653187895706026e+02
-1.490862380664669047e+02
-1.488419689392383987e+02
-1.483568184232076987e+02
-1.477821342364665327e+02
-1.472982534844342126e+02
-1.471085787976579695e+02
-1.474189657712442454e+02
-1.483987668897644312e+02
-1.501287695749167028e+02
-1.525540066440239002e+02
-1.554672361059673733e+02
-1.585410916570398854e+02
-1.614040608603223745e+02
-1.637330554910394653e+02
-1.653292788523741876e+02
-1.661535655813341918e+02
-1.663119026734541137e+02
-1.659990490666822893e+02
-1.654270107852611318e+02
-1.647732359454158768e+02
-1.641710170158824837e+02
-1.637388096080478022e+02
-1.636192163630206551e+02
-1.639824007451449006e+02
-1.649549029946812766e+02
-1.664710896258772550e+02
-1.680961257003487503e+02
-1.689038445571180205e+02
-1.674884217298736075e+02
-1.621481614964222331e+02
-1.512190588279401595e+02
-1.334754861298226274e+02
-1.084799713008483337e+02
-7.677313386076971824e+01
-3.984650803608685976e+01
9.027743626042195046e-02
4.048091033051748866e+01
7.883786688629142247e+01
1.131072668001818897e+02
1.419101740162253122e+02
1.646238286856643356e+02
1.813070815544112406e+02
1.925101597621571159e+02
1.990331528214010461e+02
2.017035674507831118e+02
2.012276247515604837e+02
1.981374521450078703e+02
1.928186616884155171e+02
1.855769148357407232e+02
1.767018108747840301e+02
1.665062361860303213e+02
1.553376360679034747e+02
1.435634851590014875e+02
1.315349577585853069e+02
1.195396165046100236e+02
1.077624548202029757e+02
9.627508998852064792e+01
8.506117888752163481e+01
7.406890811141198583e+01
6.327050178504588018e+01
5.270926338909745823e+01
4.252095825805558604e+01
3.292201613250440317e+01
2.416446914305725358e+01
1.647012666252197732e+01
9.968758803996621509e+00
4.666810726748213511e+00
4.597245819477926432e-01
-2.820285002906096850e+00
-5.343477004114301820e+00
-7.232288634028662955e+00
-8.539175360308977503e+00
-9.263862947424481575e+00
-9.411384761555481759e+00
-9.075393679431831728e+00
-8.511836524473114451e+00
-8.158206572826566472e+00
-8.567072423733097963e+00
-1.026208728127723013e+01
-1.357091335426525802e+01
-1.851175663158040052e+01
-2.478982756317051184e+01
-3.190407671685988333e+01
-3.930702610314885703e+01
-4.654342941513563403e+01
-5.332582158618749446e+01
-5.954979664224345726e+01
-6.527054955250169144e+01
-7.065449208210944221e+01
-7.590950298332899138e+01
-8.120160219940596846e+01
-8.658278147643619604e+01
-9.196567770542942810e+01
-9.716486831298368543e+01
-1.019851019264915521e+02
-1.063072174496636535e+02
-1.101302982445745613e+02
-1.135602628834074608e+02
-1.167576772190109580e+02
-1.198633445659599062e+02
-1.229249300588558782e+02
-1.258564782160661082e+02
-1.284594785287242473e+02
-1.305062059223403708e+02
-1.318486094542982414e+02
-1.325024904954905480e+02
-1.326779295386043032e+02
-1.327574373464405539e+02
-1.332361045187666377e+02
-1.346336990796988857e+02
-1.373839625089438812e+02
-1.417104291973484465e+02
-1.475079445690801947e+02
-1.542577625614631245e+02
-1.610047339842299152e+02
-1.664137173375482348e+02
-1.689038445571180205e+02
-1.668440866774801634e+02
-1.587856353910327698e+02
-1.436996439958352028e+02
-1.211778167536102586e+02
-9.154552309244687081e+01
-5.584990761377395785e+01
-1.572246902015839609e+01
2.684302190970556623e+01
6.973752710739859140e+01
1.109612094181598110e+02
1.488028626433880959e+02
1.819642552697145561e+02
2.096170079387269141e+02
2.313831492358405626e+02
2.472527461094354635e+02
2.574788046592412911e+02
2.624947642106983494e+02
2.628739799149881833e+02
2.593131427534304976e+02
2.526032068094254441e+02
2.435640082956108756e+02
2.329479253783251238e+02
2.213415697439671419e+02
2.091022139883442321e+02
1.963597496592312837e+02
1.830970210497969504e+02
1.692884271494057202e+02
1.550391918499200017e+02
1.406560770214210265e+02
1.266133353719936423e+02
1.134343642532976872e+02
1.015498709567051492e+02
9.119732832274451084e+01
8.240036584927960917e+01
7.502583455821255143e+01
6.887722695085287228e+01
6.376657589739209442e+01
5.952806968620510020e+01
5.598318736608901958e+01
5.290196242880204380e+01
5.000366466183015746e+01
4.701210411905400832e+01
4.374532730176118633e+01
4.018974400214818843e+01
3.650409201068038101e+01
3.293537917525647885e+01
2.968782147661914905e+01
2.681947632671753112e+01
2.422176274427476272e+01
2.168223354601606800e+01
1.898384555008878039e+01
1.598352288825869749e+01
1.263596293262195580e+01
8.963053708511090178e+00
4.994851563377647352e+00
7.170246264420860882e-01
-3.946535759778974750e+00
-9.105218586905486688e+00
-1.484160067924167947e+01
-2.115332857875851147e+01
-2.792830992482531371e+01
-3.496197095307209679e+01
-4.200340919166490039e+01
-4.881255995571389406e+01
-5.521844704124913505e+01
-6.117301016831839888e+01
-6.678783296866089358e+01
-7.233146518492964105e+01
-7.816868175419421050e+01
-8.464515103059048329e+01
-9.195104649277432429e+01
-1.000164794707131648e+02
-1.084874649450549384e+02
-1.168058465808779260e+02
-1.243802665615273213e+02
-1.307960800178045702e+02
-1.359839425039864409e+02
-1.402703221681582306e+02
-1.442729720576099908e+02
-1.486592038678338952e+02
-1.538316847696251841e+02
-1.596369736019786387e+02
-1.651992626490546172e+02
-1.689549292236841609e+02
-1.689038445571180205e+02
-1.630216638542052863e+02
-1.497215510352086199e+02
-1.282364134572867158e+02
-9.882252171082595282e+01
-6.274965612795789127e+01
-2.210800129308712059e+01
2.050430262407775928e+01
6.234832813977067190e+01
1.009095680231671963e+02
1.342065689524809500e+02
1.609929181230409654e+02
1.808193749246080131e+02
1.939506633406255673e+02
2.011655997405203209e+02
2.035031409396546280e+02
2.020336972804426523e+02
1.977181390690098226e+02
1.913714441754102324e+02
1.836993726795783743e+02
1.753487756296976841e+02
1.669146641637300945e+02
1.588790386195950077e+02
1.515064777147314885e+02
1.447621527980243172e+02
1.383185243841365377e+02
1.316719901892481062e+02
1.243281558973939411e+02
1.159762009201072601e+02
1.065858288556188569e+02
9.641135949479127021e+01
8.593069414873846767e+01
7.575162164000288101e+01
6.650110554759278614e+01
5.870827618231956535e+01
5.270289753862901705e+01
4.855713471950669202e+01
4.608727629924850788e+01
4.490883606922490401e+01
4.451654094459712496e+01
