-6.051063022649772449e+01
-8.336683289020088239e+01
-1.033462785209812438e+02
-1.183715428982763171e+02
-1.276710282003771226e+02
-1.317866201488520801e+02
-1.321897492613317979e+02
-1.307185983664919320e+02
-1.290480561584612360e+02
-1.283359527223283862e+02
-1.291049884806878936e+02
-1.313357071108847549e+02
-1.346791672445823167e+02
-1.386760529519532668e+02
-1.429009165644018253e+02
-1.470122206171069763e+02
-1.507412295666591717e+02
-1.538701060377313468e+02
-1.562354512471152930e+02
-1.577672099316472725e+02
-1.585474551431437931e+02
-1.588534964154515308e+02
-1.591423908005970418e+02
-1.599515898270296361e+02
-1.617333806500110711e+02
-1.646816465471542017e+02
-1.686115613604442558e+02
-1.729141600240465095e+02
-1.765702907422819408e+02
-1.782084871690173884e+02
-1.762172735982215670e+02
-1.689357473047912208e+02
-1.549269420622350992e+02
-1.332979609219751467e+02
-1.039920580077613295e+02
-6.795883637727149562e+01
-2.712477928822451290e+01
1.585777605202449436e+01
5.803433573630199760e+01
9.664802681804809481e+01
1.296035646294844241e+02
1.557866484087724928e+02
1.751535189769162741e+02
1.885643016868621658e+02
1.974182881120339914e+02
2.032182078240845726e+02
2.072060026629186780e+02
2.101695566159175428e+02
2.124430259491421111e+02
2.140501365987654481e+02
2.149007085348332566e+02
2.149531142285022156e+02
2.142865899347415848e+02
2.130706877946824989e+02
2.114595820024204045e+02
2.094630775205826012e+02
2.068489095793970876e+02
2.031179357970044350e+02
1.975745391746582982e+02
1.894925093770586102e+02
1.783471081887863363e+02
1.640458993000403893e+02
1.470638442595593460e+02
1.284056955774167648e+02
1.093891656336235627e+02
9.132480491749214480e+01
7.520721447407890992e+01
6.151192729711416973e+01
5.014612657175899813e+01
4.056207361260219812e+01
3.200407763496885138e+01
2.380983637776295581e+01
1.565046846557685001e+01
7.611579972461168353e+00
9.116036018822626374e-02
-6.425339605905191043e+00
-1.160698377637376488e+01
-1.544264678200212693e+01
-1.828186365049059958e+01
-2.074923837196476128e+01
-2.356662457483393069e+01
-2.734674003420978750e+01
-3.243218084687811142e+01
-3.883204133221909871e+01
-4.626542295039698161e+01
-5.428061500488853852e+01
-6.239601839933332883e+01
-7.020928924971721585e+01
-7.744480938972652950e+01
-8.394721192074756289e+01
-8.965692900968623746e+01
-9.460048799566349942e+01
-9.889919724243893029e+01
-1.027747048456767232e+02
-1.065279435568016595e+02
-1.104826246934914451e+02
-1.149020700922149842e+02
-1.199026286280918470e+02
-1.253949280839414371e+02
-1.310815407372058417e+02
-1.365238523834923114e+02
-1.412639330875821884e+02
-1.449593610335303140e+02
-1.474787597654216711e+02
-1.489244146567955056e+02
-1.495840189566283414e+02
-1.498415785664626583e+02
-1.500842129731003070e+02
-1.506319921039089138e+02
-1.517027555589286294e+02
-1.534093918912988386e+02
-1.557766593439672818e+02
-1.587602578307133854e+02
-1.622524273788286564e+02
-1.660674568300935334e+02
-1.699195626343322658e+02
-1.734256811764559245e+02
-1.761653479561287838e+02
-1.777994869074728115e+02
-1.782084871690173884e+02
-1.775840692750190328e+02
-1.764102102933618141e+02
-1.752992321619786367e+02
-1.747113250402283029e+02
-1.746523322039328150e+02
-1.744709695280274389e+02
-1.728430397974620689e+02
-1.679623106229357745e+02
-1.578948481348811868e+02
-1.410160939266534967e+02
-1.164337903473397660e+02
-8.429407022190500243e+01
-4.587842332617452712e+01
-3.442679037676953158e+00
4.017806687198488191e+01
8.210103746138595682e+01
1.199192153872529190e+02
1.520695924208631027e+02
1.779534203611598855e+02
1.978117888494276428e+02
2.124477479887777633e+02
2.229174014541602276e+02
2.302806586972246237e+02
2.354435287366857210e+02
2.390826145857928680e+02
2.416342842681287379e+02
2.433347719950824910e+02
2.442899703258148350e+02
2.445410752934982952e+02
2.440963641273127962e+02
2.429239149512638107e+02
2.409252031071826821e+02
2.379159180085595722e+02
2.336296583438382015e+02
2.277496871933741147e+02
2.199719942616184198e+02
2.100973020548842669e+02
1.981291340288896947e+02
1.843343360176692727e+02
1.692292842508955459e+02
1.534918839382426086e+02
1.378354213169320701e+02
1.228889814353891978e+02
1.091166134438281716e+02
9.679170082293271093e+01
8.602542255322380527e+01
7.682425406206752427e+01
6.913585743209534940e+01
6.285635895940458084e+01
5.780682593088224053e+01
5.371073918063127905e+01
5.020100444008708962e+01
4.686572513181840094e+01
4.332302770958453664e+01
3.930213032442809151e+01
3.469929745132412791e+01
2.957798978618414409e+01
2.410329685529624300e+01
1.843733504494823450e+01
1.264586278700322453e+01
6.656360385709804817e+00
2.797603706581677230e-01
-6.713764046119102602e+00
-1.448913118552695067e+01
-2.304825652833802963e+01
-3.218034603163899021e+01
-4.148560533401691686e+01
-5.046740279567236342e+01
-5.865840623991206826e+01
-6.573371264787836310e+01
-7.157597201270773724e+01
-7.628321847169385705e+01
-8.013048927917076014e+01
-8.350158668715471322e+01
-8.680319735479790211e+01
-9.037336604786379723e+01
-9.440292588350143888e+01
-9.889045156075597731e+01
-1.036435410675383793e+02
-1.083294171316695582e+02
-1.125692457256755148e+02
-1.160579167479608600e+02
-1.186734963819333757e+02
-1.205312384363129183e+02
-1.219538829590106559e+02
-1.233690229275830461e+02
-1.251755428085878066e+02
-1.276249127147167144e+02
-1.307501725495269511e+02
-1.343604180707153830e+02
-1.381017506189737389e+02
-1.415680942682254226e+02
-1.444340561281173336e+02
-1.465760348631650629e+02
-1.481433759780728678e+02
-1.495470165853167828e+02
-1.513566314927922178e+02
-1.541280821655032014e+02
-1.582028137452505803e+02
-1.635233670879753731e+02
-1.695008470997210566e+02
-1.749625512224486101e+02
-1.782084871690173884e+02
-1.772047854465293995e+02
-1.699178930049409644e+02
-1.547409313925724632e+02
-1.309087900223441920e+02
-9.877579023501944278e+01
-5.985764248030830004e+01
-1.661265405285907093e+01
2.797527450363573465e+01
7.089113760979881818e+01
1.095364007693888340e+02
1.420449788458967078e+02
1.674355246584926249e+02
1.856094952950248569e+02
1.972260050994584901e+02
2.034891333377017872e+02
2.058823628736347757e+02
2.058890757256528730e+02
2.047472912002034207e+02
2.032891579073110506e+02
2.018995999045339147e+02
2.005934564851241930e+02
1.991686182955930917e+02
1.973645153985934257e+02
1.949579466800525154e+02
1.917635400166772399e+02
1.875594815606847305e+02
1.820053029201909283e+02
1.746312532849302102e+02
1.649456113834560824e+02
1.526406433356989965e+02
1.378154737711425923e+02
1.211100894801666357e+02
1.036713414795406578e+02
8.693599594209028680e+01
7.228881461530598074e+01
6.070262364978880498e+01
5.247239673425362128e+01
4.712208878173152726e+01
4.351255843507208709e+01
