-5.581663780146683251e+01
-2.657659970749573475e+01
-2.897134224656170431e+00
1.127222948592041973e+01
1.456666034955620148e+01
8.230976629350877261e+00
-4.660798860984439074e+00
-2.038034923266206988e+01
-3.566356273308570479e+01
-4.844813878083051861e+01
-5.810011294725854469e+01
-6.518040999956676274e+01
-7.092400359085860373e+01
-7.665067979638091344e+01
-8.330115843808552256e+01
-9.121295945071707933e+01
-1.001493270507357636e+02
-1.095076609034384063e+02
-1.185875745237050438e+02
-1.268064763765305685e+02
-1.338048335258932866e+02
-1.394490199375195232e+02
-1.437781812078298458e+02
-1.469431435187578359e+02
-1.491662759834700296e+02
-1.507267288203096030e+02
-1.519540662957465713e+02
-1.532067740267126226e+02
-1.548261535029992046e+02
-1.570758409624744161e+02
-1.600852218410696821e+02
-1.638145265188683197e+02
-1.680580539383162773e+02
-1.724917382785687323e+02
-1.767483190035448217e+02
-1.804883174201739280e+02
-1.834477924348993270e+02
-1.854705652214441045e+02
-1.865392069093219050e+02
-1.867961218755423829e+02
-1.865247911989966383e+02
-1.860756778383453423e+02
-1.857631336731480474e+02
-1.857874512055593925e+02
-1.862219542366785561e+02
-1.870583534463497699e+02
-1.882610901214070793e+02
-1.897755222853258772e+02
-1.914639793929765119e+02
-1.929818138396054223e+02
-1.936375506173509109e+02
-1.923047516232570331e+02
-1.874567256226424661e+02
-1.773634313318583509e+02
-1.604252060791373538e+02
-1.355476921884674653e+02
-1.024296430052306732e+02
-6.166843446139488094e+01
-1.466804815660524497e+01
3.659317987215929691e+01
8.985203879668746652e+01
1.428418564496072349e+02
1.935331607494838693e+02
2.403232960898083661e+02
2.821653415462950534e+02
3.186120078241328883e+02
3.497476107132841321e+02
3.760145380669213182e+02
3.979937519926336904e+02
4.162257573060444429e+02
4.311336524255334552e+02
4.430512941827686291e+02
4.523047846651940063e+02
4.592734164620373463e+02
4.643775458011454020e+02
4.679941467373960791e+02
4.703528713939962245e+02
4.714810206650374766e+02
4.712364703136423714e+02
4.694154942340688876e+02
4.658786718552755701e+02
4.606255005180918261e+02
4.537741004615007796e+02
4.454534541577656910e+02
4.356645870966648317e+02
4.241877803736398391e+02
4.105953686065668080e+02
3.943856365580035117e+02
3.752032598534981389e+02
3.530702346693141180e+02
3.285333710833016880e+02
3.026572946020478412e+02
2.768507370362221991e+02
2.525758234662081065e+02
2.310269436513245296e+02
2.128751044577617222e+02
1.981587316269628616e+02
1.863568688551370371e+02
1.766120383144952939e+02
1.680117725476663395e+02
1.598247586586083742e+02
1.516225929278841420e+02
1.432755008705957778e+02
1.348591982626677179e+02
1.265316035423398375e+02
1.184317789551186735e+02
1.106312018179027064e+02
1.031403932012397036e+02
9.594919055313927458e+01
8.906510349040824792e+01
8.251791870476186830e+01
7.631931641065605731e+01
7.039633111401050769e+01
6.454168811174616849e+01
5.842359881568662416e+01
5.166791501337336712e+01
4.398480117625857133e+01
3.528566780599126673e+01
2.573669926407798414e+01
1.572106674723896447e+01
5.723193110186485910e+00
-3.813660281664226659e+00
-1.259416720568583514e+01
-2.050385155354163658e+01
-2.757335718064254593e+01
-3.391430406274523079e+01
-3.967093790346024207e+01
-4.500416617522782303e+01
-5.009175084947571577e+01
-5.511885508661600852e+01
-6.024857756065597414e+01
-6.558262316878497700e+01
-7.113080864749511534e+01
-7.680214142865528970e+01
-8.241881907296030363e+01
-8.774908808254588166e+01
-9.255649671452920302e+01
-9.666094564338354189e+01
-9.999614285685163395e+01
-1.026400978472322265e+02
-1.048026653559244892e+02
-1.067734328189516759e+02
-1.088506968243025312e+02
-1.112781129800351323e+02
-1.142078849837531038e+02
-1.176928568505355202e+02
-1.216957317449747791e+02
-1.261015979752686178e+02
-1.307288215831428317e+02
-1.353444235643741820e+02
-1.396946745087194586e+02
-1.435538044192291807e+02
-1.467762050447367130e+02
-1.493263678161016230e+02
-1.512714064002135785e+02
-1.527472669358450332e+02
-1.539272884504807450e+02
-1.550151472255056717e+02
-1.562613014212816722e+02
-1.579795333721798727e+02
-1.605295996464852522e+02
-1.642409280000257752e+02
-1.692788354515583649e+02
-1.754836187961124949e+02
-1.822318422797559094e+02
-1.883757073688820753e+02
-1.923047516232570331e+02
-1.921391535732327327e+02
-1.860198605295702521e+02
-1.724339169383073056e+02
-1.505004541318600104e+02
-1.201553039169586441e+02
-8.219337621725551912e+01
-3.816080325317749100e+01
9.873101168055796961e+00
5.960690365783320033e+01
1.087992719441711387e+02
1.555147361982105281e+02
1.982942233101959459e+02
2.362348335186112536e+02
2.689730864685467964e+02
2.965804450871513041e+02
3.194022069762822866e+02
3.378916463843793281e+02
3.524938398452992487e+02
3.636080627759690742e+02
3.716138631297000074e+02
3.769113820470857945e+02
3.799268425721764970e+02
3.810694143961003419e+02
3.806660153442137471e+02
3.789141066355510929e+02
3.758770069680821280e+02
3.715228163641353376e+02
3.657905723483522706e+02
3.586554362414953516e+02
3.501598948379415788e+02
3.403882391092986381e+02
3.293899630126576312e+02
3.170910228674793530e+02
3.032464230520349702e+02
2.874708520129395311e+02
2.693463066647761934e+02
2.485680766563305326e+02
2.250719264458196278e+02
1.990962536197049246e+02
1.711675511758852224e+02
1.420328616673353110e+02
1.125764820815339249e+02
8.374550124241154947e+01
5.648418180577066039e+01
3.166084210907057184e+01
9.973747825077133200e+00
-8.159095940949733006e+00
-2.269907230146930743e+01
-3.403369256752494465e+01
-4.293289403160179774e+01
-5.039905145640695139e+01
-5.743061629427891290e+01
-6.476162525418340010e+01
-7.267222218598979566e+01
-8.095874455908531786e+01
-8.908970262186605282e+01
-9.648525682903029121e+01
-1.027995359502618982e+02
-1.080918520047889331e+02
-1.128305306691399892e+02
-1.177399943254474692e+02
-1.235497208047420514e+02
-1.307312276987384507e+02
-1.393169335259467516e+02
-1.488714784834089642e+02
-1.586290917252367478e+02
-1.677421861076348932e+02
-1.755414074552816714e+02
-1.817085959563674180e+02
-1.863084635838238512e+02
-1.896880555403390645e+02
-1.923047516232570331e+02
-1.945619440565636751e+02
-1.967141317201096626e+02
-1.988637658980970002e+02
-2.010271691654313599e+02
-2.032134543098075312e+02
-2.054592140070893436e+02
-2.077966941389475721e+02
-2.101782972484168113e+02
-2.124074112185281251e+02
-2.141260155786467863e+02
-2.148830204641992623e+02
-2.142631600820269568e+02
-2.120232187571086229e+02
-2.081838008330545620e+02
-2.030522133787108601e+02
-1.971809361861234322e+02
-1.912811296014899085e+02
-1.861083752032335497e+02
-1.823284560378681931e+02
-1.803739514267660127e+02
-1.803223082723627044e+02
-1.818411293058827312e+02
-1.842354409609473862e+02
