1.437246237970619234e+00
-1.384375336744205924e+02
-2.607172880337521974e+02
-3.525204060910422186e+02
-4.081305892732670486e+02
-4.289285929421017158e+02
-4.211473816581859637e+02
-3.927593916371542377e+02
-3.508043077256241418e+02
-2.999385603922555106e+02
-2.423226743955049471e+02
-1.784605171137002628e+02
-1.083951247231079265e+02
-3.272218276980144225e+01
4.690416793958114283e+01
1.278369783514312701e+02
2.069151941613563110e+02
2.810902463116449894e+02
3.479683316340128272e+02
4.061417880558381626e+02
4.552710094224627255e+02
4.959300858302259485e+02
5.292761381805205474e+02
5.566479099860412134e+02
5.792155499983866775e+02
5.977760687110342133e+02
6.127304593759562295e+02
6.242128127548608063e+02
6.322905605111352543e+02
6.371364880728910975e+02
6.390997877408473187e+02
6.386633337629934886e+02
6.363252093426675629e+02
6.324512902081571610e+02
6.271290790420935082e+02
6.200528493712706677e+02
6.104921665841834511e+02
5.973972555124727251e+02
5.796431681851903477e+02
5.563405156229655404e+02
5.271068433712605383e+02
4.922201939137636373e+02
4.526242363266078428e+02
4.097849550195821280e+02
3.654264560242427251e+02
3.212177985904924071e+02
2.785143282593810454e+02
2.382343587916371348e+02
2.008840244433350790e+02
1.666777005006449599e+02
1.356756999069376093e+02
1.078788769522156770e+02
8.325828220339734287e+01
6.172770991095433146e+01
4.307995841716294194e+01
2.691887426144372597e+01
1.263216596662013558e+01
-5.554413852832738030e-01
-1.344443654483673178e+01
-2.668160602175873208e+01
-4.061230287621025781e+01
-5.522768184924571244e+01
-7.023261224015230653e+01
-8.521241510618642678e+01
-9.983400818682147815e+01
-1.139975820956331916e+02
-1.278786018328383847e+02
-1.418551258631271708e+02
-1.563595360018530300e+02
-1.717050418025209240e+02
-1.879342088910906909e+02
-2.047364377332344247e+02
-2.214729160657945783e+02
-2.373177467984456541e+02
-2.514819385228354065e+02
-2.634530406041430979e+02
-2.731703900792600734e+02
-2.810691656443330544e+02
-2.879662915039243671e+02
-2.948197808628274288e+02
-3.024486054282601799e+02
-3.113208335207838786e+02
-3.214826677341997083e+02
-3.326267860056089489e+02
-3.442354420813104525e+02
-3.557230239893376620e+02
-3.665374058116852325e+02
-3.762173841027748722e+02
-3.844176527561285752e+02
-3.909131545036138391e+02
-3.955985787507338500e+02
-3.985037082657829615e+02
-3.998375144666620713e+02
-4.000469887035342254e+02
-3.998410582632152455e+02
-4.001136775895998881e+02
-4.017323291618463372e+02
-4.052354977962769453e+02
-4.105595585255239826e+02
-4.169375368999995999e+02
-4.230554332662356956e+02
-4.274382322368064706e+02
-4.289285929421017158e+02
-4.270802459104262425e+02
-4.223309173892749300e+02
-4.159058014217910113e+02
-4.094842707678728289e+02
-4.047240236230878168e+02
-4.027812613929353347e+02
-4.039796274888775542e+02
-4.077426847249436150e+02
-4.128178503526598320e+02
-4.177155958873062787e+02
-4.212037827075202472e+02
-4.226704524280575583e+02
-4.222278064014378174e+02
-4.205553658192144439e+02
-4.185921595192696145e+02
-4.172170684432497865e+02
-4.170125030607651411e+02
-4.181511304154794288e+02
-4.204142384249255429e+02
-4.233288077828203200e+02
-4.263757640331642733e+02
-4.291839633467034218e+02
-4.316183555993529808e+02
-4.337144082523712427e+02
-4.354786347150271126e+02
-4.366266723138901398e+02
-4.363521647384996527e+02
-4.332161803847346846e+02
-4.252150716235679511e+02
-4.100258093749317254e+02
-3.853656733388225462e+02
-3.493708739044889739e+02
-3.009137445255835814e+02
-2.398270623756599775e+02
-1.670437582046417333e+02
-8.465093685634789722e+01
4.189993138117045213e+00
9.552760787762554173e+01
1.851278847909375997e+02
2.691160645220675178e+02
3.445752296457493458e+02
4.099239020676671998e+02
4.649874816511108975e+02
5.107873478261035984e+02
5.491243904340044537e+02
5.820448601408138529e+02
6.113008136789150058e+02
6.379501162992575019e+02
6.622221260370496339e+02
6.836782450971645630e+02
7.015693436835382499e+02
7.152171320035974986e+02
7.242700399172955485e+02
7.287776666747337231e+02
7.291204635151875664e+02
7.258712565272085158e+02
7.196480441237193872e+02
7.109782235104365782e+02
7.001767170787850318e+02
6.872536356588117314e+02
6.718812182725203002e+02
6.534451151935709277e+02
6.311947484106244701e+02
6.044939769695805580e+02
5.731315780623785940e+02
5.375874155297613015e+02
4.991259541150675432e+02
4.596450782437781299e+02
4.213102615823377164e+02
3.860899220585218927e+02
3.553468029186906847e+02
3.296226644004111677e+02
3.086748053443209301e+02
2.917142681392874124e+02
2.777247555330705495e+02
2.657442486393628656e+02
2.550388728794376050e+02
2.451496997031512137e+02
2.358363338512406244e+02
2.269708419970611999e+02
2.184378429418070766e+02
2.100734524332287947e+02
2.016506106649998173e+02
1.929067996750590055e+02
1.836049551799764572e+02
1.736067844516302614e+02
1.629234221945765739e+02
1.517086335255729068e+02
1.401848752762501249e+02
1.285343987665553982e+02
1.168212604480459760e+02
1.050016932129934020e+02
9.301778332326679788e+01
8.089874022314613455e+01
6.878685151464372893e+01
5.687100726029689923e+01
4.528278999814058636e+01
3.403013510300137057e+01
2.301371688330657150e+01
1.212139350546364724e+01
1.348794119676590242e+00
-9.129415654302313499e+00
-1.899318674245945715e+01
-2.791319596933765013e+01
-3.572428989146000333e+01
-4.254062894468729894e+01
-4.873978783518339242e+01
-5.481433124658305189e+01
-6.116904265464590651e+01
-6.797342156963220816e+01
-7.513660626521483721e+01
-8.239240049435318269e+01
-8.943136160504650434e+01
-9.602013309633088056e+01
-1.020780612818619204e+02
-1.077055744151465717e+02
-1.131671610203471232e+02
-1.188299322557774076e+02
-1.250622678382734989e+02
-1.321128620271461216e+02
-1.400048883058860838e+02
-1.484809862633778152e+02
-1.570279885047125958e+02
-1.649977257059090050e+02
-1.718101383402912177e+02
-1.771783494873410234e+02
-1.812621054432105439e+02
-1.846709900363034933e+02
-1.883039493867329668e+02
-1.930859537552570089e+02
-1.997012842762767093e+02
-2.084174286520973851e+02
-2.190576411086576627e+02
-2.311228834448927500e+02
-2.440013546890495491e+02
-2.571704174506703566e+02
-2.703153388327780249e+02
-2.833460988937864613e+02
-2.963452351334439072e+02
-3.094973054959284013e+02
-3.230343817600204375e+02
-3.371951678276810185e+02
-3.521597751578107136e+02
-3.679232047255611633e+02
-3.841223629977779410e+02
-3.998925096409622597e+02
-4.138405085313208929e+02
-4.241714328446846594e+02
-4.289285929421017158e+02
-4.262515199937169541e+02
-4.145522011001252167e+02
-3.925605306944179915e+02
-3.592712573724849676e+02
-3.138990250129564288e+02
-2.559749304966599652e+02
-1.856580827488998011e+02
-1.041875611971459250e+02
-1.424254694025938761e+01
8.006562075305522796e+01
