-1.811457154695265785e+02
-2.522742915162880593e+02
-3.082776452391491944e+02
-3.371758480464502554e+02
-3.318559109536608958e+02
-2.907043350226927600e+02
-2.170100249264805257e+02
-1.175933954726384627e+02
-1.162727127599168853e+00
1.232261711439946339e+02
2.473824356950958645e+02
3.647537258806432874e+02
4.707409169709865182e+02
5.626257790445857836e+02
6.392557435323938080e+02
7.006462138071321988e+02
7.476161577234468041e+02
7.815019384322201859e+02
8.039444602080430968e+02
8.167274394618407314e+02
8.216354038748086168e+02
8.202962697175123594e+02
8.140015987054844118e+02
8.035521085260004384e+02
7.892086766628101486e+02
7.708049139328871888e+02
7.480044376377070421e+02
7.206056137866549989e+02
6.887617578741824218e+02
6.530234197438314823e+02
6.141961539254302807e+02
5.730866855475364900e+02
5.302469005517594951e+02
4.858182544693019054e+02
4.395405331755816860e+02
3.909280238383912547e+02
3.395529578424214492e+02
2.853387905282813790e+02
2.287659210155915730e+02
1.709207451112681042e+02
1.133658265335966178e+02
5.786503238247368586e+01
6.043767363508735002e+00
-4.091413207500419702e+01
-8.243733604695482597e+01
-1.185499605796719322e+02
-1.496847791408475814e+02
-1.764165457686978868e+02
-1.992236438622645096e+02
-2.183532682076031506e+02
-2.338257073603422498e+02
-2.455779283780456410e+02
-2.536928818732633033e+02
-2.586062372470493074e+02
-2.611799958575090841e+02
-2.625966083104097493e+02
-2.641175321241745451e+02
-2.668123752766784378e+02
-2.713617200532241895e+02
-2.779774116168813407e+02
-2.864243028194932776e+02
-2.961084578284139184e+02
-3.062052254701159768e+02
-3.158080550243941502e+02
-3.240797981719421728e+02
-3.303869469338822569e+02
-3.343984331606000069e+02
-3.361392182717308401e+02
-3.359971535240450748e+02
-3.346754399466774998e+02
-3.330723884440822076e+02
-3.320864906175985425e+02
-3.323941076586472718e+02
-3.342853903918102105e+02
-3.376253533610038176e+02
-3.419428158259913744e+02
-3.465919445172600035e+02
-3.509148465112400004e+02
-3.543599216567663461e+02
-3.565531051315086870e+02
-3.573392655254635883e+02
-3.567948137896903518e+02
-3.551907309189057287e+02
-3.528961309571209313e+02
-3.502507293111597164e+02
-3.474561791197622824e+02
-3.445161466579984335e+02
-3.412215264088285949e+02
-3.371758480464502554e+02
-3.318844964128231823e+02
-3.249328838155410040e+02
-3.162165470106266412e+02
-3.061001156470518936e+02
-2.953770140935697555e+02
-2.850004326108100940e+02
-2.756987806620779793e+02
-2.676806328339509946e+02
-2.606067283132651937e+02
-2.538606700732951822e+02
-2.469723648773874629e+02
-2.399535275758377111e+02
-2.333425968207650385e+02
-2.278924264931639527e+02
-2.239934570876911266e+02
-2.210344247415980590e+02
-2.169258901132536721e+02
-2.079687625746519188e+02
-1.891782039860839859e+02
-1.550767880460178390e+02
-1.008344117229488575e+02
-2.348285936083135539e+01
7.714919203754936916e+01
1.980866144490538545e+02
3.335874733506187226e+02
4.761809998610613661e+02
6.180818496506850579e+02
7.525608942979228004e+02
8.748698794772160454e+02
9.825053024650068210e+02
1.074868789972665809e+03
1.152598276116696979e+03
1.216897644153327747e+03
1.269078068076162026e+03
1.310350162959789714e+03
1.341791358131439210e+03
1.364389197115037405e+03
1.379087715723780775e+03
1.386797584332849510e+03
1.388359749067938537e+03
1.384482089390490728e+03
1.375690047909661871e+03
1.362326049380435961e+03
1.344603360448181320e+03
1.322691372889142713e+03
1.296792643351785500e+03
1.267171851225744831e+03
1.234121465465311303e+03
1.197890432545860676e+03
1.158629623398172271e+03
1.116397491321433336e+03
1.071232658425907175e+03
1.023269752137604200e+03
9.728635054687111960e+02
9.206781023446410472e+02
8.676925539695910174e+02
8.150964967105247752e+02
7.641106737846134820e+02
7.158163791497661350e+02
6.710662938938949083e+02
6.304813578261000657e+02
5.944779244765583144e+02
5.632696000848201265e+02
5.368377744853607965e+02
5.149104897739806574e+02
4.969930786055588783e+02
4.824599547604994427e+02
4.706759912086419035e+02
4.610958630794908117e+02
4.532991795689702599e+02
4.469507490985560025e+02
4.417111058119796212e+02
4.371445905976016206e+02
4.326749583065773663e+02
4.276206882351252148e+02
4.213035619881409275e+02
4.131838451784270774e+02
4.029654958505316813e+02
3.906388826682332365e+02
3.764588494031747814e+02
3.608754048563848755e+02
3.444462283859039076e+02
3.277576550207126616e+02
3.113533527165488408e+02
2.956449898476685121e+02
2.807986318101691268e+02
2.666425137219257522e+02
2.526691868778349601e+02
2.381737718738403942e+02
2.224981829399234812e+02
2.052871888199832995e+02
1.866445723911911045e+02
1.671121629949701628e+02
1.474667577208827538e+02
1.284140525591144524e+02
1.103141250207737585e+02
9.306616262594144473e+01
7.620875685369861685e+01
5.918565823259535819e+01
4.164040302729432597e+01
2.359209032240579518e+01
5.418023668926707614e+00
-1.232375444401247933e+01
-2.912846815005582357e+01
-4.473421759682929633e+01
-5.921763922866779239e+01
-7.299054977704935254e+01
-8.670528471208962173e+01
-1.010805087276508516e+02
-1.166819645377935899e+02
-1.337285367629862662e+02
-1.520106686543916226e+02
-1.709780693697184120e+02
-1.899824199615252951e+02
-2.085826352113211897e+02
-2.267713935413385116e+02
-2.449876898678962789e+02
-2.638519915782643466e+02
-2.836787298170404483e+02
-3.039296766397241072e+02
-3.228114037575259090e+02
-3.371758480464502554e+02
-3.427925977347325670e+02
-3.349680873260075487e+02
-3.094073063804590902e+02
-2.631203080219017920e+02
-1.951650650905082216e+02
-1.070673988644790029e+02
-2.832042947288130108e+00
1.114840967046641538e+02
2.286087547363360954e+02
3.411807376062474759e+02
4.429291665426273426e+02
5.295967732559288379e+02
5.993431621375914347e+02
6.525344738216822407e+02
6.910444528874891148e+02
7.173486921741844071e+02
7.337238187484990704e+02
7.417700941142470583e+02
7.423138441022445022e+02
7.355987515560216252e+02
7.216126061080052523e+02
7.004204617332161433e+02
6.724245285500053342e+02
6.384967941268832874e+02
5.999434013326409740e+02
5.582934234859960725e+02
5.149625122540194297e+02
4.708993552632215938e+02
4.263527301398120812e+02
3.808725371439379046e+02
3.335647879366501343e+02
2.834962502022623312e+02
2.300752077161770330e+02
1.732719148937347313e+02
1.136478749074861128e+02
5.225472466364919910e+01
-9.509686477681228212e+00
-7.003311494570559148e+01
-1.276054528061111313e+02
-1.805443070876327170e+02
-2.273416399927117197e+02
-2.668170158253460045e+02
-2.982579934674506603e+02
-3.215367864524358197e+02
-3.371758480464502554e+02
-3.463009444009374533e+02
-3.504305833880541172e+02
-3.511310850261547785e+02
-3.496584013317182098e+02
-3.467326108127673479e+02
-3.425304430528467492e+02
