-1.914332778426054205e+01
-2.058717518506980682e+01
-2.186723209935346190e+01
-2.285222668416063030e+01
-2.349316171284052501e+01
-2.387316756323345857e+01
-2.422507580224861812e+01
-2.488770382393986935e+01
-2.620032328785338649e+01
-2.837369734096299823e+01
-3.140062923708812193e+01
-3.505321894851699938e+01
-3.896342261882230673e+01
-4.273932329366299143e+01
-4.606586286320479218e+01
-4.876664926182024118e+01
-5.082749674331609668e+01
-5.238408781845651419e+01
-5.366940277687638172e+01
-5.492348101640669711e+01
-5.629047093354348164e+01
-5.774641467553325214e+01
-5.909598625450173870e+01
-6.004493019937296339e+01
-6.031580114281337757e+01
-5.975472534225396259e+01
-5.838718218218782141e+01
-5.640746543491821541e+01
-5.411249429113723863e+01
-5.181084966660633029e+01
-4.974611848835292705e+01
-4.806034419790010048e+01
-4.679665619744442751e+01
-4.592278136560801016e+01
-4.535780985447554770e+01
-4.499438737064689775e+01
-4.471944044062230006e+01
-4.444172413542764843e+01
-4.412622409958881065e+01
-4.382023622215405823e+01
-4.365179516986866304e+01
-4.379329011320880483e+01
-4.439982107437917591e+01
-4.554190471418624497e+01
-4.715444432826002696e+01
-4.902209350467636284e+01
-5.081453588552484746e+01
-5.216945795187765356e+01
-5.280066940740768189e+01
-5.259795547566885432e+01
-5.168791718971846905e+01
-5.043172643525349486e+01
-4.934629063161502671e+01
-4.896108175297699461e+01
-4.965685976494790310e+01
-5.154697584320913961e+01
-5.444429548125108909e+01
-5.792330003546067019e+01
-6.145612322644915793e+01
-6.457483583974020291e+01
-6.699177681381097216e+01
-6.861586027121420273e+01
-6.945205930772345937e+01
-6.943764459670889266e+01
-6.830204588829140278e+01
-6.551912122064474886e+01
-6.037448134111546949e+01
-5.212670599485119993e+01
-4.021557375624459496e+01
-2.446132134851237083e+01
-5.197224984668045167e+00
1.671313577516115600e+01
3.998992265828125880e+01
6.315146096276839671e+01
8.476844636221682094e+01
1.036976727936283140e+02
1.192481561942306030e+02
1.312462634670944226e+02
1.399872593066732236e+02
1.460902634041551664e+02
1.503002846651513948e+02
1.532943265877647434e+02
1.555456403646908825e+02
1.572821653525263628e+02
1.585447893697377708e+02
1.593124951690385842e+02
1.596268411643948752e+02
1.596422635508619123e+02
1.595704187920571258e+02
1.595583099146108736e+02
1.595883244850413405e+02
1.594736319711514057e+02
1.589570337991934821e+02
1.578539566568993564e+02
1.561521569887969463e+02
1.540042089653141488e+02
1.516091377044992328e+02
1.490426717020068565e+02
1.461260846893793257e+02
1.424070349822239336e+02
1.372747843897822122e+02
1.301734001136017582e+02
1.208358224564485823e+02
1.094542188309405191e+02
9.672583324285581341e+01
8.375300944476998666e+01
7.181654064367774026e+01
6.207615966593316159e+01
5.527799514270049031e+01
5.156135997855042774e+01
5.044173908181197419e+01
5.098831414963526498e+01
5.212966971364735258e+01
5.296316475316035621e+01
5.295316325385634570e+01
5.197037368705431248e+01
5.019944561348175682e+01
4.798112016104654032e+01
4.565221837435976937e+01
4.342518720448189384e+01
4.133066808536999304e+01
3.923344515798504517e+01
3.691489936593330157e+01
3.419111159153967350e+01
3.101830344280307372e+01
2.754280585237646051e+01
2.407704695880367751e+01
2.100782194839234052e+01
1.866291722308588419e+01
1.718123796708628603e+01
1.644210686911497632e+01
1.609438116334355939e+01
1.568155402644194751e+01
1.480814358017327592e+01
1.327246846253807888e+01
1.111639836843161078e+01
8.589846300409305968e+00
6.061164923004071170e+00
3.911202867062158361e+00
2.438131671607834505e+00
1.786291453569283760e+00
1.905220417309053005e+00
2.548415452458357322e+00
3.326346184385783999e+00
3.815949990023021599e+00
3.694510787368692206e+00
2.836791105806021562e+00
1.325402880020298824e+00
-6.250890626843172981e-01
-2.780147413687792834e+00
-4.972592911445261166e+00
-7.133937885313805793e+00
-9.277156557274636839e+00
-1.145709497259060328e+01
-1.372938550766211563e+01
-1.611746343163875395e+01
-1.859486381180245473e+01
-2.109006984058007106e+01
-2.351174740291176590e+01
-2.577900998588188486e+01
-2.784069103187432859e+01
-2.968092706062266473e+01
-3.131913458298090802e+01
-3.280925991070591863e+01
-3.423492094317563783e+01
-3.569827874641795518e+01
-3.730895293259348477e+01
-3.917858454118305644e+01
-4.141100067036695975e+01
-4.406780299557406977e+01
-4.710870198044864310e+01
-5.034305104006837439e+01
-5.344146169272565317e+01
-5.602404831086461456e+01
-5.779175628578006751e+01
-5.864087441858657712e+01
-5.871325818895162740e+01
-5.836905630951892476e+01
-5.809824421529309291e+01
-5.839635571330641994e+01
-5.962277659882357739e+01
-6.185756360411087940e+01
-6.478842929595516864e+01
-6.767647080860044184e+01
-6.943764459670889266e+01
-6.883522727375691375e+01
-6.473673071175876714e+01
-5.637086845950268810e+01
-4.351943397713614559e+01
-2.659504218452437385e+01
-6.583705467065243511e+00
1.513320122217816532e+01
3.703206972044586109e+01
5.771217069174529257e+01
7.610886423942861256e+01
9.160854136715406071e+01
1.040497068715323365e+02
1.136276067019368270e+02
1.207458542106505206e+02
1.258694616777801514e+02
1.294222922782725504e+02
1.317435862251092260e+02
1.330910034625559888e+02
1.336658460943576756e+02
1.336406941951042882e+02
1.331804825996897534e+02
1.324531128498394423e+02
1.316240302495779986e+02
1.308307558787709297e+02
1.301435922186897756e+02
1.295310367718433611e+02
1.288527283443762599e+02
1.278937885382503765e+02
1.264336409698083941e+02
1.243193410815254794e+02
1.215042854559050909e+02
1.180282462308544495e+02
1.139463230460305567e+02
1.092430296799508938e+02
1.037773201547992983e+02
9.729037749194445439e+01
8.947880894731230228e+01
8.010810400030271694e+01
6.912818441446576401e+01
5.675591970913293238e+01
4.349974934877032240e+01
3.011251672280686620e+01
1.747346181532780918e+01
6.421275639057178353e+00
-2.420705672424216637e+00
-8.779258019407647495e+00
-1.278814159864373501e+01
-1.495178528364112402e+01
-1.602365595621337491e+01
-1.682322005259649700e+01
-1.802846507219501504e+01
-1.999702465568717713e+01
-2.268074178846484656e+01
-2.568494998258182349e+01
-2.847029913397155809e+01
-3.061969959908223871e+01
-3.204580649697455641e+01
-3.303693763208960377e+01
-3.412302196233115126e+01
-3.583457867652832363e+01
-3.847267984618621739e+01
-4.198906994420718064e+01
-4.601580447724154510e+01
-5.001959525082736491e+01
-5.351052332118148058e+01
-5.621718520822339826e+01
-5.815906847943576707e+01
-5.959826229208039194e+01
-6.090565259273186882e+01
-6.239965697920638377e+01
-6.421129856956414983e+01
-6.622053776613714149e+01
-6.809620486385679783e+01
-6.943764459670889266e+01
-6.996349642901648735e+01
-6.965792600079561225e+01
-6.879971172397409873e+01
