-4.113156911181222597e+01
-4.123140200069004635e+01
-4.200208665322330859e+01
-4.400252353660235372e+01
-4.754358569268158163e+01
-5.261052034054923610e+01
-5.884817489917128341e+01
-6.563217975969689633e+01
-7.222043939006820779e+01
-7.793683283742613810e+01
-8.231798834503328521e+01
-8.517595859066878461e+01
-8.657883397724805263e+01
-8.679006411036546353e+01
-8.620735797176486415e+01
-8.530668116189202976e+01
-8.456140854882514191e+01
-8.430844443155899626e+01
-8.457506510270141575e+01
-8.493190323355209159e+01
-8.446217292090483397e+01
-8.191071944643584857e+01
-7.599994828042643746e+01
-6.581077348495625756e+01
-5.108363152733539891e+01
-3.232844967261275571e+01
-1.071692404977751778e+01
1.218973867337029660e+01
3.478234065748920045e+01
5.571420623552680240e+01
7.410236567110840156e+01
8.958198321783281415e+01
1.022246418492829747e+02
1.123702913004632649e+02
1.204402723631302763e+02
1.267916422275180395e+02
1.316486582956370057e+02
1.351180637582170334e+02
1.372692732005503444e+02
1.382404301917292173e+02
1.383183793915139859e+02
1.379458144281204568e+02
1.376420859262893543e+02
1.378711139741377565e+02
1.389178388043428072e+02
1.408256603946769587e+02
1.434124734837239430e+02
1.463464231595467595e+02
1.492420621065207342e+02
1.517388806627834583e+02
1.535429130211828692e+02
1.544337995019038772e+02
1.542487982339314954e+02
1.528533848195539235e+02
1.501101865088908482e+02
1.458678805750537890e+02
1.399956355881769525e+02
1.324715305066409314e+02
1.234941830102428071e+02
1.135492557444487005e+02
1.033662200740415500e+02
9.375893429211447483e+01
8.541565521350531753e+01
7.873399876045530732e+01
7.376852246051043949e+01
7.030029685044976873e+01
6.798382838931004812e+01
6.649919345202781074e+01
6.564520968897105035e+01
6.534537795543593575e+01
6.558021185598082070e+01
6.628951602252899988e+01
6.729969664213868441e+01
6.831698353784094024e+01
6.898751036351978883e+01
6.898702417368969009e+01
6.809801097728565367e+01
6.625523339935152478e+01
6.356230060851763142e+01
6.028555032340364050e+01
5.682195951809706003e+01
5.362930837209033541e+01
5.111441993813204476e+01
4.950222516977245846e+01
4.873648646678697105e+01
4.846460878022363516e+01
4.812582262575980252e+01
4.711743494678479038e+01
4.498564483226692090e+01
4.157831910863814073e+01
3.710069028451683693e+01
3.204232033695176085e+01
2.700094656798613002e+01
2.248385817321738145e+01
1.877507601829186967e+01
1.591082777303148532e+01
1.374539502070150832e+01
1.205521779309379937e+01
1.062976022094537143e+01
9.317497997119914999e+00
8.020372981590107031e+00
6.653528437735879209e+00
5.102768717029029233e+00
3.213386155879604189e+00
8.278276182944281913e-01
-2.138496644851706208e+00
-5.619658951064756991e+00
-9.365487842566729171e+00
-1.298524793202584959e+01
-1.607121196732533264e+01
-1.836171914737131061e+01
-1.986972666475747928e+01
-2.090727407757412948e+01
-2.198397183877027317e+01
-2.361882513049688725e+01
-2.614374074495415812e+01
-2.957899329220499851e+01
-3.362956790340568602e+01
-3.780078408767414544e+01
-4.158326574297618095e+01
-4.463135524145086208e+01
-4.686510011840471179e+01
-4.846239162740742756e+01
-4.975984251554908155e+01
-5.111939575516976220e+01
-5.281965572057708869e+01
-5.500283032172676201e+01
-5.767490983570192498e+01
-6.073713856181582571e+01
-6.402609832402968948e+01
-6.735044960411637760e+01
-7.052101772708513749e+01
-7.337376935860936555e+01
-7.578799537164881883e+01
-7.770174018620969036e+01
-7.911886889198829920e+01
-8.010029401505063618e+01
-8.074603323983588155e+01
-8.118522226479409198e+01
-8.157458348505187473e+01
-8.207803257863393753e+01
-8.280132661021833940e+01
-8.369342970653286784e+01
-8.446217292090483397e+01
-8.455307649752005261e+01
-8.321631321396887415e+01
-7.966018908074559590e+01
-7.325686540900706234e+01
-6.373245737287399493e+01
-5.126405523351397164e+01
-3.644413664164994771e+01
-2.013278141124945364e+01
-3.257262069091993339e+00
1.337148606039300347e+01
2.916554932209990980e+01
4.376300298772008546e+01
5.695216794108982583e+01
6.857929375579331577e+01
7.849810417310828825e+01
8.658568702607425394e+01
9.281065416357427011e+01
9.731290471037027601e+01
1.004485522862861018e+02
1.027703774152389258e+02
1.049427316893212918e+02
1.076146083772553510e+02
1.112874836695998937e+02
1.162135826288536862e+02
1.223480136691796645e+02
1.293628149192574313e+02
1.367160911691789522e+02
1.437536853655322489e+02
1.498129414405516400e+02
1.543097136183014868e+02
1.568104540242505891e+02
1.570954797746511531e+02
1.552006754701149021e+02
1.514062128880527212e+02
1.461506272476670460e+02
1.398878174196668738e+02
1.329424037052906442e+02
1.254247604283077493e+02
1.172411309042444003e+02
1.081965956076536912e+02
9.815359790422061792e+01
8.718465776272056189e+01
7.565450501507883985e+01
6.418981206659215388e+01
5.354040327010510225e+01
4.438679054915721878e+01
3.717443661917312170e+01
3.203478505252969910e+01
2.880113690836574136e+01
2.708189797882035776e+01
2.634343240413321041e+01
2.598006194311737005e+01
2.538211125223394760e+01
2.401962072313018126e+01
2.153403268897998402e+01
1.780604456355760590e+01
1.297229305184469794e+01
7.384106100233143621e+00
1.516612651269877432e+00
-4.151787197160947684e+00
-9.255213118527793270e+00
-1.361244359903377443e+01
-1.723553432829347543e+01
-2.028882560581019945e+01
-2.303409294281653175e+01
-2.578885683031315068e+01
-2.889426056566544432e+01
-3.266715751265719092e+01
-3.732171395717269746e+01
-4.287853298372884581e+01
-4.910193198266006220e+01
-5.550382561936693548e+01
-6.143492044168762334e+01
-6.625623310924592602e+01
-6.954569457784410247e+01
-7.126179307437412547e+01
-7.178654364146295563e+01
-7.181263799210381649e+01
-7.210510138911865852e+01
-7.322571310938462830e+01
-7.533198338467613553e+01
-7.813446218332950366e+01
-8.102446949940502918e+01
-8.330990608294497690e+01
-8.446217292090483397e+01
-8.428803409490458876e+01
-8.297477382309759264e+01
-8.100076187310264686e+01
-7.895061307592808930e+01
-7.730771605274203750e+01
-7.629913706493782399e+01
-7.584307916297711927e+01
-7.561417761170595497e+01
-7.520355749220507846e+01
-7.431155868268928089e+01
-7.288840595738295747e+01
-7.115432589777964267e+01
-6.948720460054019554e+01
-6.823394303281138207e+01
-6.754049667725428208e+01
-6.728211008946024663e+01
-6.712030715383180279e+01
-6.665224112710818360e+01
-6.558274676811819859e+01
-6.384823166507960224e+01
-6.164736598670970125e+01
-5.937541036752822521e+01
-5.749818001028587133e+01
-5.641630946557424409e+01
-5.635694313990013171e+01
-5.730845729334383520e+01
-5.900602132039687575e+01
-6.097980203081274198e+01
-6.267132614134241919e+01
-6.359611051545680027e+01
-6.350095105302306564e+01
-6.245723715315628510e+01
-6.085027713441685648e+01
