-2.909908028096192467e+01
2.419878997015515054e+01
6.945580632725945236e+01
1.008929204718337758e+02
1.163805669529061788e+02
1.174905302962694691e+02
1.084262684602737181e+02
9.441025575366062128e+01
8.015248625126247362e+01
6.883812864267318332e+01
6.179958810366694166e+01
5.878673452315794634e+01
5.858453124383598976e+01
5.968260925414686824e+01
6.077054609745781022e+01
6.096781282796656853e+01
5.982822264198212991e+01
5.722796602802942800e+01
5.324043772771106831e+01
4.805205478571000555e+01
4.192505669530446966e+01
3.518714838738491579e+01
2.822135419258692579e+01
2.143582028743506029e+01
1.520947763182190116e+01
9.829096498230338597e+00
5.445458039330379307e+00
2.075503802182241841e+00
-3.362607936948207588e-01
-1.810716031161535566e+00
-2.229276860306230734e+00
-1.297752651945484281e+00
1.377333851838164591e+00
6.118720433008498105e+00
1.299571359503920931e+01
2.172399006900507246e+01
3.169768241313179402e+01
4.213288556747374258e+01
5.225220230719160952e+01
6.143474351805532763e+01
6.928600875881062393e+01
7.562280596214088746e+01
8.040268182744119940e+01
8.364713843840738150e+01
8.540259410110400040e+01
8.575004161301919225e+01
8.483839485517881940e+01
8.290862752992103424e+01
8.029367149100782797e+01
7.739524475604044085e+01
7.464135849484571850e+01
7.242727642427659873e+01
7.104724939348984947e+01
7.063350743761256467e+01
7.112611573689132172e+01
7.229229657209771176e+01
7.379135844297604763e+01
7.525355943542204784e+01
7.633318362161753612e+01
7.671995479692154163e+01
7.612923538269954804e+01
7.430722647686681626e+01
7.107179041988500501e+01
6.638019520314449551e+01
6.039238026991689168e+01
5.348982990775549240e+01
4.621927630711402202e+01
3.916127862023558492e+01
3.276648658177836637e+01
2.722777164549238549e+01
2.244194016276185266e+01
1.807312617626616102e+01
1.369479565467501558e+01
8.971216241791996282e+00
3.825951502304317131e+00
-1.470299475353184171e+00
-6.348952056243255981e+00
-1.012907863472477032e+01
-1.226674117647007378e+01
-1.256291662186322355e+01
-1.124908756390162701e+01
-8.926011992699738329e+00
-6.386489130991545693e+00
-4.387990099228526120e+00
-3.451294601217210989e+00
-3.749628644127234622e+00
-5.125478441297845578e+00
-7.217777977018297264e+00
-9.626342592747736404e+00
-1.202677813779054183e+01
-1.419516395899904992e+01
-1.596786738393715410e+01
-1.719355614054461157e+01
-1.771931453268885903e+01
-1.741988302678183942e+01
-1.625561534555752274e+01
-1.433259900000665610e+01
-1.193273415481747435e+01
-9.487051977826919114e+00
-7.485910408988463161e+00
-6.347340651212501683e+00
-6.285984235309804546e+00
-7.232061087392892773e+00
-8.841844246802743612e+00
-1.061264858360864949e+01
-1.206481750285951549e+01
-1.290838239701523094e+01
-1.311500910947040666e+01
-1.287144588926747346e+01
-1.245556794079595164e+01
-1.210545674233942393e+01
-1.193814634604580149e+01
-1.193909959890722661e+01
-1.201024955416531625e+01
-1.204539205577657413e+01
-1.199578890409889098e+01
-1.189382039494105214e+01
-1.182356641227592320e+01
-1.186259991417977488e+01
-1.204440442307102188e+01
-1.237689836528149812e+01
-1.290308067524461677e+01
-1.374544315396552463e+01
-1.507880946856835180e+01
-1.702910274235812693e+01
-1.955470158663504066e+01
-2.238461294005358582e+01
-2.505587003849921501e+01
-2.704037799850533474e+01
-2.791099774697703850e+01
-2.748460159502743494e+01
-2.589514226416453369e+01
-2.357546121819670759e+01
-2.114726370613840345e+01
-1.924089305180199005e+01
-1.829958478336899930e+01
-1.844530487521959117e+01
-1.946250127030170063e+01
-2.089894395809513838e+01
-2.223349209854578135e+01
-2.304834590445808828e+01
-2.315744791695232863e+01
-2.266087277592639282e+01
-2.191309918657679390e+01
-2.141658745742534364e+01
-2.167562669406617459e+01
-2.305591290546064442e+01
-2.568814389217178729e+01
-2.943472864018595203e+01
-3.391653585897125822e+01
-3.858156492029749529e+01
-4.279654672969036255e+01
-4.595025418882605095e+01
-4.755815678884070508e+01
-4.734509707337112161e+01
-4.526969828133836415e+01
-4.146617851862365001e+01
-3.611731712174591280e+01
-2.932621343844427031e+01
-2.106903776037149356e+01
-1.126502268727175959e+01
7.384032299365017593e-02
1.269532747301091291e+01
2.603511173072423901e+01
3.925588462842247139e+01
5.139350456289673730e+01
6.157022250188207835e+01
6.920568963616011615e+01
7.415271517661327039e+01
7.671561323306833913e+01
7.755321038525320887e+01
7.749925046049959576e+01
7.734687589418007292e+01
7.765301364190308675e+01
7.862157513362843986e+01
8.010417907153552619e+01
8.171102494382573411e+01
8.298075041886411896e+01
8.354550480558538084e+01
8.324347055966853759e+01
8.215454145814268827e+01
8.055677937010483447e+01
7.882385853322955427e+01
7.729991957009778503e+01
7.618744177630100012e+01
7.547404901520971521e+01
7.491993892408676459e+01
7.411892019743854121e+01
7.261560530147090731e+01
7.002638444088483993e+01
6.611114605302165614e+01
6.078276901294891843e+01
5.408568118581315076e+01
4.618593037502839849e+01
3.738794259597975156e+01
2.815210295875344215e+01
1.906810927495522634e+01
1.076148359980050273e+01
3.758038390870870771e+00
-1.636071693759133083e+00
-5.386906106019956120e+00
-7.701520589043313159e+00
-8.935231985233595964e+00
-9.480080132363372769e+00
-9.675045268932837672e+00
-9.763291641586299363e+00
-9.901578411756737808e+00
-1.020497301791293232e+01
-1.079404481209436639e+01
-1.181199822027960522e+01
-1.339643583233310231e+01
-1.561736786853710157e+01
-1.841745152468167745e+01
-2.159567202343280812e+01
-2.485539862945223888e+01
-2.790494749550450138e+01
-3.057048797161896658e+01
-3.286652853359983339e+01
-3.497757312732672830e+01
-3.714531104631772962e+01
-3.951539370957323172e+01
-4.203139833334844866e+01
-4.443668801862914108e+01
-4.637873428389848129e+01
-4.755815678884070508e+01
-4.785415047698323576e+01
-4.737942142353819008e+01
-4.644936859135824392e+01
-4.547670647772425667e+01
-4.482244498425658463e+01
-4.465358097998512221e+01
-4.487032697575401130e+01
-4.514828287819254626e+01
-4.508646493170492420e+01
-4.439148108016182448e+01
-4.300690504842577155e+01
-4.113149649356876125e+01
-3.913192197271392558e+01
-3.740024705915274694e+01
-3.621420444419063500e+01
-3.564390739023538401e+01
-3.553200186636150448e+01
-3.555470085707945316e+01
-3.534112977277824541e+01
-3.460061676106135309e+01
-3.320726294828387637e+01
-3.122018959275791516e+01
-2.884765431704607153e+01
-2.637082651540421097e+01
-2.403921597333226146e+01
-2.196092131683103688e+01
-2.003803460231725708e+01
-1.800633302515829115e+01
-1.559970903563106503e+01
-1.278997269501231671e+01
-9.996406574876857576e+00
-8.146018852365841667e+00
-8.500726589277874723e+00
-1.225141448765597119e+01
-1.999769142008600653e+01
-3.133607914420323226e+01
-4.479068943113897205e+01
