1.901802332059589418e+01
6.953820848717103331e+01
1.134528240349354746e+02
1.459137207436202175e+02
1.649691278034388802e+02
1.715948770000387071e+02
1.688577346243042143e+02
1.606622707003688788e+02
1.505530184832666976e+02
1.409134389909108904e+02
1.327040017148580944e+02
1.256785702498607122e+02
1.188829924895010635e+02
1.112118622592469706e+02
1.018525167782575238e+02
9.052443543814992211e+01
7.749669491921201825e+01
6.342889696528800414e+01
4.912206433639481418e+01
3.527497853044700094e+01
2.232313892865085592e+01
1.040421901529099458e+01
-5.489255466094746794e-01
-1.063346452141421317e+01
-1.980104376253349230e+01
-2.776886567870547395e+01
-3.407631088271254782e+01
-3.828711242483485222e+01
-4.026095403511395432e+01
-4.035990414677053906e+01
-3.946359537102067350e+01
-3.875689774743263172e+01
-3.937214167417532451e+01
-4.203461477928953371e+01
-4.684291849720003142e+01
-5.325181287486993398e+01
-6.026155556753125353e+01
-6.675972991251715882e+01
-7.190281353543079490e+01
-7.539356699902904779e+01
-7.754141053006628681e+01
-7.907823830172182511e+01
-8.080568882445733436e+01
-8.323488380565956390e+01
-8.639690946791507997e+01
-8.991562393459479097e+01
-9.328462200408365845e+01
-9.617932615577116451e+01
-9.863171367020223101e+01
-1.009853974220658728e+02
-1.036683152614455992e+02
-1.069082033816531805e+02
-1.105426224354266935e+02
-1.140328345484620627e+02
-1.166867516686291140e+02
-1.179764617299900067e+02
-1.177788591507057134e+02
-1.164158233171869767e+02
-1.144847030908814816e+02
-1.125730727225188730e+02
-1.109953112633436945e+02
-1.096714970050597202e+02
-1.082084100418115327e+02
-1.061531724140185418e+02
-1.033007796046913711e+02
-9.989595352029810726e+01
-9.661284002525532344e+01
-9.430949255747729865e+01
-9.367539228370523574e+01
-9.494687689754584881e+01
-9.782536997419742875e+01
-1.016260989073308423e+02
-1.055735227293111933e+02
-1.090953551893682487e+02
-1.119707904702215444e+02
-1.142573516544174623e+02
-1.160264558396326890e+02
-1.170289679360557216e+02
-1.164465770556586790e+02
-1.128546912766912271e+02
-1.044440384975501956e+02
-8.945047507801731967e+01
-6.666235888426641054e+01
-3.584314356679623614e+01
2.064916121382815106e+00
4.501518048725752408e+01
9.017879513091553179e+01
1.344155393890198980e+02
1.747717731757737454e+02
2.089082146278099970e+02
2.354007481190472220e+02
2.538807930764567686e+02
2.649927030138090345e+02
2.701716327739411554e+02
2.712867515240534431e+02
2.702295128914900602e+02
2.685456374524868579e+02
2.672057228540096503e+02
2.665665343172988173e+02
2.665035718876278565e+02
2.666411784685215594e+02
2.665927552470766386e+02
2.661307166940897559e+02
2.652255218509287715e+02
2.639483826190004265e+02
2.623125894987041420e+02
2.601661177225847723e+02
2.572005476901990164e+02
2.530500708800005896e+02
2.473955540641383095e+02
2.400030251289120713e+02
2.306993353920470042e+02
2.193585595010200677e+02
2.059715863135737095e+02
1.907908289648198661e+02
1.744541463971485200e+02
1.579754349287921400e+02
1.425545313879085825e+02
1.292579094505454691e+02
1.186986341046021209e+02
1.108601777368523074e+02
1.051503085300991103e+02
1.006651787156521038e+02
9.654697905779710254e+01
9.227830505622847568e+01
8.778763440117154460e+01
8.333073124424444700e+01
7.922419669837556455e+01
7.558011909160934749e+01
7.217952985107616826e+01
6.853639816464379919e+01
6.410017584160286219e+01
5.848260129433542431e+01
5.159915875470976232e+01
4.367309708254586553e+01
3.512235984032463421e+01
2.639974344987828658e+01
1.786273260039892818e+01
9.715851505702332247e+00
2.025863115566949091e+00
-5.213554963693113109e+00
-1.200045055111324643e+01
-1.826606938382991530e+01
-2.387149509712952522e+01
-2.866217843577668134e+01
-3.255090439288019866e+01
-3.558853526096102371e+01
-3.799104079686189550e+01
-4.010745397567991688e+01
-4.233224717411061988e+01
-4.498974042810576179e+01
-4.823890813387984622e+01
-5.204400782253736679e+01
-5.622298537651701622e+01
-6.054333428580883947e+01
-6.481166525324863414e+01
-6.890946660484607378e+01
-7.276395144787201730e+01
-7.629522233590080305e+01
-7.940578596886729201e+01
-8.204097469021195366e+01
-8.427631136683180557e+01
-8.634628460939373440e+01
-8.855618801424591879e+01
-9.109912948979572889e+01
-9.388092198008135369e+01
-9.647568742857785651e+01
-9.827020730381752855e+01
-9.874410964635970345e+01
-9.775026007242931314e+01
-9.565715724183533553e+01
-9.328908731145401134e+01
-9.169828999918937029e+01
-9.186114268701231822e+01
-9.438188960111213532e+01
-9.925198759173039775e+01
-1.056998518053721057e+02
-1.121684651468949596e+02
-1.164465770556586790e+02
-1.159589114356208484e+02
-1.082070505672345178e+02
-9.132265155703211690e+01
-6.461551096969984087e+01
-2.893553129337135488e+01
1.331517860711011281e+01
5.857056941399444838e+01
1.027955287225506424e+02
1.422934660279523200e+02
1.744071486686376602e+02
1.979333395964149531e+02
2.131566121091320838e+02
2.215195713521792413e+02
2.250602302620485489e+02
2.258157317323459949e+02
2.253724711270313605e+02
2.246504652660025272e+02
2.239134213021355890e+02
2.229444686099419641e+02
2.213117087708725990e+02
2.186429909439784751e+02
2.148310285404585898e+02
2.101050721451586867e+02
2.049445081240368154e+02
1.998728083860027027e+02
1.952252482166600487e+02
1.909910159620240222e+02
1.867853168591328199e+02
1.819399999485523836e+02
1.756540344410244643e+02
1.671480917445037448e+02
1.558066271322357466e+02
1.413132477061145664e+02
1.237631554817760815e+02
1.037045047692053004e+02
8.206865127361550094e+01
6.000176612367013718e+01
3.866338742478330914e+01
1.906614246357728604e+01
1.991608831759069886e+00
-1.203353470840775152e+01
-2.274186344751859679e+01
-3.014091691148154695e+01
-3.454130958485602321e+01
-3.656877926685590552e+01
-3.711878835090270456e+01
-3.722735301225380766e+01
-3.787341397238045460e+01
-3.977373429311944619e+01
-4.324767928269242390e+01
-4.819925673677212785e+01
-5.420745076637122395e+01
-6.067750072981210963e+01
-6.700710001712985786e+01
-7.273648715070714843e+01
-7.764916078978629344e+01
-8.178630037641450201e+01
-8.536888777253921035e+01
-8.867523401072398315e+01
-9.194246941262116479e+01
-9.532577751337234417e+01
-9.889826607241178635e+01
-1.026545131255109453e+02
-1.065007955183400128e+02
-1.102492849827020933e+02
-1.136464969222526378e+02
-1.164465770556586790e+02
-1.185084412820467463e+02
-1.198705748452628939e+02
-1.207482941021903855e+02
-1.214286809765208943e+02
-1.221097602038789347e+02
-1.227847601012936707e+02
-1.232508191645515012e+02
-1.232399421300912081e+02
-1.225967359023998284e+02
-1.214110368088188068e+02
-1.200478954235730669e+02
-1.190628242584447918e+02
-1.190219120368564631e+02
-1.202748810098563155e+02
-1.227657546502539105e+02
-1.259846199173251904e+02
