-2.392800457046253371e+02
-2.744047513766546444e+02
-3.067293712811246564e+02
-3.336680538264245683e+02
-3.526375543476476651e+02
-3.610825352915818485e+02
-3.565999371241167069e+02
-3.372188091173472912e+02
-3.018138831025108288e+02
-2.505314843322071283e+02
-1.850543228347650029e+02
-1.085671392733332539e+02
-2.539029819895830542e+01
5.963106549709169713e+01
1.418175147980537645e+02
2.172567209694402095e+02
2.831982438751929863e+02
3.381881262589465678e+02
3.819470248124685554e+02
4.150553808325844329e+02
4.385684156975564747e+02
4.537020032641664216e+02
4.616706951527343108e+02
4.636486321837085143e+02
4.607491108134399838e+02
4.539457750106303138e+02
4.439591293528757205e+02
4.311965928144671807e+02
4.157897743740832652e+02
3.976788725672164446e+02
3.766675751261946061e+02
3.524296103291890176e+02
3.245094224148427315e+02
2.923753263875496486e+02
2.555654386184896794e+02
2.139228699778131499e+02
1.678516109176362932e+02
1.184744267572995682e+02
6.758631798443056482e+01
1.737887153734618551e+01
-2.998556340428896760e+01
-7.280585002529818439e+01
-1.101366846876313446e+02
-1.418575811202451575e+02
-1.685055563008788226e+02
-1.909357191174952391e+02
-2.099420803212093460e+02
-2.260085767202458555e+02
-2.393105513543215466e+02
-2.499434725639474095e+02
-2.582115612270349629e+02
-2.647724860049419817e+02
-2.705328006786586457e+02
-2.763566277616042726e+02
-2.827700259176928057e+02
-2.898316896011317567e+02
-2.972224602848484096e+02
-3.044775663054271604e+02
-3.112180038739315933e+02
-3.172574863592965926e+02
-3.225606522693236116e+02
-3.271414000317712976e+02
-3.310227672101271423e+02
-3.343036202813829050e+02
-3.372668177005236316e+02
-3.404169693129985603e+02
-3.443802781687224410e+02
-3.496832775024735724e+02
-3.564959214842919550e+02
-3.644581933160798144e+02
-3.726963419450098627e+02
-3.800612278182625232e+02
-3.855111305010046863e+02
-3.884779566609402082e+02
-3.890476609846272709e+02
-3.878611059433188757e+02
-3.857769614829745137e+02
-3.834714845428223953e+02
-3.811933722095679968e+02
-3.788011248499494172e+02
-3.760367386342126110e+02
-3.728458795305872400e+02
-3.695348520352857804e+02
-3.666693144850883073e+02
-3.647841843117163876e+02
-3.640751951694844024e+02
-3.642308343793618519e+02
-3.644715778383373959e+02
-3.637590882724118160e+02
-3.610825352915819053e+02
-3.557399578581966466e+02
-3.475654293068889160e+02
-3.370556139478816817e+02
-3.253192682164366829e+02
-3.137839831026106481e+02
-3.036683142651772300e+02
-2.953458962345713417e+02
-2.878279331106672885e+02
-2.785953454245687340e+02
-2.638945504285818515e+02
-2.394355817907378992e+02
-2.013038003591157121e+02
-1.468631734557817481e+02
-7.545067556366026906e+01
1.130503790676655740e+01
1.096413714148064287e+02
2.142708465116212437e+02
3.192784176582488271e+02
4.190736931467961881e+02
5.091826831572969922e+02
5.867355607968058848e+02
6.505990025347377923e+02
7.011874626496646670e+02
7.400401281888614449e+02
7.692673681405728985e+02
7.909808063398768354e+02
8.068375436752801306e+02
8.178196934512791358e+02
8.243004961414530953e+02
8.263344776706985613e+02
8.240094731696008239e+02
8.176696444038650498e+02
8.078917923426681682e+02
7.952462312230595671e+02
7.800035531224848455e+02
7.619710425858652343e+02
7.405598083421839419e+02
7.150647712652257724e+02
6.850415502117964479e+02
6.506194903822022297e+02
6.126209065202426700e+02
5.724479276724191550e+02
5.317945467438732976e+02
4.922986799747271220e+02
4.552575748626387622e+02
4.214946983842883697e+02
3.913998268615322331e+02
3.650913368435977304e+02
3.426039075728526768e+02
3.240093993882941277e+02
3.094260970357569249e+02
2.989290037466709009e+02
2.924114765412278985e+02
2.894580552634236028e+02
2.892805318921617186e+02
2.907545073203633024e+02
2.925683179713612390e+02
2.934542473154556319e+02
2.924282259234081494e+02
2.889533820406837208e+02
2.829814205691575921e+02
2.748829032228282472e+02
2.653038262482702976e+02
2.549748792210394015e+02
2.444958165305032196e+02
2.341494019507214261e+02
2.238341879425998684e+02
2.131908208749163975e+02
2.019167333822192063e+02
1.901413234883548853e+02
1.786319273842235873e+02
1.686180922760285910e+02
1.612007156003724049e+02
1.565610636180102802e+02
1.533374328937732400e+02
1.484970221081692898e+02
1.378336983882181244e+02
1.169875486810132088e+02
8.270621324523372664e+01
3.397547300508341550e+01
-2.735557850129259805e+01
-9.670599655162027375e+01
-1.676569909570941945e+02
-2.333469030561253135e+02
-2.879407289763220774e+02
-3.277448844089760200e+02
-3.516833030436865215e+02
-3.610825352915819053e+02
-3.589380826847101957e+02
-3.489639614927063462e+02
-3.347277486639828226e+02
-3.190747175925643546e+02
-3.039086959238247232e+02
-2.902759402390210539e+02
-2.786218683014396333e+02
-2.690723168158820613e+02
-2.616236141983895891e+02
-2.561809675939963995e+02
-2.524392756412797212e+02
-2.496535525190163867e+02
-2.463966118193895909e+02
-2.404288357304384931e+02
-2.287869680793218663e+02
-2.081371248494480142e+02
-1.753541328435675268e+02
-1.282095830256511704e+02
-6.599153628154346052e+01
1.013867220738421793e+01
9.719374620948681809e+01
1.908269428488966071e+02
2.860845063017725352e+02
3.782166089823313655e+02
4.633273782032216559e+02
5.387376636605306430e+02
6.030466182937952908e+02
6.559571378788086804e+02
6.979683966218792648e+02
7.300434025092416732e+02
7.533309150560717171e+02
7.689731388059703932e+02
7.779939171304031333e+02
7.812530383633916244e+02
7.794567657699744814e+02
7.732079126590481337e+02
7.630568573336800000e+02
7.495029629064731580e+02
7.329201340270160472e+02
7.134382844153901715e+02
6.908676735662810415e+02
6.647547670595622549e+02
6.345894201423470804e+02
6.000904105050981343e+02
5.614480802208672685e+02
5.194247957237478204e+02
4.752830194569638138e+02
4.305882662633212590e+02
3.869830033331802497e+02
3.460194620048425236e+02
3.090744400785168864e+02
2.772916826944124864e+02
2.514745107347388569e+02
2.319113780525610764e+02
2.182102597368818806e+02
2.092628596623426063e+02
2.034212822124914055e+02
1.988722696859371695e+02
1.940894920160459378e+02
1.881909207700228421e+02
1.810619074831481328e+02
1.732073795712186950e+02
1.654108429467676160e+02
1.583509950201317906e+02
1.523313782583289537e+02
1.472125366564941658e+02
1.425332860363776888e+02
1.377293837796966898e+02
1.323425329916888415e+02
1.261471613266049161e+02
1.191738806594870113e+02
1.116530441868949453e+02
1.039216467798999020e+02
9.632749218779093781e+01
8.914373924919351566e+01
8.249427665220756012e+01
7.628971206904428470e+01
7.018472169733325927e+01
6.358968516961621731e+01
5.578160672168114331e+01
4.612648808067035588e+01
3.435058553403428760e+01
2.073779700981931740e+01
6.140186918805270011e+00
