-4.802617124987618524e+01
-7.203634337807119437e+01
-9.294539922319219727e+01
-1.085038697199739630e+02
-1.178419222582665640e+02
-1.214923788058604259e+02
-1.209893703535554152e+02
-1.182590710068611344e+02
-1.150437671912381461e+02
-1.125332633251082086e+02
-1.112636457897013571e+02
-1.112356824549414824e+02
-1.121472969948097500e+02
-1.136326593778737362e+02
-1.154306650687227318e+02
-1.174479313966551075e+02
-1.197260428282346112e+02
-1.223564240730969459e+02
-1.253959140159250438e+02
-1.288213572084190730e+02
-1.325335081566623785e+02
-1.363945639208865828e+02
-1.402735524890094609e+02
-1.440822106049554918e+02
-1.477966380538923659e+02
-1.514622197466936200e+02
-1.551755969579982661e+02
-1.590415193195612460e+02
-1.631151193218786375e+02
-1.673523616264348846e+02
-1.715966126994477747e+02
-1.756218566007475772e+02
-1.792281904822699516e+02
-1.823501431973470233e+02
-1.851160004962742676e+02
-1.878097863478563170e+02
-1.907377031780630148e+02
-1.940591477978212822e+02
-1.976701058361767878e+02
-2.012040327078775306e+02
-2.041557174062517959e+02
-2.060739567082166275e+02
-2.067426011970914601e+02
-2.062827618793646138e+02
-2.051426910359167550e+02
-2.039761981672866682e+02
-2.034391753565275849e+02
-2.039562798167854680e+02
-2.055208904147300188e+02
-2.075854956654891623e+02
-2.090775869726862481e+02
-2.085421387308729777e+02
-2.043733502143029455e+02
-1.950729647613828490e+02
-1.794757743658823870e+02
-1.569082754834747107e+02
-1.272744651452346289e+02
-9.108237357117673128e+01
-4.943029385134244791e+01
-3.956941768178495522e+00
4.326662568389564001e+01
8.993552135724300456e+01
1.338031241443366071e+02
1.730137952378104558e+02
2.063802337377669858e+02
2.335108474072953868e+02
2.547385611558160861e+02
2.708713812029269548e+02
2.828484267423647225e+02
2.914189270581935034e+02
2.969526204741572428e+02
2.994392114870760793e+02
2.986606964832776612e+02
2.944536640510372649e+02
2.869449153555090106e+02
2.766561070359946370e+02
2.644305439265556288e+02
2.512160064765293157e+02
2.378015714527881528e+02
2.246202363024556803e+02
2.116905737457078658e+02
1.987046506480610617e+02
1.852070681950094411e+02
1.707781673665637072e+02
1.551500779948161153e+02
1.382373016825913510e+02
1.201137356686930673e+02
1.009794915672538593e+02
8.113852336322749181e+01
6.098524601265438605e+01
4.099141192865476313e+01
2.168293736133281158e+01
3.595512140966111048e+00
-1.279045879323978951e+01
-2.711244570335355064e+01
-3.915475272100739801e+01
-4.883490004038821297e+01
-5.617157069922090074e+01
-6.126912792605553193e+01
-6.433351522576484172e+01
-6.570267654457647666e+01
-6.585403870134268800e+01
-6.535465065049822897e+01
-6.475025542359773567e+01
-6.443452961501373011e+01
-6.456510315331860284e+01
-6.507338800293712211e+01
-6.576497827120830664e+01
-6.646407537437195856e+01
-6.713862245888438451e+01
-6.795135390244857376e+01
-6.921582575666992909e+01
-7.128639190857506946e+01
-7.444155216857572555e+01
-7.880413109683500750e+01
-8.430371802048432528e+01
-9.067386196424779143e+01
-9.749272806489094023e+01
-1.042799346307076149e+02
-1.106306882076429901e+02
-1.163314182767163629e+02
-1.214045086266552715e+02
-1.260749932763520604e+02
-1.306939110691161545e+02
-1.356549605239025311e+02
-1.413149452047214538e+02
-1.479112456383532788e+02
-1.554778517441974657e+02
-1.637823956227633175e+02
-1.723213553319901621e+02
-1.804057459531653080e+02
-1.873356662065694422e+02
-1.926102805447903279e+02
-1.960885423521890516e+02
-1.980323234340306158e+02
-1.990136823610603756e+02
-1.997201412749785163e+02
-2.007272914132257711e+02
-2.023191475457818171e+02
-2.044177319008304323e+02
-2.066391280483631192e+02
-2.084467557494672292e+02
-2.093478860725742265e+02
-2.090775869726862481e+02
-2.077199942970247832e+02
-2.057238411029536280e+02
-2.037855724113815086e+02
-2.026041743296654261e+02
-2.025566108229920417e+02
-2.033906788158469965e+02
-2.040604467815846306e+02
-2.028054628976199467e+02
-1.974873327833122971e+02
-1.860839419643748442e+02
-1.671688833083120755e+02
-1.402139663523309423e+02
-1.056368698489985150e+02
-6.462557752160564917e+01
-1.884790571623628352e+01
2.983516404153436596e+01
7.957755354549263416e+01
1.286616743323469336e+02
1.755440246766978873e+02
2.188754552540702605e+02
2.575316456685853268e+02
2.906653777278604593e+02
3.177646464549447956e+02
3.386883263648994671e+02
3.536600994444374919e+02
3.632175515990585950e+02
3.681227309965524910e+02
3.692443192474167972e+02
3.674273505026695830e+02
3.633758157637964814e+02
3.575796662043592278e+02
3.503095757473193430e+02
3.416782401890304754e+02
3.317402896384656970e+02
3.205902075223792735e+02
3.084207518709368969e+02
2.955177083422004216e+02
2.821904617578405237e+02
2.686687956871662664e+02
2.550171545766910981e+02
2.411127533143813650e+02
2.267057162580137515e+02
2.115399700366308195e+02
1.954805110763006439e+02
1.785890450490897763e+02
1.611232418365783872e+02
1.434801857921768260e+02
1.261262231684573578e+02
1.095419250036457726e+02
9.418410885146339240e+01
8.045492963124891617e+01
6.867413380879523288e+01
5.905731928755348292e+01
5.170266635549959489e+01
4.658755957577395179e+01
4.357515034495553152e+01
4.242544643504852786e+01
4.280336168741909830e+01
4.428493788540759368e+01
4.637398980548729810e+01
4.854073308335050285e+01
5.028174135662405320e+01
5.118944571461369009e+01
5.101582002899059631e+01
4.971351529335900921e+01
4.743682209612217093e+01
4.449228973455942793e+01
4.124611440479168323e+01
3.801188325222940279e+01
3.495017417884321276e+01
3.201372115525052209e+01
2.896835992719217145e+01
2.549762664704959647e+01
2.135280040625237064e+01
1.647070471316881068e+01
1.099136394566100705e+01
5.168536393180218624e+00
-7.689109828757594300e-01
-6.726193925029917864e+00
-1.277186407544917301e+01
-1.908124966673580047e+01
-2.582449260394044188e+01
-3.305475480430182245e+01
-4.065935402943227928e+01
-4.840845421921920888e+01
-5.607556802696744569e+01
-6.355091804033476421e+01
-7.086888132819515818e+01
-7.813210920617740385e+01
-8.539253921552977999e+01
-9.258045251734939995e+01
-9.953286693452184863e+01
-1.060984792026938521e+02
-1.122462479154605148e+02
-1.181072155331990245e+02
-1.239233152210279343e+02
-1.299316676394404624e+02
-1.362478862472802916e+02
-1.428120513708157659e+02
-1.494300655279291448e+02
-1.558950246396385353e+02
-1.621268884784102227e+02
-1.682500395328162313e+02
-1.745540627726308287e+02
-1.813370537912137763e+02
-1.886808446223316480e+02
-1.962390511248870268e+02
-2.031259554643917227e+02
-2.079635256394908822e+02
-2.090775869726862481e+02
-2.047701298963785348e+02
-1.935787134434886241e+02
-1.744739976279778091e+02
-1.470024105923652940e+02
-1.114030944646190164e+02
-6.870256426578440312e+01
-2.074319421988076328e+01
2.992428514739121681e+01
