-2.051005878057152287e+01
-9.707607223593829104e+00
-2.874163741465263655e+00
-2.820795371238240534e+00
-1.057563884796487130e+01
-2.533311312431819928e+01
-4.493304124880766892e+01
-6.661067545584086247e+01
-8.774452501703976282e+01
-1.064050415953021940e+02
-1.216250125737821577e+02
-1.334216406810897411e+02
-1.426390095687286248e+02
-1.506500033278186379e+02
-1.589428477136678453e+02
-1.686714924826885920e+02
-1.803130660744307363e+02
-1.935602908383677061e+02
-2.074790501472053563e+02
-2.208602286496776799e+02
-2.326441191119698999e+02
-2.422802622870988216e+02
-2.498979382890048271e+02
-2.562303794442459548e+02
-2.623400854492788312e+02
-2.692578189788505938e+02
-2.776461188569135743e+02
-2.875736944459825963e+02
-2.984669112722040154e+02
-3.092671848752202095e+02
-3.187594914736696978e+02
-3.259765117481310881e+02
-3.305495227451309574e+02
-3.328729620964545006e+02
-3.339858185652115026e+02
-3.351725224836848724e+02
-3.374311662392783546e+02
-3.410604117887616553e+02
-3.455805796328766064e+02
-3.500239423344531247e+02
-3.534224174627836987e+02
-3.552348475246667476e+02
-3.555350478744180691e+02
-3.549382461211045552e+02
-3.543570131736448729e+02
-3.547033993824483105e+02
-3.566295652195141770e+02
-3.603699601417620215e+02
-3.657179288072921963e+02
-3.721293124275418336e+02
-3.789094689852378224e+02
-3.854296418210671504e+02
-3.913290386655575617e+02
-3.966628650361056430e+02
-4.019404096624231215e+02
-4.079873199946183036e+02
-4.156045734065780834e+02
-4.250850987841817528e+02
-4.357340470233853580e+02
-4.455652051631139443e+02
-4.513055783637830132e+02
-4.487604718192783935e+02
-4.335014120400026627e+02
-4.017518668960078116e+02
-3.512684788821215420e+02
-2.819758782464614910e+02
-1.961543036879966735e+02
-9.810892947325669411e+01
6.588160354982676381e+00
1.120730069098827926e+02
2.131342407902893683e+02
3.059215899535244603e+02
3.883042075023710140e+02
4.598633770813214028e+02
5.215818397956786612e+02
5.753419205807792878e+02
6.233669500609161105e+02
6.677303335142619289e+02
7.100132910717206869e+02
7.511330522035545982e+02
7.913186844477511386e+02
8.301969736393314179e+02
8.669512176512521364e+02
9.005175274230159630e+02
9.297938454628804266e+02
9.538554580382210588e+02
9.721724064544723660e+02
9.847941651230921707e+02
9.924271108456589445e+02
9.963256547002201842e+02
9.979774275500005842e+02
9.986627906412134053e+02
9.990428738196594622e+02
9.989280020092746781e+02
9.973029869333279294e+02
9.925789025346698509e+02
9.829593767045867025e+02
9.668015209763332223e+02
9.429114807797413960e+02
9.107742004456645191e+02
8.707201193558212253e+02
8.239956586693581357e+02
7.726867296319189791e+02
7.194724159978470652e+02
6.672417283331930093e+02
6.186555405647943644e+02
5.757527921893886287e+02
5.396837267654796051e+02
5.106217656724505218e+02
4.878672553582105706e+02
4.701041796398473025e+02
4.557205816221749615e+02
4.430951098498323404e+02
4.307975071146780692e+02
4.177097637910663934e+02
4.030996966849716614e+02
3.866612942482090602e+02
3.685069466560166234e+02
3.490937540307731410e+02
3.290951121193584186e+02
3.092553210829764225e+02
2.902582670781943079e+02
2.726167609687267941e+02
2.565873724104365579e+02
2.421375258595374760e+02
2.289914194852135267e+02
2.167410474135267862e+02
2.049712738990188541e+02
1.933525503462816459e+02
1.816868645384897718e+02
1.699158651282535288e+02
1.581037822764185421e+02
1.464060871928174663e+02
1.350350409453969576e+02
1.242222518485172031e+02
1.141558548348259876e+02
1.048733941181120315e+02
9.614768205892593755e+01
8.746530273100006525e+01
7.818281002236446398e+01
6.783798616687275285e+01
5.647124544076143593e+01
4.476811088245437986e+01
3.389937656676323741e+01
2.508141305480921801e+01
1.903840256978628531e+01
1.562972518153713963e+01
1.383925629371060495e+01
1.213585048796659294e+01
9.029269051483879593e+00
3.576158569424706002e+00
-4.351866360370593156e+00
-1.410676694807199283e+01
-2.456202026929906879e+01
-3.454275986645222929e+01
-4.323003857038099795e+01
-5.040230260906713511e+01
-5.644047939066257413e+01
-6.210880797314729307e+01
-6.821036240408437834e+01
-7.527377806131278248e+01
-8.341270640286040816e+01
-9.239922250888730559e+01
-1.018675505522177218e+02
-1.115060269384301819e+02
-1.211365718371901039e+02
-1.306746671700796014e+02
-1.400354041100932818e+02
-1.490650428498308884e+02
-1.575468415072887183e+02
-1.652892127250987642e+02
-1.722683703609965846e+02
-1.787605868235060029e+02
-1.853751778668993779e+02
-1.929319248349335112e+02
-2.022228664884208342e+02
-2.137844325952866598e+02
-2.278023003707127714e+02
-2.441875735486979124e+02
-2.627663046379511229e+02
-2.834601884205739566e+02
-3.063281681140738897e+02
-3.314026136854186575e+02
-3.583600880998247362e+02
-3.861477497896103728e+02
-4.127060995182701504e+02
-4.349040570056725414e+02
-4.487604718192783935e+02
-4.499711564957522683e+02
-4.346810837971393653e+02
-4.003470820368227692e+02
-3.464485054940117266e+02
-2.748185082910034680e+02
-1.894688463258694924e+02
-9.592776211274366460e+01
-2.528709883503665878e-01
9.202418262787253411e+01
1.767547174367448974e+02
2.516481550799083493e+02
3.163119321955905434e+02
3.719103438440213267e+02
4.205490198933009651e+02
4.645193128568936345e+02
5.055786777982176545e+02
5.444707574520759863e+02
5.808306462830806822e+02
6.134735796083073183e+02
6.409228136510037075e+02
6.619800175119039523e+02
6.761710008677000587e+02
6.839534021527274490e+02
6.866292505403448558e+02
6.859813272636331476e+02
6.837474762118638409e+02
6.811214982509568472e+02
6.784732632038374049e+02
6.753925693887188118e+02
6.710100451490147861e+02
6.644138045290636683e+02
6.549516283211303289e+02
6.423033171332112943e+02
6.263448518562402114e+02
6.069122318789695782e+02
5.835940382020650077e+02
5.556636417296074342e+02
5.222044754870989891e+02
4.823929474771015862e+02
4.358352304299665434e+02
3.828436735393170238e+02
3.245670304669457096e+02
2.629295125163302487e+02
2.003866679148412118e+02
1.395629584896678068e+02
8.286450450962348668e+01
3.214596826639035498e+01
-1.152229153932603367e+01
-4.796444692633163243e+01
-7.787938503326279260e+01
-1.026945545152868107e+02
-1.243002707756391629e+02
-1.446802572510418656e+02
-1.654928428618875103e+02
-1.877074413942634692e+02
-2.114134222894614936e+02
-2.358773371252748916e+02
-2.598511217519968000e+02
-2.820466137545262768e+02
-3.016128009298313373e+02
-3.184284312579097218e+02
-3.330887319846571586e+02
-3.465992205493984670e+02
-3.599239988812256001e+02
-3.735977476040062584e+02
-3.875650102897893134e+02
-4.012883910983618989e+02
-4.140425208175124681e+02
-4.252405701937692584e+02
-4.346436120467469095e+02
-4.423740365682657512e+02
-4.487604718192784503e+02
-4.541265769805338550e+02
-4.586529752724579794e+02
