-5.237768466644483567e+01
-6.262391067685095436e+01
-7.261866970803816912e+01
-8.207174389104569912e+01
-9.071525358109332160e+01
-9.838820694477132633e+01
-1.051390686859577670e+02
-1.112794791679684181e+02
-1.173329515633849951e+02
-1.238790869805943089e+02
-1.313594976993324508e+02
-1.399340205198665217e+02
-1.494398228512597484e+02
-1.594465219504559172e+02
-1.693622982239398311e+02
-1.785460874732664536e+02
-1.864054236122928785e+02
-1.924833172535387291e+02
-1.965427930775615835e+02
-1.986405219787775991e+02
-1.991556085695497131e+02
-1.987343512289801311e+02
-1.981431524050931898e+02
-1.980724127502164720e+02
-1.989665978540388664e+02
-2.009453728749729180e+02
-2.038363016473417701e+02
-2.072908153466271415e+02
-2.109280462123488746e+02
-2.144587106690448763e+02
-2.177747122407478741e+02
-2.210122985442637855e+02
-2.245795178327210238e+02
-2.291063610451858494e+02
-2.352761702761450806e+02
-2.435432944533917521e+02
-2.538026832612596309e+02
-2.651108471537161222e+02
-2.755561524537802143e+02
-2.823593702687267637e+02
-2.822508015970366273e+02
-2.720926010704567375e+02
-2.496048343979769015e+02
-2.139743564887053822e+02
-1.661351613907553428e+02
-1.086139259869808313e+02
-4.499102627694497869e+01
2.083679142292953657e+01
8.535720989742831932e+01
1.459260718971815436e+02
2.009616273100215835e+02
2.498742375461678478e+02
2.928184440530965276e+02
3.303847165200213567e+02
3.633403795932499065e+02
3.924759970955564654e+02
4.185421254133557909e+02
4.422207045301981907e+02
4.640864501299922722e+02
4.845545498801869257e+02
5.038451560851072486e+02
5.219970433640717147e+02
5.389309139864135432e+02
5.545255193545118573e+02
5.686638217819822785e+02
5.812385689265308883e+02
5.921454527843636697e+02
6.013004104527897198e+02
6.086875645677271223e+02
6.144026186527376012e+02
6.186413363920071333e+02
6.216100467609935549e+02
6.233850717729667394e+02
6.237856851721553539e+02
6.223302357253628543e+02
6.183163675113348745e+02
6.110129089980222261e+02
5.998931632940765439e+02
5.848101856168328823e+02
5.660401617287670888e+02
5.441886175423901477e+02
5.200199157581926102e+02
4.942956521993697265e+02
4.676890086520994032e+02
4.407943051740080591e+02
4.141931683149006744e+02
3.885049871706613658e+02
3.643701453409972828e+02
3.423728895300071144e+02
3.229515540237747473e+02
3.063361015288445515e+02
2.925174983554004484e+02
2.812325367588692302e+02
2.719609852586887655e+02
2.639590221447583076e+02
2.563578108340875588e+02
2.483267773410699419e+02
2.392580083214282070e+02
2.289023924620513242e+02
2.174002545501356849e+02
2.051965347242280018e+02
1.928839570590826611e+02
1.810393857363755785e+02
1.700977802345573480e+02
1.602735050826916847e+02
1.515233040327066476e+02
1.435515235617338305e+02
1.358674188331785047e+02
1.279004523988323001e+02
1.191576090936715389e+02
1.093773010680064743e+02
9.862125623339639446e+01
8.726534838070840294e+01
7.588954893523209932e+01
6.509924715120585859e+01
5.533142554271893232e+01
4.671752320318233842e+01
3.907005160276153788e+01
3.200678744827277455e+01
2.514956743433782549e+01
1.829505696861750152e+01
1.148227801941419557e+01
4.946529177069209027e+00
-1.001109231047536241e+00
-6.115717200384239050e+00
-1.033345920199326429e+01
-1.382034972664814632e+01
-1.693512975809267118e+01
-2.011644911650310519e+01
-2.373489688754958138e+01
-2.797053182096829005e+01
-3.277221394672761789e+01
-3.791591029427766557e+01
-4.312401741074970118e+01
-4.817916549229047973e+01
-5.298563693212815906e+01
-5.757537338123927384e+01
-6.208149811665137463e+01
-6.669727882817096543e+01
-7.162760766891608455e+01
-7.704330538008514395e+01
-8.305064480603937227e+01
-8.967319157316885025e+01
-9.682817721830681990e+01
-1.042904140813060963e+02
-1.116685827290851023e+02
-1.184427242853944904e+02
-1.240976093903659034e+02
-1.283255375618257972e+02
-1.312019167817992411e+02
-1.332230665272347210e+02
-1.351612955370238183e+02
-1.377905189070188499e+02
-1.416022012663342480e+02
-1.466374269395111014e+02
-1.525106643712854293e+02
-1.586134315967149746e+02
-1.643979730522750060e+02
-1.696028969881163562e+02
-1.743243375421056385e+02
-1.789307117068746038e+02
-1.838984276660683577e+02
-1.896616084380576126e+02
-1.965304874973080018e+02
-2.046821182893424407e+02
-2.141906228098399652e+02
-2.250463717439808988e+02
-2.371146924256266857e+02
-2.500093974202566187e+02
-2.629031459057090387e+02
-2.743519892767133115e+02
-2.822508015970366273e+02
-2.840238383068976304e+02
-2.770687815226130510e+02
-2.593522116811579963e+02
-2.299687217807709771e+02
-1.894871543562320539e+02
-1.399744207198681920e+02
-8.467059711390521670e+01
-2.737898930480700699e+01
2.827567781970332561e+01
7.951391440992270532e+01
1.248063350940548872e+02
1.639240410120040679e+02
1.976639840152362808e+02
2.273735135917272316e+02
2.544342846033256365e+02
2.798460365869769930e+02
3.039992919591643954e+02
3.266651659175703344e+02
3.471725464816355498e+02
3.646989027798719576e+02
3.785830808271568912e+02
3.885765279725593473e+02
3.949689506134428143e+02
3.985486335218116096e+02
4.003972130234828910e+02
4.015766953040802036e+02
4.028164485749192067e+02
4.043125277604586358e+02
4.057027598663847812e+02
4.062103852410173772e+02
4.048959380407908952e+02
4.009336403359602059e+02
3.938266810650187040e+02
3.834945767067105180e+02
3.702116768219980258e+02
3.544358193740309844e+02
3.366058957712970141e+02
3.169851955471321503e+02
2.955953352414790061e+02
2.722476185601947805e+02
2.466486800462496376e+02
2.185418171020648685e+02
1.878500515484408595e+02
1.548032185889603340e+02
1.200345048288950522e+02
8.461286481799118064e+01
4.996338220550629217e+01
1.764991079504832783e+01
-1.094732069518097717e+01
-3.496473128851123846e+01
-5.427879877680615550e+01
-6.952983792490041992e+01
-8.193010981095090983e+01
-9.292151983529586801e+01
-1.037985370242992360e+02
-1.154118424350966876e+02
-1.280278915629213827e+02
-1.413682612241897232e+02
-1.548067734291336706e+02
-1.676579800476116304e+02
-1.794542525322285371e+02
-1.901079394727107967e+02
-1.999039841082288547e+02
-2.093439873995101834e+02
-2.189210750475591567e+02
-2.289156231448441758e+02
-2.392732621474981443e+02
-2.495942205562806180e+02
-2.592439694958859491e+02
-2.675675276817721624e+02
-2.741365346845865361e+02
-2.789146794850137780e+02
-2.822508015970366273e+02
-2.847015863045648985e+02
-2.867814592486804486e+02
-2.887714944083776913e+02
-2.906774041759097145e+02
-2.923366837416234034e+02
-2.935893711884008894e+02
-2.944008067334098087e+02
-2.948723208730576175e+02
-2.951540551611374212e+02
-2.953266736871044600e+02
-2.953233212253331885e+02
-2.949329255174478135e+02
-2.938822758496837082e+02
-2.919546612574735036e+02
-2.890862016181511081e+02
-2.853994401653627619e+02
-2.811728087090513100e+02
