-8.125336900620889935e+01
-2.431987635668071164e+02
-3.854964162160212595e+02
-4.941967138775548278e+02
-5.642733435064652667e+02
-5.997674025610879198e+02
-6.111526263920484325e+02
-6.112672189000902563e+02
-6.112899036959613568e+02
-6.178615838938278557e+02
-6.318980619448930156e+02
-6.491071555981044412e+02
-6.618056985269505503e+02
-6.613779366794103680e+02
-6.406622797579785811e+02
-5.956889828889568435e+02
-5.264493323996355230e+02
-4.366675504600098634e+02
-3.327918857407130417e+02
-2.225638342710379050e+02
-1.135443035640043803e+02
-1.190252254604121340e+01
7.834177912056986770e+01
1.555543208828843831e+02
2.202389048311048327e+02
2.744242139309268396e+02
3.208566915582591719e+02
3.622064057657372587e+02
4.004855720842326718e+02
4.368007607904567067e+02
4.714278968092110063e+02
5.040863098618879121e+02
5.342609121523933027e+02
5.614754764625595271e+02
5.854842754585466764e+02
6.063686274987313709e+02
6.245183550140706075e+02
6.404938848834350438e+02
6.548079448875080288e+02
6.677082412021849223e+02
6.790582838881825865e+02
6.883815721695924594e+02
6.950551685429114741e+02
6.985555558126200140e+02
6.986282947738421854e+02
6.952933727566111202e+02
6.886834003629721792e+02
6.787935989498752178e+02
6.652639245867375166e+02
6.473047602084883465e+02
6.238306351513197114e+02
5.937985653913162878e+02
5.566684145269343844e+02
5.128277725602240480e+02
4.637929779099712277e+02
4.120567362585638875e+02
3.606014227047477902e+02
3.122565744011815241e+02
2.691401836881055942e+02
2.323514236948548159e+02
2.019475815843522639e+02
1.771356750477467870e+02
1.565777530681597227e+02
1.387242524999058162e+02
1.221136689967861315e+02
1.055924147352830715e+02
8.841930735434678468e+01
7.023812655878855082e+01
5.094343103651948468e+01
3.051764238284622976e+01
8.935857688003261856e+00
-1.381024893459799330e+01
-3.759716200894538929e+01
-6.204854234957996084e+01
-8.650438205553187743e+01
-1.101403401592640563e+02
-1.322235468920599430e+02
-1.524055949698548602e+02
-1.709063962942587978e+02
-1.884715494422027007e+02
-2.060858156963575141e+02
-2.245535587983195853e+02
-2.441443004509598609e+02
-2.644827121072788714e+02
-2.847346013132702751e+02
-3.039835409624003546e+02
-3.216091342212008044e+02
-3.375069344563606819e+02
-3.520842833847873408e+02
-3.660535326610102516e+02
-3.801009880939430445e+02
-3.945544138153416611e+02
-4.091949229966608073e+02
-4.233146469432415415e+02
-4.360030298013206789e+02
-4.465241168505564247e+02
-4.546101988869824027e+02
-4.605598028257834926e+02
-4.651331721882719989e+02
-4.693162961284407970e+02
-4.740453491111530866e+02
-4.799625142380443776e+02
-4.872456715736931301e+02
-4.955405736124438363e+02
-5.040202168312845288e+02
-5.115793687404371894e+02
-5.171296294770555733e+02
-5.199125454134892834e+02
-5.197331925455999908e+02
-5.170456293343645484e+02
-5.128718769132368607e+02
-5.085845966411562813e+02
-5.056183869614939113e+02
-5.051837571875207686e+02
-5.080422574874351085e+02
-5.143810453064334069e+02
-5.238097644391932590e+02
-5.354814150276408782e+02
-5.483112127913886980e+02
-5.612478737272588205e+02
-5.735436067436858139e+02
-5.849595660374748149e+02
-5.958280066705719946e+02
-6.068932904814570293e+02
-6.189053780527923436e+02
-6.320441472871466431e+02
-6.453637231668748200e+02
-6.564970827719191675e+02
-6.618056985269505503e+02
-6.569984464944838010e+02
-6.380516540045193778e+02
-6.021463265973883381e+02
-5.483467713580913596e+02
-4.778404409659802354e+02
-3.936920556499852637e+02
-3.002152320310412961e+02
-2.021847499701112270e+02
-1.041240914383813561e+02
-9.796750729751813935e+00
7.809433720716637595e+01
1.580389084320670463e+02
2.296973207412054592e+02
2.937208855603859661e+02
3.514339834391456634e+02
4.044328069090521467e+02
4.541780321022445719e+02
5.016684816717616968e+02
5.472765926697699115e+02
5.907870760058327733e+02
6.316063146893502562e+02
6.690430503273745444e+02
7.025531102197203381e+02
7.318903824046641375e+02
7.571581184768934918e+02
7.787730801990576310e+02
7.973546625244890720e+02
8.135585374565342818e+02
8.278922338948507331e+02
8.405608456366194332e+02
8.513828497309062868e+02
8.597978408174534479e+02
8.649706996160639392e+02
8.659730730263444229e+02
8.619891920911401257e+02
8.524715373516876298e+02
8.371896000196683190e+02
8.161693133714383066e+02
7.895787832346176174e+02
7.576421206209331558e+02
7.206432786377753246e+02
6.790282702431006783e+02
6.335574702953241513e+02
5.854286254063182469e+02
5.362929315738389278e+02
4.881141043332311824e+02
4.428734007491510738e+02
4.021950735020133720e+02
3.670183938705987430e+02
3.374334234027513162e+02
3.127339759056455364e+02
2.916648644458297213e+02
2.727856825798004934e+02
2.548487456388634484e+02
2.370849752123156975e+02
2.193032162975378867e+02
2.017547608680781650e+02
1.848107297180760611e+02
1.686057778064830188e+02
1.528376841632783112e+02
1.368364715037417341e+02
1.198695499687190136e+02
1.015225690245764696e+02
8.196283255648623367e+01
6.196233796338268007e+01
4.267873090932766900e+01
2.529589423591345465e+01
1.066989739070277565e+01
-8.942028959744838801e-01
-9.675935696630535432e+00
-1.640456154856201820e+01
-2.202834852826519096e+01
-2.746411885645446915e+01
-3.338352747784744423e+01
-4.008132126786104976e+01
-4.746300418044169334e+01
-5.515903225312308678e+01
-6.271843157658329915e+01
-6.979286260576587608e+01
-7.623367229474889939e+01
-8.208702581204563842e+01
-8.753585642794767807e+01
-9.285242490120332093e+01
-9.838367895737589208e+01
-1.045340245598394233e+02
-1.116983372719360830e+02
-1.201509072782973959e+02
-1.299561721519489765e+02
-1.409650533815802191e+02
-1.528972942460167417e+02
-1.654468159330152162e+02
-1.783350506273971234e+02
-1.912803207450056391e+02
-2.039199666579715426e+02
-2.157730501185990875e+02
-2.263223490344648496e+02
-2.352158488126310090e+02
-2.424908506884789006e+02
-2.486833557681017624e+02
-2.547328998792193318e+02
-2.616950100716783822e+02
-2.703725592174941994e+02
-2.810321944070770428e+02
-2.933512395967329667e+02
-3.066267433122130797e+02
-3.201254966030933247e+02
-3.333811007003879467e+02
-3.463086097566586545e+02
-3.591372266297436227e+02
-3.722555887279672788e+02
-3.860866290660632103e+02
-4.010698751309724912e+02
-4.177459834327895010e+02
-4.368461051804071076e+02
-4.592478606314963372e+02
-4.857156611454321933e+02
-5.164671416975979810e+02
-5.507112168269379708e+02
-5.863284706311976606e+02
-6.198266236983977251e+02
-6.466440956531491793e+02
-6.618056985269505503e+02
-6.608419362428567183e+02
-6.407702207341808389e+02
-6.008528942983263050e+02
-5.428626311997542189e+02
-4.707234422261769282e+02
-3.896030496493638111e+02
-3.047224539978308258e+02
-2.202483925068223982e+02
-1.385999311249566972e+02
-6.033116004264573462e+01
1.547333687578167627e+01
