-9.921240905831444579e+00
-6.725803567628719293e+01
-1.173699963852154724e+02
-1.549144012337263234e+02
-1.776939566901898502e+02
-1.868348794692463173e+02
-1.860193358236089978e+02
-1.801656974102981508e+02
-1.740262855778674407e+02
-1.710888671730884028e+02
-1.730044019484946602e+02
-1.795835086318553806e+02
-1.892506757745744039e+02
-1.997444217811487590e+02
-2.088236781495137961e+02
-2.147928101151120188e+02
-2.167624507702930998e+02
-2.146660900398314311e+02
-2.091112482914261648e+02
-2.011554143583064445e+02
-1.920814622164705838e+02
-1.832201412641060188e+02
-1.758288924030553062e+02
-1.709924225295426083e+02
-1.694910111129883603e+02
-1.716217790473011462e+02
-1.770424753512060931e+02
-1.847590371017458324e+02
-1.933271477858823744e+02
-2.012099198355413137e+02
-2.071374005452030076e+02
-2.103289076987263400e+02
-2.105384157338230011e+02
-2.079770271370916532e+02
-2.031981101012890463e+02
-1.969992654784175841e+02
-1.903330585687116638e+02
-1.841786281889543773e+02
-1.793519672385930335e+02
-1.763048790369801964e+02
-1.750085325769886992e+02
-1.749898039302249799e+02
-1.755120882624912042e+02
-1.758234832297882519e+02
-1.753680712518685993e+02
-1.738777332388202979e+02
-1.713219621575783265e+02
-1.677580170207837682e+02
-1.631549716414378395e+02
-1.572569761351088005e+02
-1.495294937352151123e+02
-1.392113836282629222e+02
-1.254613365328376346e+02
-1.075404909604578734e+02
-8.495440079325119598e+01
-5.751497465249981644e+01
-2.534734323568590852e+01
1.109662781977917057e+01
5.097626080053139219e+01
9.297552013032256468e+01
1.352849492850293984e+02
1.757599329976643503e+02
2.122916665198756903e+02
2.432965360516168403e+02
2.681250548312418687e+02
2.871968753992111942e+02
3.017889413421536915e+02
3.135613811508349045e+02
3.240112052189593896e+02
3.340547270448066683e+02
3.438633255695007733e+02
3.529588031709378129e+02
3.604782178194355993e+02
3.654861869756482520e+02
3.672354200684076204e+02
3.653140276133987072e+02
3.596536860537181610e+02
3.504200806329844227e+02
3.378640441649824879e+02
3.222335709111591768e+02
3.037951407793625549e+02
2.829201829542359974e+02
2.601442004583281005e+02
2.361468854971630265e+02
2.116809219501809878e+02
1.875033562654853938e+02
1.643125119985362232e+02
1.426454038779117752e+02
1.227295929367924288e+02
1.043781300554511660e+02
8.704876367052182218e+01
7.009972328647965867e+01
5.313404405108625639e+01
3.625084827765785178e+01
2.006756848021240813e+01
5.502431052586521432e+00
-6.570847090507536237e+00
-1.563432095022758617e+01
-2.168185918967735049e+01
-2.518925463397101794e+01
-2.695084479000720279e+01
-2.787693629767495196e+01
-2.883394721571932351e+01
-3.055428175794061474e+01
-3.359383804423767117e+01
-3.831086256736460172e+01
-4.486016216689624514e+01
-5.320401085002876584e+01
-6.313702877042017292e+01
-7.432197695517521652e+01
-8.633495167653636315e+01
-9.871933495741373576e+01
-1.110475835481165632e+02
-1.229799124790133220e+02
-1.342909034901287555e+02
-1.448338683692485631e+02
-1.544475174209688646e+02
-1.628605754588285492e+02
-1.696717963238980076e+02
-1.744494239372832851e+02
-1.769221686662299078e+02
-1.771690095967756235e+02
-1.757047671999330305e+02
-1.734108475594815673e+02
-1.713316299565225052e+02
-1.704017139291385092e+02
-1.711850702455584212e+02
-1.737059493587085512e+02
-1.774309716912175929e+02
-1.814210173473615555e+02
-1.846202950385165877e+02
-1.861999355358844070e+02
-1.858413651453373348e+02
-1.838563049789173647e+02
-1.811020702758170842e+02
-1.787283957971020243e+02
-1.778432213470341878e+02
-1.791985149634826087e+02
-1.829837486533783988e+02
-1.887851332545669436e+02
-1.957251050344034695e+02
-2.027343997361576839e+02
-2.088477375069120683e+02
-2.134023464827926659e+02
-2.160737272778123099e+02
-2.167624507702930998e+02
-2.154052431410677855e+02
-2.118139049183036207e+02
-2.056345662379575003e+02
-1.964491490926777431e+02
-1.839456125630966028e+02
-1.680452777551362828e+02
-1.489216724759623958e+02
-1.269182993470519563e+02
-1.024181847247486274e+02
-7.573715979531584708e+01
-4.710938500278567886e+01
-1.678480120003465004e+01
1.482500447960304157e+01
4.706227839791894496e+01
7.906992467964295201e+01
1.099510821890344090e+02
1.389563046538567619e+02
1.656021906569950772e+02
1.896666574922262214e+02
2.110782954074483087e+02
2.297778036053103676e+02
2.456350120585323680e+02
2.584549737313629976e+02
2.680472461829598956e+02
2.743089383677753403e+02
2.772886394244961821e+02
2.772242145493682983e+02
2.745518993849435105e+02
2.698686384962877582e+02
2.638272866643451380e+02
2.569788465210335744e+02
2.496264904150858968e+02
2.417734290348526542e+02
2.332018428898881837e+02
2.236393800438514177e+02
2.129202520911308909e+02
2.010716443654409034e+02
1.883209552026351048e+02
1.750577629982617225e+02
1.617730465126341244e+02
1.489747811463784046e+02
1.370832655849296771e+02
1.263350202374803359e+02
1.167386585607906966e+02
1.081146055018390939e+02
1.002192265792263726e+02
9.291208914545457276e+01
8.628708931041850860e+01
8.068267383771360812e+01
7.653447858891065891e+01
7.411699743341927160e+01
7.328821433467368252e+01
7.336128647484456167e+01
7.317936170320736267e+01
7.139196315715427943e+01
6.685541935235481503e+01
5.902819853251482130e+01
4.821863515219055785e+01
3.557587745083228725e+01
2.279714777224031508e+01
1.163471719044055241e+01
3.372694173093024439e+00
-1.541692263537540741e+00
-3.589534645805096957e+00
-3.974281526103042861e+00
-4.199212759809475060e+00
-5.578850179642911300e+00
-8.855355701127873402e+00
-1.405101282619830094e+01
-2.059127986845941649e+01
-2.761987279421545693e+01
-3.435908932034784158e+01
-4.037306942252653386e+01
-4.564905636218848173e+01
-5.049094828225673126e+01
-5.529577554898369840e+01
-6.032839738425182929e+01
-6.559765952516833920e+01
-7.087492320052237460e+01
-7.582380583149900133e+01
-8.016580169222883967e+01
-8.380106830151294162e+01
-8.683757980327702342e+01
-8.954402752467569826e+01
-9.228629670539839935e+01
-9.548971627696697340e+01
-9.961170059750594419e+01
-1.050761040471925014e+02
-1.121423833883636121e+02
-1.207404254048788630e+02
-1.303553477251470269e+02
-1.400586218456375320e+02
-1.487359126692202267e+02
-1.554700697318170342e+02
-1.599401573593902128e+02
-1.626509120204490841e+02
-1.648504124236694963e+02
-1.681181872762092837e+02
-1.737564970254329637e+02
-1.822177491568295977e+02
-1.927951302239096094e+02
-2.036980366644828280e+02
-2.124915110914237459e+02
-2.167624507702930998e+02
-2.148067428231566112e+02
-2.061112063550014852e+02
-1.914496892572479112e+02
-1.725422360115030642e+02
-1.514061790764974091e+02
-1.296675828956307441e+02
-1.081153583237844487e+02
-8.665832421957310316e+01
-6.466184071942255684e+01
-4.148839049648245236e+01
-1.699119077647504028e+01
8.276691498990466300e+00
