-3.346132638432157336e+01
-1.970126285933408994e+01
-1.064813782208208437e+01
-9.569534987207525489e+00
-1.740928250170934888e+01
-3.274734589855076905e+01
-5.250340036343788341e+01
-7.303100305392042912e+01
-9.118303871672218008e+01
-1.050184070778109344e+02
-1.139975614627061020e+02
-1.187141743326857721e+02
-1.203640243107160899e+02
-1.202024113481904948e+02
-1.191791592852984394e+02
-1.178181870573598928e+02
-1.162973891174307681e+02
-1.146259293796171903e+02
-1.128158607522295824e+02
-1.109840920056511777e+02
-1.093677777428582658e+02
-1.082697851038832653e+02
-1.079700063441309652e+02
-1.086452320390912973e+02
-1.103294074510791063e+02
-1.129186819870758711e+02
-1.162008778887756790e+02
-1.198882398538600853e+02
-1.236541701773556241e+02
-1.271914527033053872e+02
-1.302970151137612334e+02
-1.329552395778993059e+02
-1.353696564660240256e+02
-1.379045676912144245e+02
-1.409425583933555117e+02
-1.447149658995603261e+02
-1.491837789732716715e+02
-1.540289488347364397e+02
-1.587429909724870072e+02
-1.627882481524895297e+02
-1.657536778965175586e+02
-1.674593452045769197e+02
-1.679846282556018195e+02
-1.676242665368680207e+02
-1.667942848885893454e+02
-1.659164040584068402e+02
-1.653114899362662698e+02
-1.651326771134240516e+02
-1.653581973795548095e+02
-1.658372060625045208e+02
-1.663552417551101428e+02
-1.666840171517686713e+02
-1.666048121136103362e+02
-1.659220136315126410e+02
-1.644914084685518674e+02
-1.622738510749097145e+02
-1.593990418870899930e+02
-1.562007810080068850e+02
-1.531809975125557628e+02
-1.508858401901812272e+02
-1.497208281805938270e+02
-1.497616055787246125e+02
-1.506142186092446593e+02
-1.513584191824708114e+02
-1.505919904937850902e+02
-1.465843964514787103e+02
-1.375280538345666059e+02
-1.218435302746918012e+02
-9.847444084067268477e+01
-6.711531274648001499e+01
-2.833664560603775584e+01
1.641465087460266759e+01
6.495034907359224974e+01
1.145995065216176982e+02
1.625477375088359224e+02
2.061965239867548974e+02
2.434847292121369264e+02
2.731234816277772097e+02
2.947017193251318758e+02
3.086359430977646525e+02
3.159763917604929020e+02
3.181264180488373654e+02
3.165499758279242428e+02
3.125263531961481931e+02
3.069858712024469014e+02
3.004435499732788912e+02
2.930329397214784422e+02
2.846216245541074841e+02
2.749714182867662089e+02
2.638985276235422930e+02
2.513898532980586253e+02
2.376403259717360470e+02
2.229985407621910554e+02
2.078426592540159561e+02
1.924406110979589641e+02
1.768601373573457067e+02
1.609762797344432386e+02
1.445819087155566081e+02
1.275591287062120500e+02
1.100385470265830179e+02
9.247424665225950946e+01
7.559392204473300581e+01
6.023285459710410095e+01
4.710979380194683586e+01
3.663180200435972722e+01
2.880601297971800534e+01
2.328952592444513670e+01
1.954512653280350776e+01
1.702054314824323100e+01
1.526274090342647582e+01
1.392640639799977187e+01
1.270618747698197559e+01
1.126260705905775161e+01
9.197971879679204932e+00
6.095218319307253552e+00
1.597947911136355259e+00
-4.501375592099542189e+00
-1.219371064915698355e+01
-2.122472426757056496e+01
-3.111508437290387974e+01
-4.123613499398433646e+01
-5.093920077686478010e+01
-5.971281295137842449e+01
-6.731433986518101165e+01
-7.382005976851999662e+01
-7.957032415945337789e+01
-8.503103879440628532e+01
-9.062133652400403605e+01
-9.656288341346387938e+01
-1.027962119747776057e+02
-1.089898397213628130e+02
-1.146410320377058554e+02
-1.192379519157774723e+02
-1.224311462254639196e+02
-1.241568408765941456e+02
-1.246694442653059980e+02
-1.244728511659180583e+02
-1.241769081868707474e+02
-1.243304721599637332e+02
-1.252873571801002583e+02
-1.271458162035713713e+02
-1.297707513797968772e+02
-1.328746707059094945e+02
-1.361166333856667450e+02
-1.391838515297393997e+02
-1.418394955707651093e+02
-1.439401112903401554e+02
-1.454373960295178847e+02
-1.463785951140001487e+02
-1.469107806372509231e+02
-1.472827136353701007e+02
-1.478294606366150958e+02
-1.489234893141486680e+02
-1.508838344839734305e+02
-1.538516675702444729e+02
-1.576584082669484417e+02
-1.617188719174621383e+02
-1.649762560516975043e+02
-1.659220136315126410e+02
-1.627155052909132849e+02
-1.534184175445557230e+02
-1.363254912308926237e+02
-1.103272528317558567e+02
-7.521386325711492304e+01
-3.183394243092784848e+01
1.794249684290728553e+01
7.145573707606588698e+01
1.256325122157927723e+02
1.774251318971427054e+02
2.242215766816001121e+02
2.641460292263533916e+02
2.962025318677901851e+02
3.202569985467489460e+02
3.368852022913627593e+02
3.471309494029900975e+02
3.522295950358235928e+02
3.533613108633529691e+02
3.514923483324070617e+02
3.473285568194442021e+02
3.413565048228161913e+02
3.339157470884520080e+02
3.252519251565487366e+02
3.155344395043797476e+02
3.048533448740927270e+02
2.932162057294998476e+02
2.805545066235994227e+02
2.667415400561667411e+02
2.516239232539040813e+02
2.350673059426738689e+02
2.170123195866986805e+02
1.975353134639589712e+02
1.769063582429545534e+02
1.556285022437660359e+02
1.344347299814682799e+02
1.142244562640381531e+02
9.593968858298755720e+01
8.040299037256528436e+01
6.815818251422712137e+01
5.936413840809538556e+01
5.378033300155576768e+01
5.084545290316425081e+01
4.980800174931388824e+01
4.985301065846100954e+01
5.019228703576447970e+01
5.012472715288333802e+01
4.909315457375062408e+01
4.674859041803760817e+01
4.300094630506102078e+01
3.802178284695287402e+01
3.218242230123894387e+01
2.594076453990484410e+01
1.971011642851989976e+01
1.374866753020304699e+01
8.104470895303913736e+00
2.635833260983547532e+00
-2.903301807569032889e+00
-8.754633795565215593e+00
-1.507013197492722867e+01
-2.187039878771307144e+01
-2.903814987836443606e+01
-3.633376705021500896e+01
-4.343267934516634199e+01
-4.998766586968780246e+01
-5.570451877452147471e+01
-6.040442530083082318e+01
-6.405029311024252081e+01
-6.673480215364716628e+01
-6.864521849272937004e+01
-7.002214281551681552e+01
-7.112350242382062504e+01
-7.219897389632455997e+01
-7.347198247211433397e+01
-7.511967537269667616e+01
-7.724638812742155380e+01
-7.986115453649611595e+01
-8.287713229841025964e+01
-8.614100840659769176e+01
-8.948335622019895652e+01
-9.277007222805147535e+01
-9.593525062043705987e+01
-9.898525867716065818e+01
-1.019767507100216619e+02
-1.049812617760254625e+02
-1.080528428745168554e+02
-1.112150236927881366e+02
-1.144806019533049408e+02
-1.179058243976933227e+02
-1.216542010170389005e+02
-1.260194664044813635e+02
-1.313588957836537361e+02
-1.379242062991069702e+02
-1.456277826530897528e+02
-1.538245870413187220e+02
-1.612107854838184835e+02
-1.659220136315126410e+02
-1.658468672838100133e+02
-1.590798918578429095e+02
-1.443772893348431410e+02
-1.214824928503047374e+02
-9.124526625944920966e+01
-5.552885177615853962e+01
-1.695294047868930676e+01
