1.403731702815342146e+02
-1.065073125610265947e+01
-1.419018386018528304e+02
-2.388367684979534147e+02
-2.954546885638333151e+02
-3.145337269378773044e+02
-3.052871974842243503e+02
-2.797335078889191777e+02
-2.491834741939977107e+02
-2.218276634934521780e+02
-2.017970374038750947e+02
-1.895358974599091653e+02
-1.830029386733014007e+02
-1.791290309484909358e+02
-1.750603606315493153e+02
-1.689196170823232137e+02
-1.600386454539458896e+02
-1.487811970137113349e+02
-1.361454854744287672e+02
-1.233232546870838178e+02
-1.113386689189430285e+02
-1.008319263748854269e+02
-9.200003387339239680e+01
-8.466759527913797001e+01
-7.844185980866251384e+01
-7.290227804933977040e+01
-6.777135631038288466e+01
-6.301216863528236445e+01
-5.881436757352489053e+01
-5.547152091798449192e+01
-5.320278688912515008e+01
-5.200356481121499996e+01
-5.160115695725707496e+01
-5.154289463800640192e+01
-5.138002986791840954e+01
-5.086431156398242592e+01
-5.006719598504935220e+01
-4.936158288066130240e+01
-4.925236437822672997e+01
-5.008869475266607196e+01
-5.173416753288555014e+01
-5.330280551953111967e+01
-5.306830788356663220e+01
-4.861128198090520414e+01
-3.720268585215123380e+01
-1.635809162631841218e+01
1.555435321894762524e+01
5.880596525304427757e+01
1.120558268859798261e+02
1.724582220284380583e+02
2.361255489021357903e+02
2.988215980872255386e+02
3.566829485369299846e+02
4.067753969613406184e+02
4.473772758407633887e+02
4.779870076738263833e+02
4.991230305648933268e+02
5.120033943831095939e+02
5.181833286615826637e+02
5.192216833976486896e+02
5.164428025865302061e+02
5.108378025704829497e+02
5.030997153667297539e+02
4.937334553545040876e+02
4.831593384192433973e+02
4.717509921232229431e+02
4.597967526955061999e+02
4.474196198295395561e+02
4.345138742981885684e+02
4.207482933577128392e+02
4.056529505154013009e+02
3.887661405277285667e+02
3.697896097320530657e+02
3.486994186878648065e+02
3.257865463431477338e+02
3.016342302523852368e+02
2.770529296888113890e+02
2.529861879664138371e+02
2.303922076455405090e+02
2.101131182586897239e+02
1.927582037829259320e+02
1.786288960124441019e+02
1.676974920300383474e+02
1.596329482933099371e+02
1.538617297795215109e+02
1.496580946774987808e+02
1.462590997158806658e+02
1.429863593632939001e+02
1.393429051139825106e+02
1.350567726628922287e+02
1.300616742645165687e+02
1.244247267358981617e+02
1.182455899588179449e+02
1.115643365287042457e+02
1.043210925052498226e+02
9.639181687931986175e+01
8.768173915299597354e+01
7.822190693063548395e+01
6.821422224747364282e+01
5.800024775536805066e+01
4.796297728286221940e+01
3.839633908004854845e+01
2.939422807378270974e+01
2.081123741643789060e+01
1.232008602323384139e+01
3.544063020096338334e+00
-5.794754991716573045e+00
-1.577472803602206852e+01
-2.625653065323367485e+01
-3.694455410521619854e+01
-4.749540065308883641e+01
-5.762852372299012416e+01
-6.720040642210808812e+01
-7.622657072739049511e+01
-8.486193731759617265e+01
-9.336045543576818773e+01
-1.020255894886579284e+02
-1.111532856920425019e+02
-1.209754684652411072e+02
-1.316246859083509264e+02
-1.431358912403428576e+02
-1.554770198235099770e+02
-1.685793144240575714e+02
-1.823418867037898963e+02
-1.966080753947936159e+02
-2.111322127825198152e+02
-2.255604621079335175e+02
-2.394420827732519115e+02
-2.522769910442781054e+02
-2.635949638362069436e+02
-2.730523776876578950e+02
-2.805262120557600838e+02
-2.861800973758875557e+02
-2.904713086987940187e+02
-2.940698343661680383e+02
-2.976829253119646523e+02
-3.018145223072748990e+02
-3.065163999370993793e+02
-3.111951130449394327e+02
-3.145337269378773044e+02
-3.145752651256612467e+02
-3.089873406761392403e+02
-2.954806321469130808e+02
-2.723015502902742355e+02
-2.386809457502462521e+02
-1.951148940731950461e+02
-1.433906542225251144e+02
-8.634381335594028428e+01
-2.741369236376440455e+01
2.988391694169578727e+01
8.244577860080116238e+01
1.279449238816680463e+02
1.650196207736411225e+02
1.932691963801627253e+02
2.130764547750595739e+02
2.253246426685843176e+02
2.311105283655590483e+02
2.315453980851416986e+02
2.276794642457085729e+02
2.205123019181979487e+02
2.110087714821715394e+02
2.000555080276725732e+02
1.883534956175781474e+02
1.763009064853647772e+02
1.639372365183210434e+02
1.509896104275829885e+02
1.370094758654391001e+02
1.215454346234609488e+02
1.042894172934122423e+02
8.516009832374828648e+01
6.432438132861773283e+01
4.217598158292463495e+01
1.928604854897679388e+01
-3.667105901751440911e+00
-2.598092959840401051e+01
-4.700926411024317275e+01
-6.622371438784345798e+01
-8.324747642866334729e+01
-9.786683759591750231e+01
-1.100298109974422687e+02
-1.198334506428731885e+02
-1.274943950281506773e+02
-1.333004888079595958e+02
-1.375504206747525586e+02
-1.404964846410190376e+02
-1.423109384444856573e+02
-1.430942893938112093e+02
-1.429265921093791576e+02
-1.419361666608519954e+02
-1.403460734415881461e+02
-1.384708074245721150e+02
-1.366638320485770635e+02
-1.352427420706953853e+02
-1.344308490159427549e+02
-1.343428839730055415e+02
-1.350097925348561319e+02
-1.364076271480255400e+02
-1.384590543499771229e+02
-1.410125744908275465e+02
-1.438362630109932638e+02
-1.466556043998136261e+02
-1.492265895314367299e+02
-1.514030384785637864e+02
-1.531575301269197666e+02
-1.545450558577996105e+02
-1.556352652789834394e+02
-1.564585910742852377e+02
-1.570005579091756260e+02
-1.572449062756698481e+02
-1.572342289487343123e+02
-1.571076883599508847e+02
-1.570903744061848215e+02
-1.574342748367819240e+02
-1.583333292362910072e+02
-1.598477893312500839e+02
-1.618734733701481048e+02
-1.641791297529488247e+02
-1.665097980006651710e+02
-1.687191929860966582e+02
-1.708679279683334187e+02
-1.732332276176514370e+02
-1.762223099706790208e+02
-1.802324399130118877e+02
-1.855203269666539825e+02
-1.921287603461574918e+02
-1.998890603596277913e+02
-2.084908637854865958e+02
-2.175926071475153094e+02
-2.269383084013617520e+02
-2.364462184239698104e+02
-2.462377041181802042e+02
-2.565796794982354072e+02
-2.677271364320725979e+02
-2.796808191752896278e+02
-2.919183860608492296e+02
-3.031997372873929635e+02
-3.115570407961868113e+02
-3.145337269378773044e+02
-3.096477597657529373e+02
-2.949656469161033101e+02
-2.696247466834248598e+02
-2.341502860784593167e+02
-1.904721739489141044e+02
-1.416310962957693391e+02
-9.125098176470564226e+01
-4.292525325798182223e+01
3.096156281326329918e-01
3.627804942952255374e+01
6.370439576906375123e+01
8.204975788153362259e+01
9.127714207202518537e+01
9.167835287431842062e+01
8.384081381490011609e+01
6.874882875874115484e+01
4.793619158526362867e+01
2.356225100458888733e+01
-1.712289008018927916e+00
-2.511424520192480259e+01
-4.436951209369033222e+01
-5.836955684249741694e+01
-6.762928322492179234e+01
-7.427462473935567289e+01
