-4.841403332887794875e+01
-1.267796927790884922e+02
-1.940232241968281812e+02
-2.421423047415472638e+02
-2.681664930297769729e+02
-2.742282252509906471e+02
-2.660872298320775258e+02
-2.509100819839967471e+02
-2.351721452325536461e+02
-2.232799429442768258e+02
-2.171172149572609271e+02
-2.163799492248762988e+02
-2.193808674686122799e+02
-2.239714056097074035e+02
-2.282977765172397255e+02
-2.312280814324264782e+02
-2.324232217772013485e+02
-2.321404605500671892e+02
-2.309235017828340517e+02
-2.293296627894523283e+02
-2.277811642547397355e+02
-2.265431491344726567e+02
-2.257730153881228432e+02
-2.255716616358247677e+02
-2.259832044038418815e+02
-2.269175313513863159e+02
-2.280032415605799088e+02
-2.284168002214977378e+02
-2.267696704355119266e+02
-2.211467410541071388e+02
-2.093541202750629679e+02
-1.893569603211773540e+02
-1.598034894023368793e+02
-1.204787384165118738e+02
-7.253375912613934418e+01
-1.839801379476716647e+01
3.861531156416808130e+01
9.490109113427635634e+01
1.471855146867593191e+02
1.930217692668001632e+02
2.310537211680780842e+02
2.610176088305894382e+02
2.835243386137950665e+02
2.997184688473009260e+02
3.109256383188916288e+02
3.183739374914417226e+02
3.230282712031777237e+02
3.255378620297151429e+02
3.262747546935197533e+02
3.254270896708234204e+02
3.231009253245118771e+02
3.193896467762217526e+02
3.143959023867199676e+02
3.082167419868981142e+02
3.009062929935681154e+02
2.924245740627744681e+02
2.825920205336767594e+02
2.710892249296575187e+02
2.575360093860505799e+02
2.416420598324714604e+02
2.233721300698458379e+02
2.030504745470019543e+02
1.813534759988903886e+02
1.591883446306788699e+02
1.375036334233176660e+02
1.171057569795660527e+02
9.855089913061559059e+01
8.214018794059700213e+01
6.799101560796684396e+01
5.612659571585885487e+01
4.653384070058555011e+01
3.916973834264855014e+01
3.392677801052125375e+01
3.058566863587816442e+01
2.878305226619026769e+01
2.800943930313447794e+01
2.764249788363668614e+01
2.701667021078073105e+01
2.552179952944412378e+01
2.270799099091312456e+01
1.836361384101942562e+01
1.253866618450778958e+01
5.503922373449679384e+00
-2.340780458694082355e+00
-1.057685721194794759e+01
-1.885892515967862337e+01
-2.696380190370543772e+01
-3.479107714593335032e+01
-4.232367480313973829e+01
-4.956493879464704833e+01
-5.647723917410075245e+01
-6.295406206425798956e+01
-6.885079988948433538e+01
-7.407156400161599663e+01
-7.867222347366863744e+01
-8.292051283923051130e+01
-8.727183063005591634e+01
-9.226554960843598963e+01
-9.838911733563462292e+01
-1.059679209478139796e+02
-1.151163352315592761e+02
-1.257498965625685372e+02
-1.376317664574742139e+02
-1.504210496043179432e+02
-1.637072224488124732e+02
-1.770386404992996745e+02
-1.899603239898144977e+02
-2.020601988699916376e+02
-2.130040280154835557e+02
-2.225429835308876534e+02
-2.305036361922531967e+02
-2.367891132136832084e+02
-2.414092265440229141e+02
-2.445261526517382435e+02
-2.464780240219949974e+02
-2.477431539498398081e+02
-2.488351365686034455e+02
-2.501619843005809116e+02
-2.519126939499701336e+02
-2.540265166261299896e+02
-2.562580717560923063e+02
-2.583047567428656066e+02
-2.599377402912521120e+02
-2.610832573803442074e+02
-2.618305250114940463e+02
-2.623780771835647556e+02
-2.629523908027313155e+02
-2.637341154817769393e+02
-2.648144926703361079e+02
-2.661889997530396386e+02
-2.677827796803798037e+02
-2.694907817608656160e+02
-2.712032007815504357e+02
-2.727817115344417971e+02
-2.739662765825605675e+02
-2.742282252509906471e+02
-2.726278044432046386e+02
-2.677576689546232274e+02
-2.578400535213908142e+02
-2.409989613630064866e+02
-2.156638930318714529e+02
-1.810028639540756501e+02
-1.372576815226798601e+02
-8.587878682262416419e+01
-2.941501499904600081e+01
2.882556512783926905e+01
8.528114533786586549e+01
1.367107170152050060e+02
1.807147207226231842e+02
2.160752908717536513e+02
2.428259376279396520e+02
2.620359994253745981e+02
2.753822833913012573e+02
2.846411489629970220e+02
2.912478256986813676e+02
2.960401006972801383e+02
2.992412607117262269e+02
3.006534961394427228e+02
2.999583313628351675e+02
2.969947136661318154e+02
2.919158174815622715e+02
2.851841908295639882e+02
2.774237806181635619e+02
2.691936086832730552e+02
2.607707152165861544e+02
2.520214974510875265e+02
2.424081407424136785e+02
2.311382986284550611e+02
2.174291075971850375e+02
2.008163162191037827e+02
1.814046401595183511e+02
1.599579526422474487e+02
1.377847951823083008e+02
1.164561408248988528e+02
9.744914758610562444e+01
8.182439168166811783e+01
7.002797888502180967e+01
6.187346767826916505e+01
5.670103974983351236e+01
5.364644987004523102e+01
5.191284086676859033e+01
5.095044048189703290e+01
5.050557876999755536e+01
5.056268747305634292e+01
5.123229433366013552e+01
5.262977841795368761e+01
5.476911499218090285e+01
5.748534129717988606e+01
6.040084619136311517e+01
6.295239598680441873e+01
6.448620867162927084e+01
6.440597403679241495e+01
6.233411750330586187e+01
5.823257092771798682e+01
5.243415122332159228e+01
4.556276771817284299e+01
3.836380600294383214e+01
3.150537450071659862e+01
2.542396123014486875e+01
2.026700108351092666e+01
1.594099063480951628e+01
1.222692603604854256e+01
8.898978521005034281e+00
5.795011844127667899e+00
2.827528492229248513e+00
-4.367758676739796897e-02
-2.849157894483067111e+00
-5.637459682975839215e+00
-8.480612241067399637e+00
-1.145511045313154774e+01
-1.461081430357003441e+01
-1.795123284619670301e+01
-2.144344610636138526e+01
-2.505373538977555370e+01
-2.878161631346781846e+01
-3.266203596676928811e+01
-3.672981485335346008e+01
-4.097242817879111243e+01
-4.530910457102686451e+01
-4.961662118166020718e+01
-5.378791800192901462e+01
-5.778436851061800184e+01
-6.164953462364681513e+01
-6.548685275627119040e+01
-6.943143565612480472e+01
-7.364152424293141053e+01
-7.830804844444966761e+01
-8.365900398563114493e+01
-8.993638188705554626e+01
-9.734329773797848873e+01
-1.059795652177962637e+02
-1.157914580062094672e+02
-1.265567387230226188e+02
-1.379171918543064237e+02
-1.494618689900163417e+02
-1.608509313419646958e+02
-1.719470386544559801e+02
-1.828975595371562406e+02
-1.941091574450216513e+02
-2.060888750816468189e+02
-2.191801074417141137e+02
-2.332717567370603433e+02
-2.475817535804256693e+02
-2.606026952704875725e+02
-2.702540136008987588e+02
-2.742282252509906471e+02
-2.704662425132016779e+02
-2.576594647995509604e+02
-2.356569618609632926e+02
-2.056599286342096491e+02
-1.701246369269579475e+02
-1.323677645668322214e+02
-9.594897711103243410e+01
-6.396779667947348003e+01
-3.844415571720487890e+01
-1.994925333783329791e+01
-7.605872922831173000e+00
5.167322222616279603e-01
6.711123764378685408e+00
1.285705919064691116e+01
1.984159922398360720e+01
2.741601422032622537e+01
