-1.613964692020244840e+00
-9.756707317559611070e+00
-1.768758514730161480e+01
-2.514408040158517110e+01
-3.186935508814281803e+01
-3.766730674013490443e+01
-4.246032113916398032e+01
-4.631449066089844280e+01
-4.941891554122193497e+01
-5.202425942271218418e+01
-5.435314486245416532e+01
-5.650793624745506349e+01
-5.841884563384243734e+01
-5.986842388735692566e+01
-6.058917509345854313e+01
-6.039242176950359209e+01
-5.927575597000901553e+01
-5.746535843979523861e+01
-5.537051598621425796e+01
-5.346677741363929215e+01
-5.216273389040966890e+01
-5.170667743955004880e+01
-5.215415212014728041e+01
-5.338263789932769043e+01
-5.512846382241625065e+01
-5.703394918255160917e+01
-5.871777275678670804e+01
-5.988633225569329710e+01
-6.046479870672403223e+01
-6.067701718022740209e+01
-6.100347407775695530e+01
-6.200872219892988113e+01
-6.410941205219646122e+01
-6.739745222095737631e+01
-7.161015693127286852e+01
-7.625717920176042242e+01
-8.082117239713518586e+01
-8.491428013720697265e+01
-8.832567369680289460e+01
-9.098811272667992966e+01
-9.293967184254788094e+01
-9.432560488068021698e+01
-9.541759847773701608e+01
-9.659081445144255440e+01
-9.822217379292877126e+01
-1.005314913299449131e+02
-1.034295592097660546e+02
-1.064339900114159860e+02
-1.086800701561164715e+02
-1.090219009103094407e+02
-1.062012815732783366e+02
-9.905730031373671807e+01
-8.675222330326913323e+01
-6.898529195166521788e+01
-4.615192848712655405e+01
-1.939599818795066000e+01
9.489323134675242244e+00
3.832491623659586111e+01
6.493075477544874730e+01
8.752948876756100560e+01
1.050400053228467669e+02
1.171733313620882058e+02
1.243321217670411869e+02
1.273886447745054653e+02
1.274315349443497638e+02
1.255453612411194513e+02
1.226523882622648784e+02
1.194124126376971731e+02
1.161562272115222072e+02
1.128425167549189041e+02
1.090648841811923830e+02
1.041500464994503972e+02
9.735599565883622120e+01
8.812208712959966306e+01
7.628398703231097500e+01
6.217264524789398195e+01
4.656414424270377594e+01
3.051012860799194470e+01
1.512528498883462902e+01
1.411551506586334881e+00
-9.848934229884207525e+00
-1.816126425470844552e+01
-2.338901169746340614e+01
-2.582743431010953827e+01
-2.622542987956110494e+01
-2.569806588351460874e+01
-2.551062559770916849e+01
-2.676931670256437101e+01
-3.010646936181674604e+01
-3.548144300988019495e+01
-4.220031905013362916e+01
-4.917396309741037896e+01
-5.531793815005035242e+01
-5.991496667498240924e+01
-6.277632398184960039e+01
-6.416396009142408730e+01
-6.458255742351396123e+01
-6.459311912582644766e+01
-6.471310231855153461e+01
-6.536080037326134118e+01
-6.678010343757580358e+01
-6.894454715104413367e+01
-7.150914828606622109e+01
-7.388746642174169210e+01
-7.546906599054329945e+01
-7.589966714251625035e+01
-7.528696252308768067e+01
-7.421893688278760237e+01
-7.357901318487228082e+01
-7.424412220993625056e+01
-7.679149772141811070e+01
-8.131064473306861373e+01
-8.736148832817495702e+01
-9.407716710948150762e+01
-1.003825457444699509e+02
-1.052744239884995352e+02
-1.080892364010214379e+02
-1.086800701561164715e+02
-1.074416409015982623e+02
-1.051591703202359867e+02
-1.027071697533195902e+02
-1.006788825849167637e+02
-9.906447268711875154e+01
-9.710911986532215678e+01
-9.344149477620145205e+01
-8.645979428430725022e+01
-7.484587253743454482e+01
-5.801971400126709000e+01
-3.637351126201058804e+01
-1.121179771123542679e+01
1.556630471592870890e+01
4.191233019081262512e+01
6.603261266270666852e+01
8.662369030877773923e+01
1.029148156718929954e+02
1.146004759545727865e+02
1.217796745617228282e+02
1.249505884855192051e+02
1.250041653916634061e+02
1.231214623085659241e+02
1.205419828401180666e+02
1.182701124392880274e+02
1.168369435396157598e+02
1.162087810485881363e+02
1.158649720995333752e+02
1.149988475023335894e+02
1.127559729867055154e+02
1.084309457451489322e+02
1.015904259012741448e+02
9.213987387647924265e+01
8.036469917382709127e+01
6.694492587971235764e+01
5.290283323279651029e+01
3.944629789861942726e+01
2.772750207930001665e+01
1.859928975346203828e+01
1.245964484926778937e+01
9.222795367695912461e+00
8.397264819523284629e+00
9.230967900689295291e+00
1.088586211299754325e+01
1.259831186522652757e+01
1.377728330823426361e+01
1.401746443028536859e+01
1.304928778263444045e+01
1.068257637771016988e+01
6.805515539034511896e+00
1.464600430142336762e+00
-5.018787333568781150e+00
-1.199683119376767948e+01
-1.859670468595874127e+01
-2.397121647907832909e+01
-2.759158150680891453e+01
-2.944357803945104024e+01
-3.004540344607562474e+01
-3.029413548032984238e+01
-3.120968311651481031e+01
-3.366248874755395093e+01
-3.815131759696477332e+01
-4.466765184708847869e+01
-5.267186731963934676e+01
-6.120101152302899550e+01
-6.909693166733117664e+01
-7.529652642197036982e+01
-7.910352470755552190e+01
-8.037682740917796309e+01
-7.959894358836351103e+01
-7.780357739051854082e+01
-7.634969488372045987e+01
-7.655902837906802461e+01
-7.929726178238313139e+01
-8.464445336624058314e+01
-9.180607893153444365e+01
-9.932625854368160390e+01
-1.055200003828406636e+02
-1.089378030532940613e+02
-1.086800701561164715e+02
-1.044744911630218098e+02
-9.654733178253690085e+01
-8.539681848045447055e+01
-7.158681342532973702e+01
-5.563050804954188777e+01
-3.796566986400094379e+01
-1.898004193818302099e+01
9.568148820721660286e-01
2.147667980938794585e+01
4.220619500135470048e+01
6.275131997034976905e+01
8.266111539237174100e+01
1.013852600291623673e+02
1.182586045471956453e+02
1.325408113398460159e+02
1.435207726676903803e+02
1.506753995041511303e+02
1.538449833062346954e+02
1.533584947859885119e+02
1.500375920284021447e+02
1.450437197730605590e+02
1.396001510820018439e+02
1.346880008190105400e+02
1.308340644165209596e+02
1.280588073512566325e+02
1.259763103564235109e+02
1.239903335054970341e+02
1.215201824819249623e+02
1.181929709930958552e+02
1.139488657855984286e+02
1.090357460788123376e+02
1.039167153763987272e+02
9.914548090161346749e+01
9.525003583352352621e+01
9.262398183082152059e+01
9.141626404189041466e+01
9.145202124142306843e+01
9.225185251974423295e+01
9.318379186182602325e+01
9.369615613189488101e+01
9.351361582702773489e+01
9.269040859586328907e+01
9.149476685532246734e+01
9.019345623009334645e+01
8.886195575423460014e+01
8.732907942587880257e+01
8.527754057446352931e+01
8.242432728544535792e+01
7.866719460962158905e+01
7.412287634782816781e+01
6.906300740071139899e+01
6.381743046109294681e+01
5.871514723719631945e+01
5.407803613024773881e+01
5.022636522515993818e+01
4.743963168154807164e+01
4.584460930094071784e+01
4.525801139244271099e+01
4.506370466122153573e+01
4.422023642817961075e+01
4.145986555422904019e+01
3.566376381201628476e+01
2.630237592570772165e+01
1.375737249534399531e+01
-6.534746240454758492e-01
