-3.027262939571724232e+01
-2.853893305806812819e+01
-2.785522059007617912e+01
-2.900123801213803532e+01
-3.232225849628675007e+01
-3.765965746373548484e+01
-4.441064144851620199e+01
-5.169744929828524249e+01
-5.858860689949992917e+01
-6.429601025176027917e+01
-6.829658639336582837e+01
-7.037902557964797268e+01
-7.064762695125988046e+01
-6.950545736819749720e+01
-6.760739685691785894e+01
-6.575449658912359041e+01
-6.471894477882081276e+01
-6.503792681062026304e+01
-6.685688431705710855e+01
-6.990008487560024264e+01
-7.359310899745118206e+01
-7.728992370110826471e+01
-8.051235928245087337e+01
-8.311236268581372144e+01
-8.530272170646667007e+01
-8.754732963773987819e+01
-9.034514047864804809e+01
-9.397710035630962011e+01
-9.830735122417846128e+01
-1.027266239768930518e+02
-1.062771787022409740e+02
-1.079092305416530309e+02
-1.067462728514491914e+02
-1.022464740593651271e+02
-9.423023565523990897e+01
-8.282216020889755725e+01
-6.837301805997861948e+01
-5.139491990848811298e+01
-3.250286697575113237e+01
-1.234220061161403414e+01
8.494196141672958333e+00
2.951656463469457492e+01
5.030872544950566549e+01
7.041907460805292374e+01
8.924443217112354887e+01
1.060116660517458627e+02
1.199122333464189580e+02
1.303345282965954084e+02
1.370582709222408084e+02
1.402991268002409697e+02
1.405933509578599967e+02
1.385975223994114458e+02
1.348951872399372860e+02
1.298746561358784390e+02
1.237107889297825523e+02
1.164508146193838911e+02
1.081568303233452184e+02
9.902009910263453207e+01
8.938029794381203885e+01
7.965182134177990747e+01
7.021787545886823523e+01
6.135463379979522358e+01
5.320401893161971429e+01
4.577198326039917475e+01
3.892738368133616689e+01
3.241240528804627274e+01
2.590443437862278131e+01
1.914613764625359238e+01
1.209504713038511881e+01
4.999650836927738595e+00
-1.661862233899070063e+00
-7.355809542761546638e+00
-1.168044057837669314e+01
-1.446834286324693686e+01
-1.577872530763322878e+01
-1.583489728234868821e+01
-1.498860440419811724e+01
-1.374740357732623508e+01
-1.281628819247287154e+01
-1.305093754929563765e+01
-1.525702807479969714e+01
-1.988304201371602531e+01
-2.675575869270394236e+01
-3.501853264017820067e+01
-4.334513429878072088e+01
-5.036885585956548539e+01
-5.515525297255840798e+01
-5.751412255439707621e+01
-5.801770534839300808e+01
-5.773539166240988862e+01
-5.782603723533625129e+01
-5.916970593589908844e+01
-6.216218878262544933e+01
-6.669676996036477590e+01
-7.228654313593324332e+01
-7.826137585519165896e+01
-8.398062396606466962e+01
-8.900227128280222644e+01
-9.314924658479704078e+01
-9.645009946845560478e+01
-9.900155754832762511e+01
-1.008501368725268890e+02
-1.019736954475122701e+02
-1.023717927497929310e+02
-1.021952057593334189e+02
-1.018086602241239973e+02
-1.017115837268207486e+02
-1.023291642685580456e+02
-1.037767692969724749e+02
-1.057249030935152376e+02
-1.074304654950641975e+02
-1.079092305416530309e+02
-1.061687778521110204e+02
-1.014149516856608670e+02
-9.317385803578089565e+01
-8.132019469801875289e+01
-6.604094640797512739e+01
-4.777166610410538539e+01
-2.713126801015953049e+01
-4.870739654537731056e+00
1.815663612502734736e+01
4.101003685164270252e+01
6.268960235792245328e+01
8.222088796121239795e+01
9.881184602459423161e+01
1.120317075628580170e+02
1.219092945513497881e+02
1.288776870798620848e+02
1.335871583879745117e+02
1.366797459654895874e+02
1.386144184039975471e+02
1.395838537607614285e+02
1.395213830400039683e+02
1.381747010309761379e+02
1.352208187334920240e+02
1.304049562953983354e+02
1.236822972192322538e+02
1.153208166792658034e+02
1.059140320323437976e+02
9.627959235925608539e+01
8.726959978076708069e+01
7.955410515871122357e+01
7.344317521298299312e+01
6.879924405198005388e+01
6.507301943459864901e+01
6.146720729227160973e+01
5.718873126050964828e+01
5.171031845167521368e+01
4.495328520999053268e+01
3.732944451514441653e+01
2.962459762883952052e+01
2.275823993958643143e+01
1.750275230139616767e+01
1.425994655314466186e+01
1.295587606428206584e+01
1.306149179813702332e+01
1.372381508944280881e+01
1.398933543526122847e+01
1.307503804068478104e+01
1.059676097262075345e+01
6.652340776525880628e+00
1.710764931140266398e+00
-3.644119229880674382e+00
-8.984296322676549096e+00
-1.418267851851145167e+01
-1.937203273541643611e+01
-2.477209633915256148e+01
-3.050782265763736945e+01
-3.652294543973871299e+01
-4.261443308746560632e+01
-4.853712486969517670e+01
-5.410027331712896626e+01
-5.920577629822969357e+01
-6.383150650507282364e+01
-6.799786616234550252e+01
-7.175208756011294042e+01
-7.517856828642797495e+01
-7.841428624967635130e+01
-8.163141068487807672e+01
-8.496587448818250721e+01
-8.841856098212825543e+01
-9.179151014618388160e+01
-9.471094311352990758e+01
-9.674381924948049516e+01
-9.756695728099683151e+01
-9.712235920412368273e+01
-9.569864889291541488e+01
-9.390448914548939285e+01
-9.253076390513807326e+01
-9.233223526877004872e+01
-9.378709198983261786e+01
-9.689930560354265765e+01
-1.010978506448371945e+02
-1.052668078927501227e+02
-1.079092305416530309e+02
-1.074148736693975650e+02
-1.023822857479989636e+02
-9.193342269506430853e+01
-7.594660146696449488e+01
-5.513606805453166260e+01
-3.093866685697579300e+01
-5.225382637674428565e+00
2.008306482359479972e+01
4.338362144553837396e+01
6.364327460552208038e+01
8.048750109177936451e+01
9.412423708487868623e+01
1.051343249569037539e+02
1.141866962185846006e+02
1.217681176621038475e+02
1.280295538015420789e+02
1.328120869309948944e+02
1.358297418240447882e+02
1.369042169588544198e+02
1.361247039179122567e+02
1.338592114332790288e+02
1.306291129933474053e+02
1.269197204351688129e+02
1.230154637370681883e+02
1.189260959666428192e+02
1.144233096424781309e+02
1.091603864540450388e+02
1.028277194064236681e+02
9.529833613037963858e+01
8.671835800750143619e+01
7.750537811887852513e+01
6.825177041975469194e+01
5.957634679113246534e+01
5.199161582571579743e+01
4.583503573022780841e+01
4.126394249502364175e+01
3.827654119359068829e+01
3.672853256080384909e+01
3.635214047956863226e+01
3.680203440610976884e+01
3.772444435876275293e+01
3.880586498469664036e+01
3.976235551832111526e+01
4.028376641860008078e+01
3.999731474535619213e+01
3.851604065046403491e+01
3.558428485659383966e+01
3.125271344595520162e+01
2.596449621730316792e+01
2.046497450485531289e+01
1.555191026031259049e+01
1.178551471440999165e+01
9.305509224786151279e+00
7.847227410691477445e+00
6.946658208052421735e+00
6.226785590119798819e+00
5.613351121005701216e+00
5.361594229773908538e+00
5.870897118972005835e+00
7.370901173406124940e+00
9.626962981743632852e+00
1.181668638640622859e+01
1.268070068735119804e+01
1.094711924265497061e+01
5.883368438539475775e+00
-2.279445618448196598e+00
-1.228201503848577758e+01
