2.817653996910686942e+02
1.254518354113245948e+02
-1.182661382012020113e+01
-1.155660330616337887e+02
-1.790391329793128534e+02
-2.038644210474276406e+02
-1.982254042567848842e+02
-1.736742510441249578e+02
-1.417264312576279508e+02
-1.112604565864695587e+02
-8.726733724516628854e+01
-7.096396803814837995e+01
-6.087580121691888735e+01
-5.430720728874291581e+01
-4.865364094886689372e+01
-4.220459778759169467e+01
-3.435128603943797998e+01
-2.534495765027179459e+01
-1.586513560317365545e+01
-6.630619806920094561e+00
1.830947357814466159e+00
9.263829426645088461e+00
1.568357169855602251e+01
2.134131141002345089e+01
2.664869432703829943e+01
3.204629165357212628e+01
3.783543878612309186e+01
4.403709868116371240e+01
5.034525218472941788e+01
5.619954064454736908e+01
6.094958814991775853e+01
6.406157765886544553e+01
6.532264686220335648e+01
6.499816250957346142e+01
6.388656182819948981e+01
6.322974057947408255e+01
6.449108015139700001e+01
6.907414600646174563e+01
7.807435352024779718e+01
9.212142962374940680e+01
1.113107762315744793e+02
1.351819666700322387e+02
1.627164756740026519e+02
1.923826270082632561e+02
2.222928384003653548e+02
2.505036011365968420e+02
2.753948560186249779e+02
2.959849521489372250e+02
3.120429209345797403e+02
3.239595966792779791e+02
3.324640391920196407e+02
3.383345225751810403e+02
3.422207500720688813e+02
3.446013092372733126e+02
3.458149731049901447e+02
3.460818548645919464e+02
3.454780957033875097e+02
3.438938338883980350e+02
3.410265816529994254e+02
3.364349146910343507e+02
3.296426531516418663e+02
3.202691946165605259e+02
3.081601861442651966e+02
2.934903490404306012e+02
2.768062666669512737e+02
2.589820889769214318e+02
2.410847516994931539e+02
2.241788307612594338e+02
2.091218967662736361e+02
1.964002602418396179e+02
1.860444595051379792e+02
1.776500306736845118e+02
1.705032538570049496e+02
1.637759965785942313e+02
1.567299944895572992e+02
1.488733865776410425e+02
1.400329506511668569e+02
1.303286558787469858e+02
1.200620402075262518e+02
1.095652338879488497e+02
9.908458996901410387e+01
8.874806037039559214e+01
7.859436464357125374e+01
6.860153937846622796e+01
5.868583152446740314e+01
4.869417334851883084e+01
3.842038011687225207e+01
2.764823115448565360e+01
1.620984268245704030e+01
4.054169728618052915e+00
-8.680226854576694961e+00
-2.161571859424097397e+01
-3.415491405681512305e+01
-4.559950935007938710e+01
-5.535154014245165399e+01
-6.312122823242481218e+01
-6.903835935140548941e+01
-7.360938991925759467e+01
-7.755942933200100242e+01
-8.165866182214134028e+01
-8.660018309261242564e+01
-9.291752387207415609e+01
-1.008951165016468394e+02
-1.104629714442639283e+02
-1.211284521525625166e+02
-1.320189822238763782e+02
-1.420700074341260404e+02
-1.503195088800615622e+02
-1.562061587137344532e+02
-1.597508339249226310e+02
-1.615492542685513513e+02
-1.625901712786665883e+02
-1.639767929722584654e+02
-1.666367540734664772e+02
-1.710847330209938377e+02
-1.772847563691177584e+02
-1.846443559024852448e+02
-1.921455828090063847e+02
-1.985762987583970300e+02
-2.027841141941395335e+02
-2.038644210474276122e+02
-2.012311014174453305e+02
-1.945816459056314898e+02
-1.838129485730693204e+02
-1.689692852407199553e+02
-1.502723501833401087e+02
-1.282264082699262531e+02
-1.037289552367440137e+02
-7.808777592590887195e+01
-5.287894496876615591e+01
-2.966417280921849908e+01
-9.666189580677354343e+00
6.474951646595329180e+00
1.878197385002043518e+01
2.784479069094105341e+01
3.459507081045978794e+01
4.001816573410518174e+01
4.486498387674691912e+01
4.942557056181348685e+01
5.343372166418370739e+01
5.615555240869538522e+01
5.665155551283535829e+01
5.411808984692113711e+01
4.816877869966145909e+01
3.894577283421321567e+01
2.704092208169893752e+01
1.330495646302770751e+01
-1.332567636595371141e+00
-1.595187180557549311e+01
-2.965707875414443606e+01
-4.160183870287176688e+01
-5.109302739317239883e+01
-5.775928515495406401e+01
-6.170693271204567054e+01
-6.357296701999195676e+01
-6.441313794136380011e+01
-6.542585727241765881e+01
-6.759658697560094254e+01
-7.140181838600406650e+01
-7.669146047313775227e+01
-8.278710766856247005e+01
-8.874353230084210509e+01
-9.366649282577967028e+01
-9.698073269785099626e+01
-9.858265334351189324e+01
-9.885409213311633891e+01
-9.853955270679729495e+01
-9.851690083687820731e+01
-9.953155348213168452e+01
-1.019928937798213440e+02
-1.059164608289607656e+02
-1.110303640852188920e+02
-1.169802229812001144e+02
-1.235147102903127347e+02
-1.305495410513059653e+02
-1.380837639521520543e+02
-1.460308369493829446e+02
-1.540741639427723442e+02
-1.616379826119443237e+02
-1.679973471863792724e+02
-1.724785326367053813e+02
-1.746637302811677159e+02
-1.745269820341512457e+02
-1.724719769739484718e+02
-1.692754279467293657e+02
-1.659445783595312207e+02
-1.635000282301633661e+02
-1.627203930488548167e+02
-1.639188580365391488e+02
-1.668355406683677984e+02
-1.707101063896145661e+02
-1.745433939172058615e+02
-1.774767498422504275e+02
-1.791464348791487566e+02
-1.798506316166170507e+02
-1.804289562832593106e+02
-1.818854414227290590e+02
-1.849154428498513028e+02
-1.895466662463237526e+02
-1.950506933338029114e+02
-2.001572332801329992e+02
-2.034661446891860237e+02
-2.038644210474276122e+02
-2.007639283761561728e+02
-1.940820617853591159e+02
-1.840366868201730313e+02
-1.709079717308733848e+02
-1.549116431819586239e+02
-1.362277077706821444e+02
-1.151231350889472935e+02
-9.206983399829560710e+01
-6.779165429939669707e+01
-4.322640175202539581e+01
-1.942128560595354969e+01
2.609001581741694054e+00
2.202551204425876108e+01
3.826649656387256471e+01
5.107486224138065722e+01
6.045490338696359345e+01
6.659283835724814082e+01
6.977458400364049851e+01
7.031644529405981814e+01
6.851930675367547963e+01
6.465447860362129973e+01
5.896871851898475825e+01
5.168341077049284138e+01
4.299097210891645204e+01
3.308052225082835207e+01
2.219270072384534842e+01
1.064260061329724749e+01
-1.242769551064910161e+00
-1.323794852062471250e+01
-2.528342851170724259e+01
-3.743774419346404159e+01
-4.974833606878279824e+01
-6.212817679003860150e+01
-7.430954120508111771e+01
-8.589326458117996310e+01
-9.646129761992064289e+01
-1.056934244853255223e+02
-1.134363043307825905e+02
-1.197120281532917545e+02
-1.246955576876259357e+02
-1.286960281123915877e+02
-1.321430696521344998e+02
-1.355503021791651577e+02
-1.394376104189192347e+02
-1.442260738818856112e+02
-1.501415927530840975e+02
-1.571631998062522086e+02
-1.650349737443709444e+02
-1.733331489581765936e+02
-1.815543180904177234e+02
-1.891863884396067306e+02
-1.957447497634848048e+02
-2.007786553510146064e+02
-2.038644210474275837e+02
-2.046166586712648723e+02
-2.027610745051790104e+02
-1.982831954150756246e+02
-1.915891838683311335e+02
-1.835541268136356905e+02
