2.084056068917806925e+00
1.223172026770638432e+01
1.869112890283675554e+01
1.890145405450057225e+01
1.206886194773082899e+01
-7.865931134753285647e-01
-1.733549665050964705e+01
-3.473159033016784747e+01
-5.039485117645931211e+01
-6.256539196092496269e+01
-7.052832124880261233e+01
-7.452664757757187886e+01
-7.546611675353206294e+01
-7.454946404521567160e+01
-7.295489736759098776e+01
-7.162066830155436037e+01
-7.114729531486703706e+01
-7.179762099302377010e+01
-7.356104023047299734e+01
-7.624603666177588934e+01
-7.957264430593427562e+01
-8.325223650859638269e+01
-8.705743395358157954e+01
-9.088586211435696782e+01
-9.480461280106365507e+01
-9.904490180415363909e+01
-1.039218090650107911e+02
-1.096874541356485793e+02
-1.163700725768883046e+02
-1.236794358369097182e+02
-1.310469555854951125e+02
-1.378088191360493227e+02
-1.434598101179846026e+02
-1.478582323106511183e+02
-1.512833455102342839e+02
-1.543199329575321030e+02
-1.576220507111132463e+02
-1.616509954670185039e+02
-1.664843830238312989e+02
-1.717659694081316673e+02
-1.768178022810733410e+02
-1.808768989108152425e+02
-1.833697172620837250e+02
-1.841204847192781529e+02
-1.834102511194944896e+02
-1.818554595361824227e+02
-1.801395421370467034e+02
-1.786817232777818560e+02
-1.773462317731116116e+02
-1.752868719181751374e+02
-1.709960294128152327e+02
-1.625793300385494433e+02
-1.482041533895515215e+02
-1.265949539546169831e+02
-9.741413389402444523e+01
-6.140549305220714871e+01
-2.027369435710502188e+01
2.363192817547850666e+01
6.771927705938119857e+01
1.095414713157903037e+02
1.471021300227410507e+02
1.790426428657459894e+02
2.047065220473035936e+02
2.240942792822243348e+02
2.377269971519486376e+02
2.464424724250005454e+02
2.511651704162715646e+02
2.527082549372523488e+02
2.516595927011867673e+02
2.483676960580406501e+02
2.430001493205395491e+02
2.356251553842345743e+02
2.262733554069295110e+02
2.149600947229025962e+02
2.016787570583774141e+02
1.864029187955014777e+02
1.691356167576695668e+02
1.500076468317793115e+02
1.293801590393813399e+02
1.078895751701683992e+02
8.640026709195969090e+01
6.588254868714132328e+01
4.726864013256130193e+01
3.132882197145801939e+01
1.857244125336117690e+01
9.160032873770340700e+00
2.831622365232533411e+00
-1.111346421591676403e+00
-3.720272320698018831e+00
-6.187511373411652471e+00
-9.550808529244388723e+00
-1.441973854770624541e+01
-2.084069332368729732e+01
-2.835851569656210458e+01
-3.624187340975171168e+01
-4.377514639394102858e+01
-5.051021254094477797e+01
-5.640019569059128912e+01
-6.177923120083712405e+01
-6.720082017218021520e+01
-7.319809099916250261e+01
-8.006292061093334667e+01
-8.773343216433914904e+01
-9.582846820658093634e+01
-1.038018739392947083e+02
-1.111452484616432059e+02
-1.175606375652959912e+02
-1.230462071134905955e+02
-1.278711264051886900e+02
-1.324485250154236269e+02
-1.371471806131227709e+02
-1.421129406579736383e+02
-1.471807670397269021e+02
-1.519263159799433538e+02
-1.558415181891383554e+02
-1.585587278564530322e+02
-1.600252795549504583e+02
-1.605537274194975907e+02
-1.607292269007128880e+02
-1.612177580275374567e+02
-1.625572670478807709e+02
-1.650086778005845645e+02
-1.685034983344687873e+02
-1.726817144912503750e+02
-1.769876536153191182e+02
-1.807769096902634942e+02
-1.833839877349462029e+02
-1.841204847192781529e+02
-1.822142124270258989e+02
-1.767392405508164757e+02
-1.666061152656605771e+02
-1.506713963222352675e+02
-1.279759467078391140e+02
-9.805429567090507703e+01
-6.120928934542066457e+01
-1.864395410362084959e+01
2.761283931734282504e+01
7.497901886038656016e+01
1.207174016612594301e+02
1.623559666381911768e+02
1.980349340245077485e+02
2.267157406498884882e+02
2.482246915057243086e+02
2.631387472853270992e+02
2.725457964141689899e+02
2.777290767990291442e+02
2.798421918986449555e+02
2.796540715433536661e+02
2.774373654040963402e+02
2.730376944863077142e+02
2.660989989134088773e+02
2.563534382116646384e+02
2.438461277190981775e+02
2.289871831902285351e+02
2.124119108489463201e+02
1.947399691570074935e+02
1.763804354879461016e+02
1.574926811571806979e+02
1.381134919602780258e+02
1.183625587648125759e+02
9.859574935998149670e+01
7.941387222689088787e+01
6.152859219939491453e+01
4.557015617495206783e+01
3.194104893517830135e+01
2.077271196374854867e+01
1.196776105651675159e+01
5.264365088329372000e+00
2.759938616319197457e-01
-3.486915860400118028e+00
-6.574584995272415355e+00
-9.512613607311541486e+00
-1.269676560713107705e+01
-1.632491819316052428e+01
-2.041550937112311459e+01
-2.491043162103564867e+01
-2.980245141881555782e+01
-3.521083049333284265e+01
-4.136476199345496951e+01
-4.850838817883280996e+01
-5.677427154889795702e+01
-6.607468255214767794e+01
-7.604865999426462508e+01
-8.609331376481081577e+01
-9.549371748942435545e+01
-1.036286438856968459e+02
-1.101779201976435445e+02
-1.152359447994724349e+02
-1.192744977589527480e+02
-1.229693031377215107e+02
-1.269582581415538129e+02
-1.316169876172059503e+02
-1.369311237764711109e+02
-1.425165780202192707e+02
-1.477828676438461741e+02
-1.521685442702114983e+02
-1.553445442993032088e+02
-1.573079332061240336e+02
-1.583557951548227152e+02
-1.589856790738455459e+02
-1.597772271281877750e+02
-1.612773223413679773e+02
-1.638822390099797985e+02
-1.677167899872671910e+02
-1.725369046978273389e+02
-1.776931235228393859e+02
-1.821780526587108398e+02
-1.847528909621048285e+02
-1.841204847192781529e+02
-1.790994114494295104e+02
-1.687631433729726211e+02
-1.525304962439201404e+02
-1.302128402192595047e+02
-1.020334216585130207e+02
-6.863223227576361296e+01
-3.105600661871751811e+01
9.282667878432690145e+00
5.069566206047224455e+01
9.136352683406281017e+01
1.295174364386994057e+02
1.636285230212527892e+02
1.925721052238512812e+02
2.157378258376155600e+02
2.330602893772533264e+02
2.449547874074704339e+02
2.521658757401914102e+02
2.555670528896141320e+02
2.559722893082792723e+02
2.540170579220557840e+02
2.501305756529363578e+02
2.445722766208662904e+02
2.374823356866451434e+02
2.289145492523827272e+02
2.188542328874346765e+02
2.072399056350608078e+02
1.940023161709232795e+02
1.791243612742409823e+02
1.627150818395916190e+02
1.450760268400131849e+02
1.267274041086723599e+02
1.083699154050247557e+02
9.078534008157279800e+01
7.470669632924847292e+01
6.070133491214905064e+01
4.910461550915011486e+01
4.002133163418857720e+01
3.338314845426509692e+01
2.902501119201291857e+01
2.673497411050132300e+01
2.624838460947934493e+01
2.719672800833468784e+01
2.906027696977082897e+01
3.117737539259835700e+01
3.282557629390548470e+01
3.334412160331159924e+01
3.224763249015073541e+01
2.929274474395077021e+01
2.448651642957363350e+01
1.804933683942852696e+01
1.035645786791161171e+01
1.880759915093655366e+00
-6.851218590161835209e+00
