-1.130269552404802624e+01
-1.754145645244022944e+00
5.020732983215751233e+00
7.087077255625928274e+00
3.833918598627775509e+00
-4.041165490862930199e+00
-1.496434785955259628e+01
-2.709971574380226400e+01
-3.890094786381599334e+01
-4.944337063110096153e+01
-5.849317461457683009e+01
-6.636209082446752916e+01
-7.364751171215898751e+01
-8.096727238868211884e+01
-8.876919676760758193e+01
-9.724550465825619483e+01
-1.063376320811214271e+02
-1.157954651970836011e+02
-1.252571900795624060e+02
-1.343320472380993351e+02
-1.426827927765558570e+02
-1.501037565767388742e+02
-1.565772380143434930e+02
-1.622852955800848349e+02
-1.675663445895096970e+02
-1.728256485878671072e+02
-1.784231176329927848e+02
-1.845704787060930130e+02
-1.912730323240438395e+02
-1.983399305745879246e+02
-2.054577159057460278e+02
-2.122924566452606712e+02
-2.185795573853183384e+02
-2.241769374520211215e+02
-2.290773108764960000e+02
-2.333878645438194610e+02
-2.372911777772416144e+02
-2.409986073352435199e+02
-2.446986109037116535e+02
-2.484995265737669854e+02
-2.523772874558814294e+02
-2.561534102473808616e+02
-2.595287761429718216e+02
-2.621783030326212156e+02
-2.638816329072392364e+02
-2.646409654636946698e+02
-2.647312151753499165e+02
-2.646471351857321110e+02
-2.649541039235252811e+02
-2.660958754833039848e+02
-2.682389980038379917e+02
-2.712245396041548133e+02
-2.746543956489121001e+02
-2.780781399112918280e+02
-2.811963372042453102e+02
-2.839848812683666779e+02
-2.866755828059658029e+02
-2.895816306974552390e+02
-2.928127616402441618e+02
-2.959706550373373375e+02
-2.979368396213380379e+02
-2.968524828279325902e+02
-2.903419544231420559e+02
-2.759614734604615478e+02
-2.517776738595677841e+02
-2.169190799926915076e+02
-1.719231023236856117e+02
-1.187484618168495984e+02
-6.043424401777321719e+01
-5.102351416650776628e-01
5.766464755926969588e+01
1.114585853536242155e+02
1.592897825504078924e+02
2.006623065741092375e+02
2.359457067260119629e+02
2.660049610275009400e+02
2.918230932040301013e+02
3.142314292700822875e+02
3.337874705783399918e+02
3.507708297441978402e+02
3.652437261890385116e+02
3.771338833274024864e+02
3.863122820725926658e+02
3.926475417071972061e+02
3.960318666957728055e+02
3.963881024680613905e+02
3.936729833196523600e+02
3.878874786489483313e+02
3.790962926481832937e+02
3.674486244619528179e+02
3.531888494139519707e+02
3.366549095571971293e+02
3.182740967211938710e+02
2.985631935261858416e+02
2.781223912981947137e+02
2.576007981019802742e+02
2.376227715501719331e+02
2.186914012953683937e+02
2.011057657412845288e+02
1.849281863981718175e+02
1.700180448803180298e+02
1.561179886014514864e+02
1.429495271255339617e+02
1.302680428628299012e+02
1.178546223673671562e+02
1.054683889368533158e+02
9.281312671771817691e+01
7.956419083730364150e+01
6.546227283072204273e+01
5.043275012986791239e+01
3.466272468978402799e+01
1.858496240515106024e+01
2.768519143650034486e+00
-1.224068768353695091e+01
-2.607455960453906130e+01
-3.864678761763204307e+01
-5.017528141778022643e+01
-6.111520649044563669e+01
-7.202205703386901803e+01
-8.338366494124643680e+01
-9.546785927231437086e+01
-1.082306741511164461e+02
-1.213171556092070347e+02
-1.341619349665616028e+02
-1.461632739534894370e+02
-1.568723045905761637e+02
-1.661268659151132852e+02
-1.740813374798569839e+02
-1.811326503485941828e+02
-1.877869824607579119e+02
-1.945215652777174569e+02
-2.016728449932130331e+02
-2.093568069440465820e+02
-2.174249923264983977e+02
-2.254745727373954765e+02
-2.329351768180333409e+02
-2.392306841825401023e+02
-2.439728567134037007e+02
-2.471158913975210112e+02
-2.490048373911240560e+02
-2.502839783443915280e+02
-2.516862417221032615e+02
-2.537847999095719160e+02
-2.568142418128572331e+02
-2.606309061268075311e+02
-2.648065534135113239e+02
-2.687983583839355788e+02
-2.721365119353504269e+02
-2.745885902342469649e+02
-2.762648279681457666e+02
-2.776240972863207617e+02
-2.793492890055990188e+02
-2.820938848915818085e+02
-2.861493944582380209e+02
-2.911259947655525480e+02
-2.957587268800317588e+02
-2.979368396213380379e+02
-2.949973326629273060e+02
-2.842368200279836401e+02
-2.635138618127262475e+02
-2.317703348204994427e+02
-1.893175675806811569e+02
-1.378069164556712849e+02
-7.991136936562133997e+01
-1.883574019020868207e+01
4.219600727698610854e+01
1.003598406693838996e+02
1.535024142102771521e+02
2.002640691921634186e+02
2.400843644598807884e+02
2.731226731660339055e+02
3.001135479857427981e+02
3.221670890368542928e+02
3.405302086062802118e+02
3.563428323099757904e+02
3.704371034132416298e+02
3.832205126141721507e+02
3.946588689685474378e+02
4.043524604391311641e+02
4.116858484999962684e+02
4.160172428240008458e+02
4.168583767507822131e+02
4.139987032375486251e+02
4.075512439646846019e+02
3.979229176884217623e+02
3.857289593042773959e+02
3.716814639390878483e+02
3.564837216068015664e+02
3.407514114091721922e+02
3.249681730527642571e+02
3.094767673638735914e+02
2.945019449555965707e+02
2.801892464826905211e+02
2.666355842696129912e+02
2.538963856281248184e+02
2.419733101083836573e+02
2.307974505599308941e+02
2.202205880433295704e+02
2.100224440189984705e+02
1.999414355988875514e+02
1.897316952813702073e+02
1.792317907282030376e+02
1.684112481229400089e+02
1.573617368293675725e+02
1.462279871623050838e+02
1.351114930833479661e+02
1.240013545560114494e+02
1.127759002018601819e+02
1.012797862482973841e+02
8.943597244849730998e+01
7.732889917236647648e+01
6.520948960090575497e+01
5.341481545221888183e+01
4.224042021920981682e+01
3.182723963243985565e+01
2.211448585971363556e+01
1.287162172832190521e+01
3.785178087350452358e+00
-5.436372362399428226e+00
-1.497092056994188169e+01
-2.483065181625751450e+01
-3.487009554145131318e+01
-4.485401258302468364e+01
-5.455526613161150351e+01
-6.383862953002699214e+01
-7.269770270979789473e+01
-8.123391091628658955e+01
-8.958630436173918099e+01
-9.784235627809847813e+01
-1.059784784535102915e+02
-1.138715820586392624e+02
-1.213825030679232384e+02
-1.284655150603512084e+02
-1.352387503385968159e+02
-1.419704589665259391e+02
-1.489840261430542228e+02
-1.565299180699610986e+02
-1.646850269943469129e+02
-1.733180683032971956e+02
-1.821293505410314424e+02
-1.907538325686045084e+02
-1.989041697397625512e+02
-2.065142153077762543e+02
-2.138272796512129332e+02
-2.213775618912441416e+02
-2.298479869301228860e+02
-2.398337768735837585e+02
-2.515686804147398448e+02
-2.646760329230544357e+02
-2.780097441497725299e+02
-2.896562333725320855e+02
-2.971543960868382896e+02
-2.979368396213380379e+02
-2.899111662329524393e+02
-2.720186467538956663e+02
-2.445722694115848981e+02
-2.092218888797014529e+02
-1.685198581645309730e+02
-1.252156959161483485e+02
-8.152306673360659772e+01
-3.862847309865960455e+01
3.366052476936989279e+00
