-2.877772511167497527e+01
-5.068847989428174117e+01
-7.121940242280444977e+01
-8.938978950318406191e+01
-1.048006633415045030e+02
-1.176187266315035060e+02
-1.283787967599439810e+02
-1.377270663818797232e+02
-1.462299752502323429e+02
-1.543142747246930071e+02
-1.623193827459366503e+02
-1.705818697724990614e+02
-1.794655003987442115e+02
-1.892922599040079206e+02
-2.001862188996669829e+02
-2.118830072645025098e+02
-2.235735062405921667e+02
-2.338432439168435906e+02
-2.407458485432678970e+02
-2.420203754724909402e+02
-2.354337064705195814e+02
-2.191974653914218152e+02
-1.923753178664692314e+02
-1.551752630066842187e+02
-1.090311148730138910e+02
-5.642681946922668601e+01
-4.952456159280949066e-01
5.550375232880479359e+01
1.086890155119214967e+02
1.569297836823949126e+02
1.990176728241673345e+02
2.346326354027650609e+02
2.641478750496856946e+02
2.883521644790822620e+02
3.081755438669265459e+02
3.244851244599879010e+02
3.379818953200142460e+02
3.491896300629268808e+02
3.584928739640492950e+02
3.661664263301950086e+02
3.723571720740720821e+02
3.770226412936636962e+02
3.798701904152630959e+02
3.803523881029542508e+02
3.777545552646547549e+02
3.713703302179104639e+02
3.607179859545253748e+02
3.457241008446371779e+02
3.268077601376565440e+02
3.048366546748886776e+02
2.809750591642774680e+02
2.564771647013171787e+02
2.324857098395621620e+02
2.098801718151871967e+02
1.891948861619852948e+02
1.706076946843923849e+02
1.539872389517547617e+02
1.389783698156128935e+02
1.250996448081799315e+02
1.118304617966678478e+02
9.868118774674695715e+01
8.525577768645479182e+01
7.131462557327211016e+01
5.682583074680646007e+01
4.197710402306829280e+01
2.712650077346974342e+01
1.269494617183391938e+01
-9.702387740067521804e-01
-1.371665778781002487e+01
-2.564842105021534024e+01
-3.709932662614539822e+01
-4.852027822046092354e+01
-6.031873902621117622e+01
-7.270975943664110730e+01
-8.563457301460024951e+01
-9.877429799540280442e+01
-1.116468857853067220e+02
-1.237453638968605105e+02
-1.346680072861435065e+02
-1.442041120058488559e+02
-1.523589341214852197e+02
-1.593189728261120592e+02
-1.653751351026267002e+02
-1.708348912157547090e+02
-1.759564773446866468e+02
-1.809233400249606518e+02
-1.858516641259789992e+02
-1.908047657443864580e+02
-1.957918796961288592e+02
-2.007543682622309689e+02
-2.055669186232424295e+02
-2.100790205500345564e+02
-2.141888447120768717e+02
-2.179033384063404526e+02
-2.213316375545214783e+02
-2.245992357075790267e+02
-2.277318683401723263e+02
-2.305883654796888607e+02
-2.328917260057913552e+02
-2.343448255350945431e+02
-2.347728520060801713e+02
-2.342300491688045270e+02
-2.330314790519818473e+02
-2.317029082827530431e+02
-2.308671214516702150e+02
-2.310908675459682797e+02
-2.327080193536538388e+02
-2.356314173203205939e+02
-2.391816364696117887e+02
-2.419868221369246442e+02
-2.420203754724909402e+02
-2.368240102634784705e+02
-2.239109342815926595e+02
-2.012734762269732585e+02
-1.678720874641987280e+02
-1.239640532446324812e+02
-7.116263702807384561e+01
-1.219255659144351966e+01
4.959748185368222551e+01
1.108280433468405874e+02
1.686285183674140171e+02
2.210006854144617989e+02
2.669532700467191830e+02
3.064215379361966143e+02
3.400322753820192929e+02
3.687963756583537815e+02
3.938086115290241196e+02
4.160102792595529309e+02
4.360394369584764718e+02
4.541727755826140083e+02
4.703528905320481499e+02
4.842815595408205809e+02
4.955440667457902464e+02
5.037277233290722052e+02
5.085130201786816997e+02
5.097319310796233367e+02
5.073921015227465432e+02
5.016637481254083468e+02
4.928320133944736199e+02
4.812346224254149547e+02
4.672177659967825321e+02
4.511340570107008716e+02
4.333788061537321710e+02
4.144382467088220210e+02
3.949201037373095460e+02
3.755446695303766091e+02
3.570818836494715924e+02
3.402316526124272968e+02
3.254700964889108263e+02
3.129136057852384738e+02
3.022595873803803670e+02
2.928356083443136413e+02
2.837454078512552087e+02
2.740688763702592041e+02
2.630632544176306737e+02
2.503166323199669705e+02
2.358168407516072875e+02
2.199212417792049337e+02
2.032433342395071634e+02
1.864958919098591821e+02
1.703329267625661032e+02
1.552191028645732729e+02
1.413456734252778517e+02
1.286119830896956557e+02
1.166829820468145442e+02
1.051072454128397169e+02
9.345627518499478015e+01
8.144360839961981924e+01
6.899469541868718636e+01
5.625147888568059784e+01
4.351051590465209529e+01
3.111534299650618607e+01
1.934286122028106547e+01
8.324497595849578602e+00
-1.975925665031894596e+00
-1.173048919867966333e+01
-2.118066238232540854e+01
-3.056012870484195787e+01
-4.002991585033126398e+01
-4.964089319386749821e+01
-5.932554813809207417e+01
-6.891462881677821883e+01
-7.817931891587195992e+01
-8.689995342856059324e+01
-9.494580092840107000e+01
-1.023328954175226215e+02
-1.092324053082358546e+02
-1.159291789503340624e+02
-1.227532093909672710e+02
-1.300079215374489365e+02
-1.379080700239487953e+02
-1.465373558949411006e+02
-1.558428555648006011e+02
-1.656791222451999772e+02
-1.758874186063504510e+02
-1.863638167574255533e+02
-1.970640630080867197e+02
-2.079206008380795367e+02
-2.186883994262596218e+02
-2.287687998956825197e+02
-2.370769761521978864e+02
-2.420203754724909402e+02
-2.416376881130811114e+02
-2.339047813461305907e+02
-2.171602398268574632e+02
-1.905360541363980076e+02
-1.542691594911847233e+02
-1.097960220598804142e+02
-5.959189236681197599e+01
-6.787613004743903389e+00
4.534641621691284996e+01
9.393162733022163025e+01
1.369102474942001209e+02
1.732771523509878193e+02
2.030666326817913898e+02
2.271112821160365627e+02
2.466554759897601343e+02
2.629456766550977136e+02
2.769151266783873098e+02
2.890337019576240891e+02
2.993294992706909170e+02
3.075340510715493565e+02
3.132723403902695054e+02
3.162194800428868575e+02
3.161767874070001767e+02
3.130632098152520939e+02
3.068524416193507136e+02
2.975023525703531959e+02
2.849201396441108614e+02
2.689876526672848058e+02
2.496463515417728445e+02
2.270170912425409995e+02
2.015087701765077099e+02
1.738617955937847057e+02
1.450913087875217400e+02
1.163379354453328745e+02
8.867517287384575297e+01
6.293684674440255833e+01
3.961130576923179092e+01
1.881749019649363674e+01
3.514026281962969733e-01
-1.622134737832752194e+01
-3.145416353613676108e+01
-4.591416553441902693e+01
-6.009783388002925619e+01
-7.436778536707963383e+01
-8.890834573538580798e+01
-1.037129389132572754e+02
-1.186249443541341151e+02
-1.334308428272723859e+02
-1.479648351023371617e+02
-1.621667934864802874e+02
-1.760576253989821396e+02
-1.896413829854844550e+02
-2.027847239060939160e+02
-2.151416412802250306e+02
-2.261757304704905778e+02
-2.352893970526314149e+02
-2.420203754724909686e+02
-2.462342890383310987e+02
-2.482379022062702916e+02
-2.487589632318386350e+02
