-4.425663068145922807e+01
-3.634459979902248961e+01
-3.028009974264421800e+01
-2.738498476902267242e+01
-2.811048931060205902e+01
-3.199426061951849931e+01
-3.789114851342354484e+01
-4.436655656378630397e+01
-5.011094457072727693e+01
-5.425508741336413721e+01
-5.651452071955180401e+01
-5.714846856297631206e+01
-5.677291287706078293e+01
-5.610869633777279120e+01
-5.575795122294511685e+01
-5.607582541034891932e+01
-5.715124830660780475e+01
-5.886313145524199797e+01
-6.096461379757020893e+01
-6.316411618775834569e+01
-6.519145061094667426e+01
-6.684476478515442466e+01
-6.801723195922451737e+01
-6.870704488208221505e+01
-6.901290703218174372e+01
-6.910949294909080720e+01
-6.919793818870142843e+01
-6.944167527022072761e+01
-6.991338933149151558e+01
-7.057829175225774065e+01
-7.132308049285254015e+01
-7.202007239524829174e+01
-7.259897044663595977e+01
-7.308860649402079446e+01
-7.359654033584293131e+01
-7.422049468462081734e+01
-7.492025219901113076e+01
-7.540115208234833233e+01
-7.506030999611165555e+01
-7.302752822515532216e+01
-6.830309657937696954e+01
-5.996329161635037508e+01
-4.738005563939633191e+01
-3.039186658525483864e+01
-9.374394600347709883e+00
1.480779848170521262e+01
4.094636104434056989e+01
6.768125366973535506e+01
9.368813302101926865e+01
1.178260842298134889e+02
1.392313813252734462e+02
1.573608026050087574e+02
1.720019557431552926e+02
1.832698822201849111e+02
1.915897302064549592e+02
1.976371890029401470e+02
2.022056696182564792e+02
2.060085291645033863e+02
2.094782601794665595e+02
2.126463322536764053e+02
2.151583403349004016e+02
2.164206850722919171e+02
2.158236903519411385e+02
2.129621244467582244e+02
2.077769840843771192e+02
2.005683355345415748e+02
1.918754881067541191e+02
1.822739900352387963e+02
1.721744321076496931e+02
1.617076402850855743e+02
1.507432780015431035e+02
1.390296761674838990e+02
1.263888671443299643e+02
1.128793482891439055e+02
9.886053459514070596e+01
8.494141493848090363e+01
7.184226091899353150e+01
6.022413818572078981e+01
5.054510647191951023e+01
4.298717792861428677e+01
3.746727301005790878e+01
3.370973406514857373e+01
3.133721481600583658e+01
2.994375272875867822e+01
2.913959878589981400e+01
2.857848020132657751e+01
2.797998424973877718e+01
2.714961480569056818e+01
2.599222301312187966e+01
2.451506714345135407e+01
2.281788592937255800e+01
2.106647659478046108e+01
1.944812328133202683e+01
1.811433630097428349e+01
1.712536198574432689e+01
1.641695039553028224e+01
1.580890252088940073e+01
1.506295386542133841e+01
1.397417313294840469e+01
1.245564666305996582e+01
1.056960804727073722e+01
8.480924304392210900e+00
6.352223664576428064e+00
4.238192688909670380e+00
2.042742071191746334e+00
-4.321968726196558919e-01
-3.372674943385668200e+00
-6.836928696778372228e+00
-1.069755955966697059e+01
-1.466729272204504753e+01
-1.839294319573987480e+01
-2.157243861869604018e+01
-2.404364410276660635e+01
-2.581505718767051860e+01
-2.704189087121247326e+01
-2.797177791023369764e+01
-2.888286107956520254e+01
-3.002555722933239224e+01
-3.157366366312163564e+01
-3.359279862203962352e+01
-3.603359840468159803e+01
-3.874753997013763751e+01
-4.151510853703958048e+01
-4.408118478158087328e+01
-4.620331803701280649e+01
-4.771637869920148489e+01
-4.859861257163558435e+01
-4.900565643228678425e+01
-4.923928855566204277e+01
-4.964421739499158548e+01
-5.046880007996448114e+01
-5.175518456484046226e+01
-5.331390687233400172e+01
-5.479357274550507384e+01
-5.581369848169698855e+01
-5.611182103654815023e+01
-5.565659970496771791e+01
-5.468475245946666519e+01
-5.363766314832979276e+01
-5.301111124046893508e+01
-5.317550162264586788e+01
-5.424570145700538149e+01
-5.606048738242056118e+01
-5.827973779930235310e+01
-6.055104416313925242e+01
-6.266534968163456654e+01
-6.462814285130214387e+01
-6.661209837227947617e+01
-6.880763452064880425e+01
-7.122918694675111340e+01
-7.355393900971091625e+01
-7.506030999611165555e+01
-7.470047707528625835e+01
-7.129712722012968129e+01
-6.381209976773430981e+01
-5.160403795485389367e+01
-3.459788154351343792e+01
-1.332421316767206321e+01
1.117085598779120303e+01
3.751151214313091486e+01
6.422038841275836774e+01
8.993356503404586988e+01
1.135633630824003291e+02
1.343924949533239896e+02
1.520983668654311600e+02
1.667125793385554573e+02
1.785248589884326975e+02
1.879496685808721850e+02
1.953865064923899695e+02
2.011110352263683012e+02
2.052259532460947753e+02
2.076817214535584526e+02
2.083562535817254115e+02
2.071646346660086238e+02
2.041579394554695455e+02
1.995686616374832170e+02
1.937752951226538016e+02
1.871919956307974644e+02
1.801279479031391020e+02
1.726805242335108801e+02
1.647116067245434294e+02
1.559155985669842721e+02
1.459441976320252934e+02
1.345315768386947752e+02
1.215760607291180406e+02
1.071693524689905530e+02
9.159309637726937581e+01
7.530263906336897151e+01
5.889554897326269867e+01
4.304776861847935976e+01
2.841325354148800741e+01
1.551178272091861743e+01
4.646692284789902594e+00
-4.116451737961083879e+00
-1.091034406056394346e+01
-1.599337938302557838e+01
-1.967827784048307649e+01
-2.228422026651112020e+01
-2.411725657109794696e+01
-2.546898373336723864e+01
-2.661621991028621181e+01
-2.780741104759913185e+01
-2.923283831950660172e+01
-3.098896911546018984e+01
-3.305492965646595138e+01
-3.529725439023779643e+01
-3.751070317731921477e+01
-3.949099701537895157e+01
-4.111899913782956872e+01
-4.242126227735120381e+01
-4.357396672886440570e+01
-4.484167687268768532e+01
-4.647559123452629137e+01
-4.861752613912813814e+01
-5.125257368934312296e+01
-5.422713484862052269e+01
-5.731666387011190977e+01
-6.030737284185219949e+01
-6.305538212240718821e+01
-6.550286444942227604e+01
-6.765551154204592876e+01
-6.954509895481275805e+01
-7.120275926946797540e+01
-7.265379094023421658e+01
-7.392666519735576003e+01
-7.506030999611165555e+01
-7.609772358806057468e+01
-7.706537263345019539e+01
-7.795046979669788811e+01
-7.869524387113304442e+01
-7.922055164985017939e+01
-7.947071401948255698e+01
-7.945202997813831303e+01
-7.923661087668835989e+01
-7.892498775452651216e+01
-7.859094846124700950e+01
-7.824617963648917396e+01
-7.784779747177805120e+01
-7.734156737540649829e+01
-7.671163426604421431e+01
-7.600588246908749568e+01
-7.532179905048407420e+01
-7.476165901561952865e+01
-7.438422772530955740e+01
-7.418001498398962212e+01
-7.407912078348087448e+01
-7.398090253823797013e+01
-7.378753470178818930e+01
-7.342785843454657879e+01
-7.286455243658424763e+01
-7.208467053863903118e+01
-7.108341497930808828e+01
-6.985745108448008978e+01
-6.841722776719998933e+01
-6.681080931468125073e+01
-6.513993422897192431e+01
-6.355216294609003569e+01
-6.220681598186204297e+01
-6.122663919249700371e+01
-6.065493419927244645e+01
-6.043647755109613229e+01
-6.042987682408316630e+01
