-4.303520603062541028e+01
-4.048688969710765662e+01
-3.824156910086871619e+01
-3.657001144176668106e+01
-3.568148602643992007e+01
-3.571882039196437830e+01
-3.675905470748620019e+01
-3.880543794294688098e+01
-4.176979109649022348e+01
-4.546151086860413670e+01
-4.960462867816210064e+01
-5.388940215087050944e+01
-5.804014385796737230e+01
-6.186820640699874474e+01
-6.528922089991078792e+01
-6.830638804693076338e+01
-7.097803012830115676e+01
-7.338695637295282381e+01
-7.561612364471356784e+01
-7.772569784699152251e+01
-7.973060618242797659e+01
-8.158719500420187387e+01
-8.320063890624720671e+01
-8.445871099531420612e+01
-8.528545761343519871e+01
-8.569442246566731569e+01
-8.581348836964833993e+01
-8.586109514264195752e+01
-8.607483017909893874e+01
-8.661473516950043461e+01
-8.747628139965283367e+01
-8.845294749534350842e+01
-8.918069306623540626e+01
-8.926567053112378858e+01
-8.845045622926861029e+01
-8.674366643345064176e+01
-8.444796718112422695e+01
-8.206858326595502717e+01
-8.014074276873158453e+01
-7.904902101729977915e+01
-7.890961128159403870e+01
-7.955548993358161169e+01
-8.062303679741503970e+01
-8.170243938811491091e+01
-8.249064095955118603e+01
-8.288071893192307016e+01
-8.294382037501863181e+01
-8.280800792376581398e+01
-8.248879581339660660e+01
-8.174585477158161950e+01
-8.001998425270217297e+01
-7.646779602740859616e+01
-7.008563523360402314e+01
-5.990103096878522138e+01
-4.519740739922896466e+01
-2.572372815072689178e+01
-1.832700889278556566e+00
2.550357489776394715e+01
5.482666043166610592e+01
8.445342195336274926e+01
1.127938658956472295e+02
1.386253829179968875e+02
1.612426727128613493e+02
1.804564671724108393e+02
1.964684824595414057e+02
2.096812141180506615e+02
2.205094238913916342e+02
2.292515837893864159e+02
2.360524338755280382e+02
2.409453129940821441e+02
2.439270498719459681e+02
2.450144051662840070e+02
2.442592692074316005e+02
2.417336709175891087e+02
2.375108181015754099e+02
2.316602860425981021e+02
2.242550708962299666e+02
2.153747489954857315e+02
2.050961568336551011e+02
1.934819889225535974e+02
1.805864093216251263e+02
1.664869458890346152e+02
1.513341021398024964e+02
1.353978289642017216e+02
1.190896050486823583e+02
1.029480281531453727e+02
8.758678503057396370e+01
7.361193565551295137e+01
6.152243845458200155e+01
5.161532206185852800e+01
4.392165148342535730e+01
3.819727988777361105e+01
3.398130334631797922e+01
3.071517450635505142e+01
2.789108392853814422e+01
2.518026184753949082e+01
2.249231706510428097e+01
1.994138824470430293e+01
1.773690417986737344e+01
1.605356377301793458e+01
1.494180959214383009e+01
1.431268773868708166e+01
1.398854456857022655e+01
1.377818069223962993e+01
1.353018384611583613e+01
1.314241377549805279e+01
1.253823224860162711e+01
1.163724689381278310e+01
1.034471037737534616e+01
8.568093119017447634e+00
6.251094377082445419e+00
3.403117431829755901e+00
1.046497281546336922e-01
-3.513680343570982245e+00
-7.301421158010370505e+00
-1.110648683915250245e+01
-1.477451843289559008e+01
-1.814460056768588458e+01
-2.106548935117460530e+01
-2.344206663064299789e+01
-2.529369451353096565e+01
-2.678814521983287023e+01
-2.822264796841311352e+01
-2.994992459282568120e+01
-3.227246036921231109e+01
-3.534115718512370563e+01
-3.909325246442926982e+01
-4.325115356762626107e+01
-4.738427017807423169e+01
-5.101719618560964875e+01
-5.375435954943959871e+01
-5.538586423351301846e+01
-5.594381711800660639e+01
-5.569360335006739149e+01
-5.506563642537156511e+01
-5.454927550415780502e+01
-5.457420668447643664e+01
-5.540225162242715840e+01
-5.705549201425664307e+01
-5.930933546583585780e+01
-6.176508119926769780e+01
-6.398441527676307317e+01
-6.563808659441728821e+01
-6.661260356262489779e+01
-6.703472464505682638e+01
-6.720540709681372959e+01
-6.747261343295544123e+01
-6.809992620524485574e+01
-6.918775491662991328e+01
-7.067497025803986332e+01
-7.240813921565248279e+01
-7.423363929943919004e+01
-7.605951994501994307e+01
-7.785171412836079696e+01
-7.956056903307846540e+01
-8.100292661461949706e+01
-8.174585477158161950e+01
-8.104798823462341772e+01
-7.790552152291837729e+01
-7.121702838790950807e+01
-6.002951138648170115e+01
-4.379150180484585064e+01
-2.253310457312012716e+01
3.080147431903867528e+00
3.182893710395730125e+01
6.212836771990021134e+01
9.227402875557228867e+01
1.206918940626287196e+02
1.461395077518490950e+02
1.678184833940883038e+02
1.853886315904052822e+02
1.989100477909105962e+02
2.087546011202690579e+02
2.155112527996968197e+02
2.198816925075053064e+02
2.225565003135272093e+02
2.240844652219554689e+02
2.247723492173506656e+02
2.246520432383497337e+02
2.235277716178139826e+02
2.210865709609555552e+02
2.170339100543698123e+02
2.112078833259753594e+02
2.036327092364429632e+02
1.944943686405544554e+02
1.840514403473848120e+02
1.725227139986733960e+02
1.600070882816161202e+02
1.464782917545413170e+02
1.318594250150729295e+02
1.161410267735196555e+02
9.948428413052434394e+01
8.225917096268420892e+01
6.500159691017049113e+01
4.831465676631021466e+01
3.276079994768058867e+01
1.878211050424040351e+01
6.658922563022322549e+00
-3.501864487227132727e+00
-1.175705982177757392e+01
-1.829467564808846447e+01
-2.337594684308175985e+01
-2.726371647607213333e+01
-3.016622430318346204e+01
-3.222308626275984977e+01
-3.353477962589311545e+01
-3.421030638650719169e+01
-3.440311305657253627e+01
-3.432069300930510281e+01
-3.420853919271191046e+01
-3.431584752879649614e+01
-3.485547523881655252e+01
-3.597404214720394577e+01
-3.774121405867421686e+01
-4.015270167051951944e+01
-4.313428477412240625e+01
-4.654179137233455066e+01
-5.016464563553245881e+01
-5.374444954889033710e+01
-5.701303369629039253e+01
-5.974425863175946461e+01
-6.180724271381731683e+01
-6.320725100088103687e+01
-6.410179213013887534e+01
-6.478070048196951802e+01
-6.560333878856953049e+01
-6.689995015109948895e+01
-6.886386800351858994e+01
-7.147327457964838970e+01
-7.447769970906284698e+01
-7.746558770696849194e+01
-7.999646093346881059e+01
-8.174585477158161950e+01
-8.259951796696952897e+01
-8.266100048782290344e+01
-8.218367286748255651e+01
-8.146844938725996599e+01
-8.077030617926604350e+01
-8.024375947227204620e+01
-7.993890044806556716e+01
-7.983573941419392384e+01
-7.988567141508659120e+01
-8.003032792597173284e+01
-8.018973925777537204e+01
-8.023720217707332836e+01
-7.999092935681373717e+01
-7.924478288625228117e+01
-7.783605707181328626e+01
-7.572324864996748772e+01
-7.303812990915837133e+01
-7.008681282749648744e+01
-6.729312369933865057e+01
-6.509515250419191545e+01
-6.381989184283366257e+01
-6.357135688476352442e+01
-6.417286257578983566e+01
-6.519748249373475346e+01
-6.609302555444678262e+01
-6.636439504741667861e+01
-6.574378761013592509e+01
-6.428215361036293984e+01
-6.232984038232751800e+01
