-3.961894446148296112e+01
-6.404448856071218188e+01
-8.534044794167547821e+01
-1.012806410763122358e+02
-1.110982116624258680e+02
-1.154591400671926351e+02
-1.159877096985702707e+02
-1.146137715608262653e+02
-1.130010804794772952e+02
-1.122066257207592486e+02
-1.126019241613338977e+02
-1.140024413734953299e+02
-1.159077287928239599e+02
-1.177513376927008579e+02
-1.190876001196882044e+02
-1.196849197988077265e+02
-1.195355849214464001e+02
-1.188152409631003508e+02
-1.178235320849290275e+02
-1.169223668644771976e+02
-1.164779226390408127e+02
-1.168090585893145459e+02
-1.181389746320188721e+02
-1.205397496385300826e+02
-1.238637592122368574e+02
-1.276761051567680170e+02
-1.312225862045702627e+02
-1.334682613946663139e+02
-1.332186973215139290e+02
-1.293047251218479516e+02
-1.207901949355458839e+02
-1.071580404379130158e+02
-8.843776924122025207e+01
-6.524704135934993587e+01
-3.872688514628548262e+01
-1.036263605409438426e+01
1.828604773673841777e+01
4.587592308510673433e+01
7.149083645862111780e+01
9.469449243940346150e+01
1.154218240487045648e+02
1.337814310051437872e+02
1.498705323114390069e+02
1.636786294765749972e+02
1.751007105721023436e+02
1.840263808334089219e+02
1.904438619802718904e+02
1.945069817242485897e+02
1.965440929644643404e+02
1.970144995119551936e+02
1.964290662122734545e+02
1.952547545588276989e+02
1.938255260585144129e+02
1.922818479617263279e+02
1.905536806592991184e+02
1.883893326532151207e+02
1.854202904329485193e+02
1.812436107007418684e+02
1.755011501112730627e+02
1.679419139772125789e+02
1.584682041909530597e+02
1.471752590618411034e+02
1.343842184303481986e+02
1.206457073272017908e+02
1.066825611030419054e+02
9.326283356424411863e+01
8.103413977884596875e+01
7.037699586313189570e+01
6.133214269158442988e+01
5.363040421822297077e+01
4.681588678145595850e+01
4.041735833218066887e+01
3.410442923050244701e+01
2.777454040181784833e+01
2.154696623727465266e+01
1.567505201809234627e+01
1.041497486786622417e+01
5.900827339283159390e+00
2.069202613802215929e+00
-1.343445983551249334e+00
-4.731779631676420905e+00
-8.504468180125028809e+00
-1.295856670464816318e+01
-1.818828804699536406e+01
-2.405805095955607698e+01
-3.024568873165564753e+01
-3.633916284808259434e+01
-4.195718049228901236e+01
-4.685927051042065727e+01
-5.101143620220879882e+01
-5.458343116654462079e+01
-5.787699955080260850e+01
-6.121374564974578902e+01
-6.482946130672605989e+01
-6.881599168693695390e+01
-7.312528660701096328e+01
-7.762022801680994633e+01
-8.214054808100715377e+01
-8.655459018320659936e+01
-9.078092486191934540e+01
-9.477777582791537725e+01
-9.850941070651907694e+01
-1.019086682146833596e+02
-1.048606686273751194e+02
-1.072248545976279246e+02
-1.088888235351692515e+02
-1.098250227387426037e+02
-1.101212567509856370e+02
-1.099764992462749262e+02
-1.096709764452301386e+02
-1.095184177374007533e+02
-1.098008147414905693e+02
-1.106924868819433669e+02
-1.122001449022153423e+02
-1.141570548656248292e+02
-1.162925152757294427e+02
-1.183550351765924091e+02
-1.202274063396162376e+02
-1.219690740329353957e+02
-1.237619711742200934e+02
-1.257883228879205291e+02
-1.280955781148649066e+02
-1.304961601113912479e+02
-1.325262581770973611e+02
-1.334682613946663139e+02
-1.324315991342857899e+02
-1.284809725205174971e+02
-1.207923040522544937e+02
-1.088056180668555015e+02
-9.233938928491036791e+01
-7.163967804927919758e+01
-4.735678732193395035e+01
-2.046245508547584180e+01
7.867075561160142172e+00
3.637707995022309149e+01
6.385561027211735308e+01
8.924753451223894274e+01
1.117582764294397037e+02
1.309317128769996543e+02
1.466779590834968019e+02
1.592367295573374406e+02
1.690859842889238109e+02
1.768228829568863034e+02
1.830434138839193281e+02
1.882392212442865400e+02
1.927277817953597321e+02
1.966298723134218278e+02
1.998959532844196758e+02
2.023664214964883570e+02
2.038425905507431537e+02
2.041464665659514424e+02
2.031531551682435861e+02
2.007919494294597484e+02
1.970274419046041601e+02
1.918371836022138268e+02
1.851961749317811439e+02
1.770743307194773877e+02
1.674528808372988635e+02
1.563574066946996766e+02
1.438905200504280799e+02
1.302445362604389629e+02
1.156907683815977492e+02
1.005608606901138415e+02
8.523808865621359132e+01
7.016128661781064579e+01
5.582393539636829871e+01
4.274288927881039513e+01
3.138667236937917693e+01
2.208361275932123036e+01
1.494778775541714211e+01
9.850461808233573535e+00
6.441245683793498600e+00
4.207732416747731463e+00
2.558484779622480332e+00
9.147175599973849103e-01
-1.204086208475179554e+00
-4.115583575834534713e+00
-7.942680566584289892e+00
-1.261858058775064251e+01
-1.792549505228825524e+01
-2.355872344365912952e+01
-2.920392441340948153e+01
-3.461120884112514062e+01
-3.964657511525776101e+01
-4.430399596107131543e+01
-4.867392568065066172e+01
-5.288225682713888887e+01
-5.702840852041750708e+01
-6.115297985827451299e+01
-6.524861118140781002e+01
-6.930037720334502183e+01
-7.332645250422100958e+01
-7.739617780458974039e+01
-8.161643207094546426e+01
-8.608655625784595600e+01
-9.083401369129352076e+01
-9.575974513183396652e+01
-1.006277120397110565e+02
-1.051158379297737753e+02
-1.089159034446350489e+02
-1.118460492746703210e+02
-1.139307201679533250e+02
-1.154123443609664150e+02
-1.166852322826313184e+02
-1.181732729805071074e+02
-1.201933709243757562e+02
-1.228492126938783287e+02
-1.259877901646843981e+02
-1.292313017799070280e+02
-1.320763379367777475e+02
-1.340344060165892301e+02
-1.347756397351412261e+02
-1.342351220018232993e+02
-1.326505670984994936e+02
-1.305177706039023349e+02
-1.284714951392850537e+02
-1.271205677314921445e+02
-1.268806521926786388e+02
-1.278482750031030406e+02
-1.297433170086113705e+02
-1.319244651438429514e+02
-1.334682613946663139e+02
-1.333011067697573253e+02
-1.303724325884221003e+02
-1.238450571623208560e+02
-1.132616364408311966e+02
-9.864147571646850565e+01
-8.048000525780291525e+01
-5.965537439157211708e+01
-3.727235240086832846e+01
-1.448167949568547996e+01
7.689155934907571321e+00
2.845989774996104416e+01
4.734883007780444331e+01
6.414408684104778047e+01
7.881787900929545287e+01
9.142916120882041753e+01
1.020590318357159703e+02
1.107983178270007443e+02
1.177736440875747945e+02
1.231753660694972581e+02
1.272520104268327827e+02
1.302631020718078503e+02
1.324166915065752619e+02
1.338305646946758429e+02
1.345363920162824627e+02
1.345134282633546832e+02
1.337199538837894011e+02
1.320960672230729642e+02
1.295344562057766780e+02
1.258442502840234738e+02
1.207491756968268675e+02
1.139499313728984191e+02
1.052455141095780533e+02
9.466957267791700303e+01
8.257740354138184102e+01
6.962900632586482175e+01
5.665161520307668752e+01
4.441537941202741280e+01
3.339715031636916365e+01
2.362404630773475134e+01
1.467186114998289881e+01
