-1.092099372288295456e+00
-3.378729192632070522e+01
-6.270376285890900192e+01
-8.508321468716590630e+01
-9.986411967451074645e+01
-1.077264151983531519e+02
-1.106188699577457442e+02
-1.110203534947361845e+02
-1.112074882314579725e+02
-1.127241897498674916e+02
-1.161455647333440027e+02
-1.211414012245761000e+02
-1.267759459901842831e+02
-1.319273711147893380e+02
-1.356865805316779756e+02
-1.376165429254139667e+02
-1.378138102735922246e+02
-1.367867331756374938e+02
-1.352212221102949741e+02
-1.337289404045567665e+02
-1.326646958038450066e+02
-1.320661939283677668e+02
-1.317190887931456587e+02
-1.313012339508075854e+02
-1.305354788739978460e+02
-1.292898326565551770e+02
-1.275958407890967692e+02
-1.255925683912087436e+02
-1.234320872174791646e+02
-1.211940031119291064e+02
-1.188466904820288619e+02
-1.162682596564845312e+02
-1.133172040594038776e+02
-1.099305512049391496e+02
-1.062189639114639164e+02
-1.025166810459585918e+02
-9.934248286232325142e+01
-9.725518595335208261e+01
-9.663857313200213639e+01
-9.749508862388498187e+01
-9.933476897508322168e+01
-1.012084670864020097e+02
-1.018724234903742740e+02
-1.000213679550321473e+02
-9.451690172856838501e+01
-8.456197767075208560e+01
-6.980490326374797405e+01
-5.037845614107513370e+01
-2.688542828459699763e+01
-3.330071099390092826e-01
2.799057308384015741e+01
5.669175592719997780e+01
8.446270826189895331e+01
1.102314624147246320e+02
1.332344588757645454e+02
1.530176093914718365e+02
1.694011019496564074e+02
1.824413701894782776e+02
1.924006589079012883e+02
1.997109480345401948e+02
2.049123337538209455e+02
2.085597167079845633e+02
2.111141748518093664e+02
2.128527452418757662e+02
2.138329763742454759e+02
2.139301919417130478e+02
2.129303467570894952e+02
2.106321194063645805e+02
2.069114932011096641e+02
2.017285461604141403e+02
1.950882083266753284e+02
1.869885392710950214e+02
1.773955720954083120e+02
1.662688295251911370e+02
1.536306415463509722e+02
1.396443543812653161e+02
1.246592756106474980e+02
1.091942541234080863e+02
9.385802156997714008e+01
7.923473441603917422e+01
6.578339058131263073e+01
5.379139814278514820e+01
4.338685320721835126e+01
3.457959776912158389e+01
2.729463505844496041e+01
2.138222509644879921e+01
1.661575285285505288e+01
1.270038827362625611e+01
9.305836226515022958e+00
6.115885640063231321e+00
2.874221784785770950e+00
-5.911560164915889981e-01
-4.369518457811967238e+00
-8.487844409928165135e+00
-1.293811045701867535e+01
-1.769941264992523600e+01
-2.274575846062564111e+01
-2.803697814489633089e+01
-3.349928136280978919e+01
-3.901085858976873766e+01
-4.441321862667690823e+01
-4.956061646957954281e+01
-5.439187166994448575e+01
-5.898030336141538044e+01
-6.351911377794276348e+01
-6.823566565879283985e+01
-7.327259937991200900e+01
-7.859728405317885347e+01
-8.398931300582626136e+01
-8.911474076498511465e+01
-9.364983377170025847e+01
-9.739342800401767875e+01
-1.003186728178250178e+02
-1.025532725735346418e+02
-1.043141329789551150e+02
-1.058317335708282911e+02
-1.072853845827011412e+02
-1.087585889282487415e+02
-1.102255393818473408e+02
-1.115812742565326374e+02
-1.127141385461270175e+02
-1.135937324953427208e+02
-1.143288517710107328e+02
-1.151565155885225522e+02
-1.163580893820595605e+02
-1.181414937506452247e+02
-1.205499701687349443e+02
-1.234433318026569850e+02
-1.265565917351877232e+02
-1.295989914690209730e+02
-1.323392020596931502e+02
-1.346364043898790612e+02
-1.364068655443133196e+02
-1.375424837203855759e+02
-1.378138102735922246e+02
-1.367967411752635769e+02
-1.338605433444168398e+02
-1.282407471504425303e+02
-1.191908290627470137e+02
-1.061698494387195524e+02
-8.900261258266137077e+01
-6.795915514970674565e+01
-4.373499301142049234e+01
-1.735190287776887530e+01
9.981018889429279284e+00
3.701349365984017936e+01
6.259329926400872068e+01
8.578974361685938277e+01
1.059833228897089015e+02
1.229004502836757524e+02
1.365858143976763017e+02
1.473241836703349463e+02
1.555340371865552527e+02
1.616563337127481645e+02
1.660618385975780313e+02
1.690023224152759269e+02
1.706220111404401791e+02
1.710159595716926333e+02
1.702903950446491592e+02
1.685798739848468415e+02
1.660110624291679358e+02
1.626407378464986380e+02
1.584082827864589262e+02
1.531323493493351577e+02
1.465612036632219315e+02
1.384628815018531327e+02
1.287219253378492567e+02
1.174073971596695003e+02
1.047944462718464109e+02
9.134234816710342386e+01
7.763950786849896701e+01
6.432350861014856491e+01
5.198510718574645750e+01
4.107235130489573294e+01
3.181697555648416653e+01
2.420458882158597191e+01
1.800258566736398791e+01
1.284377673600866387e+01
8.341251339695691769e+00
4.193455434805315463e+00
2.417679421697975783e-01
-3.534662693140322887e+00
-7.074980870804210120e+00
-1.031422320962619565e+01
-1.324987912214003494e+01
-1.597387737356755011e+01
-1.866314755119900326e+01
-2.153851605758725896e+01
-2.480956965892283961e+01
-2.862074637075926020e+01
-3.300881644820157135e+01
-3.788093768738323064e+01
-4.302329367374233726e+01
-4.814504385222009830e+01
-5.294899096132029825e+01
-5.720786709972759354e+01
-6.082229096368805443e+01
-6.384192698842521452e+01
-6.644106610444717376e+01
-6.885459177862065872e+01
-7.129803679407339700e+01
-7.390540279971730797e+01
-7.671042598026291159e+01
-7.967331123789900005e+01
-8.273066648333418982e+01
-8.583618734437619935e+01
-8.896730567357771235e+01
-9.209474224582437785e+01
-9.513831567856489357e+01
-9.794631804646324724e+01
-1.003246572866708846e+02
-1.021114279878611626e+02
-1.032619106229841464e+02
-1.038985257500430492e+02
-1.042976276653033381e+02
-1.048170903240645373e+02
-1.057943515017748837e+02
-1.074538301564583094e+02
-1.098564807414570055e+02
-1.129068334624579535e+02
-1.164099240749825128e+02
-1.201498655104070252e+02
-1.239515611808453031e+02
-1.276924037308317850e+02
-1.312520378076756629e+02
-1.344197875027135751e+02
-1.368067337577447802e+02
-1.378138102735922246e+02
-1.366826422575868492e+02
-1.326171161096265791e+02
-1.249329962100206899e+02
-1.131855824706826894e+02
-9.724561778801633238e+01
-7.732780017601784550e+01
-5.399446313202321335e+01
-2.814186681625162123e+01
-9.491484481151335473e-01
2.623207541893467720e+01
5.203908718874512829e+01
7.527002133702664821e+01
9.502205471433067885e+01
1.107741264841521200e+02
1.224165158002316787e+02
1.302340939345465927e+02
1.348393109259768607e+02
1.370483649545506637e+02
1.377126313085224183e+02
1.375435791856626793e+02
1.369792778909952915e+02
1.361263366657699692e+02
1.347849817468086258e+02
1.325428744030018606e+02
1.289126585322818528e+02
1.234872505122252733e+02
1.160854765659478858e+02
1.068509551710090761e+02
9.626050377344976994e+01
8.501662285506546368e+01
7.384324770322314180e+01
6.325164707976973943e+01
5.336998019945244920e+01
4.392053390450610095e+01
