-3.961136802731278550e+01
-5.376920315000560890e+01
-6.627600240247173247e+01
-7.592513355772952366e+01
-8.227707190775061008e+01
-8.569128278979577829e+01
-8.711484920365404605e+01
-8.773013945831867488e+01
-8.859171460450745883e+01
-9.036502688360344848e+01
-9.323139040598292127e+01
-9.696058979653696497e+01
-1.010943726889452421e+02
-1.051525686382198330e+02
-1.087814490077946203e+02
-1.118058094862926879e+02
-1.141986363492055858e+02
-1.160171425616646275e+02
-1.173559654544572339e+02
-1.183413497712938351e+02
-1.191539004137528366e+02
-1.200458243958332503e+02
-1.213227571923961534e+02
-1.232810316333530523e+02
-1.261108256818316420e+02
-1.297855791708315110e+02
-1.339602840845565765e+02
-1.378987367574933955e+02
-1.404479791197312579e+02
-1.400844742588920155e+02
-1.350639698025788391e+02
-1.236909965539373104e+02
-1.046744966306274875e+02
-7.748083008312762843e+01
-4.257486943078249197e+01
-1.466826937139533271e+00
4.346253784594136249e+01
8.932700576379646407e+01
1.332086867732104167e+02
1.726243840715153226e+02
2.058640384756476180e+02
2.321204121223889274e+02
2.514030008113633698e+02
2.643007372695705612e+02
2.716944354041207816e+02
2.745144328383759103e+02
2.736027200708513192e+02
2.696877616686064130e+02
2.634320780071566901e+02
2.554857224665242938e+02
2.464860007663970975e+02
2.369837400105308518e+02
2.273275515265005140e+02
2.175689909997188920e+02
2.074458824608288126e+02
1.964649902115120881e+02
1.840606948455679230e+02
1.697764044906408571e+02
1.534124738437916449e+02
1.351034176482543501e+02
1.153125821891675855e+02
9.475429308352826752e+01
7.427111871899354867e+01
5.470308701861044653e+01
3.677810171347918100e+01
2.103319053244217685e+01
7.763708656405812647e+00
-2.998245804285815996e+00
-1.146648891714967178e+01
-1.803918474493564617e+01
-2.320592285126573273e+01
-2.745251698928088047e+01
-3.119270311585363942e+01
-3.474028284578744064e+01
-3.831481989059545157e+01
-4.206094729441468161e+01
-4.606265366314266174e+01
-5.034707025712782524e+01
-5.488682875695845098e+01
-5.961473862934571599e+01
-6.445556503779835111e+01
-6.936475713490828809e+01
-7.435444813370229156e+01
-7.948772949569720936e+01
-8.483406903890714545e+01
-9.040106706321265051e+01
-9.607894572574571157e+01
-1.016356114392249737e+02
-1.067766933056099816e+02
-1.112503240741151842e+02
-1.149493653196672227e+02
-1.179591058947406168e+02
-1.205227717502347105e+02
-1.229395492621053734e+02
-1.254424868606573114e+02
-1.281063511061892655e+02
-1.308164190645210567e+02
-1.333085169069732387e+02
-1.352714962373825927e+02
-1.364783079083055384e+02
-1.368896131903825619e+02
-1.366766349779176721e+02
-1.361465801418707997e+02
-1.356072365457735032e+02
-1.352433169567754021e+02
-1.350685263154908569e+02
-1.349690304077412861e+02
-1.348033223840082542e+02
-1.345054297995478692e+02
-1.341523552579411387e+02
-1.339744145705902554e+02
-1.342919014281397381e+02
-1.353676973482340316e+02
-1.371930927817419956e+02
-1.392658687447026864e+02
-1.404479791197312579e+02
-1.389861674536820999e+02
-1.327409280591007814e+02
-1.196037015358646727e+02
-9.801223958273179448e+01
-6.741559046375442676e+01
-2.853508975690966309e+01
1.667371559916267998e+01
6.535496655738862160e+01
1.142824033923460689e+02
1.604285939060846431e+02
2.014203821783911224e+02
2.357851865241302676e+02
2.629731539751461469e+02
2.832060456245330897e+02
2.972331349043927275e+02
3.060694216494552506e+02
3.107702609537184912e+02
3.122742191677573373e+02
3.113260888670998838e+02
3.084738175589659477e+02
3.041169999400478900e+02
2.985727276435186468e+02
2.921230139759737767e+02
2.850213751320848132e+02
2.774585221590244828e+02
2.695059657123113084e+02
2.610656049297704158e+02
2.518548679958173295e+02
2.414503377937949153e+02
2.293944774619577345e+02
2.153431165358418866e+02
1.992080050898362344e+02
1.812426832531547234e+02
1.620378767758571712e+02
1.424279756646223518e+02
1.233437072306296329e+02
1.056593310166483946e+02
9.007146138364201704e+01
7.702222155080067978e+01
6.665942891917644886e+01
5.882404980055033406e+01
5.306924666781889499e+01
4.872858820548013625e+01
4.504363494409430757e+01
4.133179114268838106e+01
3.714451337349274951e+01
3.235705284102287038e+01
2.715139712135886185e+01
2.189481582020906103e+01
1.695985149006699544e+01
1.255728653934281880e+01
8.646896815014770254e+00
4.955111251453125476e+00
1.084709415648887898e+00
-3.329830189564034981e+00
-8.479425457019885926e+00
-1.430248959352068994e+01
-2.050349764033177280e+01
-2.666325187953340503e+01
-3.239460693677351344e+01
-3.747343100718636322e+01
-4.188763711257303157e+01
-4.579234316790015669e+01
-4.940706712220988095e+01
-5.291172869510239707e+01
-5.638591803900327193e+01
-5.980691496834373311e+01
-6.309614787338622932e+01
-6.618920273880937089e+01
-6.909867364814908797e+01
-7.193998776692171759e+01
-7.490240340609088321e+01
-7.817352087192745103e+01
-8.185318558536479827e+01
-8.589977586748057092e+01
-9.013240311249899150e+01
-9.428377738547234799e+01
-9.808070637454918028e+01
-1.013274476177093391e+02
-1.039747349599213067e+02
-1.061650740510370667e+02
-1.082439220096918007e+02
-1.107160931755766740e+02
-1.141231500168590003e+02
-1.188390118625940204e+02
-1.248245947181019062e+02
-1.314220173652885535e+02
-1.372771359827225695e+02
-1.404479791197312579e+02
-1.387001369692767412e+02
-1.299320626919382846e+02
-1.126348800500358607e+02
-8.626565222819112932e+01
-5.143344397038704585e+01
-9.847810323829477852e+00
3.594994619026982718e+01
8.299061085101462254e+01
1.283112361574355305e+02
1.693344935434806757e+02
2.041437964481380050e+02
2.316310712744690079e+02
2.515090904753753023e+02
2.641977519441358595e+02
2.706190326201336234e+02
2.719565712671563915e+02
2.694368811557380923e+02
2.641682808893946230e+02
2.570456562080692038e+02
2.487111177580370907e+02
2.395571637285545137e+02
2.297622092611399864e+02
2.193484539213206119e+02
2.082467061767484324e+02
1.963488974926742117e+02
1.835353025916474508e+02
1.696793822055898033e+02
1.546472765385576622e+02
1.383101462503871062e+02
1.205753549972517078e+02
1.014272077101642253e+02
8.096149756762339678e+01
5.940296226279795633e+01
3.710368250929349188e+01
1.452685353971674687e+01
-7.777343109818271927e+00
-2.919921467917939140e+01
-4.910291882724755652e+01
-6.687667959242713778e+01
-8.201009769560637608e+01
-9.419134197738492276e+01
-1.033929625167740198e+02
-1.099054980138249249e+02
-1.142931217108418736e+02
-1.172777773986021401e+02
-1.195897380661405549e+02
-1.218338325549486854e+02
-1.244049188202238270e+02
-1.274580276200059643e+02
-1.309190896387561338e+02
-1.345199195402315127e+02
-1.378521375370959845e+02
-1.404479791197312579e+02
-1.418954906147230304e+02
-1.419723537510475921e+02
-1.407497743123594205e+02
-1.386057862240557483e+02
