-2.951762789546667420e+01
-5.169681044633632894e+01
-7.246404127092998237e+01
-9.066935504372600008e+01
-1.055918584188083997e+02
-1.169686824790887414e+02
-1.249196002306945132e+02
-1.298292461942666023e+02
-1.322402227506950965e+02
-1.327821291438310141e+02
-1.321293448053352222e+02
-1.309588010572483086e+02
-1.298816877253020152e+02
-1.293507905357386960e+02
-1.295797139596978695e+02
-1.305237542917172959e+02
-1.319476361918606528e+02
-1.335544599208272416e+02
-1.351097815798166266e+02
-1.364988872709499503e+02
-1.377043718040350768e+02
-1.387452703143899839e+02
-1.396324366543218503e+02
-1.403629767401940285e+02
-1.409380855289788883e+02
-1.413778921353683700e+02
-1.417208518374952746e+02
-1.420113555617905092e+02
-1.422849885173106372e+02
-1.425577747604381784e+02
-1.428201564440646507e+02
-1.430341279668147934e+02
-1.431343176889607207e+02
-1.430365042782171088e+02
-1.426558293864731581e+02
-1.419334930250653599e+02
-1.408672630295358488e+02
-1.395353598937821857e+02
-1.380975227361308271e+02
-1.367619660346146588e+02
-1.357241864265987488e+02
-1.350998728530334745e+02
-1.348793811397711124e+02
-1.349252374752523451e+02
-1.350173142527217465e+02
-1.349264136591956174e+02
-1.344813120383331864e+02
-1.336016330841692081e+02
-1.322942710374152853e+02
-1.306330332509704704e+02
-1.287423381522992258e+02
-1.267873453168310363e+02
-1.249523224262517260e+02
-1.233825564397057377e+02
-1.220745228409314933e+02
-1.207210938889158314e+02
-1.185525580613559953e+02
-1.142485353009144404e+02
-1.060039886515114631e+02
-9.179602925472349284e+01
-6.982634081157459605e+01
-3.903707914216042951e+01
4.513917003292533536e-01
4.713205681113811352e+01
9.822696504846526011e+01
1.501251947828702669e+02
1.990366750765151096e+02
2.416834595989822390e+02
2.758431589649408693e+02
3.006201249541351217e+02
3.164120723132173225e+02
3.246164545281041569e+02
3.271670119166300310e+02
3.260222734858451759e+02
3.227465976906950118e+02
3.183006421811783184e+02
3.130757705766050094e+02
3.071039127085537643e+02
3.003112913309454370e+02
2.926899452153623429e+02
2.843240384863823351e+02
2.752955149492637474e+02
2.655599287547710787e+02
2.548894395512494100e+02
2.429269725444341361e+02
2.293247141544753447e+02
2.138958227073408409e+02
1.967097348396834775e+02
1.780998294620167144e+02
1.585988450013506963e+02
1.388424346652974464e+02
1.194749845501187764e+02
1.010710461643007960e+02
8.407546563453614397e+01
6.877081838155163496e+01
5.528301659846597005e+01
4.362039809397938228e+01
3.372074813435343543e+01
2.547754550775486138e+01
1.873584493206558221e+01
1.327403101361161220e+01
8.801051853978901107e+00
4.987733745812263919e+00
1.520230208521841320e+00
-1.859551706638043811e+00
-5.351369477111816764e+00
-9.121118654818879179e+00
-1.331770249326817179e+01
-1.805853248926601395e+01
-2.339068611250733198e+01
-2.925418031912026606e+01
-3.547045912552584923e+01
-4.176700296837547910e+01
-4.783975009910744802e+01
-5.344274668769116943e+01
-5.847391834697403112e+01
-6.301227967264399865e+01
-6.727759588625366405e+01
-7.152621215755435458e+01
-7.593417735911035038e+01
-8.052203211739373501e+01
-8.514754747509573463e+01
-8.955800082544610063e+01
-9.347327725312285907e+01
-9.666966033403681990e+01
-9.904249582960986231e+01
-1.006342139492359422e+02
-1.016216876306172026e+02
-1.022670917294132948e+02
-1.028482742781904449e+02
-1.035917135097014921e+02
-1.046274576675110097e+02
-1.059733428703831066e+02
-1.075456567610486331e+02
-1.091911187713149616e+02
-1.107354731643332002e+02
-1.120418549814978917e+02
-1.130686641203475062e+02
-1.139126817035563590e+02
-1.148181040725157800e+02
-1.161321211867608554e+02
-1.182003619284379283e+02
-1.212175120011450531e+02
-1.250672813864913451e+02
-1.291936624251426053e+02
-1.325424472890701395e+02
-1.336016330841692081e+02
-1.305543859911720119e+02
-1.215396241739732091e+02
-1.049919338296156752e+02
-8.000142445463060881e+01
-4.661146414053132503e+01
-5.969261681723509128e+00
3.973087060200697351e+01
8.752392090622888077e+01
1.341246690560501520e+02
1.764553291900767533e+02
2.121263024442852156e+02
2.397552763099378978e+02
2.590559427917303310e+02
2.706962017000674336e+02
2.759907053056271025e+02
2.765289454071618138e+02
2.738393407719473771e+02
2.691605451519698136e+02
2.633477329534882756e+02
2.568969907982323093e+02
2.500373585338783187e+02
2.428297430306446074e+02
2.352308861781644680e+02
2.271173624952609771e+02
2.182930187533805224e+02
2.085053288018883961e+02
1.974792793093597538e+02
1.849629864719954071e+02
1.707772065213700330e+02
1.548642449802877081e+02
1.373320246938246214e+02
1.184853148274363690e+02
9.883128441275046328e+01
7.904541331946478522e+01
5.989268143993937343e+01
4.211807717252376904e+01
2.633705757546322701e+01
1.295565645969051793e+01
2.133516661065833375e+00
-6.212238803700472545e+00
-1.237016812138548616e+01
-1.677466967996884151e+01
-1.993652083433996225e+01
-2.237874164575308811e+01
-2.458799470194354342e+01
-2.698106231579204461e+01
-2.987662945534569303e+01
-3.346461167427772665e+01
-3.777873297643793649e+01
-4.268963245223629599e+01
-4.793347835881907315e+01
-5.317644163900293108e+01
-5.809819034307151497e+01
-6.246716055835010195e+01
-6.618310460993387778e+01
-6.927840588966428470e+01
-7.188937755361679649e+01
-7.421770180719919097e+01
-7.649343190632859546e+01
-7.893407998764413946e+01
-8.168791769917329759e+01
-8.476477520408393218e+01
-8.798596581405467987e+01
-9.099953391675718706e+01
-9.338354022210791072e+01
-9.480765472591740206e+01
-9.518303369939015113e+01
-9.473296206325730395e+01
-9.395413445770871874e+01
-9.348326651124679643e+01
-9.391598450426386080e+01
-9.563629531342327539e+01
-9.870639706282051407e+01
-1.028466813217781635e+02
-1.075108626818837223e+02
-1.120320771408815403e+02
-1.157908139086669195e+02
-1.183532013608426467e+02
-1.195530218063895518e+02
-1.195193637294568703e+02
-1.186594389955812545e+02
-1.175960923236197431e+02
-1.170520256284758034e+02
-1.176805192647737073e+02
-1.198640683110861289e+02
-1.235236877074433721e+02
-1.279871062056259632e+02
-1.319557624263209732e+02
-1.336016330841692081e+02
-1.308132160972700717e+02
-1.215786018629429606e+02
-1.044395744473387992e+02
-7.890012452416655719e+01
-4.566317187310312420e+01
-6.614904200506181553e+00
3.544717943179152542e+01
7.727578091796071647e+01
1.157127390465891494e+02
1.481776610150713509e+02
1.729982436900584162e+02
1.895273449026456092e+02
1.980555357875215350e+02
1.995747340402367911e+02
1.954703884954487023e+02
1.872217104647408235e+02
1.761715784864630336e+02
1.633904644743033998e+02
1.496202796086000149e+02
1.352708403479406911e+02
1.204573241593820399e+02
1.050839991358796652e+02
8.897035699376434081e+01
7.198704067296310427e+01
5.415180772919025287e+01
3.564852053250814379e+01
