-3.453835650477890340e+01
-4.423276404926949823e+01
-5.289191330580614192e+01
-5.970738772503033687e+01
-6.425733417680892501e+01
-6.658890784042496591e+01
-6.717686748482637427e+01
-6.676242092630565139e+01
-6.612170673044637681e+01
-6.584686042018469720e+01
-6.622356113456214644e+01
-6.724663931060196376e+01
-6.874706065849011338e+01
-7.055045104820649726e+01
-7.258381672499386639e+01
-7.489370512088902387e+01
-7.759608064340092426e+01
-8.079712738367896918e+01
-8.450118194693990858e+01
-8.850148854854113267e+01
-9.226394251225069354e+01
-9.484861391443438094e+01
-9.493350634825833367e+01
-9.098718215963984335e+01
-8.158150565798239029e+01
-6.576707368272263921e+01
-4.339148046908905343e+01
-1.525206199747503710e+01
1.696787511168021112e+01
5.096169140530567887e+01
8.419236583558567588e+01
1.143224799911410514e+02
1.395853476775865829e+02
1.590146602183520770e+02
1.724809806698695240e+02
1.805407116589373118e+02
1.841725110869591049e+02
1.845096998644067980e+02
1.826439567288020385e+02
1.795045466125129678e+02
1.757701723985635738e+02
1.717830740281641511e+02
1.674854150606786902e+02
1.624317425986501462e+02
1.559191672243055677e+02
1.472299146983518767e+02
1.359205962609279936e+02
1.220461259120043138e+02
1.062133034649001928e+02
8.943559371268771940e+01
7.285976577076658600e+01
5.748325803672443612e+01
4.395744416836022594e+01
3.251752306125657555e+01
2.303293442087228371e+01
1.514155779450401695e+01
8.419696422525746016e+00
2.543882780576536717e+00
-2.597492580395694972e+00
-6.881588130791616464e+00
-1.002758716309460496e+01
-1.173616813742785858e+01
-1.183542127798780363e+01
-1.039434160339430591e+01
-7.786931372756683345e+00
-4.691523161285308774e+00
-2.007470143560488474e+00
-6.887934094204397617e-01
-1.526726592349278988e+00
-4.937545006815407866e+00
-1.081816614303523316e+01
-1.852152203758216586e+01
-2.697461023754887322e+01
-3.491788303889951806e+01
-4.120768023681649339e+01
-4.511255799020427304e+01
-4.653842005424930761e+01
-4.611538882483048951e+01
-4.508047687291973915e+01
-4.493237331466797713e+01
-4.693368576514178869e+01
-5.164027828230256034e+01
-5.866182723187106518e+01
-6.677121522088962990e+01
-7.433340174695796065e+01
-7.989288975072068411e+01
-8.269471522196380420e+01
-8.293908581254362389e+01
-8.167513453046227312e+01
-8.038172294612709834e+01
-8.040433298225006808e+01
-8.246828991787279506e+01
-8.644888730237389041e+01
-9.146809073881480856e+01
-9.625777691970243666e+01
-9.963325988382669607e+01
-1.008895370547410977e+02
-9.997773750014518157e+01
-9.742604261827261780e+01
-9.408587703639906863e+01
-9.084250687554222736e+01
-8.840063650982037302e+01
-8.717900211655776843e+01
-8.728895306806658994e+01
-8.856000499964495987e+01
-9.058962260114303433e+01
-9.280192347823513899e+01
-9.449382901329147444e+01
-9.484861391443438094e+01
-9.292415995240337168e+01
-8.766243138213941677e+01
-7.797689736905000757e+01
-6.294040539270669399e+01
-4.203164431630802511e+01
-1.535406051417634643e+01
1.626171318226354146e+01
5.132042711074118557e+01
8.787192825380887484e+01
1.237993570751522867e+02
1.571111855624259874e+02
1.861856992077046016e+02
2.099390836249871199e+02
2.279018323596690720e+02
2.401974305265330258e+02
2.474269975199690634e+02
2.504801649886780410e+02
2.503168259767385848e+02
2.477827412552218220e+02
2.435133337358165022e+02
2.379366357068177535e+02
2.313306472772357552e+02
2.238658808758048053e+02
2.155963412753668536e+02
2.064273575869733577e+02
1.961287345043581354e+02
1.844387998580216390e+02
1.712360986624711359e+02
1.566948278053752119e+02
1.413318473273168365e+02
1.259033785819883633e+02
1.111920595191483301e+02
9.779474485052637078e+01
8.602775899699435058e+01
7.598950881774395327e+01
6.770845059217975859e+01
6.124763332636514690e+01
5.668432851870800704e+01
5.399072196791487954e+01
5.291610390828216026e+01
5.295999053860244032e+01
5.345548671218975301e+01
5.371625963584084928e+01
5.317774989681841191e+01
5.148124111267211589e+01
4.848721152740952078e+01
4.423982680471989681e+01
3.891666107729112412e+01
3.278180556267130896e+01
2.613959494189295896e+01
1.928441234903432644e+01
1.245128173665447235e+01
5.772218939207419908e+00
-7.577148632700598796e-01
-7.285651994530212505e+00
-1.404542537835622795e+01
-2.123316333211852225e+01
-2.885971333071785239e+01
-3.666343989536349568e+01
-4.415274057764557369e+01
-5.077996124412476320e+01
-5.616475802394450056e+01
-6.024807455635384201e+01
-6.329961321503246552e+01
-6.578706183708750643e+01
-6.818354216639137633e+01
-7.080766100608924773e+01
-7.376003904216834428e+01
-7.696365967097078453e+01
-8.026299567046255845e+01
-8.351346199273869786e+01
-8.661042534949380922e+01
-8.945702662973054942e+01
-9.191505817552861402e+01
-9.378693020261137292e+01
-9.484861391443438094e+01
-9.492723399964329190e+01
-9.399996144802996412e+01
-9.227419131203056679e+01
-9.019346958087830046e+01
-8.834547571059754034e+01
-8.730330656590025740e+01
-8.746170222290636787e+01
-8.891048573935161414e+01
-9.134819825395571513e+01
-9.402671111884218647e+01
-9.574752596177656017e+01
-9.496926550138893219e+01
-9.007468787863844284e+01
-7.976039465529734684e+01
-6.340941295805239974e+01
-4.128114924432686905e+01
-1.443724293343954201e+01
1.555106676413406674e+01
4.698478109111483292e+01
7.836386228995991132e+01
1.085482965934760813e+02
1.367142103999238714e+02
1.621651334701132328e+02
1.841386028959446435e+02
2.017476400366490452e+02
2.141131675936317151e+02
2.206373825525511734e+02
2.212939557107822566e+02
2.167910541491248466e+02
2.085062123599931283e+02
1.981869052967325047e+02
1.875126918960339992e+02
1.776708851041001083e+02
1.690876042093524916e+02
1.613974035618486482e+02
1.536547959543271986e+02
1.447129313902128160e+02
1.336420636098504815e+02
1.200529997269954521e+02
1.042310644190408908e+02
8.705587137302146061e+01
6.975426956828792413e+01
5.358434085624954690e+01
3.955773247763570311e+01
2.826986891929673362e+01
1.984729246591470542e+01
1.398318492615696940e+01
1.003605989503369855e+01
7.183603018934107354e+00
4.615721950551190389e+00
1.723243962674555263e+00
-1.774004110979792159e+00
-5.797202140779987189e+00
-9.977976174863222525e+00
-1.380203838529371296e+01
-1.679424053420377305e+01
-1.870181965372805521e+01
-1.961026109074045820e+01
-1.993061963766368549e+01
-2.025404265619033950e+01
-2.113756108866880012e+01
-2.291399428773317482e+01
-2.560633258731878925e+01
-2.898896624061110572e+01
-3.277498936344630920e+01
-3.683555060130996139e+01
-4.132250872449684209e+01
-4.660928050097045627e+01
-5.306826833218720907e+01
-6.079776235886966163e+01
-6.943744002366140933e+01
-7.816681061389331830e+01
-8.590397654007786343e+01
-9.164771371477471007e+01
-9.484861391443438094e+01
-9.566530675171370035e+01
-9.497998137297696530e+01
