-3.669374511508741676e+01
-2.993955125346797175e+01
-2.479465418552734945e+01
-2.254136070852262463e+01
-2.387342940756751020e+01
-2.872691092562680737e+01
-3.629855685750951722e+01
-4.528515534260295539e+01
-5.428416694332493364e+01
-6.221552207597217432e+01
-6.860702390742613943e+01
-7.364140945772706459e+01
-7.796191667291333260e+01
-8.232832672424846976e+01
-8.726947501604774970e+01
-9.287489870545317672e+01
-9.880624792341289719e+01
-1.045051576848872514e+02
-1.094760936276102115e+02
-1.134903832802946937e+02
-1.166167520124071615e+02
-1.190969077071776923e+02
-1.211722716604863024e+02
-1.229705286407561715e+02
-1.244930896490128447e+02
-1.256746694145631125e+02
-1.264622372139867394e+02
-1.268784880395473067e+02
-1.270628734726559514e+02
-1.272910910475176820e+02
-1.279536887351097221e+02
-1.294555501772611024e+02
-1.320255226920953646e+02
-1.354986528366124787e+02
-1.391859035137716774e+02
-1.419162209759882103e+02
-1.422429429176638394e+02
-1.387291358429100967e+02
-1.302153100970076594e+02
-1.160108759684090813e+02
-9.599053546897705758e+01
-7.059669304389232991e+01
-4.075928432472457530e+01
-7.755769220162868294e+00
2.695654338691468865e+01
6.190036420336245726e+01
9.570020432525276988e+01
1.271529822569201826e+02
1.552577479600654726e+02
1.792283772425979862e+02
1.985099809934657742e+02
2.128066363732488639e+02
2.221114493821013411e+02
2.267166755310946655e+02
2.271824526112031322e+02
2.242588824028680961e+02
2.187727220868441691e+02
2.114943087174528955e+02
2.030005373829649784e+02
1.935615536867811954e+02
1.830960808613006918e+02
1.712349852626814197e+02
1.574928580010469830e+02
1.414964862879507166e+02
1.231905511401760691e+02
1.029505178745171179e+02
8.157356175747224825e+01
6.016397764300467088e+01
3.994969946613050382e+01
2.205995449484546356e+01
7.294869115695618689e+00
-4.051581034467315767e+00
-1.222794440744945810e+01
-1.787181755164751351e+01
-2.172242690003657373e+01
-2.434858579404421164e+01
-2.603624294434945696e+01
-2.687061294561440050e+01
-2.691937469897467494e+01
-2.637410679275444281e+01
-2.556158620577670604e+01
-2.483550672672849657e+01
-2.443244869045872036e+01
-2.439615823334484190e+01
-2.463754013285004163e+01
-2.511154052362634914e+01
-2.600188758392571486e+01
-2.778037239215245791e+01
-3.107639708232293430e+01
-3.640948643578049371e+01
-4.392463221705158816e+01
-5.327542971614069245e+01
-6.372134742914341388e+01
-7.438724262927185293e+01
-8.454675366615344956e+01
-9.379298163032291313e+01
-1.020411626347368781e+02
-1.094031968939897013e+02
-1.160267510591859121e+02
-1.219875486371777953e+02
-1.272728649344376635e+02
-1.318291223426118677e+02
-1.356124898956728657e+02
-1.385982480224078301e+02
-1.407508830125333930e+02
-1.419963619497130196e+02
-1.422429429176638394e+02
-1.414601688504640435e+02
-1.397703848771115531e+02
-1.374770065029534010e+02
-1.349857435593355319e+02
-1.326576749199244887e+02
-1.306968976115903445e+02
-1.291527992308595572e+02
-1.280229259773758770e+02
-1.273611651627260670e+02
-1.272925881087131756e+02
-1.279042896231446349e+02
-1.290650991132553713e+02
-1.302723756268559896e+02
-1.306117789952024566e+02
-1.288613570779899078e+02
-1.237050522912707748e+02
-1.139709346071428371e+02
-9.880198474665535002e+01
-7.771972847992407196e+01
-5.062880221762004140e+01
-1.785848228608641719e+01
1.971311799311231638e+01
6.052367081383626868e+01
1.023302329137582234e+02
1.424594345923123626e+02
1.782723596091647096e+02
2.076850985410778492e+02
2.295562040169719751e+02
2.438167348211636067e+02
2.513229910385811650e+02
2.535057887068825551e+02
2.519438770356869099e+02
2.479937059279222638e+02
2.425685631473677688e+02
2.360945666124081015e+02
2.286092740020799283e+02
2.199374254063583578e+02
2.098767361921317161e+02
1.983358296517898793e+02
1.853840328415385557e+02
1.712121341799115157e+02
1.560538949422531800e+02
1.401391150521985196e+02
1.237152894173163986e+02
1.071122872114568594e+02
9.078650511632064024e+01
7.529766522758313840e+01
6.122517018732027339e+01
4.907233996540775678e+01
3.919884067218643509e+01
3.178027266605030476e+01
2.677261723707811569e+01
2.388270486520690383e+01
2.258133735891436089e+01
2.219525086127799085e+01
2.206839148005283135e+01
2.173002169673881667e+01
2.099236074165408894e+01
1.993245711925329289e+01
1.876501603144082964e+01
1.765815455180073457e+01
1.657052247718191040e+01
1.518527659974838961e+01
1.297747011018209129e+01
9.391360398391507047e+00
4.052527992531048007e+00
-3.078627312534424121e+00
-1.167951285911935244e+01
-2.117169322299484691e+01
-3.090702461189241035e+01
-4.035246477361295092e+01
-4.921158872922948291e+01
-5.746083271060101083e+01
-6.530288075845317053e+01
-7.304513497308506942e+01
-8.092491480718916819e+01
-8.893451516188061134e+01
-9.672319419461651080e+01
-1.036421969486771388e+02
-1.089492820372890094e+02
-1.121145972025911846e+02
-1.131007099081185459e+02
-1.124749645794669135e+02
-1.112789106046317187e+02
-1.106926899435325993e+02
-1.116270116438682294e+02
-1.144083206569320055e+02
-1.186819119942830980e+02
-1.235622219770628760e+02
-1.279604322765385689e+02
-1.309654559759755443e+02
-1.321531168894378823e+02
-1.317294964833749020e+02
-1.304641360713143001e+02
-1.294306347942419961e+02
-1.296304058774415182e+02
-1.316093863885182600e+02
-1.351767736945645311e+02
-1.393045358265938205e+02
-1.422429429176638394e+02
-1.418396638670002119e+02
-1.359937954685634622e+02
-1.231244725983308683e+02
-1.025241763241082111e+02
-7.451403077843518474e+01
-4.038936603333296915e+01
-2.198577298010384595e+00
3.757570043167801543e+01
7.636323570747907752e+01
1.118291277424911954e+02
1.421447979310059395e+02
1.661889159963838551e+02
1.836524413043129016e+02
1.950110356455452632e+02
2.013388837562797562e+02
2.039861656270336994e+02
2.042090665940203849e+02
2.028780439888712408e+02
2.003637529895430305e+02
1.966210065941719449e+02
1.914025356386431156e+02
1.844843031144548036e+02
1.757972497125741995e+02
1.654241938165937995e+02
1.534997309646334145e+02
1.401068572368895957e+02
1.252652368584223268e+02
1.090433660481940876e+02
9.173333222546357035e+01
7.396839836154984482e+01
5.668885072555070792e+01
4.095483279831054801e+01
2.769662219471307907e+01
1.751868500935946571e+01
1.062297468527182431e+01
6.835447645522167548e+00
5.675841000165377181e+00
6.432958712071673801e+00
8.253754768483290150e+00
1.026658372021492482e+01
1.173262025205472270e+01
1.218939688082216932e+01
1.154001158152735051e+01
1.005304065816159920e+01
8.264882391685496543e+00
6.804247530497809393e+00
6.175862505670397518e+00
6.552718875536397647e+00
7.642363383746562100e+00
8.698686413026887720e+00
8.719416914094619386e+00
6.793558194291231978e+00
2.474110017011691198e+00
-3.987806809467210556e+00
-1.166028917039433921e+01
