-3.164672230214157267e+01
-3.197466916604826181e+01
-3.260811824772676459e+01
-3.372040713550235580e+01
-3.527666521395758537e+01
-3.705147634223662578e+01
-3.872477917788302193e+01
-4.001077490255483582e+01
-4.076743920159376700e+01
-4.105017294290381358e+01
-4.109753580575547005e+01
-4.125786978023650420e+01
-4.187916551237851337e+01
-4.319201157262483548e+01
-4.522086370446152870e+01
-4.775962118336607176e+01
-5.043171419046207404e+01
-5.282063277972853399e+01
-5.462186084384241980e+01
-5.575221712911524463e+01
-5.636662153318609114e+01
-5.677037330036996821e+01
-5.726012105867570767e+01
-5.795875265620554728e+01
-5.871493476197715466e+01
-5.911241506749977503e+01
-5.858576267486239431e+01
-5.659078334457606019e+01
-5.275495483615127057e+01
-4.694919312430398151e+01
-3.926982614475272726e+01
-2.996932069233061569e+01
-1.939050294985828771e+01
-7.932840706357117355e+00
3.959911506595721775e+00
1.581794285607068318e+01
2.718362301776901546e+01
3.766095891843364996e+01
4.695639183672004435e+01
5.489764526476226081e+01
6.143087941634954063e+01
6.660429171684953076e+01
7.054614871018870303e+01
7.344039543598282194e+01
7.549800693462569257e+01
7.692325491702445106e+01
7.788095505725274847e+01
7.847541809138181179e+01
7.875045535979332101e+01
7.871334129316642247e+01
7.837104973931522522e+01
7.774834202258711002e+01
7.685730596645475998e+01
7.562351418450835183e+01
7.382195420693491883e+01
7.108858406652203143e+01
6.703084180943183412e+01
6.139374616919020866e+01
5.419872587556514532e+01
4.578530527704521091e+01
3.673664863986088847e+01
2.772599199130585390e+01
1.935368048911379546e+01
1.203912121646482092e+01
5.993700871040385181e+00
1.254302704412655345e+00
-2.266324154661052859e+00
-4.742121242114840207e+00
-6.408259180804558142e+00
-7.534726877469339001e+00
-8.397781393468722655e+00
-9.256319754278433010e+00
-1.033289413228544795e+01
-1.179365623881245106e+01
-1.372758467830513673e+01
-1.613034019782367068e+01
-1.889638740666405781e+01
-2.182593567178966509e+01
-2.466193821158013932e+01
-2.716727334167652330e+01
-2.922338634423031323e+01
-3.090196199675034094e+01
-3.246198806386870217e+01
-3.425935583032301679e+01
-3.660096378829014441e+01
-3.960372639121197125e+01
-4.311828660499512011e+01
-4.675112292684488580e+01
-4.998080860530141223e+01
-5.232859692830485443e+01
-5.352062943949844254e+01
-5.357773104924569907e+01
-5.279617807332405732e+01
-5.163378834014152829e+01
-5.056119654229581073e+01
-4.994309145842514397e+01
-4.997805989025904694e+01
-5.068739230538863438e+01
-5.193386511453813625e+01
-5.346328010009280263e+01
-5.496939402661531915e+01
-5.617618716617437258e+01
-5.691758321404843457e+01
-5.718568986848090674e+01
-5.712339307016262069e+01
-5.695956843725058860e+01
-5.691488361243732186e+01
-5.712000746222516057e+01
-5.757632525184438776e+01
-5.816750956465429567e+01
-5.871436783362262446e+01
-5.905393694952522310e+01
-5.911241506749977503e+01
-5.893583282596628692e+01
-5.865265943446591024e+01
-5.837276147446270613e+01
-5.806377781854216380e+01
-5.746337005310353874e+01
-5.607182127125035009e+01
-5.323843375538874056e+01
-4.832464658929131218e+01
-4.090077110354878442e+01
-3.091205022744131270e+01
-1.874383075801743459e+01
-5.143340294165938076e+00
8.980717841042984873e+00
2.279365740471412138e+01
3.569993916374903620e+01
4.738010021347660228e+01
5.772055564939245187e+01
6.670834052581496110e+01
7.435597035320651571e+01
8.067871699779377082e+01
8.570983628776690466e+01
8.952861633232399186e+01
9.228251949788436548e+01
9.419268428590817166e+01
9.553723804905229144e+01
9.661200691558647691e+01
9.767397772605602313e+01
9.887879832853923290e+01
1.002293042871160651e+02
1.015538774874647459e+02
1.025274286084686253e+02
1.027355538276532911e+02
1.017689758679715624e+02
9.932455963096427354e+01
9.528413148526374243e+01
8.974720058445046789e+01
8.300995796730956044e+01
7.550295672239846567e+01
6.771078818068174598e+01
6.009502852371075221e+01
5.303476222920618000e+01
4.679338940991559070e+01
4.151391249780789394e+01
3.723555893436006414e+01
3.391731891055507475e+01
3.145427708938364830e+01
2.968107039896722910e+01
2.837026183996274042e+01
2.724381699235848586e+01
2.601293511989349838e+01
2.444525189066864357e+01
2.243965790620458023e+01
2.007556617276415523e+01
1.760151905756864466e+01
1.534848082468923103e+01
1.359456446373978089e+01
1.244182136931465976e+01
1.176206462884360171e+01
1.123066139051640633e+01
1.042615662914638541e+01
8.954923419916514860e+00
6.563884773427600905e+00
3.215976782927659983e+00
-8.879424136530849054e-01
-5.350329385151944450e+00
-9.679342136980583433e+00
-1.342664482021821470e+01
-1.630719792062163265e+01
-1.824598430871165533e+01
-1.933957611371325314e+01
-1.977638151861583893e+01
-1.977404571754288298e+01
-1.955648222446903617e+01
-1.935070974511176090e+01
-1.937484689977886987e+01
-1.980968525136587388e+01
-2.076768112482143636e+01
-2.227534596424565549e+01
-2.427366720677619938e+01
-2.663236204120347850e+01
-2.917202951646768128e+01
-3.168941835223221659e+01
-3.398439091418412517e+01
-3.589169249789745919e+01
-3.731914255994388441e+01
-3.828222199906456780e+01
-3.891327942073451851e+01
-3.942904521922994121e+01
-4.006459017693497060e+01
-4.100402160837271737e+01
-4.233801796034890685e+01
-4.405899469838779936e+01
-4.608421143721139401e+01
-4.828897524297370580e+01
-5.053704827078003348e+01
-5.270323255348615277e+01
-5.468498449933525762e+01
-5.639986593855974206e+01
-5.777132863902902926e+01
-5.871211916410789655e+01
-5.911241506749977503e+01
-5.883117116956839965e+01
-5.768728404151853084e+01
-5.545651856868654050e+01
-5.188819583891657317e+01
-4.674904012933338038e+01
-3.988516781372477737e+01
-3.128369900319009389e+01
-2.111785537790016321e+01
-9.764076004127989705e+00
2.217738183841900579e+00
1.414483805647915737e+01
2.530923112353973181e+01
3.509785001909212099e+01
4.310528963811828618e+01
4.919890339448437544e+01
5.351036579294845552e+01
5.636295752921940760e+01
5.817079185099574090e+01
5.934650860695958130e+01
6.023562926301295306e+01
6.107574817208830353e+01
6.197021895546274095e+01
6.287520380753035454e+01
6.361498658319746369e+01
6.393822237984733903e+01
6.359920286742548257e+01
6.242117177260210070e+01
6.030812657842452751e+01
5.721462652498035339e+01
5.311763776997393904e+01
4.802588510376195075e+01
4.202246593273659414e+01
3.530585069984441304e+01
2.819541590422373289e+01
2.109076454742467988e+01
1.439929144644227321e+01
8.461453058361865232e+00
3.501728322790095937e+00
-3.841338280881441136e-01
-3.213435209713257024e+00
-5.083709552731058068e+00
-6.127792630356616144e+00
-6.463734687152813407e+00
-6.158831754126923741e+00
-5.231812928252438155e+00
-3.699059915960003053e+00
-1.637894593727542869e+00
7.795869660109175925e-01
