-1.211523530716333710e+02
-1.298454948301614422e+02
-1.409647923532951950e+02
-1.564238189696069696e+02
-1.767915970681701765e+02
-2.013737660855357774e+02
-2.287710897887451154e+02
-2.576413165888195635e+02
-2.873199200845017458e+02
-3.179939202809506469e+02
-3.502775923046439175e+02
-3.842824277552643366e+02
-4.185061430736227521e+02
-4.489805905511108222e+02
-4.690779677618206165e+02
-4.701986819636991868e+02
-4.432981629309278446e+02
-3.809264589449220466e+02
-2.792486080093871124e+02
-1.394678673759652554e+02
3.178124809490199709e+01
2.232105542416699109e+02
4.206331546130190873e+02
6.092463002336050977e+02
7.758891463074651256e+02
9.107870653036553676e+02
1.008488576290090123e+03
1.067944018218804104e+03
1.091879061635669132e+03
1.085728024913150648e+03
1.056407912319694560e+03
1.011168134627733025e+03
9.566802629279732173e+02
8.984490798779262377e+02
8.405377621875937848e+02
7.855349216821574601e+02
7.346754576029743475e+02
6.880511221664733057e+02
6.448759118878521122e+02
6.037812636420808303e+02
5.631128408044489788e+02
5.212067956712310206e+02
4.766414831099526737e+02
4.284678370622738157e+02
3.764035231794097172e+02
3.209513705665070802e+02
2.634022250876550402e+02
2.057088088968768602e+02
1.502458579166845709e+02
9.948818065285063028e+01
5.564874961322877311e+01
2.032984179123697999e+01
-5.750666210772028109e+00
-2.289411355102096479e+01
-3.237091898431738457e+01
-3.618770840604447869e+01
-3.673729797806442576e+01
-3.643146391349441870e+01
-3.739621206803921893e+01
-4.126226451743485768e+01
-4.905564579733841413e+01
-6.119433151313138808e+01
-7.759809581342106810e+01
-9.789116510955633998e+01
-1.216272487547079777e+02
-1.484376044621828044e+02
-1.780351185980407251e+02
-2.100880059263196813e+02
-2.440477366368530170e+02
-2.790343374661104008e+02
-3.138492732411246493e+02
-3.471255717692279745e+02
-3.775650697736715529e+02
-4.041793012442750523e+02
-4.264545570368676408e+02
-4.443948295825096011e+02
-4.584425632494597949e+02
-4.693188113955015979e+02
-4.778415033836503198e+02
-4.847664204494485602e+02
-4.906717231701484252e+02
-4.958976759176507585e+02
-5.005530704597761087e+02
-5.045864121794384118e+02
-5.078888727907706198e+02
-5.103710986122014219e+02
-5.119686072471200760e+02
-5.125841713801640935e+02
-5.120291518490254248e+02
-5.100298749565122307e+02
-5.063165627120922636e+02
-5.007551755155393494e+02
-4.934597883187498155e+02
-4.848428915765216516e+02
-4.756014255075025403e+02
-4.666634412911332674e+02
-4.591112963530206343e+02
-4.540638596450273781e+02
-4.524771277301417740e+02
-4.548268618123672695e+02
-4.606621448694587571e+02
-4.680745654997218708e+02
-4.732287101668160858e+02
-4.701986819636991868e+02
-4.513544189866424858e+02
-4.083973562177346821e+02
-3.339178045909825414e+02
-2.231365544926268853e+02
-7.538115740102540485e+01
1.051294731031350409e+02
3.094553136849756356e+02
5.250652412510038403e+02
7.376712696786853485e+02
9.333465756631939030e+02
1.100481087713753823e+03
1.231213773500788193e+03
1.322123121426837088e+03
1.374123132201182216e+03
1.391678974755044692e+03
1.381587751117571770e+03
1.351629351274992132e+03
1.309370422753254388e+03
1.261313911804642430e+03
1.212452150093094588e+03
1.166150039771100637e+03
1.124219611536883804e+03
1.087074557027180163e+03
1.053930163164824762e+03
1.023070634659858456e+03
9.922091325069536651e+02
9.589314549637323353e+02
9.211723389264933530e+02
8.776459952818454440e+02
8.281535026161523092e+02
7.737138365309306209e+02
7.164892437577703959e+02
6.594945068363238079e+02
6.061153931972353348e+02
5.595183207245994481e+02
5.220797055869911674e+02
4.949693913125898916e+02
4.779836685760158730e+02
4.696558790765515141e+02
4.676040900834690888e+02
4.690259868494117654e+02
4.712196363300950566e+02
4.719973994687648542e+02
4.698929500714242522e+02
4.641415442772461120e+02
4.544954321842072886e+02
4.409746573001226011e+02
4.236487875034254103e+02
4.025160763510247079e+02
3.775025506398663993e+02
3.485575088937873716e+02
3.157933417692503895e+02
2.796128136878131727e+02
2.407764611702092736e+02
2.003763571154983367e+02
1.597014731529624498e+02
1.200153212125857749e+02
8.231506203543318634e+01
4.716937250869409581e+01
1.470543855083730023e+01
-1.526171738592586280e+01
-4.304228340332730340e+01
-6.893138306491823641e+01
-9.316516509915931010e+01
-1.159437930140964568e+02
-1.374571865791791083e+02
-1.578765093081012196e+02
-1.773195120032855812e+02
-1.958142998869263351e+02
-2.132756218921853133e+02
-2.295047613063345580e+02
-2.442352263115585629e+02
-2.572370334274205561e+02
-2.684488766530495241e+02
-2.780728853405589689e+02
-2.865847560951402784e+02
-2.946699699113980842e+02
-3.031434216897971510e+02
-3.129047417138917808e+02
-3.249231517107700711e+02
-3.401742096351524651e+02
-3.594259078592605192e+02
-3.828259177991768638e+02
-4.093481108145360849e+02
-4.362534421678651597e+02
-4.587701892739214600e+02
-4.701986819636991868e+02
-4.625889106247828977e+02
-4.280065668581146383e+02
-3.602085446893148628e+02
-2.563276797074215096e+02
-1.180757986497395677e+02
4.794388897072832378e+01
2.309734685727016483e+02
4.177297686845155340e+02
5.945235182417507076e+02
7.493569639046970678e+02
8.735236485154565571e+02
9.623983292803535505e+02
1.015361062691187158e+03
1.035051764631524748e+03
1.026291656199915906e+03
9.950010534120162902e+02
9.473356629775543070e+02
8.891247337675932840e+02
8.255733533248143203e+02
7.611129122332971519e+02
6.992632647451174535e+02
6.424211915644284545e+02
5.916000726834533907e+02
5.462536760576660981e+02
5.043506383148037457e+02
4.628032014040912259e+02
4.182262750187566098e+02
3.678645927817021288e+02
3.104337343091309549e+02
2.466189063478609569e+02
1.790660021462941245e+02
1.118453318806461994e+02
4.952396955812749013e+01
-3.891534931026214394e+00
-4.582500533650721763e+01
-7.555011135734800121e+01
-9.406235834327793555e+01
-1.035168068038210976e+02
-1.064950843911583576e+02
-1.053891609401094485e+02
-1.020917204183182747e+02
-9.802037131010899884e+01
-9.435345181442352214e+01
-9.228350835405780117e+01
-9.312180879303231507e+01
-9.819120913564383102e+01
-1.085722542604345051e+02
-1.248470620097914576e+02
-1.469680494568255540e+02
-1.742855689261920418e+02
-2.056787523314617943e+02
-2.397101892321144021e+02
-2.747662057184030573e+02
-3.091998868948072072e+02
-3.415087190975277167e+02
-3.705373184863921097e+02
-3.956398094877552012e+02
-4.167255337003732620e+02
-4.341573450799887723e+02
-4.485338622729109943e+02
-4.604312643552466966e+02
-4.701986819636991868e+02
-4.778889030718619324e+02
-4.833563446544041540e+02
-4.864764654841910669e+02
-4.873686463369494959e+02
-4.864862409914125578e+02
-4.845031949744163740e+02
-4.820485010917256545e+02
-4.794388666417048057e+02
-4.765690875324374929e+02
