-2.801420348710970529e+02
-3.185387456878910939e+02
-3.510948353881053663e+02
-3.720077235757546532e+02
-3.752418557566699633e+02
-3.549309669777795762e+02
-3.061699243094280973e+02
-2.260210948344883377e+02
-1.144475690765816012e+02
2.512543728907348850e+01
1.858282697443441407e+02
3.579982622380534281e+02
5.303549483678583556e+02
6.914564776096430023e+02
8.311339264326736611e+02
9.416339433926266338e+02
1.018313595775942758e+03
1.059866727460519087e+03
1.068147717679349171e+03
1.047671233873278425e+03
1.004850523584597113e+03
9.470484328523823478e+02
8.815553771459113932e+02
8.146415514530090149e+02
7.508375425110409651e+02
6.925724679146748031e+02
6.402320990590690144e+02
5.925972919043605316e+02
5.475221726428378588e+02
5.026570508424888999e+02
4.560395213825067913e+02
4.064600650996541162e+02
3.536076477233140167e+02
2.980594016565549396e+02
2.411777061935397057e+02
1.849446676843864736e+02
1.317343566284063741e+02
8.401552135115974806e+01
4.399470916537995890e+01
1.324341321044826714e+01
-7.615562262595744869e+00
-1.907486541376719913e+01
-2.269043509760557242e+01
-2.078914963039478891e+01
-1.599782426714393324e+01
-1.073685936018978282e+01
-6.849780485583892187e+00
-5.481327347796380423e+00
-7.193941141721523991e+00
-1.220400912038106611e+01
-2.060093112911468438e+01
-3.247728046328170137e+01
-4.796515234797284677e+01
-6.718827957453591182e+01
-9.013517688024677454e+01
-1.164899734740838824e+02
-1.455109455590966832e+02
-1.760548389369168945e+02
-2.067756478747107280e+02
-2.364238252510638176e+02
-2.641103738427365784e+02
-2.894193766877920098e+02
-3.123349763196235926e+02
-3.330400506004069712e+02
-3.516918744485490151e+02
-3.682699025579250360e+02
-3.825461180536780148e+02
-3.941798467069062895e+02
-4.028954952946978096e+02
-4.086629890525571795e+02
-4.117857181817250307e+02
-4.128370215306653677e+02
-4.124694531225447349e+02
-4.112004500819786585e+02
-4.092906089671203631e+02
-4.067619243793160990e+02
-4.035106081154291928e+02
-3.994280342708494231e+02
-3.944721737258478811e+02
-3.886886796077779422e+02
-3.822197409203766370e+02
-3.753416666758119504e+02
-3.685403791111199894e+02
-3.625809879875873207e+02
-3.584807963179719650e+02
-3.572905594028798646e+02
-3.596457161037359924e+02
-3.651471744499131660e+02
-3.717294084012249300e+02
-3.752418557566699633e+02
-3.694812813853099556e+02
-3.468412724567077134e+02
-2.995875822181474746e+02
-2.215346645085239174e+02
-1.096984039510892899e+02
3.457374868498777687e+01
2.053641360013861572e+02
3.929235304570740936e+02
5.851786874602962598e+02
7.696099210218234248e+02
9.350477058735009450e+02
1.073015036281848097e+03
1.178421936748140752e+03
1.249630770528252469e+03
1.288056926340972041e+03
1.297497938836949515e+03
1.283335895565719738e+03
1.251709061683904565e+03
1.208731472047599254e+03
1.159836334067673988e+03
1.109306370840589125e+03
1.060026900102186573e+03
1.013465096332764006e+03
9.698484786269339111e+02
9.284857897150329791e+02
8.881501287298809757e+02
8.474458840089480418e+02
8.051136405653385282e+02
7.602678549444574401e+02
7.125802362445408562e+02
6.624114958715956618e+02
6.108738948205575525e+02
5.597946747500562878e+02
5.115520785209288874e+02
4.687739402710670333e+02
4.339268935451550533e+02
4.088724013455999398e+02
3.944939987167596200e+02
3.904846374982199677e+02
3.953382783837110992e+02
4.065486250940990658e+02
4.209838268614995513e+02
4.353630804068524753e+02
4.467237322672527853e+02
4.527732405334416512e+02
4.520731124054370298e+02
4.440605979243559887e+02
4.289414689747885632e+02
4.074874684117169181e+02
3.807719214055005637e+02
3.498923355319325879e+02
3.157518892792709835e+02
2.789747735461782554e+02
2.399884153896455814e+02
1.992311751882140243e+02
1.573815434764234453e+02
1.154877349199187506e+02
7.491262388241125336e+01
3.708990743961476255e+01
3.182103146610359090e+00
-2.621480694542532319e+01
-5.119847493128577298e+01
-7.247752642248156008e+01
-9.112055697036163338e+01
-1.082304440859589931e+02
-1.246543813413252337e+02
-1.408219218295470796e+02
-1.567517346688051134e+02
-1.721963990614756881e+02
-1.868373145069008956e+02
-2.004369834778219115e+02
-2.129057688793876082e+02
-2.242981481167923334e+02
-2.347730359139573579e+02
-2.445395468476550036e+02
-2.538022054903712501e+02
-2.627306009445567838e+02
-2.714847732101051747e+02
-2.803088296580094152e+02
-2.896570428684601097e+02
-3.002487842012801025e+02
-3.129097515488463728e+02
-3.281194703303586380e+02
-3.453500488868745038e+02
-3.624358106839502511e+02
-3.752418557566699633e+02
-3.778075650273518136e+02
-3.630194624828113206e+02
-3.237640573040885670e+02
-2.543811861634007983e+02
-1.521094940710627839e+02
-1.814448145596418271e+01
1.420086304568770856e+02
3.190242540719387989e+02
5.010081208300130697e+02
6.752493650556646116e+02
8.300952523485261736e+02
9.565461113489934633e+02
1.049256311410438229e+03
1.106801598413336023e+03
1.131261383184043552e+03
1.127308220557817094e+03
1.101071551047971752e+03
1.059040483305840326e+03
1.007202362799868752e+03
9.505142758857191438e+02
8.927047100068061809e+02
8.363191287919747765e+02
7.828757789822327595e+02
7.330110582475048204e+02
6.865675396159786033e+02
6.426672104284630223e+02
5.998548545727709325e+02
5.563677098018106335e+02
5.105202497065455987e+02
4.611355234407316743e+02
4.079266121192761716e+02
3.517263732627811237e+02
2.944791383954121216e+02
2.389602024549250245e+02
1.882768164969075713e+02
1.452803224896880465e+02
1.120313549853253789e+02
8.941692186545559196e+01
7.697289666503313299e+01
7.294580174020876484e+01
7.460747535642326511e+01
7.877833880689087209e+01
8.243164652844730256e+01
8.320543506113713761e+01
7.968783246918987118e+01
7.143855223170923807e+01
5.879482221871700176e+01
4.254752907461084988e+01
2.358137197129273943e+01
2.573636463074734593e+00
-2.016853082671500630e+01
-4.469527174641147838e+01
-7.124638767311853371e+01
-9.999713327926114914e+01
-1.308095082553442978e+02
-1.630822142309119727e+02
-1.957679401792278497e+02
-2.275672224536690464e+02
-2.572271277436318542e+02
-2.838198501477875197e+02
-3.068903962012133206e+02
-3.264305728097741621e+02
-3.427165510405534974e+02
-3.561039349548302653e+02
-3.668819107926234437e+02
-3.752418557566699633e+02
-3.813464470961781103e+02
-3.854355072890771226e+02
-3.878936474854512539e+02
-3.892282774512490846e+02
-3.899525039098906518e+02
-3.904162609311033520e+02
-3.906610317381012010e+02
-3.903763491707397861e+02
-3.890011344904008865e+02
-3.859467837875731675e+02
-3.808562578556229141e+02
-3.737930442284391575e+02
-3.652861966552441118e+02
-3.562202301937466018e+02
-3.476164038053008198e+02
-3.403800041604665125e+02
-3.350836238433989820e+02
-3.318348178630072312e+02
-3.302538686274786528e+02
-3.295646781079606171e+02
