1.038566931698010052e+02
-1.045941219600310035e+01
-1.123838810335709866e+02
-1.931197560606686636e+02
-2.493225360948268303e+02
-2.831911796340799015e+02
-3.009262929129520785e+02
-3.104210880507871479e+02
-3.190750388616353348e+02
-3.323114817158631240e+02
-3.529721657912866704e+02
-3.814215498425191413e+02
-4.160090714325552881e+02
-4.535328990389066917e+02
-4.894988839527833306e+02
-5.182007071697865968e+02
-5.328494051415461854e+02
-5.260398195103960006e+02
-4.907093625920191471e+02
-4.214846544286916696e+02
-3.160705492260525489e+02
-1.762425338710999938e+02
-8.095274041223461836e+00
1.785739017623375844e+02
3.716099959520818743e+02
5.582491861283655226e+02
7.268772878183816601e+02
8.684436388872500174e+02
9.772959294790970262e+02
1.051364516889158040e+03
1.091780398772169747e+03
1.102110854408013438e+03
1.087424192867531474e+03
1.053369205706000685e+03
1.005409741328934047e+03
9.483092556441876013e+02
8.859056127517063715e+02
8.211444341664124522e+02
7.562731664250783297e+02
6.930722784618659489e+02
6.330171707774499055e+02
5.772994478135211693e+02
5.266800705441168020e+02
4.812166148444341616e+02
4.399988552540951332e+02
4.010806735061413519e+02
3.617431473061868701e+02
3.190754908957604243e+02
2.707115657796517780e+02
2.154935389197630116e+02
1.538648304120472687e+02
8.788919804848022466e+01
2.090522178745882442e+01
-4.308660253197260914e+01
-1.001573221677817571e+02
-1.471346099272475954e+02
-1.820783805404389284e+02
-2.044440664139045509e+02
-2.149362363691559779e+02
-2.151619217080684052e+02
-2.072430309409570839e+02
-1.935139345488837250e+02
-1.763392481427109146e+02
-1.580055270776800569e+02
-1.406248578535305853e+02
-1.260264963344218359e+02
-1.156499203909101539e+02
-1.104632287618678959e+02
-1.109270794949683676e+02
-1.170174715618592245e+02
-1.283109046431619049e+02
-1.441213319754023132e+02
-1.636593766406420798e+02
-1.861672822479857814e+02
-2.109849623334202988e+02
-2.375365235970397464e+02
-2.652786458086614516e+02
-2.936772245929074643e+02
-3.222432215406491309e+02
-3.505897784375671904e+02
-3.784385551584183531e+02
-4.055389342015908483e+02
-4.315367294736259964e+02
-4.558781991360592656e+02
-4.778246715834989118e+02
-4.965913114204898875e+02
-5.115509298187112108e+02
-5.224073595214210854e+02
-5.292618623861776541e+02
-5.325466426211474982e+02
-5.328494051415461854e+02
-5.306953966984551698e+02
-5.263839165284706496e+02
-5.199623980921630846e+02
-5.113600976035575059e+02
-5.006031218517267689e+02
-4.879838003330376068e+02
-4.740915321604968540e+02
-4.596931592681318079e+02
-4.455200520145288579e+02
-4.320525597732167284e+02
-4.193998984468103686e+02
-4.073533395696109096e+02
-3.956224471260683231e+02
-3.841575872245118148e+02
-3.733822903718553334e+02
-3.641791782074375874e+02
-3.575963912113120955e+02
-3.543784020583568690e+02
-3.544739139923972857e+02
-3.566301153630160456e+02
-3.581335764547067129e+02
-3.547626037580521370e+02
-3.410409169635134958e+02
-3.108606768730045928e+02
-2.584515384319770419e+02
-1.795451605692139196e+02
-7.247587810024219834e+01
6.108263646612478226e+01
2.159829358347884352e+02
3.841461538888739256e+02
5.556515040822874880e+02
7.200965912175586254e+02
8.679261523554004043e+02
9.915009578639019310e+02
1.085783830793248853e+03
1.148608320646674201e+03
1.180559518467356611e+03
1.184542218187119261e+03
1.165142520853692758e+03
1.127901500331676516e+03
1.078608191978579043e+03
1.022691669320182882e+03
9.647679923927433947e+02
9.083815076922271601e+02
8.559523707501932677e+02
8.088925525183276477e+02
7.678011039583041111e+02
7.326321592604889474e+02
7.027681965090632730e+02
6.770112246190064980e+02
6.535750818725873614e+02
6.301784196806175942e+02
6.043022964992367179e+02
5.736181550938499640e+02
5.365239384966748730e+02
4.926507701949444709e+02
4.431525761634865717e+02
3.906220848411340967e+02
3.386051866031148734e+02
2.908512004500688590e+02
2.505436371781769935e+02
2.197479805592742821e+02
1.992050060773355540e+02
1.884550760913686531e+02
1.861712581540372184e+02
1.905454242872486930e+02
1.996052188608272786e+02
2.114099784353333860e+02
2.241459461870981613e+02
2.361803986670865925e+02
2.461208097003787429e+02
2.528772055247473531e+02
2.556901439608351154e+02
2.540993656414574389e+02
2.478760769358275695e+02
2.369681939711615541e+02
2.214789276878371140e+02
2.016526151751449447e+02
1.778371345151312539e+02
1.504296267712211659e+02
1.198385330743194714e+02
8.648151971268731586e+01
5.081250382336389748e+01
1.336258965666357312e+01
-2.521757572758457400e+01
-6.413113852960958639e+01
-1.024467270268074230e+02
-1.391570331066233166e+02
-1.732617016091789424e+02
-2.038388988006858540e+02
-2.300984673510352536e+02
-2.514482859463670366e+02
-2.675990979195339605e+02
-2.786790827107739119e+02
-2.852910028664218771e+02
-2.884707076937497163e+02
-2.895645460772661863e+02
-2.900671907075760032e+02
-2.914379107989755653e+02
-2.948942620057535464e+02
-3.012077813282936063e+02
-3.105694258618766526e+02
-3.225923245416135501e+02
-3.364630710468056805e+02
-3.511925985787720492e+02
-3.658984482096911961e+02
-3.800604422390805439e+02
-3.937006493031817627e+02
-4.074384455471073352e+02
-4.223687718889009375e+02
-4.397142179742835424e+02
-4.602315063023758057e+02
-4.834402846614971168e+02
-5.068779785861639766e+02
-5.256908599423489932e+02
-5.328494051415461854e+02
-5.200969710788670000e+02
-4.794856364208594641e+02
-4.051525533152197909e+02
-2.948730623283172463e+02
-1.509855707050668627e+02
1.955814929448905559e+01
2.060423777257279880e+02
3.955377963814652276e+02
5.747933854200898622e+02
7.320611530625105843e+02
8.585134127742009014e+02
9.490541659960622383e+02
1.002475926656932984e+03
1.021030433332095413e+03
1.009562343348910304e+03
9.744054681785268031e+02
9.222602437334173828e+02
8.592580732289500247e+02
7.903711374948272805e+02
7.192353176690351120e+02
6.483252580966526466e+02
5.793060565326275082e+02
5.133556482124870399e+02
4.513259251703739778e+02
3.937310265665474276e+02
3.406349123151870231e+02
2.915265771321439843e+02
2.452508135970703620e+02
2.000428068405237809e+02
1.537038748674036697e+02
1.039372088190544900e+02
4.881728466901350316e+01
-1.270167572916108156e+01
-8.038646547754859739e+01
-1.525785572085074477e+02
-2.263730468450536080e+02
-2.980912727722109139e+02
-3.639286914923804943e+02
-4.206220350842121434e+02
-4.659893554243371909e+02
-4.992326944048579094e+02
-5.209466784809851561e+02
-5.328494051415461854e+02
-5.373293591970443686e+02
-5.369457934983904579e+02
-5.340002979586734000e+02
-5.302267407275712685e+02
-5.265857932079049988e+02
-5.231582370078601798e+02
-5.191903160634086589e+02
-5.133635726366966310e+02
-5.042856744476998756e+02
-4.910718688392198601e+02
-4.737926320381997698e+02
-4.535631262487282811e+02
