-1.434698891925657804e+01
1.034218262261412065e+02
1.983596277510546599e+02
2.537987933919736747e+02
2.632247820596683709e+02
2.306522940102570942e+02
1.679464028912177582e+02
9.054387297855589622e+01
1.320045485835112942e+01
-5.303755676033094346e+01
-1.021271701113311394e+02
-1.327365630655338293e+02
-1.469440178370042815e+02
-1.486226129472101434e+02
-1.420581185524767989e+02
-1.310653097073684989e+02
-1.185973043721377138e+02
-1.066881341660137252e+02
-9.655927586613265134e+01
-8.880125156844994194e+01
-8.360922370564266259e+01
-8.104288670854505483e+01
-8.123009804979862736e+01
-8.442509201491796489e+01
-9.090036725066926238e+01
-1.007499430774098244e+02
-1.137361356226975460e+02
-1.292836021735917029e+02
-1.466352046704397196e+02
-1.650940760731703278e+02
-1.842333617902001492e+02
-2.039715249772589516e+02
-2.244750552582039802e+02
-2.459324600101815292e+02
-2.683006114066314467e+02
-2.911310942564165885e+02
-3.135488648750228435e+02
-3.344008397884330179e+02
-3.525354317861680329e+02
-3.671268536238307547e+02
-3.779318613468784065e+02
-3.853786545882362589e+02
-3.904458872357760697e+02
-3.943717464860742439e+02
-3.982994533712342218e+02
-4.029899271335593767e+02
-4.087026974189151360e+02
-4.152656405084612175e+02
-4.222625865660888280e+02
-4.292254303872105083e+02
-4.357471046640156942e+02
-4.415025630579582412e+02
-4.462297968988219736e+02
-4.497492804951462517e+02
-4.520696389302467537e+02
-4.535404184344073428e+02
-4.549135109583804137e+02
-4.571444952334136929e+02
-4.608566477630857889e+02
-4.655681202558996574e+02
-4.689456642094570498e+02
-4.664088544904655009e+02
-4.513441943877249400e+02
-4.160229592162523318e+02
-3.530903527804611599e+02
-2.572745336222804440e+02
-1.268489929078487819e+02
3.556456758000117446e+01
2.230659447125083830e+02
4.253780329031544056e+02
6.303286413853785461e+02
8.255493588122448045e+02
1.000030851441425966e+03
1.145272891682145200e+03
1.255914281762529299e+03
1.329860943162907915e+03
1.368012167259460512e+03
1.373714862206609496e+03
1.352068103395214621e+03
1.309175002569075332e+03
1.251421843824989537e+03
1.184861847483688962e+03
1.114766764837355367e+03
1.045367443619414189e+03
9.797566733548752609e+02
9.199037695295273807e+02
8.667352417082214515e+02
8.202541266979690135e+02
7.796834508422074350e+02
7.436200610976013650e+02
7.101887119257256700e+02
6.772085403973217126e+02
6.424072731931324824e+02
6.037067415432286452e+02
5.595544928566611134e+02
5.092320405210222134e+02
4.530665352534594490e+02
3.924982036402019503e+02
3.299761582036912841e+02
2.686689287409095641e+02
2.120135903347269846e+02
1.631876811538008951e+02
1.246253507263103870e+02
9.768269815430350889e+01
8.250352223128381013e+01
7.807967348316263667e+01
8.246155784301075187e+01
9.306011780016496004e+01
1.069879790572464344e+02
1.214020707317378225e+02
1.338153469598358356e+02
1.423368995237371166e+02
1.457973217134109802e+02
1.437386500189103344e+02
1.362871755679392152e+02
1.239587696350791504e+02
1.074563713562866525e+02
8.750837979895953822e+01
6.477270736772246096e+01
3.980681338648324186e+01
1.308730734400566575e+01
-1.494859580168250091e+01
-4.387157820107825046e+01
-7.325600474970042342e+01
-1.026918064323216981e+02
-1.317868158532452298e+02
-1.601470178196805136e+02
-1.873427145933495694e+02
-2.128785004648361792e+02
-2.361893639964919203e+02
-2.566854829969126968e+02
-2.738529228036412633e+02
-2.873879241324872282e+02
-2.973165953099135095e+02
-3.040467486138846880e+02
-3.083215850168973020e+02
-3.110849963054422460e+02
-3.132993161007061644e+02
-3.157626621546506840e+02
-3.189658774098572849e+02
-3.230270946838904820e+02
-3.277377735687615541e+02
-3.327207805760341444e+02
-3.376397851102334471e+02
-3.423561417356650054e+02
-3.469505298662938912e+02
-3.516085701745236065e+02
-3.564595745619699301e+02
-3.614933969447459958e+02
-3.666356946345215420e+02
-3.719623905610178554e+02
-3.779349171021334541e+02
-3.854872044367178887e+02
-3.958157989175863349e+02
-4.098174358723903197e+02
-4.272679814763603190e+02
-4.459937432229475007e+02
-4.613676426917468234e+02
-4.664088544904655009e+02
-4.525989861859302437e+02
-4.113299298926633583e+02
-3.357243703283755849e+02
-2.224073361237868198e+02
-7.275142301599220218e+01
1.067978959068982192e+02
3.054708772091514106e+02
5.098319916005542041e+02
7.059178677071528227e+02
8.813158929443746956e+02
1.026719574607183631e+03
1.136699833973058958e+03
1.209675062419259120e+03
1.247269034017728245e+03
1.253359357971693498e+03
1.233113884093490469e+03
1.192207962592307467e+03
1.136277440423657026e+03
1.070564191874038443e+03
9.996871530579873024e+02
9.275026688608976428e+02
8.570543385081870156e+02
7.906152028767801312e+02
7.297886466610805201e+02
6.755900217362462854e+02
6.284289508568957672e+02
5.879768973778382133e+02
5.529996272888502062e+02
5.212924691984806032e+02
4.898404577220937313e+02
4.552471215036428589e+02
4.143740217748702435e+02
3.650475182478464262e+02
3.066426564896127616e+02
2.403605908004756202e+02
1.690891167678663294e+02
9.686481300831358965e+01
2.808572031328111507e+01
-3.330739108606084642e+01
-8.447551456950776583e+01
-1.240154320380397195e+02
-1.519431352216728328e+02
-1.693904416045539847e+02
-1.781624480180384751e+02
-1.803255076145560736e+02
-1.779366454817668455e+02
-1.729192849629087618e+02
-1.670056402128170134e+02
-1.616577552327331659e+02
-1.579462311298987629e+02
-1.564485976274650056e+02
-1.572531761152652905e+02
-1.600981772352845098e+02
-1.645951484306478676e+02
-1.704483792102531083e+02
-1.775986201265569946e+02
-1.862568096916762954e+02
-1.968245285169772956e+02
-2.097226286787404490e+02
-2.251795177933589116e+02
-2.430623300554383377e+02
-2.628367831800807153e+02
-2.836874394700076891e+02
-3.047430382285167525e+02
-3.252960494374106020e+02
-3.449211044509888779e+02
-3.634643925616765046e+02
-3.809441741537475536e+02
-3.974287807387527778e+02
-4.129369641702513718e+02
-4.273675326142515587e+02
-4.404493091122972146e+02
-4.517208404874506869e+02
-4.605763872167225372e+02
-4.664088544904655009e+02
-4.688300399939938643e+02
-4.678890213493228885e+02
-4.641841351554493258e+02
-4.587892414663152749e+02
-4.529827718278334032e+02
-4.478555113641462526e+02
-4.439443793419459325e+02
-4.410531374498629020e+02
-4.383513306484539385e+02
-4.347139754085930008e+02
-4.291532450980416797e+02
-4.211678265624034339e+02
-4.108950794790889063e+02
-3.990417012267457721e+02
-3.866432262456334570e+02
-3.747476594453392522e+02
-3.641335821213123722e+02
-3.551547910639191628e+02
-3.477537576262254788e+02
-3.416200815618911406e+02
-3.364134859869444085e+02
-3.319517741810036000e+02
-3.282934512811637546e+02
-3.256989767683589321e+02
-3.244947086441584361e+02
-3.248803118784869639e+02
-3.267431133481089773e+02
-3.295795564404347147e+02
