-3.404403226719588815e+01
-2.147353627554501259e+02
-3.731837832846250649e+02
-4.917338128369765968e+02
-5.598216780455712751e+02
-5.742289566593551626e+02
-5.375436236461457611e+02
-4.560416340126804471e+02
-3.379779843558583252e+02
-1.926441913420453602e+02
-2.999013194874551402e+01
1.396170784705859091e+02
3.058247922524282671e+02
4.589945624344458110e+02
5.910347210279554702e+02
6.961459950103430856e+02
7.712852969996670254e+02
8.162340160459186791e+02
8.332633554782946703e+02
8.264934428229450987e+02
8.011037319677670894e+02
7.625512521197248361e+02
7.159165424991451800e+02
6.654544726723875101e+02
6.143800289671911514e+02
5.648631365668818489e+02
5.181588156407350425e+02
4.747852682718759638e+02
4.346877397423636467e+02
3.973699481751103804e+02
3.620121440001346969e+02
3.276087648562963750e+02
2.931445915665624966e+02
2.577965628419491395e+02
2.211177294579331374e+02
1.831455035894715024e+02
1.443896802137325892e+02
1.057012685902072064e+02
6.808136186098258236e+01
3.251639184787642023e+01
-1.069894501280472809e-01
-2.902522384043443182e+01
-5.362531798272479477e+01
-7.352441777289084257e+01
-8.868533535247549082e+01
-9.950535160372071175e+01
-1.068231349660872098e+02
-1.118276222965657070e+02
-1.158861461480221777e+02
-1.203291352592493837e+02
-1.262425164718377033e+02
-1.343222574860126599e+02
-1.448305350340338862e+02
-1.576635805801064691e+02
-1.725052446280338927e+02
-1.890051200155828610e+02
-2.069046368123068760e+02
-2.260604181805561836e+02
-2.463721628793977061e+02
-2.676712139095059229e+02
-2.896351306776954857e+02
-3.117701085701813213e+02
-3.334713196992932467e+02
-3.541426116207724135e+02
-3.733312405197918906e+02
-3.908174495995672260e+02
-4.066091782568464623e+02
-4.208359488023244808e+02
-4.335958179750961676e+02
-4.448522106885180847e+02
-4.544740009711524635e+02
-4.624503774472598252e+02
-4.692075915032937701e+02
-4.758536250681453339e+02
-4.841389014417118233e+02
-4.959872327638571505e+02
-5.126133116671401240e+02
-5.334437731051024230e+02
-5.552186192143363996e+02
-5.716922616675350355e+02
-5.742289566593551626e+02
-5.533117681455273669e+02
-5.006565724774749242e+02
-4.113775985381215037e+02
-2.855759552939657056e+02
-1.288555224667731807e+02
4.842636890131336713e+01
2.329838125660698722e+02
4.109911984251712624e+02
5.703865877248246079e+02
7.025289569854702449e+02
8.029134717829485908e+02
8.709711056807801697e+02
9.092237303994992317e+02
9.221548318778677640e+02
9.151072041094632823e+02
8.934066606947606033e+02
8.617953015091082989e+02
8.241650550627355187e+02
7.835230460751956798e+02
7.420968503674954491e+02
7.014883062421134809e+02
6.627972575684348158e+02
6.266667291708139373e+02
5.932561000803129900e+02
5.622062092123735511e+02
5.326781054187672453e+02
5.035098054855195642e+02
4.734691562753277481e+02
4.415308667433698133e+02
4.071018038423034682e+02
3.701495345303183058e+02
3.312193164932798481e+02
2.913403288624659808e+02
2.518371872308433126e+02
2.140865310120075549e+02
1.792795484676228739e+02
1.482510933376065907e+02
1.214052092195351236e+02
9.872116554778496322e+01
7.979866484563737572e+01
6.391443628534675270e+01
5.009532700368343683e+01
3.722861345896825469e+01
2.421155302924229602e+01
1.010711930868723130e+01
-5.743322533339750180e+00
-2.368058243927069384e+01
-4.375641327734649622e+01
-6.580481302954677858e+01
-8.953190104415483574e+01
-1.146052578005452460e+02
-1.407158936532252369e+02
-1.675790088171642083e+02
-1.948606136686284458e+02
-2.220682975598830353e+02
-2.484898964305396021e+02
-2.732581479057537877e+02
-2.955529306155930271e+02
-3.148684008016317648e+02
-3.312299587767275284e+02
-3.452648455138414079e+02
-3.580818036216407450e+02
-3.709712099535036032e+02
-3.849965600070232767e+02
-4.006095682834514946e+02
-4.174509468685311049e+02
-4.344533187170520705e+02
-4.502433238780145075e+02
-4.637096085612579373e+02
-4.745323906986482143e+02
-4.834769238016763211e+02
-4.923071224579448426e+02
-5.032507506971410294e+02
-5.180519873219902820e+02
-5.367926874322414506e+02
-5.568209501856530323e+02
-5.722229319491043498e+02
-5.742289566593551626e+02
-5.527055594189024532e+02
-4.984872516703284191e+02
-4.059074492297224879e+02
-2.747064387093436153e+02
-1.106632329524639715e+02
7.525952646844123706e+01
2.689647453567787352e+02
4.558223480269011247e+02
6.230960995011469095e+02
7.616318767126665534e+02
8.665539771867356649e+02
9.370377858350009319e+02
9.754470457642091787e+02
9.861993776005473364e+02
9.746791661568988729e+02
9.464031310689867951e+02
9.065077934888602158e+02
8.595110250689249369e+02
8.092373012410461115e+02
7.588004563423481841e+02
7.105838510850668399e+02
6.662036571928745161e+02
6.264667653459104031e+02
5.913507465642352372e+02
5.600459893050617666e+02
5.310974618759137229e+02
5.026573896766585108e+02
4.728209660556490235e+02
4.399837004076134122e+02
4.031473842361039601e+02
3.621174285786693190e+02
3.175645165851315141e+02
2.709472573023595601e+02
2.243038784227493352e+02
1.799338359553074440e+02
1.400169518978298129e+02
1.062460865945900395e+02
7.955152766813716880e+01
5.996548496304140485e+01
4.664180207745350515e+01
3.803101712808249601e+01
3.219395308081994500e+01
2.718998950626520283e+01
2.142380429532616759e+01
1.383913842319588738e+01
3.925913715542090898e+00
-8.403015088984734149e+00
-2.297589840309092324e+01
-3.950623963808344286e+01
-5.769748565403892115e+01
-7.730108812946097885e+01
-9.811529465924540716e+01
-1.199238984324332336e+02
-1.424094071856374057e+02
-1.651028229947898467e+02
-1.874219391981275180e+02
-2.088047769909396152e+02
-2.288950277221664464e+02
-2.477051354888160688e+02
-2.656743516613869360e+02
-2.835621264767049752e+02
-3.021810024414299392e+02
-3.220547320208880251e+02
-3.431365321057423330e+02
-3.647098198167637975e+02
-3.855302666178423010e+02
-4.041814790040034495e+02
-4.195361857021837295e+02
-4.311724931908306075e+02
-4.396124726170555732e+02
-4.463156307257405615e+02
-4.534281802137023760e+02
-4.633214199815985808e+02
-4.779544913611217112e+02
-4.981150190326762868e+02
-5.226597205434673015e+02
-5.479687889195529351e+02
-5.678704452977549408e+02
-5.742289566593551626e+02
-5.582196401913940917e+02
-5.120896593848568727e+02
-4.310056023995929309e+02
-3.145000640354479060e+02
-1.670960406118201149e+02
2.102698545972586430e+00
1.807810707146913956e+02
3.554008757243518630e+02
5.133094873838817875e+02
6.444715183484422596e+02
7.424757079460529212e+02
8.047129383481519653e+02
8.318730234366178138e+02
8.270774773184482456e+02
7.949966982615051165e+02
7.411931482441923436e+02
6.717401065664993212e+02
5.929778024421995042e+02
5.111789281038463741e+02
4.319546914000737274e+02
3.594162494685674005e+02
2.953232845435142622e+02
2.385883481392389172e+02
1.854747842613143121e+02
