-5.977375238689052850e+01
-1.477489640301415079e+02
-2.253735499083796299e+02
-2.850867273289936747e+02
-3.237829864989563475e+02
-3.428846380818357602e+02
-3.470826773323584007e+02
-3.424645194425460772e+02
-3.347605675836101682e+02
-3.281813448613440869e+02
-3.249918856451561737e+02
-3.257138370365694300e+02
-3.297035728508601551e+02
-3.358208405505550900e+02
-3.429506796783340974e+02
-3.502403029383040689e+02
-3.570344719198294570e+02
-3.626072654556050452e+02
-3.658581585804730025e+02
-3.651406184532031034e+02
-3.583267516662305070e+02
-3.431124362259253644e+02
-3.174743785576592359e+02
-2.801394639792086991e+02
-2.309328322645596643e+02
-1.709220693472551318e+02
-1.023413834624972907e+02
-2.833103179527157423e+01
4.745110037994054153e+01
1.212840530431842581e+02
1.898319172727405828e+02
2.504987950001258241e+02
3.016152122480926323e+02
3.424315171635150250e+02
3.729586414054840020e+02
3.937353317344002335e+02
4.055990821393772876e+02
4.095130883806050406e+02
4.064745860955790135e+02
3.975033269084448762e+02
3.836794521665920001e+02
3.661789913226798490e+02
3.462589497632576467e+02
3.251718972557878828e+02
3.040263027985640747e+02
2.836375012634490531e+02
2.644231906828792376e+02
2.463810257261548031e+02
2.291528487235148646e+02
2.121515519529014853e+02
1.947180495992299711e+02
1.762828989700383886e+02
1.565125258862719022e+02
1.354158956854326448e+02
1.133848591096800931e+02
9.115264934628017102e+01
6.967634295950053058e+01
4.996956444841598000e+01
3.292622931342177139e+01
1.918111379458329679e+01
9.042527505734764048e+00
2.505593410348961214e+00
-6.784291959066521827e-01
-9.236764802873338454e-01
1.234709087344832312e+00
5.139381153313038908e+00
9.993673606785307584e+00
1.487815724279205654e+01
1.883096038387409976e+01
2.097745876910020968e+01
2.066207174182211759e+01
1.753657015034714561e+01
1.158517519578981947e+01
3.092103800474792052e+00
-7.431077790462605748e+00
-1.934246255454527130e+01
-3.198352983914922731e+01
-4.480461001398774101e+01
-5.748396109591460146e+01
-7.000200384153050948e+01
-8.263086692475209816e+01
-9.583044610011042153e+01
-1.100855278860761075e+02
-1.257418501270689575e+02
-1.428924098587105505e+02
-1.613425021952180032e+02
-1.806565881432329377e+02
-2.002660700601368262e+02
-2.195977895702798719e+02
-2.381776622308158267e+02
-2.556793219357755049e+02
-2.719171810175459996e+02
-2.868069450197736501e+02
-3.003197190385856743e+02
-3.124452946566015044e+02
-3.231718853334609776e+02
-3.324855277754890039e+02
-3.403856014515195625e+02
-3.469055845072616080e+02
-3.521274761066978840e+02
-3.561824743353483882e+02
-3.592336462662170788e+02
-3.614411316182316796e+02
-3.629215498487018294e+02
-3.637231167890364532e+02
-3.638344776148807682e+02
-3.632298548665024214e+02
-3.619369530836456761e+02
-3.601043084543237569e+02
-3.580432028567640259e+02
-3.562233497554569226e+02
-3.552056494667302786e+02
-3.555005329800081313e+02
-3.573561504752868814e+02
-3.605090799233099688e+02
-3.639602833107231845e+02
-3.658581585804730025e+02
-3.635690288875064766e+02
-3.539814439604649579e+02
-3.340210286118333443e+02
-3.012721451882621864e+02
-2.545476885729570711e+02
-1.942496496048978543e+02
-1.224229136542922163e+02
-4.249463908644941768e+01
4.123100292804048195e+01
1.242088387890740648e+02
2.022870592259623947e+02
2.722085422960365690e+02
3.318778537245430584e+02
3.803579570604184710e+02
4.176444639535823171e+02
4.443318053185982990e+02
4.613030797158390897e+02
4.695381722709672658e+02
4.700665959228124393e+02
4.640257754453885468e+02
4.527447132223882704e+02
4.377656564774957246e+02
4.207462847431747832e+02
4.032480378923440298e+02
3.864842692454525377e+02
3.711299084692590213e+02
3.572630737435134165e+02
3.444488836594078407e+02
3.319307595216891968e+02
3.188756972909596925e+02
3.046113135896488302e+02
2.887911925868897356e+02
2.714477711091959691e+02
2.529392578902007926e+02
2.338390086163973081e+02
2.148247918005187387e+02
1.966034290948970238e+02
1.798730989577383070e+02
1.653004313564655661e+02
1.534854823752150139e+02
1.449042751164148797e+02
1.398396613712824035e+02
1.383208028581022973e+02
1.400890119242130254e+02
1.446019308336780966e+02
1.510819527105542761e+02
1.586048289404894547e+02
1.662121029554175493e+02
1.730232200633217587e+02
1.783234442859441344e+02
1.816114087911352613e+02
1.826023421375043938e+02
1.811949141305865965e+02
1.774172344961703232e+02
1.713697233175313670e+02
1.631808371607415040e+02
1.529868810312690641e+02
1.409369827890320437e+02
1.272098980648758726e+02
1.120215959044767544e+02
9.561197691833936574e+01
7.821995088221832759e+01
6.006799087223927103e+01
4.136753044034245619e+01
2.233810985563444973e+01
3.226525143964274811e+00
-1.568310235171147227e+01
-3.407534503401510761e+01
-5.163492041779505826e+01
-6.810791345741728264e+01
-8.337768399253216955e+01
-9.751818562755813957e+01
-1.107860131122212124e+02
-1.235403060100906885e+02
-1.361176124127126741e+02
-1.487123388105827928e+02
-1.613124523877868057e+02
-1.737158611639537469e+02
-1.856161532236418452e+02
-1.967182131804823086e+02
-2.068395820984391378e+02
-2.159668448086327714e+02
-2.242534007558298583e+02
-2.319611422097405011e+02
-2.393673011624453011e+02
-2.466734613729792613e+02
-2.539517280787925415e+02
-2.611415949578348545e+02
-2.680893059420967006e+02
-2.746158900112549759e+02
-2.806030321795596478e+02
-2.860800102156330809e+02
-2.912817849532209493e+02
-2.966477048646042363e+02
-3.027492163057536914e+02
-3.101565244457605672e+02
-3.192607400539712899e+02
-3.300637253836185323e+02
-3.419541346124768779e+02
-3.535190760332961304e+02
-3.624808263795827656e+02
-3.658581585804730025e+02
-3.604005079155230078e+02
-3.432340104273721977e+02
-3.125404191857501814e+02
-2.680389099079438324e+02
-2.111051868303208892e+02
-1.445121920409931988e+02
-7.191884806990526613e+01
2.711007847192654197e+00
7.561106827026337385e+01
1.435588072614958435e+02
2.040516001013131699e+02
2.553423583988760015e+02
2.963870944903464419e+02
3.267587532425953327e+02
3.465661684304959067e+02
3.563899990437623728e+02
3.572187065333107512e+02
3.503545980619397255e+02
3.372773864658934144e+02
3.194907230849764801e+02
2.984004004475343095e+02
2.752554886674537329e+02
2.511420916930822500e+02
2.269937599094114944e+02
2.035878990507065680e+02
1.815165044151635243e+02
1.611359645124532847e+02
1.425128630390940145e+02
1.253908721440429872e+02
1.092054446991493677e+02
9.316810130837265547e+01
7.643139697792089748e+01
5.832648786457181700e+01
3.863750557986340084e+01
1.784911067912307914e+01
-2.714223494308200202e+00
-2.094020091912183545e+01
-3.423112989241468540e+01
-4.005540624726442900e+01
-3.665363737620981510e+01
-2.370874552802520441e+01
-2.733394846495421859e+00
2.304112160229687589e+01
