-9.325812284120156903e+01
-5.913214306788751173e+01
-3.208644037238666868e+01
-1.721734488174615763e+01
-1.643071524687702833e+01
-2.838877520313189251e+01
-4.941830433328605920e+01
-7.487673402061730599e+01
-1.004469713918988276e+02
-1.230060041515730234e+02
-1.409561647818430288e+02
-1.541083588770578103e+02
-1.632984309033049897e+02
-1.699080233012857093e+02
-1.754085494751231522e+02
-1.810038733278379937e+02
-1.874217866601964886e+02
-1.948740263902287495e+02
-2.031589961127186257e+02
-2.118410370800874603e+02
-2.204317300810536722e+02
-2.285225769627221553e+02
-2.358514730796040055e+02
-2.423084349513393647e+02
-2.478959791542245057e+02
-2.526636199251393577e+02
-2.566424720014130116e+02
-2.598120246646135456e+02
-2.621217263352293116e+02
-2.635604459566491755e+02
-2.642360400536672387e+02
-2.644172465319895764e+02
-2.645059258299469320e+02
-2.649410287069854917e+02
-2.660717498168513657e+02
-2.680553772215938579e+02
-2.708230654265185535e+02
-2.741266115142265107e+02
-2.776533957613636403e+02
-2.811795328130696703e+02
-2.847150369768673954e+02
-2.885826666439674000e+02
-2.933781968863110023e+02
-2.997893568341284549e+02
-3.082940772909961424e+02
-3.188014419798623180e+02
-3.303276066663653410e+02
-3.408061588605671659e+02
-3.471180713612705517e+02
-3.453912695985225696e+02
-3.315600334936758031e+02
-3.020947980377559361e+02
-2.547399676991688011e+02
-1.890679216185522478e+02
-1.066931626932861263e+02
-1.108367668014490448e+01
9.297631303495985833e+01
2.001208877278527041e+02
3.051424261003868423e+02
4.035719912628975408e+02
4.920091427336583934e+02
5.681982314445554039e+02
6.309213398191161559e+02
6.798130625759636132e+02
7.151863857543398808e+02
7.379057623408474456e+02
7.492910157809149041e+02
7.510154595803203392e+02
7.449759550530319530e+02
7.331400601038506011e+02
7.173921634474211260e+02
6.994003475061854260e+02
6.805185840351022080e+02
6.617312324187408876e+02
6.436375431357863590e+02
6.264668989791443892e+02
6.101175958330347839e+02
5.942199136455308235e+02
5.782276317087294046e+02
5.615358776166378902e+02
5.436126221333665853e+02
5.241244310841250353e+02
5.030345850708626472e+02
4.806506938574329411e+02
4.576048290008218373e+02
4.347672986929520107e+02
4.131178736875056074e+02
3.936116977303067870e+02
3.770726651074311349e+02
3.641246136315320427e+02
3.551436349725771606e+02
3.502075891936331118e+02
3.490429144114789892e+02
3.510018973705451231e+02
3.551098330914833809e+02
3.601926782135660687e+02
3.650567727803157823e+02
3.686686975136618116e+02
3.702833864130632264e+02
3.694888566074424716e+02
3.661661307674436330e+02
3.603888774328412978e+02
3.523014498920581445e+02
3.420184366470609802e+02
3.295830068782667013e+02
3.149993186978727522e+02
2.983190331146823269e+02
2.797308044176452313e+02
2.595952647064916619e+02
2.383975268639919989e+02
2.166414624223261285e+02
1.947457740562795721e+02
1.729909851268210446e+02
1.515255415781051056e+02
1.304102485884291127e+02
1.096768384860722136e+02
8.938018712098561025e+01
6.962539124373410004e+01
5.056013300538728572e+01
3.233942470008742021e+01
1.508004168575405401e+01
-1.177731516740408324e+00
-1.648434086321003633e+01
-3.095786423210029170e+01
-4.472634426968693333e+01
-5.786146290448971286e+01
-7.033693299662024856e+01
-8.202805179620702347e+01
-9.274683455488286654e+01
-1.023006001207105555e+02
-1.105646885851176648e+02
-1.175531748291367649e+02
-1.234576895310098053e+02
-1.286264863359282913e+02
-1.334814535534173956e+02
-1.384012238315005447e+02
-1.436135735129906266e+02
-1.491366612056356757e+02
-1.547923953894966189e+02
-1.602912572448722131e+02
-1.653620865675013647e+02
-1.698808993374038891e+02
-1.739476640954804907e+02
-1.778755062073297495e+02
-1.820919602375519162e+02
-1.869920475646606519e+02
-1.928064799949756321e+02
-1.995406430538644713e+02
-2.070051957755759418e+02
-2.149194311931834136e+02
-2.230463235620597970e+02
-2.313169169069940381e+02
-2.399101424474893633e+02
-2.492626038666003865e+02
-2.599870952435381355e+02
-2.726804236599760998e+02
-2.876168420202424159e+02
-3.043724315362662196e+02
-3.214946085379436909e+02
-3.363680276328817058e+02
-3.453912695985225696e+02
-3.444758682357206112e+02
-3.297605609026465459e+02
-2.983581350499161999e+02
-2.489348675422087354e+02
-1.819952039640630801e+02
-9.984417742935903561e+01
-6.280074289990636771e+00
9.389095276508189158e+01
1.954226329994651792e+02
2.931991380463404084e+02
3.827459015515830743e+02
4.606234383322221220e+02
5.246510000958894580e+02
5.739302409992724279e+02
6.086832222272560102e+02
6.299645402862455512e+02
6.393332132679465758e+02
6.385656665813022528e+02
6.294583472489202904e+02
6.137233755313382062e+02
5.929490530321324968e+02
5.685940351273486613e+02
5.419969632004914502e+02
5.143860040055701575e+02
4.868600001738362835e+02
4.603110428713415558e+02
4.352910654805129980e+02
4.118778742453503696e+02
3.896244061883674021e+02
3.676502596324039018e+02
3.448721762706217646e+02
3.203097167480643748e+02
2.933725304833428140e+02
2.640443590847051496e+02
2.329190842755153028e+02
2.010959848786815201e+02
1.699793915012424748e+02
1.410378139994492983e+02
1.155681619931826845e+02
9.450129188909234301e+01
7.828152017703270360e+01
6.684419827523807101e+01
5.969243473231180985e+01
5.604182066099826898e+01
5.497922561261425756e+01
5.558417919299787968e+01
5.698780935838568951e+01
5.838021511068377833e+01
5.900235643651404871e+01
5.815627426408562428e+01
5.524265303457016785e+01
4.981287547879136923e+01
4.161818468931440407e+01
3.064191189235100410e+01
1.710182239034924123e+01
1.412055474641263686e+00
-1.589630047086529885e+01
-3.428242955908640965e+01
-5.330391090155723077e+01
-7.269104679230127886e+01
-9.235559529240535426e+01
-1.123233059062172003e+02
-1.326168602515311363e+02
-1.531465471879355675e+02
-1.736650293076399407e+02
-1.938087196964590362e+02
-2.132026429160379166e+02
-2.315714797806724619e+02
-2.487943100978375526e+02
-2.648722883553318184e+02
-2.798333408887118026e+02
-2.936391787106373386e+02
-3.061550456439634331e+02
-3.171965466082447165e+02
-3.266179281363818063e+02
-3.343846518561308017e+02
-3.405871857233410083e+02
-3.453912695985225696e+02
-3.489589526747179775e+02
-3.513888088757341279e+02
-3.527066398499885622e+02
-3.529072387075215715e+02
-3.520235379107664926e+02
-3.501888934114230665e+02
-3.476599223480566820e+02
-3.447801250678336373e+02
-3.418883757301681499e+02
-3.392043557082887446e+02
-3.367399663648085948e+02
-3.342815459347755791e+02
-3.314647647894960301e+02
-3.279296869980446445e+02
-3.235081790772308636e+02
-3.183758850273636654e+02
-3.131067757488527263e+02
-3.085950749745788926e+02
-3.058464203135212074e+02
-3.056803582528968946e+02
-3.084248345976899941e+02
-3.137119551383555631e+02
-3.204826985659109937e+02
