-1.146008176398879073e+02
-1.734432120234936576e+02
-2.252862121766476378e+02
-2.650496845232324290e+02
-2.910357194567291685e+02
-3.050462804455784749e+02
-3.114340197984023462e+02
-3.155474751093490795e+02
-3.221522518848333902e+02
-3.343231793077977727e+02
-3.530546143278533009e+02
-3.775361748486172360e+02
-4.058344201153632866e+02
-4.356769919727597085e+02
-4.651067914684290940e+02
-4.928749908554094077e+02
-5.185341545451481124e+02
-5.422760990052761372e+02
-5.646252675819622482e+02
-5.861234796830495952e+02
-6.071108212356050444e+02
-6.276367581996117906e+02
-6.474722527415749482e+02
-6.661761167301299338e+02
-6.831885173498264976e+02
-6.979450901087448074e+02
-7.100079431285581677e+02
-7.191984764973865367e+02
-7.256981486688571295e+02
-7.300689472367191684e+02
-7.331547944932794962e+02
-7.358676085829241629e+02
-7.389208990681335081e+02
-7.426166973430076723e+02
-7.467909205807598028e+02
-7.509671951130184198e+02
-7.546728362237066676e+02
-7.577828619342324146e+02
-7.607421812127420253e+02
-7.645829194724996114e+02
-7.707368361038385274e+02
-7.806682593379695163e+02
-7.953250114958867698e+02
-8.144052276292040915e+02
-8.355343426080445397e+02
-8.536058071634981843e+02
-8.606457956167542989e+02
-8.465126366910966453e+02
-8.005136781460665816e+02
-7.136879039030058038e+02
-5.811995093114438760e+02
-4.041538905105535378e+02
-1.902500202147387256e+02
4.701245339858881778e+01
2.904531814088194892e+02
5.221682809225898154e+02
7.265996393577254366e+02
8.929665699533702536e+02
1.016507782470282223e+03
1.098338821893422619e+03
1.144126144420585206e+03
1.162078702667483412e+03
1.160870601477249693e+03
1.148022846279890928e+03
1.129041767125384467e+03
1.107324005268922065e+03
1.084596486236179999e+03
1.061552708811071398e+03
1.038394704029231434e+03
1.015128925578745111e+03
9.916035460048516370e+02
9.673691167441077141e+02
9.414916574647994594e+02
9.124467872068122460e+02
8.781839993352165266e+02
8.364007738588251186e+02
7.850212605151501748e+02
7.228140702636907236e+02
6.499968149921729719e+02
5.686024337802429045e+02
4.823981466640420877e+02
3.962855553573876364e+02
3.153159737891652981e+02
2.436222422588775203e+02
1.836095155001175669e+02
1.356432646383759391e+02
9.828283614550957736e+01
6.892741627940475269e+01
4.462952439281686168e+01
2.280841135279891319e+01
1.664168919021314252e+00
-1.977080375995071648e+01
-4.186265661596790011e+01
-6.471985305102239749e+01
-8.847527535254647546e+01
-1.134002462132399955e+02
-1.398445702821601913e+02
-1.680789319300361626e+02
-1.981448676517099443e+02
-2.297899482272039791e+02
-2.625087949640766283e+02
-2.956596602898202946e+02
-3.286026485996478641e+02
-3.608111624896233138e+02
-3.919302948030594393e+02
-4.217781249185679826e+02
-4.503037412879268118e+02
-4.775311617936729931e+02
-5.035189436973574288e+02
-5.283411593026762603e+02
-5.520695318249117918e+02
-5.747409789328216903e+02
-5.963246697094574529e+02
-6.167219453481186520e+02
-6.358158570965476883e+02
-6.535455005916018081e+02
-6.699518375591629820e+02
-6.851566902416967650e+02
-6.992873981376250185e+02
-7.124041137548906590e+02
-7.244859514571564887e+02
-7.354880962970813698e+02
-7.454313995681915230e+02
-7.544623239176048628e+02
-7.628364442983507843e+02
-7.708295046100745367e+02
-7.786428400014251565e+02
-7.863983103671987465e+02
-7.942694433248983614e+02
-8.026754763212780972e+02
-8.123434676800728766e+02
-8.240197974863643822e+02
-8.377409186408465303e+02
-8.518135843926817188e+02
-8.618917151774608101e+02
-8.606457956167542989e+02
-8.384186002421869262e+02
-7.849421182619161073e+02
-6.917594559246042536e+02
-5.546574946854887003e+02
-3.753406869549046974e+02
-1.618047708139079930e+02
7.271605040035936440e+01
3.119318052388377964e+02
5.392282625332067028e+02
7.402865283686849125e+02
9.050348748523825861e+02
1.028600450072508238e+03
1.111202991071646011e+03
1.157190912076287987e+03
1.173588518043535032e+03
1.168553281771182355e+03
1.150051181886035010e+03
1.124914962791875041e+03
1.098318428725803642e+03
1.073607200896252380e+03
1.052381096677510641e+03
1.034726654788436690e+03
1.019531676250473538e+03
1.004842623896100918e+03
9.882333011137587846e+02
9.671538831796337945e+02
9.392433331218350077e+02
9.026126003337277552e+02
8.561157330141587636e+02
7.996021182101454770e+02
7.340969517037025298e+02
6.618241855571337737e+02
5.860010044918107042e+02
5.104030732516169451e+02
4.387894228902180771e+02
3.743289089887977639e+02
3.191631561532291244e+02
2.741915213367668116e+02
2.390967483389892436e+02
2.125657321460452636e+02
1.926190135618796262e+02
1.769563766297843017e+02
1.632495185488535299e+02
1.493552329747891179e+02
1.334658165646850421e+02
1.142295266591311815e+02
9.085002843501661118e+01
6.313801097165151077e+01
3.148404844356562293e+01
-3.247147213079500716e+00
-3.987481204036208737e+01
-7.708985660756211189e+01
-1.136608688478040108e+02
-1.486388032683654501e+02
-1.815196088089245734e+02
-2.123133296901801259e+02
-2.414830787375873342e+02
-2.697613446854131780e+02
-2.979042705291689686e+02
-3.264639823337992652e+02
-3.556284271191797188e+02
-3.851389877589805906e+02
-4.142956126189077963e+02
-4.420821775500315880e+02
-4.674315032774354677e+02
-4.895762217578399031e+02
-5.083469512814390328e+02
-5.242612011609591036e+02
-5.383346382764513010e+02
-5.516979768040886256e+02
-5.652124603311293640e+02
-5.792623092453533218e+02
-5.937793590502019470e+02
-6.084225804506605755e+02
-6.227848002226950257e+02
-6.365414020456540811e+02
-6.495323808894232798e+02
-6.618138649217336251e+02
-6.737043251764825982e+02
-6.858158381361886313e+02
-6.990465644399959046e+02
-7.145098434351897367e+02
-7.333501363048115991e+02
-7.563687779213513522e+02
-7.834270574271040459e+02
-8.127206875151541681e+02
-8.401490156337342796e+02
-8.590626926630031903e+02
-8.606457956167542989e+02
-8.350662719985067497e+02
-7.733105501063963629e+02
-6.693472389123198809e+02
-5.220477885211570310e+02
-3.362554982252874538e+02
-1.225925088218370149e+02
1.040412846798337370e+02
3.269355567519962733e+02
5.303845655832026296e+02
7.021504608191174839e+02
8.350111498670282799e+02
9.271315012092327379e+02
9.813552099730179634e+02
1.003793477855736683e+03
1.002187808911479920e+03
9.844465562493676316e+02
9.575868318476359491e+02
9.271491940461944523e+02
8.970286405552296856e+02
8.695845115370286749e+02
8.458650373403222602e+02
8.258199657852422888e+02
8.084575613989890144e+02
7.919826098944903379e+02
7.739894686313507464e+02
7.517733790526110624e+02
7.227793145101175014e+02
6.851409157543316724e+02
6.381894801303681106e+02
5.827725780147657133e+02
5.212442588011755333e+02
4.570669802797155512e+02
3.940700238998976488e+02
3.355175070383660909e+02
2.832354381144209583e+02
2.370981584942257712e+02
1.951201610684054231e+02
