-1.695849179244250706e+02
-1.119869902893553046e+02
-6.484974019751358298e+01
-3.601056786433348123e+01
-2.912150683515265115e+01
-4.336381957906223761e+01
-7.435949196057558197e+01
-1.157690208357798696e+02
-1.610016906279467435e+02
-2.045884550831937645e+02
-2.429672336106954447e+02
-2.746396517059899338e+02
-2.998282831548085028e+02
-3.198538628248247164e+02
-3.364561185923409425e+02
-3.512314849130418111e+02
-3.652931875608629753e+02
-3.791914740447244867e+02
-3.930647777744954965e+02
-4.069270691645309626e+02
-4.209509995953753787e+02
-4.356121614462255138e+02
-4.516255608326361539e+02
-4.696974282137402383e+02
-4.901886539635332269e+02
-5.128228927523224456e+02
-5.365761656862448490e+02
-5.598457315633958160e+02
-5.808939087103867678e+02
-5.984179614512569287e+02
-6.119897762837894106e+02
-6.221148034551245019e+02
-6.297845037100667014e+02
-6.355854754732147285e+02
-6.386152038343395816e+02
-6.355855618141381456e+02
-6.205270372410528807e+02
-5.854011097980321665e+02
-5.216712890396946705e+02
-4.225297535756555476e+02
-2.851689828859243221e+02
-1.123847321667906130e+02
8.704267014741031971e+01
2.993879011285917500e+02
5.082264650959461960e+02
6.973268963209490039e+02
8.534512026244489107e+02
9.683701129362701749e+02
1.039659676138771374e+03
1.070230748671466699e+03
1.066903710806163417e+03
1.038545424414512581e+03
9.942893752743655114e+02
9.422089283724585584e+02
8.885946047276410127e+02
8.377814281865427120e+02
7.923382083338419761e+02
7.533934804130134353e+02
7.209278816691373777e+02
6.939703612064455456e+02
6.707357607072572137e+02
6.487919277546272951e+02
6.253389186739490242e+02
5.976312583230718474e+02
5.634950824826113376e+02
5.218195023497962666e+02
4.728710725644970694e+02
4.183048253986996770e+02
3.608219658169317086e+02
3.035419372829560416e+02
2.492763326266071431e+02
1.999492458427392592e+02
1.563585743194822157e+02
1.183263452442793948e+02
8.510986809955710441e+01
5.583799398188345720e+01
2.976700459661999787e+01
6.293357765925431835e+00
-1.518762688093336344e+01
-3.542023935515688038e+01
-5.530340903673102559e+01
-7.575852209185464403e+01
-9.752068498434255162e+01
-1.209669435543401619e+02
-1.460694430469010570e+02
-1.724903380418361678e+02
-1.997619065819454249e+02
-2.274540237424740781e+02
-2.552386528459958868e+02
-2.828193765591002489e+02
-3.097806327319270849e+02
-3.354760047234613012e+02
-3.590686902390833666e+02
-3.797534731917106114e+02
-3.970749884693937588e+02
-4.111823435398750348e+02
-4.228740354524728104e+02
-4.333841451988698168e+02
-4.439863263847713029e+02
-4.555828131842608855e+02
-4.684586534305585701e+02
-4.823006262432988933e+02
-4.964406601638502252e+02
-5.101748497813796348e+02
-5.230001345224525267e+02
-5.346849283676647246e+02
-5.451909794414418684e+02
-5.545500937693811920e+02
-5.628270684243591404e+02
-5.702303236522868701e+02
-5.772949451537288041e+02
-5.849560410458282149e+02
-5.943284373152298485e+02
-6.061149422098926607e+02
-6.197325825106632919e+02
-6.324102061988184005e+02
-6.386152038343395816e+02
-6.301729590493661135e+02
-5.973118780580366547e+02
-5.305746989445422059e+02
-4.231953990801400778e+02
-2.732536957989848361e+02
-8.490126966243460060e+01
1.317721626811608360e+02
3.622341102566135191e+02
5.899657381270078531e+02
7.992393359129589498e+02
9.775477588734806886e+02
1.117177342875062322e+03
1.215692508183960399e+03
1.275400480675267318e+03
1.302101209027177447e+03
1.303533865070516413e+03
1.287889797568753465e+03
1.262625269879135431e+03
1.233664077154116967e+03
1.204986243314476269e+03
1.178555035456770611e+03
1.154517868405931040e+03
1.131607222070846547e+03
1.107653923171086262e+03
1.080116348160735697e+03
1.046549485612773879e+03
1.004986079860960444e+03
9.542386149950444860e+02
8.941273108175881816e+02
8.256153169072447326e+02
7.508206098696759909e+02
6.728776339665066644e+02
5.956306859843925849e+02
5.231666221408611364e+02
4.592511261216449157e+02
4.067944755507520540e+02
3.674842013189123122e+02
3.416616997690713333e+02
3.284243909630088183e+02
3.258614206951210122e+02
3.313169651817458430e+02
3.416232057693955539e+02
3.533157504818287862e+02
3.628806969579356405e+02
3.670642484597586872e+02
3.632319529129272837e+02
3.497236378999895692e+02
3.261150577817669500e+02
2.932814796767139569e+02
2.531975057929448099e+02
2.085074048976294137e+02
1.620009554817396520e+02
1.161547008644395760e+02
7.283664951555203970e+01
3.318578018015193720e+01
-2.371255860158896667e+00
-3.400689576279887660e+01
-6.230993126830276196e+01
-8.805478305820560081e+01
-1.119552523586750112e+02
-1.344602753845788357e+02
-1.556682574240945769e+02
-1.754142773318253603e+02
-1.935079088581834412e+02
-2.100112018370671194e+02
-2.254159667048211304e+02
-2.406342504558457449e+02
-2.568153865242678648e+02
-2.750838588714974549e+02
-2.963192302524442994e+02
-3.210717957401734566e+02
-3.496380137883483030e+02
-3.822232209994455161e+02
-4.190287096565161846e+02
-4.600770229301597283e+02
-5.046800959946192506e+02
-5.506371771908615074e+02
-5.934441212056152608e+02
-6.259177124449537359e+02
-6.386152038343395816e+02
-6.212131331221476103e+02
-5.646494088382218024e+02
-4.635060823980779787e+02
-3.178974152232493680e+02
-1.342605168033486507e+02
7.523697939625739650e+01
2.945711507029049585e+02
5.065748326008692857e+02
6.958253517806662103e+02
8.510037942420743775e+02
9.662021062187022835e+02
1.040996744647491141e+03
1.079464890717849357e+03
1.088554473640595916e+03
1.076291671690824160e+03
1.050253195284683443e+03
1.016586878706343555e+03
9.796630019744370657e+02
9.422315414198291137e+02
9.058243807312941271e+02
8.711291660039013323e+02
8.381647681446610250e+02
8.062517187579868505e+02
7.739183244292836434e+02
7.389435461493519597e+02
6.986793673641149098e+02
6.506480750605375079e+02
5.932547266158470620e+02
5.263784717765851155e+02
4.516412224394492796e+02
3.722598567566108159e+02
2.925062689144434671e+02
2.168968116935208741e+02
1.493048633939329193e+02
9.222267101717352489e+01
4.636569346789659107e+01
1.071264031364047753e+01
-1.705960701583646255e+01
-3.990585799961887403e+01
-6.072291937604116185e+01
-8.182368737807414050e+01
-1.046621164545894658e+02
-1.298040984013610455e+02
-1.571024669453779552e+02
-1.860310898906906516e+02
-2.161021869684453804e+02
-2.472273648411074305e+02
-2.798597848324079678e+02
-3.148310611742501237e+02
-3.529363362801893800e+02
-3.944340650896720035e+02
-4.386582087951521771e+02
-4.838971889791824310e+02
-5.276078103495262894e+02
-5.669266780690986707e+02
-5.993385730186491855e+02
-6.232983511029887040e+02
-6.386152038343395816e+02
-6.464897214682796402e+02
-6.491989328091488005e+02
-6.495096217240892429e+02
-6.499560513671335684e+02
-6.521595883112046295e+02
-6.563981434161127027e+02
-6.616102828390028208e+02
