3.478764116872538636e+01
-2.351845015158973808e+02
-4.714728380215399852e+02
-6.497292924187412382e+02
-7.602740297030043166e+02
-8.083084065052819369e+02
-8.097210761558541208e+02
-7.848587770970974589e+02
-7.527180369400791733e+02
-7.271559847521548363e+02
-7.155589980437964641e+02
-7.194530539180374262e+02
-7.360737030068011109e+02
-7.599748177206026867e+02
-7.841691805912782911e+02
-8.007817599123618493e+02
-8.015179650516031415e+02
-7.782997772147255091e+02
-7.242488693486508282e+02
-6.349345647991024180e+02
-5.095847135767186842e+02
-3.518547577016907439e+02
-1.698072938881191760e+02
2.502756101504049013e+01
2.193408627154540227e+02
4.000655152404598311e+02
5.562268991659248059e+02
6.802193426381513746e+02
7.683160293836094752e+02
8.204446664459500198e+02
8.394285399306638737e+02
8.299729195889509583e+02
7.976669122998139301e+02
7.481908181835802907e+02
6.868059062387051199e+02
6.180989095824752440e+02
5.458947626832778042e+02
4.732514782674243179e+02
4.024829219317174989e+02
3.351788750785170805e+02
2.722030945818374903e+02
2.136750874976227692e+02
1.589862162751803112e+02
1.069312319352059717e+02
5.601310469272742409e+01
4.903095676092831923e+00
-4.704906665443441938e+01
-9.941381232581721861e+01
-1.505423052257266647e+02
-1.977676163968399692e+02
-2.379055881260569834e+02
-2.679109485005420197e+02
-2.855071414006969235e+02
-2.896404120856985855e+02
-2.806810702767592147e+02
-2.603696076845795915e+02
-2.315542487692397344e+02
-1.977892147981697519e+02
-1.628741091086374695e+02
-1.304154183673686305e+02
-1.034715935224837438e+02
-8.431130833709289618e+01
-7.429412986702578792e+01
-7.387639150258792142e+01
-8.272877115868607234e+01
-9.992206351921959140e+01
-1.241250230414579647e+02
-1.537814775043383975e+02
-1.872682223974910016e+02
-2.230451299873489006e+02
-2.597915050288208931e+02
-2.965057129152751259e+02
-3.325498183563364023e+02
-3.676372777454807306e+02
-4.017701101110486661e+02
-4.351364441274931210e+02
-4.679898480735487283e+02
-5.005347316937235291e+02
-5.328274251425697230e+02
-5.646918048233560512e+02
-5.956590730782868377e+02
-6.249597581630143850e+02
-6.516032947489608205e+02
-6.745687145363501713e+02
-6.930956314682067614e+02
-7.070161653343927810e+02
-7.170245651015262638e+02
-7.247558849395447851e+02
-7.325525821113747043e+02
-7.428599580433563005e+02
-7.573103507417343963e+02
-7.756947904026013703e+02
-7.951254757888939366e+02
-8.097210761558541208e+02
-8.110697130890370090e+02
-7.895337134910876102e+02
-7.362040859434814593e+02
-6.450517161435905109e+02
-5.147061827919283132e+02
-3.493455884707293535e+02
-1.584042722427437866e+02
4.486500846009150223e+01
2.456064418069531143e+02
4.297635529137115782e+02
5.860573005528318618e+02
7.071295298755777594e+02
7.897615986941140136e+02
8.343556954099709628e+02
8.440070181559837010e+02
8.235005446796709521e+02
7.784756964058542508e+02
7.148579519317482891e+02
6.385106507454141820e+02
5.549753717853025137e+02
4.691886327540581760e+02
3.851640943784573210e+02
3.057227224367028953e+02
2.323623198514422370e+02
1.653004559243507856e+02
1.036750136616288955e+02
4.587566997737351926e+01
-1.002032560795350946e+01
-6.575176561652546070e+01
-1.223907493297889886e+02
-1.799726727690242853e+02
-2.373400206640431236e+02
-2.922673071791663801e+02
-3.418620027916165327e+02
-3.831478112282127881e+02
-4.136761945124572435e+02
-4.320098000213047271e+02
-4.379719684593284228e+02
-4.326329616465853860e+02
-4.180779677543598041e+02
-3.970505490658962344e+02
-3.725738673936191958e+02
-3.476250564836792591e+02
-3.248942825484413106e+02
-3.066204642790662547e+02
-2.944780641904034724e+02
-2.895009460574989930e+02
-2.920548478461900572e+02
-3.018816288926099105e+02
-3.182234110124039717e+02
-3.400026727463042562e+02
-3.660066589770599990e+02
-3.950252149795863374e+02
-4.259258210906305635e+02
-4.576904914797149786e+02
-4.894519896116470363e+02
-5.205460923835307767e+02
-5.505632723906567207e+02
-5.793588576330681690e+02
-6.069806823242518021e+02
-6.335088567636109929e+02
-6.588627862023032549e+02
-6.826724296513833679e+02
-7.042942639351232401e+02
-7.229830956998553120e+02
-7.381525784528694203e+02
-7.496158947141161661e+02
-7.577141675306187381e+02
-7.632995982389450091e+02
-7.676006032126429091e+02
-7.720106517241738402e+02
-7.778018324903918028e+02
-7.857183326868059794e+02
-7.954208259555309724e+02
-8.048506785207526946e+02
-8.097210761558541208e+02
-8.034389942648869010e+02
-7.777240398237424870e+02
-7.239691285710176771e+02
-6.351158739456975582e+02
-5.075570314152223546e+02
-3.425066322545359867e+02
-1.464084560678559797e+02
6.976926482483105474e+01
2.921785900050954865e+02
5.062454749347180041e+02
6.988051081506149558e+02
8.597710589129039818e+02
9.830816729599328028e+02
1.066871982621716825e+03
1.112975405993352524e+03
1.125962411720714272e+03
1.111980617515922631e+03
1.077661055367369954e+03
1.029289043680917075e+03
9.723215284337455842e+02
9.112081275891866881e+02
8.493921333122449369e+02
7.893618174894724007e+02
7.326806276066321288e+02
6.800053549941848132e+02
6.311579376669004660e+02
5.853155264714307577e+02
5.413221613972135629e+02
4.980491233083312181e+02
4.547059199666749123e+02
4.110488682245431278e+02
3.674941614452822023e+02
3.251514943813451168e+02
2.857560266730744161e+02
2.514549398171762107e+02
2.244422545964474693e+02
2.065052777916004914e+02
1.985961615063594365e+02
2.005523047258307656e+02
2.110617505419143356e+02
2.278990902402060783e+02
2.483548566033915677e+02
2.697031320128589869e+02
2.895551255831569506e+02
3.060271553956999355e+02
3.177525998602880577e+02
3.238255997064562735e+02
3.237469971459734666e+02
3.173753136200213589e+02
3.048405941492891316e+02
2.864056906035702355e+02
2.623264432355926488e+02
2.327961999205710697e+02
1.980242124486246098e+02
1.584159736793164370e+02
1.147549088040482275e+02
6.827573407688933571e+01
2.056943869182418894e+01
-2.666931173417862055e+01
-7.198087081977809021e+01
-1.144541282023938038e+02
-1.538957361294363295e+02
-1.907799262310327322e+02
-2.259972216374292771e+02
-2.605109915474076843e+02
-2.950563852640149207e+02
-3.299716365070896700e+02
-3.651863016978817313e+02
-4.003470006408628024e+02
-4.350404465903068285e+02
-4.690569131880096165e+02
-5.026175155325288415e+02
-5.364758297402132712e+02
-5.718092446120374461e+02
-6.098454436552927973e+02
-6.512352957976244170e+02
-6.952837804680565341e+02
-7.392527508611382245e+02
-7.780100576985488487e+02
-8.042899272007965692e+02
-8.097210761558541208e+02
-7.865484188549690998e+02
-7.296649191043385372e+02
-6.383222642215858968e+02
-5.168626788635853018e+02
-3.740749938412727715e+02
-2.212481487576907284e+02
-6.948557877659641235e+01
7.286540304670444357e+01
2.018691332757705368e+02
3.183205189025252366e+02
4.268083447656609906e+02
