8.443445919589164816e+01
5.258600266740208440e+01
4.583527206267825704e+01
8.090635367841954917e+01
1.611725127187956446e+02
2.767111517497835962e+02
4.085752013068047859e+02
5.350450126466729444e+02
6.374814837493215691e+02
7.041529655043369758e+02
7.314590216012269366e+02
7.228846854001907332e+02
6.865670498303634304e+02
6.324891526603374814e+02
5.701098328807762528e+02
5.068546599843152762e+02
4.475138728650096596e+02
3.943471628227623000e+02
3.476127422124747000e+02
3.062673626001882781e+02
2.686537215349841858e+02
2.330591289251779017e+02
1.980851852074474948e+02
1.628209460077064819e+02
1.268628975408674080e+02
9.025982146183085320e+01
5.346312008410491501e+01
1.732316901887261906e+01
-1.690202593300561773e+01
-4.761924181431489700e+01
-7.312955743637496653e+01
-9.199545802913314674e+01
-1.034266898274432123e+02
-1.075366261131795511e+02
-1.053689793643996921e+02
-9.868020307213031117e+01
-8.955017088373854506e+01
-7.995837065157574841e+01
-7.147465965758293294e+01
-6.515755888262705753e+01
-6.165712593412926879e+01
-6.143349148921459602e+01
-6.496231892711799105e+01
-7.281799280403338059e+01
-8.559307071880175499e+01
-1.036926167009000608e+02
-1.270950983259574230e+02
-1.551837385803619895e+02
-1.867331852717364313e+02
-2.200906095623327019e+02
-2.535151660170424464e+02
-2.855579396745034728e+02
-3.153312729548872539e+02
-3.425712810724198789e+02
-3.675120958726695903e+02
-3.906792640594092063e+02
-4.127060693844894104e+02
-4.341985213471460838e+02
-4.556083429244851004e+02
-4.770855662194793467e+02
-4.983537112787662409e+02
-5.186995472979466513e+02
-5.371386318853203647e+02
-5.527245931980323803e+02
-5.648835989315055031e+02
-5.736350032655573159e+02
-5.796098558260121081e+02
-5.838604826188302468e+02
-5.875265402921580744e+02
-5.914699663153030542e+02
-5.960045697867074068e+02
-6.008139370619817328e+02
-6.050828533046089888e+02
-6.078000960607198522e+02
-6.081517506578417169e+02
-6.059072659088942601e+02
-6.016893488401808554e+02
-5.970121084583610127e+02
-5.939847950590246910e+02
-5.946432113206124086e+02
-6.000064070136942291e+02
-6.091156692521310561e+02
-6.184001313573170364e+02
-6.216691412635827874e+02
-6.108730699368456953e+02
-5.775595701926155243e+02
-5.147371204239742610e+02
-4.186944530709013748e+02
-2.902616651217757635e+02
-1.351062838375560489e+02
3.705874824965945891e+01
2.141288024705893918e+02
3.836509454182447030e+02
5.347346600069620308e+02
6.594197141069473673e+02
7.532883401983619933e+02
8.153328900149688252e+02
8.472819578586131684e+02
8.526855396821287059e+02
8.360433447814663168e+02
8.021630645565680879e+02
7.558020968764028567e+02
7.015149218815920449e+02
6.435474060109473839e+02
5.856374668329791575e+02
5.306958838993697327e+02
4.804721153943204399e+02
4.353608539269415587e+02
3.944542781616686398e+02
3.558562231916149017e+02
3.172082626095387923e+02
2.763326945660297156e+02
2.318545405572972982e+02
1.836410648620071129e+02
1.329265616962638035e+02
8.207687968042068860e+01
3.406127102837092480e+01
-8.208986428528874058e+00
-4.248636957822190396e+01
-6.758926983645589814e+01
-8.353097718947825001e+01
-9.138207642378014839e+01
-9.293178426535236270e+01
-9.025745462983553580e+01
-8.533096467650959482e+01
-7.976800552138078615e+01
-7.476462910355695612e+01
-7.119475895824736256e+01
-6.979144548564799777e+01
-7.131547226205751144e+01
-7.663155072739026252e+01
-8.666038307713407107e+01
-1.022304913352833893e+02
-1.238854190887047935e+02
-1.517015536047859143e+02
-1.851603924559159964e+02
-2.231144641018449022e+02
-2.638773051591831518e+02
-3.054380224065151310e+02
-3.457625025263910743e+02
-3.831184812415673377e+02
-4.163466961549459029e+02
-4.449936991819078571e+02
-4.692536791434126258e+02
-4.897456723258368356e+02
-5.072273340810239688e+02
-5.223630994837773187e+02
-5.356198235091906099e+02
-5.472862980738966598e+02
-5.575456113994183625e+02
-5.665177337339007408e+02
-5.742481971974468706e+02
-5.806937531820924505e+02
-5.857706983084592594e+02
-5.894754885527762553e+02
-5.920237847259439832e+02
-5.939354170601358192e+02
-5.960088508510973497e+02
-5.991472242768320484e+02
-6.040164690207683407e+02
-6.105573996779910431e+02
-6.174455080983966582e+02
-6.216691412635827874e+02
-6.184392805701950238e+02
-6.016125037198856944e+02
-5.646742822790918126e+02
-5.021183818437788204e+02
-4.108627156234255153e+02
-2.912754613779751480e+02
-1.474906257650279144e+02
1.308040733388513743e+01
1.808912602883724787e+02
3.457431674410672713e+02
4.982491691009195165e+02
6.309796665209614730e+02
7.391107389292420748e+02
8.205372180229286414e+02
8.755366623898902390e+02
9.061561184180424107e+02
9.155255093143430258e+02
9.072705561135607013e+02
8.851170426659668919e+02
8.526867305941638051e+02
8.134217757470871675e+02
7.705483248021653253e+02
7.269949539941065950e+02
6.852183761607715269e+02
6.469516592939630755e+02
6.129543055507592726e+02
5.828823606814181630e+02
5.553906302076862858e+02
5.285115158042433450e+02
5.002372345091530406e+02
4.691272347323701979e+02
4.347418253905740357e+02
3.977762515543121253e+02
3.598864191500322249e+02
3.233019495641757430e+02
2.903758782479366118e+02
2.632042499927847530e+02
2.433772109865771256e+02
2.318421132538906306e+02
2.288194469709957843e+02
2.337366070749250468e+02
2.452054277626073144e+02
2.611071637477767808e+02
2.788242549399262771e+02
2.955886825333080878e+02
3.088565893807490852e+02
3.166106167823784290e+02
3.175307636008061536e+02
3.110281203640567469e+02
2.971782813334376101e+02
2.766069386672029395e+02
2.503612685420769139e+02
2.197675846793178209e+02
1.862656531502059920e+02
1.512336572363645928e+02
1.158472499932239543e+02
8.101459595967526184e+01
4.738736449117995164e+01
1.539950163844790154e+01
-1.472100011938871944e+01
-4.298200321708591787e+01
-6.966788720933993773e+01
-9.534118491412516505e+01
-1.207626046890455029e+02
-1.467173790037380172e+02
-1.737905002214715182e+02
-2.021838545346356000e+02
-2.316661544669498767e+02
-2.616813748612171366e+02
-2.915606549444704569e+02
-3.207459508379856743e+02
-3.489586463527167552e+02
-3.762945686949355490e+02
-4.032442062088628063e+02
-4.306156915104016889e+02
-4.593234607258764299e+02
-4.900303417650518440e+02
-5.226773297736306176e+02
-5.559770588400937186e+02
-5.869914568608220407e+02
-6.109717390967605297e+02
-6.216691412635827874e+02
-6.122529287548763932e+02
-5.767728439166764929e+02
-5.118465181916370739e+02
-4.180651843029783095e+02
-3.006062793116012699e+02
-1.687569350777527006e+02
-3.441011145098354973e+01
9.006974518938825724e+01
1.940488422108450095e+02
2.703662930285005359e+02
3.162494101603663239e+02
3.332404540645903808e+02
3.261981177632594608e+02
3.016680730112618676e+02
2.661050558367397798e+02
2.245078022333786407e+02
1.799379352541902222e+02
