1.117426025383872457e+02
-7.707704892604510860e+00
-1.112022585519036966e+02
-1.870350534894707266e+02
-2.304483026610667480e+02
-2.438526410963140734e+02
-2.349221114209105394e+02
-2.135935867371324548e+02
-1.891354439680624182e+02
-1.681406096546338063e+02
-1.537914728207547910e+02
-1.462611338559633509e+02
-1.438071987612951830e+02
-1.440300070878395218e+02
-1.448635788395411623e+02
-1.450634453645972144e+02
-1.441760473886305931e+02
-1.421535832228601066e+02
-1.388627996287770543e+02
-1.337151521248200936e+02
-1.255573007705814348e+02
-1.128533569283205793e+02
-9.409030361195758019e+01
-6.826259099449873702e+01
-3.526471456935772153e+01
3.943391621030698957e+00
4.744840540016178920e+01
9.272613428165381322e+01
1.370962792173390596e+02
1.781519710677783337e+02
2.140606122200420600e+02
2.436955219204537855e+02
2.666189569271066375e+02
2.829736327875334609e+02
2.933417895568597373e+02
2.986071116088852477e+02
2.998276328425006909e+02
2.981122212113747878e+02
2.944922141812174914e+02
2.897922648702603396e+02
2.845248328578821884e+02
2.788472308070793702e+02
2.726119872155852022e+02
2.655052658626108837e+02
2.572247665738259457e+02
2.476313467399515957e+02
2.368275552697940327e+02
2.251497810755692797e+02
2.130856097800052851e+02
2.011405477922739635e+02
1.896869692051322716e+02
1.788380360601310599e+02
1.683939218018907980e+02
1.578934307881841619e+02
1.467667197174479838e+02
1.345406927544511007e+02
1.210234053392385505e+02
1.063993726719787247e+02
9.119872182514106385e+01
7.614923775063058997e+01
6.196668552290885401e+01
4.916346796906378813e+01
3.794386168334570186e+01
2.821274772407281262e+01
1.967726094155867855e+01
1.198977751981222539e+01
4.875904820834318087e+00
-1.792410994588435003e+00
-7.992222965189043293e+00
-1.359974890938804748e+01
-1.846356344037879893e+01
-2.247062975134553042e+01
-2.559272377558828637e+01
-2.791483974529853640e+01
-2.964671420815058411e+01
-3.111332519082196768e+01
-3.272115821285912318e+01
-3.490289380550563436e+01
-3.804776257859147393e+01
-4.242650755925939166e+01
-4.812241212950051050e+01
-5.498573886203193695e+01
-6.263285624383068750e+01
-7.050509099385813272e+01
-7.798577530051738904e+01
-8.455377290521133204e+01
-8.993326264310013585e+01
-9.418745593969782703e+01
-9.770780738788891995e+01
-1.010818512555188136e+02
-1.048804556082817925e+02
-1.094579597239132482e+02
-1.148612451591769030e+02
-1.208842435509798321e+02
-1.272226221752415540e+02
-1.336344088350020343e+02
-1.400233702839420289e+02
-1.464194208868134410e+02
-1.528905484317995729e+02
-1.594450416608370347e+02
-1.659711387932711659e+02
-1.722389585524970244e+02
-1.779695348053303121e+02
-1.829518576867879460e+02
-1.871594916178618178e+02
-1.908016005801965207e+02
-1.942634027257863636e+02
-1.979489132496420893e+02
-2.020998094574173365e+02
-2.066848422567073840e+02
-2.114197022842163562e+02
-2.159110964458315038e+02
-2.198583986779177053e+02
-2.232174040077294990e+02
-2.262427792879987010e+02
-2.293732666852230011e+02
-2.329862226132133287e+02
-2.371013616806904736e+02
-2.411416921344451794e+02
-2.438526410963140734e+02
-2.434344671110331717e+02
-2.378717196336289987e+02
-2.253755373652199410e+02
-2.048219793907722703e+02
-1.760698332639232149e+02
-1.400744607141635072e+02
-9.876860269066284559e+01
-5.474245949709235504e+01
-1.080545830146866138e+01
3.046236785367827338e+01
6.706231898513613032e+01
9.775364685589008218e+01
1.220354994881117534e+02
1.399879690644603443e+02
1.520697684951257713e+02
1.589543492098744935e+02
1.614298936596606495e+02
1.603402687969336284e+02
1.565339444517709637e+02
1.508068309772725399e+02
1.438456872735125671e+02
1.361858091363039591e+02
1.281924763079099137e+02
1.200677603039139001e+02
1.118768182769643147e+02
1.035828348942989976e+02
9.508135392633795391e+01
8.623341326768291992e+01
7.690282247724402964e+01
6.699656738690129032e+01
5.649542426680804397e+01
4.546010799765494426e+01
3.401099298994171249e+01
2.229560324551749773e+01
1.046309200521037042e+01
-1.346633013671251433e+00
-1.300860606424132015e+01
-2.442530951657624883e+01
-3.554019888998404753e+01
-4.632878311661620785e+01
-5.675064821004001914e+01
-6.667702904583092050e+01
-7.583938576186679370e+01
-8.384684804358485621e+01
-9.028502694957096253e+01
-9.485756344659486672e+01
-9.750413748087336785e+01
-9.844434095617232572e+01
-9.813847290689409419e+01
-9.719012983358381064e+01
-9.622303662246976330e+01
-9.575540109538161460e+01
-9.609089600600009362e+01
-9.725196473551854126e+01
-9.898271699634085508e+01
-1.008327525840199144e+02
-1.023064683414530975e+02
-1.030372460110356911e+02
-1.029303394306330404e+02
-1.022217615652360223e+02
-1.014290753131720209e+02
-1.012109996566397001e+02
-1.021820903579375965e+02
-1.047362398214459915e+02
-1.089263255530937187e+02
-1.144347107085536663e+02
-1.206494079893963089e+02
-1.268322732062710827e+02
-1.323338139741603356e+02
-1.367859572361973619e+02
-1.402044798800395711e+02
-1.429633730811073065e+02
-1.456514142989685183e+02
-1.488630458197064286e+02
-1.529963001164280740e+02
-1.581276732236111400e+02
-1.640078935754501117e+02
-1.701763280694434854e+02
-1.761419825807073778e+02
-1.815533374290442623e+02
-1.862926707896639300e+02
-1.904713692383905084e+02
-1.943456088307644904e+02
-1.981974197030887410e+02
-2.022288382700525631e+02
-2.065018666234742284e+02
-2.109345995525912656e+02
-2.153449476838052590e+02
-2.195246018353749946e+02
-2.233243618866082443e+02
-2.267279637723030987e+02
-2.298817353962198240e+02
-2.330431481384486858e+02
-2.364301350097580894e+02
-2.399993138530919339e+02
-2.432337765861074672e+02
-2.450436471976691735e+02
-2.438526410963140734e+02
-2.378725427958984540e+02
-2.254934565850206525e+02
-2.056792016219741015e+02
-1.782634730364065661e+02
-1.440744266334223767e+02
-1.048570272650443229e+02
-6.301193364962543342e+01
-2.121687174904243633e+01
1.798031666500530434e+01
5.251375739231356476e+01
8.103305992310868078e+01
1.029792256558494046e+02
1.185007188196022980e+02
1.282542967103271963e+02
1.331680623197507032e+02
1.342387642094293767e+02
1.323954513131721171e+02
1.284191318766336281e+02
1.228937781956996957e+02
1.161799975948162285e+02
1.084245735536086954e+02
9.962227613177731200e+01
8.972679299187396396e+01
7.878036087246792363e+01
6.701489669419636641e+01
5.487878825726760113e+01
4.296287717324852906e+01
3.183632771972557407e+01
2.184776411652171646e+01
1.297238941806313761e+01
4.772106630076848433e+00
-3.507177833670432676e+00
-1.272288162071354733e+01
-2.356117514986833328e+01
-3.626745318006267382e+01
-5.044711697169823594e+01
-6.499041855749482011e+01
-7.815859717390573280e+01
-8.784803434130390087e+01
-9.201951896514253804e+01
-8.923352593608888128e+01
-7.916983789749286871e+01
-6.295002928270517373e+01
-4.307411954332334147e+01
