-1.781016830979534049e+01
1.396270883034427612e+01
4.002336454242882979e+01
5.627050904198878811e+01
6.119665556492762448e+01
5.593216061431111541e+01
4.348619957783400025e+01
2.759950707485956656e+01
1.166756765423569675e+01
-1.952261779837062505e+00
-1.215719618547541181e+01
-1.893140876775115089e+01
-2.297341072273606599e+01
-2.528761539193872920e+01
-2.684724407780984023e+01
-2.837371092149568241e+01
-3.024243078571995369e+01
-3.250768394837061237e+01
-3.501873535594701536e+01
-3.757268885435734518e+01
-4.003534281176737863e+01
-4.237949805073273524e+01
-4.463778542717270170e+01
-4.681513434237297133e+01
-4.882388129578146163e+01
-5.048561624939009107e+01
-5.160394207459046356e+01
-5.207277027681129766e+01
-5.196470805476805310e+01
-5.155373151488150540e+01
-5.125773554207487592e+01
-5.152083207762531458e+01
-5.267959783678698216e+01
-5.486542617577458003e+01
-5.798001210829395546e+01
-6.174538468747410747e+01
-6.579625248402939519e+01
-6.977600131942277528e+01
-7.341640805260243496e+01
-7.659658704402681906e+01
-7.937119607087987561e+01
-8.194800460954957089e+01
-8.460760347201710374e+01
-8.759244660524456094e+01
-9.101714785050940293e+01
-9.484058133956347092e+01
-9.890077643588887213e+01
-1.029786405043166155e+02
-1.068520731071602370e+02
-1.103266119701685426e+02
-1.132569296499311946e+02
-1.155784130487653272e+02
-1.173460503849435810e+02
-1.187516008392655209e+02
-1.200875020532037070e+02
-1.216554975860290995e+02
-1.236586557007479996e+02
-1.261331326370569741e+02
-1.289547805639908802e+02
-1.319122357634215916e+02
-1.348034053893646274e+02
-1.375033022774757399e+02
-1.399633528998555221e+02
-1.421267741553310771e+02
-1.437802962805069455e+02
-1.444009131366741485e+02
-1.430731995184180505e+02
-1.385334588956833954e+02
-1.293546656914968764e+02
-1.142418553744880256e+02
-9.237034394806062210e+01
-6.367520532298281921e+01
-2.900287160858028201e+01
9.929086580842877652e+00
5.076303261120244770e+01
9.087023252452081579e+01
1.277712887426674087e+02
1.595113116240867157e+02
1.849054634106956030e+02
2.036043170520034664e+02
2.159800731970051970e+02
2.228903054404298132e+02
2.254097945145148003e+02
2.246127811637335014e+02
2.214443774417334510e+02
2.166713255215119034e+02
2.108767975791983815e+02
2.044682303148028950e+02
1.976878914911346499e+02
1.906328834566246542e+02
1.832935525027926644e+02
1.756099042418925933e+02
1.675327514147208490e+02
1.590676046792975740e+02
1.502835532824871336e+02
1.412872512288771532e+02
1.321785407730528732e+02
1.230062343565138008e+02
1.137366425240279000e+02
1.042456051232543501e+02
9.434512474029908446e+01
8.384778313884774548e+01
7.265373309895312559e+01
6.082742485898820917e+01
4.862926188477830181e+01
3.648486843154141468e+01
2.490030896509498959e+01
1.435061713459418087e+01
5.174914314660743031e+00
-2.492750619195408301e+00
-8.735521955966804697e+00
-1.379803875302801508e+01
-1.797223065065315240e+01
-2.146462849554428232e+01
-2.430884084157004210e+01
-2.637760947464494166e+01
-2.749894815441698981e+01
-2.761585785229836532e+01
-2.689499745752223347e+01
-2.571565859526981157e+01
-2.454160987432443619e+01
-2.374812685061012374e+01
-2.350112413181911819e+01
-2.375035289871156508e+01
-2.432778381204369111e+01
-2.508426641544923896e+01
-2.598938863761939899e+01
-2.715592269929901192e+01
-2.879567167454682419e+01
-3.113944073788645994e+01
-3.435540772664674591e+01
-3.848749239686837598e+01
-4.342350176565252440e+01
-4.890034769739097698e+01
-5.455276480921252613e+01
-6.000056054673231642e+01
-6.495041110221482938e+01
-6.927583623329482521e+01
-7.304206524255216948e+01
-7.646164878084915983e+01
-7.979785955826687882e+01
-8.326098687070734172e+01
-8.694428161342668204e+01
-9.081710532472919795e+01
-9.475933280993729113e+01
-9.861093628388493926e+01
-1.022224424718301492e+02
-1.055036913662677165e+02
-1.084647877872787802e+02
-1.112303930121973252e+02
-1.140073389861611588e+02
-1.170061952892074828e+02
-1.203443690877266476e+02
-1.239699953540835509e+02
-1.276392019085866707e+02
-1.309640610807334156e+02
-1.335291688503447176e+02
-1.350496310910934312e+02
-1.355164391828208181e+02
-1.352623224426542095e+02
-1.348986840115285020e+02
-1.351213390127478817e+02
-1.364373224672141589e+02
-1.388999358145732117e+02
-1.419392063451878983e+02
-1.443431924728950264e+02
-1.444009131366741485e+02
-1.401795826459975274e+02
-1.298838065220832902e+02
-1.122303219268956411e+02
-8.676646593663112128e+01
-5.406205278395800917e+01
-1.571515180108311682e+01
2.585701390798916322e+01
6.781342590033736428e+01
1.073751053054592148e+02
1.422671556813695304e+02
1.710014339235945044e+02
1.929509511421756827e+02
2.082426045031399724e+02
2.175424075655102172e+02
2.218153424822636168e+02
2.221206402463126039e+02
2.194698026447198913e+02
2.147447871713732184e+02
2.086591418062502044e+02
2.017462002310354308e+02
1.943653073831661686e+02
1.867206567541360869e+02
1.788884445087673214e+02
1.708511747799256568e+02
1.625419117267566094e+02
1.538982203211058390e+02
1.449131918871888445e+02
1.356612194952644757e+02
1.262821696451647426e+02
1.169273350382050438e+02
1.076907701101912522e+02
9.855912804595001830e+01
8.940837019919052864e+01
8.005806820119747158e+01
7.036763815952546963e+01
6.033402130134741270e+01
5.014341097076157183e+01
4.014958937743562473e+01
3.078721158061079777e+01
2.245806153534198657e+01
1.543817299382756936e+01
9.841735733925290219e+00
5.648141571283968432e+00
2.764973824071464747e+00
1.084452142798717489e+00
5.046432122926560737e-01
9.150520671378465920e-01
2.167381265947739166e+00
4.058804675512675431e+00
6.346850441286143507e+00
8.792277545442907183e+00
1.120269566052104615e+01
1.344765206830115645e+01
1.543832505110672315e+01
1.709039832354743282e+01
1.829926600197377695e+01
1.895040414530382478e+01
1.896724141646607009e+01
1.837115060143990064e+01
1.731147844054064677e+01
1.603595123350012130e+01
1.481007098617004125e+01
1.382924909790669865e+01
1.316938596465613820e+01
1.279138037128775451e+01
1.258243158146590090e+01
1.240667397183003651e+01
1.214842967372177363e+01
1.174451512351998339e+01
1.120351966282312972e+01
1.060527826257115080e+01
1.007683672304777112e+01
9.751662395603165834e+00
9.724968728032118648e+00
1.001691548763270845e+01
1.055337279133440376e+01
1.117348322745294453e+01
1.167044450383420440e+01
1.186063175500563105e+01
1.165763458349894321e+01
1.111701258003448345e+01
1.042837561427865012e+01
9.857807751938441498e+00
9.666972736250883713e+00
1.004165341218783070e+01
1.104873369901156366e+01
1.261597162160919083e+01
1.451571131995701691e+01
1.634964611929384404e+01
1.756423369788322475e+01
1.753841009343073409e+01
1.575411286285458345e+01
1.200191302393928083e+01
6.529777218316360710e+00
4.687016554355238895e-02
