-4.699532731182601708e+01
-6.667072881824046249e+01
-8.432267592783256305e+01
-9.847762336536118255e+01
-1.085197489194611791e+02
-1.147489901848354208e+02
-1.181733043219725374e+02
-1.201358374898128147e+02
-1.219097704050992519e+02
-1.243828275577413507e+02
-1.279129176590280963e+02
-1.323756529816958505e+02
-1.373589658815040764e+02
-1.424121803318383002e+02
-1.472437373546613060e+02
-1.517852167264472314e+02
-1.560909981793087695e+02
-1.601107679124162360e+02
-1.634338078860642440e+02
-1.651266280152251511e+02
-1.637510195856283133e+02
-1.575779794256148421e+02
-1.449450662434619801e+02
-1.246650012210668592e+02
-9.637964847206474417e+01
-6.076043138013023537e+01
-1.949033383218672100e+01
2.497420797959656369e+01
6.979347494354614412e+01
1.121765806293373942e+02
1.497492079546014168e+02
1.807939851648189915e+02
2.043581617009507454e+02
2.202591385882857651e+02
2.290128105065477371e+02
2.316863649001474812e+02
2.296784962872257552e+02
2.244616498638211510e+02
2.173469082875187723e+02
2.093242146444038951e+02
2.009984268823481273e+02
1.926122319060690415e+02
1.841334256413549042e+02
1.753801638348844563e+02
1.661533188535040324e+02
1.563413513051380335e+02
1.459697986748708161e+02
1.351866759376671894e+02
1.241977226978997066e+02
1.131819067781962644e+02
1.022224150732167658e+02
9.127979283515195164e+01
8.021567216635733644e+01
6.885440141185102902e+01
5.705366380266121951e+01
4.475399038198649748e+01
3.199367747377534243e+01
1.889535209841498897e+01
5.637251025328364307e+00
-7.579530793432128988e+00
-2.055415112054636495e+01
-3.308345983139353308e+01
-4.493099985964678211e+01
-5.579223409240012188e+01
-6.529742093820885884e+01
-7.307726061431517905e+01
-7.887346381369702897e+01
-8.263952617197895734e+01
-8.457657754908277070e+01
-8.508513352234346883e+01
-8.465729137805362825e+01
-8.375724304475576787e+01
-8.273360766802133526e+01
-8.178488365701586815e+01
-8.097591135548842090e+01
-8.029129051008855811e+01
-7.970896189969749912e+01
-7.927189065986686956e+01
-7.912767337483202823e+01
-7.951023657579479220e+01
-8.066342676940402612e+01
-8.273906502346780201e+01
-8.571669000848497433e+01
-8.937857508911307036e+01
-9.334688709209234503e+01
-9.717112659437682964e+01
-1.004451102903825017e+02
-1.029221008168223221e+02
-1.045872107481605440e+02
-1.056571409093657223e+02
-1.065113236556376108e+02
-1.075892834960478979e+02
-1.092927222661001139e+02
-1.119125393958109242e+02
-1.155817195161593531e+02
-1.202476079587213462e+02
-1.256619955639875030e+02
-1.313992810591063858e+02
-1.369195977037770149e+02
-1.416811423217294248e+02
-1.452776916761287112e+02
-1.475551782726313377e+02
-1.486600896415633315e+02
-1.489924592714077107e+02
-1.490724263706753447e+02
-1.493691037162616624e+02
-1.501613318516892548e+02
-1.514852867574016386e+02
-1.531797295361480451e+02
-1.549937486271970215e+02
-1.567026132589658118e+02
-1.581888154689939086e+02
-1.594687086175597130e+02
-1.606628141908512930e+02
-1.619157202445413475e+02
-1.632742658080400417e+02
-1.645396981495595981e+02
-1.651266280152251511e+02
-1.639806954433676935e+02
-1.596115015631650067e+02
-1.502770109761145534e+02
-1.343093319136867194e+02
-1.105108724760153933e+02
-7.850744162830947914e+01
-3.895175941505934247e+01
6.476356413114244148e+00
5.526498112756512882e+01
1.044144671415450318e+02
1.508716747952733783e+02
1.919830138892931188e+02
2.258795911203804678e+02
2.517050877108654845e+02
2.696240609380527076e+02
2.806053950063489992e+02
2.860469486454586558e+02
2.873636146685117296e+02
2.856710753883612597e+02
2.816530762693214456e+02
2.756231042996517999e+02
2.677170734013790252e+02
2.581110525150810417e+02
2.471624711250849202e+02
2.354206467234792797e+02
2.235179283291178649e+02
2.120038653988189026e+02
2.012011103108972918e+02
1.911413051974557504e+02
1.815962389975881592e+02
1.721781610361245498e+02
1.624634135495236364e+02
1.520995858330828980e+02
1.408763524049840612e+02
1.287567987803080882e+02
1.158709016093037434e+02
1.024724780072225343e+02
8.886801447221181149e+01
7.534254700656923376e+01
6.211856673935854900e+01
4.936999550514254054e+01
3.727788271902745976e+01
2.608541501527198037e+01
1.611056129734132725e+01
7.701299941200263177e+00
1.150948299747751591e+00
-3.386562688584735525e+00
-5.940902879581827278e+00
-6.713307701593308252e+00
-6.026393450574879296e+00
-4.268830460470802279e+00
-1.856018051903625121e+00
7.923628052614084538e-01
3.268772873842632265e+00
5.201397057140837887e+00
6.292757950533996336e+00
6.366780245081375966e+00
5.401173816845171061e+00
3.518833870559422650e+00
9.294643900501338152e-01
-2.158787300662478259e+00
-5.618184797940841690e+00
-9.435410079128526917e+00
-1.368827545615130958e+01
-1.847512069208192287e+01
-2.382123550613626151e+01
-2.959935360784790248e+01
-3.550808118569599259e+01
-4.113612901205342354e+01
-4.609877238557629653e+01
-5.018944177112940963e+01
-5.347448060966871708e+01
-5.628482033165410314e+01
-5.910818255952428046e+01
-6.242930505325944068e+01
-6.658273369330302671e+01
-7.167042906798891977e+01
-7.756568141322787824e+01
-8.399098539964279553e+01
-9.063118331374131742e+01
-9.723004721772269932e+01
-1.036282290081822595e+02
-1.097376168821762974e+02
-1.154888547144525717e+02
-1.207991532156719927e+02
-1.255799259069613640e+02
-1.297682926070519613e+02
-1.333547840108320486e+02
-1.363957084998105813e+02
-1.390192280557162121e+02
-1.414332019536595908e+02
-1.439217035911613891e+02
-1.468027835270988248e+02
-1.503291461992296547e+02
-1.545371988927938958e+02
-1.590767965870973910e+02
-1.630785812611367760e+02
-1.651266280152251511e+02
-1.633886212442875205e+02
-1.559134193507377404e+02
-1.410461036173402647e+02
-1.178540026998586541e+02
-8.643569336899223288e+01
-4.801706296648649186e+01
-4.806675808779985459e+00
4.034854068504694169e+01
8.441916671714039921e+01
1.246531797108838759e+02
1.589418792880813953e+02
1.860286821136169806e+02
2.055442557069911516e+02
2.178920316796109660e+02
2.240323952761320356e+02
2.252227669518584321e+02
2.227675956384790936e+02
2.178191161730704550e+02
2.112534887412205649e+02
2.036338878412620375e+02
1.952577766960184249e+02
1.862639368362305277e+02
1.767539516123362375e+02
1.668798910348621973e+02
1.568709537337740869e+02
1.470035483892799562e+02
1.375409379642139811e+02
1.286698543237847048e+02
1.204504515722264273e+02
1.127872133975412510e+02
1.054260743889913954e+02
9.798293162948962731e+01
9.000928180629063036e+01
8.109780367454257544e+01
7.101441108135036018e+01
5.981531931714415151e+01
4.789256238992972214e+01
3.591497795546615635e+01
2.468602393591858757e+01
1.498151503411633811e+01
7.424071320340473790e+00
2.407945977539295512e+00
5.334284982413350917e-02
1.746620912633147782e-01
2.276658663898945889e+00
5.605290368436556037e+00
