-8.128368825423237354e+01
-1.267400975700759034e+02
-1.719942566115618376e+02
-2.167385320384697138e+02
-2.607800328749971754e+02
-3.040081820739657132e+02
-3.462982466491641276e+02
-3.874014002468454692e+02
-4.268934488216685281e+02
-4.642216902581113800e+02
-4.988239458573302727e+02
-5.302526727791625945e+02
-5.582474253731996896e+02
-5.827391725327851191e+02
-6.038063493447441488e+02
-6.216175776636046066e+02
-6.363884560484850681e+02
-6.483587328780861299e+02
-6.577786444617431698e+02
-6.648942959287792291e+02
-6.699391780315385176e+02
-6.731507524377444724e+02
-6.748163036393527818e+02
-6.753174081298766396e+02
-6.751239397306524097e+02
-6.747114803527933873e+02
-6.744237507387661026e+02
-6.743450988691097336e+02
-6.742704292429767747e+02
-6.738407940748853662e+02
-6.728395007747527643e+02
-6.715463446625199140e+02
-6.709824098725433714e+02
-6.728785469881838708e+02
-6.792651637734384167e+02
-6.916887766075504942e+02
-7.101885854453577167e+02
-7.322885859836510463e+02
-7.523446459843355569e+02
-7.615904586077762133e+02
-7.491071499497988952e+02
-7.036866796230418686e+02
-6.162379301714669282e+02
-4.821311904570816864e+02
-3.028118165492446110e+02
-8.618002810032733407e+01
1.544164252898225982e+02
4.023182655943612644e+02
6.402420524187275532e+02
8.528373853676697536e+02
1.028566958524799475e+03
1.160647368610316335e+03
1.247080619573462172e+03
1.289996750664337242e+03
1.294592161607736216e+03
1.267926089406003030e+03
1.217780446091636350e+03
1.151725165189174277e+03
1.076473251073260826e+03
9.975565342155528015e+02
9.192931422531852377e+02
8.449479432304904094e+02
7.769364705205097152e+02
7.169305957713553425e+02
6.657978768750699601e+02
6.234136163895474283e+02
5.884753806581038589e+02
5.584801772364808130e+02
5.299799596793690171e+02
4.991347377781852401e+02
4.624722564044800492e+02
4.176715958746916044e+02
3.641479708618136897e+02
3.032552436671413147e+02
2.380366931097789802e+02
1.725977161726621887e+02
1.112863291730777462e+02
5.790633380967284438e+01
1.514490895076380639e+01
-1.570108251872080274e+01
-3.471932757626087351e+01
-4.318591966936936899e+01
-4.328348707299944920e+01
-3.780226230978450275e+01
-2.984275202638819025e+01
-2.252160472834908234e+01
-1.869761487200958072e+01
-2.073892296397830393e+01
-3.033341540462576091e+01
-4.834301603565828032e+01
-7.473733263169103225e+01
-1.086653835192338136e+02
-1.486877118935506132e+02
-1.931135878848115226e+02
-2.403290211362333082e+02
-2.889999455714902297e+02
-3.380900415073472800e+02
-3.867206904057763950e+02
-4.339858280932218690e+02
-4.788679500146764667e+02
-5.203441337927738459e+02
-5.576408072019801239e+02
-5.904793707335124964e+02
-6.191430794198639660e+02
-6.443024755751519024e+02
-6.666836898929615245e+02
-6.867487751769654096e+02
-7.045345119128616034e+02
-7.196988841206109555e+02
-7.317234056564223010e+02
-7.401681812896159727e+02
-7.448826499302304001e+02
-7.461136127880472486e+02
-7.444980844225194687e+02
-7.409637226774112833e+02
-7.365690601852536474e+02
-7.323028938202619429e+02
-7.288581000415650806e+02
-7.264272239381081135e+02
-7.246162149174499518e+02
-7.225779953891561718e+02
-7.193888456869941592e+02
-7.145603977951145680e+02
-7.084819887658109110e+02
-7.025838885359269170e+02
-6.990979117240703999e+02
-7.004190367675525977e+02
-7.081894086481612476e+02
-7.223083516822025558e+02
-7.401146691336790582e+02
-7.559904814657147654e+02
-7.615904586077762133e+02
-7.467967880840299131e+02
-7.013412634870120428e+02
-6.168400509723823006e+02
-4.888096882003997621e+02
-3.181373526156102116e+02
-1.115560467876445898e+02
1.190666392405777856e+02
3.584767918002589795e+02
5.903876597496735030e+02
7.998766349118423022e+02
9.753095409281207822e+02
1.109467032727067817e+03
1.199801224350506345e+03
1.247956129452663163e+03
1.258785832832454162e+03
1.239127428472345855e+03
1.196578700276588279e+03
1.138497766910888004e+03
1.071363165405271275e+03
1.000513740777261205e+03
9.301732703870698060e+02
8.636023316676286186e+02
8.032242247771060875e+02
7.506319492354491558e+02
7.064760772163959928e+02
6.703198890939385137e+02
6.405876384930371614e+02
6.147099498553931198e+02
5.895041524684025944e+02
5.617476385789148026e+02
5.288344820500589094e+02
4.893629409124132508e+02
4.434941879388304642e+02
3.929639461024338516e+02
3.407220453048838635e+02
2.902930512287925922e+02
2.450417043042897376e+02
2.075480365743488278e+02
1.792425113589778789e+02
1.603474752589379193e+02
1.500630955002450833e+02
1.468720049133072507e+02
1.488415585640744609e+02
1.538579092669071429e+02
1.597874875123831089e+02
1.645942621688211034e+02
1.664395911770669727e+02
1.637737404821430971e+02
1.554181852146262770e+02
1.406413403021473130e+02
1.192291012229428873e+02
9.153144830148035282e+01
5.844378935200521852e+01
2.128526632354095582e+01
-1.842789831200947148e+01
-5.926514461823471436e+01
-1.001303904166331193e+02
-1.403829824388438681e+02
-1.797861145686657380e+02
-2.183183016523229867e+02
-2.559457052427318899e+02
-2.924645604200784419e+02
-3.274818161137118295e+02
-3.605274536177246318e+02
-3.912221552176012551e+02
-4.194004722342810396e+02
-4.451236043019199542e+02
-4.685837308226037408e+02
-4.899656139379246724e+02
-5.093537314203323376e+02
-5.267380275811761976e+02
-5.421020554864403493e+02
-5.555242189595782065e+02
-5.672242218715466606e+02
-5.775354099948045814e+02
-5.868307022609546948e+02
-5.954369552277181583e+02
-6.035540974627693913e+02
-6.111900893241773929e+02
-6.181384377599853224e+02
-6.240328218928815431e+02
-6.284908046730214437e+02
-6.313175166033366850e+02
-6.327094875587841898e+02
-6.333936542449018816e+02
-6.346517747956551148e+02
-6.381998769946283119e+02
-6.459017009089481007e+02
-6.592996152033357475e+02
-6.789734000115626031e+02
-7.038071924254373926e+02
-7.303399887670425414e+02
-7.524457670887984477e+02
-7.615904586077762133e+02
-7.478196584315502378e+02
-7.014367431861104478e+02
-6.150729693372944666e+02
-4.856316339120627390e+02
-3.155334500891254947e+02
-1.128583494833816019e+02
1.096928710492533838e+02
3.367475774619030062e+02
5.526193274167636673e+02
7.435197197292313831e+02
8.991841952784917567e+02
1.013689646984354567e+03
1.085472004947750065e+03
1.116722272436462390e+03
1.112421330674075762e+03
1.079273106453007586e+03
1.024730702700529491e+03
9.562151384678451222e+02
8.805481167500732909e+02
8.035806822269083796e+02
7.299842469243012602e+02
6.631628452927512853e+02
6.052462242049919041e+02
5.571355124094382063e+02
5.185927553703234025e+02
4.883842602719589081e+02
4.644947731937332378e+02
4.444191509972395124e+02
4.255154557069081420e+02
4.053763343270237556e+02
3.821534377428695279e+02
3.547704804596213535e+02
3.229950884955895845e+02
2.873872439163510535e+02
2.491691602145008346e+02
2.100591402036764634e+02
