-2.253893364521716762e+02
-3.154502310097690270e+02
-3.931089915688941119e+02
-4.497449792244038349e+02
-4.828424192655099318e+02
-4.959175371491946862e+02
-4.965296890127658003e+02
-4.934572016560858856e+02
-4.941575326717928078e+02
-5.032236063553431791e+02
-5.220069106348154264e+02
-5.491591401852850822e+02
-5.816585715797587000e+02
-6.159082076657248308e+02
-6.486271251361483792e+02
-6.774120475767515472e+02
-7.009675707049068478e+02
-7.190745053411143317e+02
-7.323880287092500794e+02
-7.421432603350498312e+02
-7.498215462441750105e+02
-7.568160389694221521e+02
-7.641322960826011013e+02
-7.721666189080231106e+02
-7.806150177080083949e+02
-7.885585255477823239e+02
-7.947270974515889748e+02
-7.978738157464944152e+02
-7.971384015714551197e+02
-7.922880638710308858e+02
-7.837825212554756718e+02
-7.726650021623388511e+02
-7.603129156605303933e+02
-7.481132566254544827e+02
-7.371582796666141348e+02
-7.280533811584971318e+02
-7.208782315819807991e+02
-7.152755917944355133e+02
-7.106073179863620908e+02
-7.061292689082093830e+02
-7.011668407024382077e+02
-6.952872941841267220e+02
-6.884607442690814878e+02
-6.811884541141869249e+02
-6.745546289534714788e+02
-6.701302644609087338e+02
-6.696532682078458265e+02
-6.744607910886376203e+02
-6.847505502187128741e+02
-6.988478490260044964e+02
-7.127065822259172592e+02
-7.198602788538460118e+02
-7.119666598922559615e+02
-6.799635080233676945e+02
-6.156902131046857676e+02
-5.136620535474127109e+02
-3.725710775101553622e+02
-1.960958185885680791e+02
7.239529140203217139e+00
2.251575013739665110e+02
4.434159690812847430e+02
6.478745298185707497e+02
8.263938432918598664e+02
9.702197865327487989e+02
1.074669250109379846e+03
1.139110013427609829e+03
1.166371857470489886e+03
1.161806150306858171e+03
1.132216993229237005e+03
1.084851155194038711e+03
1.026590721933026998e+03
9.634350047617200516e+02
9.002718091283915101e+02
8.408508818096133837e+02
7.878359156819507234e+02
7.428406348821573602e+02
7.064178785520681458e+02
6.780329131702973200e+02
6.560920756748948861e+02
6.380969191170105432e+02
6.209506989028585622e+02
6.013896431243412053e+02
5.764798200780688830e+02
5.441110695853808465e+02
5.034088550865411662e+02
4.549670054544225195e+02
4.008080607853125343e+02
3.440351537343283894e+02
2.882393599477168209e+02
2.368167297588530573e+02
1.923802727053097783e+02
1.564112932944250360e+02
1.292028799136144812e+02
1.100453320142155746e+02
9.753373898085192195e+01
8.987160946531588479e+01
8.509510372331990880e+01
8.121324096361516354e+01
7.630860054332941900e+01
6.864451024788044720e+01
5.678444459232764530e+01
3.968776741509121564e+01
1.674506026201660802e+01
-1.224358021153622644e+01
-4.710428936795152310e+01
-8.729726896637373557e+01
-1.318990310383869371e+02
-1.796139011217967152e+02
-2.288814536632339127e+02
-2.780945983637409995e+02
-3.258635848172295937e+02
-3.712221333748241818e+02
-4.136993269158779185e+02
-4.532404965928534466e+02
-4.900125787899420970e+02
-5.241652511211145793e+02
-5.556390288087193312e+02
-5.841041594003031605e+02
-6.090674190747118928e+02
-6.301079550070079449e+02
-6.471360994425226636e+02
-6.605504647281936741e+02
-6.712099862287933547e+02
-6.802183214757022824e+02
-6.886013311627641542e+02
-6.970081080407600211e+02
-7.055583443729062765e+02
-7.138914622113807127e+02
-7.213781764827334655e+02
-7.273912433695776372e+02
-7.315322159925798360e+02
-7.337528524817687412e+02
-7.343553403607093060e+02
-7.338923150461204159e+02
-7.330150437478057484e+02
-7.323241213704460506e+02
-7.322550848764362854e+02
-7.330037484515690949e+02
-7.344909932664937742e+02
-7.363796548177601835e+02
-7.381593871968844951e+02
-7.392982358660178761e+02
-7.394367683665770983e+02
-7.385858094235865110e+02
-7.372785509378732058e+02
-7.366133830101456397e+02
-7.381125114432496730e+02
-7.433376846278865742e+02
-7.532630496106119153e+02
-7.674931851551110640e+02
-7.835071868704086455e+02
-7.961833579432901615e+02
-7.978738157464944152e+02
-7.792060864730103731e+02
-7.305857092598994313e+02
-6.441289443721279895e+02
-5.155692543479539154e+02
-3.456311695301645841e+02
-1.404743761368545165e+02
8.894818421831806177e+01
3.284740788908690092e+02
5.628543991853271109e+02
7.778967351616626047e+02
9.621798912367511321e+02
1.108096933814533713e+03
1.212200894422657711e+03
1.274968261152307605e+03
1.300148485478098337e+03
1.293866343722817646e+03
1.263622226364263497e+03
1.217314367036616432e+03
1.162389654069152130e+03
1.105205019232413406e+03
1.050644065300296006e+03
1.001992261397984976e+03
9.610374528932585463e+02
9.283290686800265803e+02
9.034979358043942739e+02
8.855253588847004949e+02
8.728842001117823202e+02
8.635620185929614081e+02
8.550715353597601052e+02
8.445849243230552474e+02
8.292619472949143073e+02
8.067219611690117063e+02
7.755242261618705015e+02
7.355193459216885685e+02
6.879878249747438304e+02
6.355309132006005939e+02
5.817090627449078966e+02
5.304643704277907545e+02
4.854301534730871595e+02
4.492912968382626104e+02
4.233651627025711264e+02
4.075070560919890568e+02
4.003344811667342356e+02
3.996634046986644648e+02
4.030002767602922518e+02
4.079472384453071072e+02
4.124388455044939406e+02
4.148081070424441918e+02
4.137451764640034639e+02
4.082360769838522288e+02
3.975444707858821971e+02
3.812475028765592242e+02
3.592912768551449858e+02
3.320166859819589149e+02
3.001247647478302270e+02
2.645858866390478852e+02
2.265234389512486928e+02
1.871051191116945915e+02
1.474626073163612716e+02
1.086470633563362469e+02
7.160949575861067729e+01
3.717071761621234316e+01
5.944856682173593754e+00
-2.177491538357281797e+01
-4.610456576779654370e+01
-6.756047235300437137e+01
-8.693420306074199289e+01
-1.050919548649087574e+02
-1.227638147667008468e+02
-1.403794085171606412e+02
-1.579930902180754515e+02
-1.753263354758254877e+02
-1.919220317263043967e+02
-2.073580293789938764e+02
-2.214345308286271461e+02
-2.342617633614570991e+02
-2.462278020304512438e+02
-2.578803190848785221e+02
-2.697770630363056625e+02
-2.823550881473078675e+02
-2.958582075893348815e+02
-3.103467922955537688e+02
-3.257856696436759876e+02
-3.421690601845820083e+02
-3.596154535684459006e+02
-3.783704168236940859e+02
-3.986973673298382437e+02
-4.206982219265621552e+02
-4.441560504709843826e+02
-4.685040441731798637e+02
-4.929870998011177790e+02
-5.169963241818032884e+02
-5.404512675558622732e+02
-5.640395094907404427e+02
-5.891497835980500213e+02
-6.174439844164571696e+02
-6.501404427175237970e+02
-6.871665700239205989e+02
-7.263779232466691838e+02
-7.630615950570462473e+02
-7.899451991697770836e+02
-7.978738157464944152e+02
-7.771606127531512129e+02
-7.193944594142130882e+02
-6.192990572179576247e+02
-4.761867051791806489e+02
-2.946603424879431259e+02
-8.441259795180553738e+01
1.408486975025925290e+02
