-8.103122715426721356e+01
-1.838415350631187266e+02
-2.713957147391090530e+02
-3.327036324535519611e+02
-3.637460258087498914e+02
-3.675876424936432159e+02
-3.523688211490774052e+02
-3.282785391170417597e+02
-3.046806984421284596e+02
-2.881898816502092586e+02
-2.819698209857616007e+02
-2.860853864163343587e+02
-2.984911364177249880e+02
-3.161973539192487124e+02
-3.362606767772955436e+02
-3.564163004278483982e+02
-3.753266485184024077e+02
-3.925238411551803779e+02
-4.081642860632011889e+02
-4.227120960366759164e+02
-4.366457186549041580e+02
-4.502515848082977641e+02
-4.635341173466758278e+02
-4.762364986375455942e+02
-4.879388931900157900e+02
-4.981885855823982183e+02
-5.066199006360168937e+02
-5.130345260780876515e+02
-5.174289661113530201e+02
-5.199699978438866310e+02
-5.209288078431803797e+02
-5.205930571761389274e+02
-5.191838666795447352e+02
-5.168057581974785535e+02
-5.134477131356284190e+02
-5.090331974725075952e+02
-5.034943921742487305e+02
-4.968381767385141075e+02
-4.891859676024493524e+02
-4.807899622621479239e+02
-4.720348521480142381e+02
-4.634245906239392525e+02
-4.555394909399263383e+02
-4.489448144138220300e+02
-4.440515880066199657e+02
-4.409709028808860580e+02
-4.394365212761801445e+02
-4.388653716292425884e+02
-4.385746733245753717e+02
-4.380995227912220571e+02
-4.374906077516252481e+02
-4.374503065882418582e+02
-4.391992924394559168e+02
-4.440426687897277702e+02
-4.527022812545383772e+02
-4.645791187999565182e+02
-4.771798307468644680e+02
-4.859493050576988935e+02
-4.846733012320435705e+02
-4.664601424445483531e+02
-4.251223504907465554e+02
-3.566254781047227880e+02
-2.602170258373377010e+02
-1.389191063192828040e+02
7.591265091124625997e-01
1.498143733107124831e+02
2.981794000403745031e+02
4.362257259736259130e+02
5.560031708632516256e+02
6.520062352857642054e+02
7.214164114914613037e+02
7.639036124791637121e+02
7.811450254574814380e+02
7.762317874000152642e+02
7.531007152554943787e+02
7.160723405890973936e+02
6.695145595411315753e+02
6.175991895770349629e+02
5.640961874041101964e+02
5.121674612279530265e+02
4.641635516408012450e+02
4.214616843775089592e+02
3.843962758490015972e+02
3.523253674925594510e+02
3.238524838207599714e+02
2.971839303563495491e+02
2.705563544458648835e+02
2.426379725842353992e+02
2.128066628887287948e+02
1.812443475906102890e+02
1.488456606605713546e+02
1.169902926833135552e+02
8.724930033075634128e+01
6.108658965108597272e+01
3.959663818995574047e+01
2.330774555726347330e+01
1.208118868894165132e+01
5.135490248909448496e+00
1.202430133873974683e+00
-1.220708268045228806e+00
-3.595254645502748758e+00
-7.123233517838130524e+00
-1.264415187839901478e+01
-2.065398969490905756e+01
-3.140265667504085911e+01
-4.500045929753797225e+01
-6.147752544736736979e+01
-8.078119752319375380e+01
-1.027375393131492132e+02
-1.270208047509878497e+02
-1.531636878011366321e+02
-1.806122280902975774e+02
-2.088007237492237778e+02
-2.372121449812082119e+02
-2.654035793833145362e+02
-2.929996855179452382e+02
-3.196713617488653654e+02
-3.451171301681875434e+02
-3.690567299812983038e+02
-3.912347560196359950e+02
-4.114224899298799301e+02
-4.294088924465484638e+02
-4.449895959659322102e+02
-4.579785061458767359e+02
-4.682592778180066375e+02
-4.758637134655375007e+02
-4.810346693059196355e+02
-4.842284884158845557e+02
-4.860398398849589512e+02
-4.870676460085850863e+02
-4.877637974145341104e+02
-4.883157912498161295e+02
-4.886119841968798596e+02
-4.883168497714834757e+02
-4.870435592694282718e+02
-4.845676197186123204e+02
-4.809993505660473829e+02
-4.768402692483572878e+02
-4.728884891229963046e+02
-4.700150347955583356e+02
-4.688873040172759374e+02
-4.697474232361407758e+02
-4.723405710358870806e+02
-4.760289552553509225e+02
-4.800507264284536291e+02
-4.838277153958260328e+02
-4.872075712345753118e+02
-4.905408187895068863e+02
-4.945351109370108702e+02
-4.998910352071827106e+02
-5.067927474506464591e+02
-5.143820429217744277e+02
-5.203695591874040929e+02
-5.209288078431803797e+02
-5.109811118096630480e+02
-4.849061237085988978e+02
-4.375968473146377278e+02
-3.656480549034692444e+02
-2.683710966029332212e+02
-1.483324742456576644e+02
-1.123576789347552207e+01
1.348417537608438579e+02
2.806676599241982331e+02
4.172307239793009330e+02
5.369600352230131648e+02
6.345398942179572259e+02
7.072092439146904326e+02
7.545927209721164672e+02
7.782280058963610827e+02
7.809864051260776705e+02
7.665360393237933749e+02
7.389162065871043978e+02
7.022251066862909283e+02
6.603895566555457890e+02
6.169768187423325116e+02
5.750150410167701693e+02
5.368091436759420958e+02
5.037706012841464940e+02
4.763092684306504339e+02
4.538465787892211551e+02
4.349928685320474528e+02
4.178908765420408713e+02
4.006768529307178710e+02
3.819652613204191880e+02
3.612353258631197832e+02
3.390037546703532030e+02
3.167210227591970124e+02
2.964167215215311444e+02
2.802022071644893231e+02
2.697758119079729795e+02
2.660567544348027127e+02
2.690189462438694363e+02
2.777339657158238424e+02
2.905823833683153907e+02
3.055625441637142785e+02
3.206174750163880276e+02
3.339099563296048245e+02
3.439992628134136794e+02
3.499085462606093984e+02
3.511079890104617789e+02
3.474552447242316475e+02
3.391246458061625049e+02
3.265372873441264687e+02
3.102920220592761780e+02
2.910923837684244972e+02
2.696652255847845936e+02
2.466772208407833773e+02
2.226682708655805811e+02
1.980216429503676068e+02
1.729776390865015117e+02
1.476822112874669699e+02
1.222529337170312544e+02
9.684328083704511414e+01
7.169083372626444373e+01
4.714194507013482394e+01
2.364828700718830135e+01
1.730188469681010588e+00
-1.809363784174638567e+01
-3.539871808401656494e+01
-4.994880722382083604e+01
-6.176788901799773157e+01
-7.116824495206736856e+01
-7.871642359792571142e+01
-8.513352779550382365e+01
-9.115633392144422942e+01
-9.741313637343898790e+01
-1.043646541988618424e+02
-1.123220192361117711e+02
-1.215076089434724622e+02
-1.321031716283695800e+02
-1.442497149428852481e+02
-1.580116113402779092e+02
-1.733527524410337151e+02
-1.901636787937442250e+02
-2.083380341273622776e+02
-2.278635084551518162e+02
-2.488876767305349063e+02
-2.717335440691562667e+02
-2.968533340717326041e+02
-3.247116072781984144e+02
-3.555853603731122803e+02
-3.892748749964396211e+02
-4.247488952799058097e+02
-4.598015063968508684e+02
-4.908562776726648735e+02
-5.130802776824953071e+02
-5.209288078431803797e+02
-5.091165900688046122e+02
-4.738364907773948289e+02
-4.139019734808846351e+02
-3.314562787151351131e+02
-2.319983913897259526e+02
-1.236766821375683776e+02
-1.600863884771376888e+01
8.167139663446144482e+01
1.616827926802940851e+02
2.190726947243728659e+02
2.520973728419023701e+02
2.620855358641944122e+02
2.528285137323542244e+02
2.297530557473310182e+02
1.991452750806503502e+02
