4.429820894088635441e+00
-3.928847421190255318e+01
-8.074881487781260603e+01
-1.181430864105849992e+02
-1.502683182441826091e+02
-1.764422410186112984e+02
-1.962653749628281616e+02
-2.094136584381262480e+02
-2.155870262902862748e+02
-2.146322006379866991e+02
-2.067662593438757312e+02
-1.927833707079741998e+02
-1.741393743957963238e+02
-1.528643185962050666e+02
-1.313210809102806422e+02
-1.118795975462758037e+02
-9.659542028877203279e+01
-8.696733821507629614e+01
-8.381333916702236309e+01
-8.726405330206218025e+01
-9.684248001505918069e+01
-1.115890335118233594e+02
-1.302040202250372545e+02
-1.512029546665164617e+02
-1.730916445694454922e+02
-1.945552889234498082e+02
-2.146308030993646696e+02
-2.328183575827143557e+02
-2.490967519112059279e+02
-2.638304465649697477e+02
-2.775859709866570029e+02
-2.909071465051848691e+02
-3.041201651943679849e+02
-3.172343712511932949e+02
-3.299689352827561493e+02
-3.418864493846806454e+02
-3.525749317224014590e+02
-3.618036736869210017e+02
-3.695897838092064944e+02
-3.761487432204260699e+02
-3.817534616247879171e+02
-3.865712306088839796e+02
-3.905595233902170094e+02
-3.934679183082126315e+02
-3.949371984960458235e+02
-3.946464482911797518e+02
-3.924512173259924452e+02
-3.884705422786769873e+02
-3.831036791070479239e+02
-3.769782898021135225e+02
-3.708417138231869785e+02
-3.654092272755160025e+02
-3.611953757124197750e+02
-3.583803548218384663e+02
-3.567755062302512101e+02
-3.559237837751895768e+02
-3.553145735933244396e+02
-3.546424382939640623e+02
-3.540150355680690382e+02
-3.540163577701038662e+02
-3.555593504700401013e+02
-3.595203914880917182e+02
-3.662234910368619580e+02
-3.749045389091400580e+02
-3.833149633757587367e+02
-3.876200616816731213e+02
-3.827078695138530975e+02
-3.629324740365777302e+02
-3.231745610708390473e+02
-2.599685065080140021e+02
-1.723958468089207088e+02
-6.250938838151442667e+01
6.480629455676557882e+01
2.024797932248652046e+02
3.422328372189984407e+02
4.756749560425536174e+02
5.953043937937654846e+02
6.952641098055003113e+02
7.717779434415226660e+02
8.232635958798410911e+02
8.501728450860011890e+02
8.546383402572398609e+02
8.400080983067236957e+02
8.103344860421943849e+02
7.698750637860449615e+02
7.226645104539685462e+02
6.722093584111611335e+02
6.213208784534709821e+02
5.720534136665062306e+02
5.256978010492977091e+02
4.828070487187782760e+02
4.432713125417910192e+02
4.064701548475693471e+02
3.715053317911539921e+02
3.374816282756705164e+02
3.037803283731709030e+02
2.702654116921642640e+02
2.373738976182037277e+02
2.060682886957894198e+02
1.776658718491522109e+02
1.535928376275970209e+02
1.351272254847139607e+02
1.231887834069751193e+02
1.182094088436367372e+02
1.200860941609987407e+02
1.281958069240446036e+02
1.414495773440130506e+02
1.583760337056132812e+02
1.772347442735665481e+02
1.961551608839641290e+02
2.132859352671794966e+02
2.269377330381257707e+02
2.357109998693873365e+02
2.386051016560369931e+02
2.351009590125432567e+02
2.252039115632380799e+02
2.094343881679367882e+02
1.887586862095510298e+02
1.644583920783983331e+02
1.379480988124112741e+02
1.105666598191130277e+02
8.337918322202067145e+01
5.703028708490928977e+01
3.168530869906197722e+01
7.084080931264296055e+00
-1.729311681887267582e+01
-4.198331235538020678e+01
-6.728992182902459263e+01
-9.310039187257609683e+01
-1.188292283689177680e+02
-1.435044552386321470e+02
-1.659763957119822066e+02
-1.851944500656123296e+02
-2.004743979649902599e+02
-2.116808441250295232e+02
-2.192824110774084829e+02
-2.242784907779961827e+02
-2.280200521187765048e+02
-2.319549656150866213e+02
-2.373388472328910552e+02
-2.449712495506184382e+02
-2.550292837804746569e+02
-2.670563697271532533e+02
-2.801196913423340789e+02
-2.930968222687158118e+02
-3.050153152872842952e+02
-3.153568109691839823e+02
-3.242409456362025821e+02
-3.324161031676235893e+02
-3.410083365144599270e+02
-3.510298636439396773e+02
-3.627295622560516790e+02
-3.749604244706521285e+02
-3.847979575111590975e+02
-3.876200616816731213e+02
-3.777379034628538648e+02
-3.494900157020018128e+02
-2.985521322688869077e+02
-2.231182372014411612e+02
-1.246226167287209705e+02
-7.789692355661571810e+00
1.200098675643132253e+02
2.499219381534188358e+02
3.729901007556466084e+02
4.814323145042538385e+02
5.695580028357458104e+02
6.341938289021207993e+02
6.746251148409749021e+02
6.921743253966984639e+02
6.895986659749921728e+02
6.704840997336416422e+02
6.387529842127063375e+02
5.983172981543605147e+02
5.528395260934210000e+02
5.055381679351702360e+02
4.589956480482923098e+02
4.149724039878411759e+02
3.742768750407136054e+02
3.367622406657782790e+02
3.014997728414947460e+02
2.671228356774064423e+02
2.322747691897684774e+02
1.960547645012764804e+02
1.583482758126639851e+02
1.199545081457519871e+02
8.247976899072520496e+01
4.803310818648375857e+01
1.881039473805031648e+01
-3.330090591160896452e+00
-1.720610315574292315e+01
-2.249501948128948925e+01
-1.973584745147644526e+01
-1.017322386552137203e+01
4.495570029650153288e+00
2.239635654367794260e+01
4.170932956588185903e+01
6.081232300741619667e+01
7.833041096603639630e+01
9.312255166646757232e+01
1.042501447543002087e+02
1.109612097608945049e+02
1.127028133419973699e+02
1.091560598395957129e+02
1.002750094720485663e+02
8.630687604838698235e+01
6.777950373730625699e+01
4.545666150930914284e+01
2.027057939460167546e+01
-6.759339077082506364e+00
-3.461777513578374510e+01
-6.239050108326924970e+01
-8.935038090642434838e+01
-1.150023656953804050e+02
-1.390632664938522680e+02
-1.613767688232040030e+02
-1.817924130488143817e+02
-2.000601614002457609e+02
-2.157987891680373309e+02
-2.285701126698276653e+02
-2.380384480775196323e+02
-2.441502466737020995e+02
-2.472585929603842203e+02
-2.481377208889055339e+02
-2.478679469253931700e+02
-2.476117736316115554e+02
-2.483414139502326918e+02
-2.506060382435529732e+02
-2.544297830937112224e+02
-2.593977453080473765e+02
-2.649188195458372093e+02
-2.705775062336385872e+02
-2.764401619697261481e+02
-2.831853687368949863e+02
-2.919750904609153395e+02
-3.040526565088351845e+02
-3.201310628460907992e+02
-3.397128568486843960e+02
-3.605464231152363936e+02
-3.784428509923302499e+02
-3.876200616816731213e+02
-3.816015800490783363e+02
-3.545158415020290477e+02
-3.024851523116342378e+02
-2.247255581595292142e+02
-1.240376925052116519e+02
-6.544943850935126761e+00
1.192349814854935062e+02
2.437111862178228989e+02
3.575901446293602248e+02
4.530127578764030432e+02
5.243076594017255729e+02
5.683381061361822049e+02
5.844975291681142835e+02
5.744362464901728345e+02
5.415981184563490842e+02
4.906285127266997392e+02
4.266996491981564077e+02
3.548024891151824818e+02
2.790817741661134050e+02
2.023277455183093139e+02
1.257541698011607991e+02
4.915856391601647601e+01
