-1.331301031233901000e+01
1.028363862191764042e+02
1.982714928786142536e+02
2.585375920311968230e+02
2.793082444858256395e+02
2.662436901128685918e+02
2.316649574239199296e+02
1.898417901893673729e+02
1.527599714598643459e+02
1.275753559175755072e+02
1.160731419931568382e+02
1.157245164848110619e+02
1.215571822192429181e+02
1.280427648300065755e+02
1.304638185576835667e+02
1.256002361582888227e+02
1.118779579681263385e+02
8.922572236222396214e+01
5.881140979227464527e+01
2.270608798085902436e+01
-1.653508383492599876e+01
-5.635467781119539410e+01
-9.465072680207856592e+01
-1.300928027006384582e+02
-1.622095878182773845e+02
-1.912329680899495088e+02
-2.177658084948784563e+02
-2.424060812765531807e+02
-2.654782309200026589e+02
-2.869691433120068496e+02
-3.066562219490265306e+02
-3.243122238904113601e+02
-3.398442371598034129e+02
-3.532909799476590820e+02
-3.647138353168099911e+02
-3.740908486017121959e+02
-3.813082605408586687e+02
-3.862593898346711967e+02
-3.889773745224004529e+02
-3.897118258167441240e+02
-3.889136890358229266e+02
-3.871606330914360115e+02
-3.850776589215676609e+02
-3.832777299503142103e+02
-3.823083483796859241e+02
-3.825843309688533509e+02
-3.843144516086400131e+02
-3.874566547029090771e+02
-3.917367086072095503e+02
-3.967372479672173426e+02
-4.020227256508461551e+02
-4.072379929379889631e+02
-4.121327535305443348e+02
-4.165163132330691838e+02
-4.201936890721549958e+02
-4.229397410379161784e+02
-4.245364051029755501e+02
-4.248575025335186410e+02
-4.239622878525084388e+02
-4.221605603189015596e+02
-4.200279253873286507e+02
-4.183696904073257770e+02
-4.181495996271659124e+02
-4.203959806646433321e+02
-4.260599020963149997e+02
-4.357580832373762973e+02
-4.493443969282824924e+02
-4.653424475958456696e+02
-4.803996860482056945e+02
-4.890169890327640587e+02
-4.838085512118540237e+02
-4.564319943904101819e+02
-3.991105545317447536e+02
-3.064224796047843711e+02
-1.768788599209015331e+02
-1.382944545578760653e+01
1.745869375987095395e+02
3.764697176497612077e+02
5.779337039448212181e+02
7.652433616928628908e+02
9.268542624191883306e+02
1.054951867487107165e+03
1.146206069257929130e+03
1.201651685229403029e+03
1.225809267022125823e+03
1.225324811282678183e+03
1.207493220944569657e+03
1.179015909708704839e+03
1.145231189083556274e+03
1.109882794514774787e+03
1.075315909561678836e+03
1.042879244671596553e+03
1.013314282105155371e+03
9.870118921054863677e+02
9.641272018625786586e+02
9.445900355725156032e+02
9.280377841495509301e+02
9.136924266363677134e+02
9.002355096831086030e+02
8.857756106087679200e+02
8.680047475617748205e+02
8.445844735146939684e+02
8.137067381435266498e+02
7.746759607248430939e+02
7.283011338227582883e+02
6.769122038856155541e+02
6.239372148974415495e+02
5.731523367872557628e+02
5.278552373328950580e+02
4.902314883016005069e+02
4.610739663985117431e+02
4.398550751961813035e+02
4.250453773228455248e+02
4.145553535599348152e+02
4.062012998837758460e+02
3.981105005494504780e+02
3.889872772278206980e+02
3.781881540522764453e+02
3.656077561845218042e+02
3.514364732795287409e+02
3.358892502029472098e+02
3.190068419754907723e+02
3.005987028791496414e+02
2.803451408372727656e+02
2.580215880250353848e+02
2.337586107258881327e+02
2.082173846177975065e+02
1.825681323050452534e+02
1.582326458345100377e+02
1.364676578087659209e+02
1.179539590685018027e+02
1.025636603083158889e+02
8.940552870199627478e+01
7.713256835715682769e+01
6.438751108610324536e+01
5.021039375281236516e+01
3.426041671981187164e+01
1.679253454660783973e+01
-1.567111612154462819e+00
-2.012978261346574982e+01
-3.840527350356131819e+01
-5.622509876515914584e+01
-7.370444521702717111e+01
-9.108230806218421094e+01
-1.085200067770861665e+02
-1.259471200364301353e+02
-1.430165620009726695e+02
-1.591815002211379806e+02
-1.738628166842548808e+02
-1.866476869007814230e+02
-1.974446172451147277e+02
-2.065278873611824793e+02
-2.144467221850443366e+02
-2.218350165675569770e+02
-2.292025977038988458e+02
-2.367977531512329961e+02
-2.445983386399097981e+02
-2.524279544490505032e+02
-2.601360058436816871e+02
-2.677541036874170004e+02
-2.755536058864576034e+02
-2.839768662116462110e+02
-2.934837544192073437e+02
-3.044060530246654253e+02
-3.168944332749981641e+02
-3.309808105216216063e+02
-3.467091973900800213e+02
-3.642443419901829884e+02
-3.838550461234430031e+02
-4.056956669574493617e+02
-4.293826757591887144e+02
-4.534609026312664355e+02
-4.749294530977142585e+02
-4.890169890327640587e+02
-4.893622824072430149e+02
-4.686933699330091940e+02
-4.200145319510450008e+02
-3.381333799088190517e+02
-2.211803849277301879e+02
-7.166171693933256392e+01
1.033375878151002780e+02
2.929354050012977382e+02
4.840569781194575398e+02
6.634669061142826649e+02
8.197360440590564394e+02
9.447155514064510271e+02
1.034274054243105184e+03
1.088262498670592777e+03
1.109838397550447098e+03
1.104392292282185508e+03
1.078368475540578174e+03
1.038245028614285729e+03
9.898373178484599748e+02
9.379497654359598755e+02
8.862844211681634761e+02
8.374761027244093157e+02
7.931613345708507268e+02
7.540446212426385273e+02
7.199570370634812662e+02
6.899196088920241436e+02
6.622477510301822576e+02
6.347478393054051367e+02
6.050352946140880022e+02
5.709465034616722505e+02
5.309570144537819942e+02
4.844918303913045179e+02
4.320363311936661148e+02
3.750199923741495240e+02
3.155221986683736191e+02
2.559025472413277953e+02
1.984587243441159501e+02
1.451678570000837851e+02
9.751345194041542186e+01
5.638590649403606392e+01
2.207130682328657656e+01
-5.644163690220430851e+00
-2.727475822971335617e+01
-4.343684780526709233e+01
-5.476969226836374105e+01
-6.202778633768562599e+01
-6.628933434490828347e+01
-6.914171696208404683e+01
-7.269138413597040937e+01
-7.931690291062906795e+01
-9.120573512419200313e+01
-1.098184674709917203e+02
-1.354609343950723996e+02
-1.671132062185466225e+02
-2.025856684714912035e+02
-2.389746569244414047e+02
-2.733060067354320495e+02
-3.032062941920490857e+02
-3.274295319015736823e+02
-3.460895393730346541e+02
-3.605171119143651026e+02
-3.727771449407485989e+02
-3.849999269235519250e+02
-3.987415062027138219e+02
-4.145679044575581429e+02
-4.319756758252104873e+02
-4.496465768238049918e+02
-4.659247588027584470e+02
-4.793420380544802697e+02
-4.890169890327640587e+02
-4.948098176031083995e+02
-4.972149495367231111e+02
-4.970801068796988602e+02
-4.952881142779099264e+02
-4.924974135734011043e+02
-4.889682668456766805e+02
-4.844871183003077704e+02
-4.784437094743233274e+02
-4.701292172707180157e+02
-4.592421417182022765e+02
-4.464469179762623412e+02
-4.337288445175755669e+02
-4.242986835966701733e+02
-4.219258534457338783e+02
-4.297918060749769325e+02
-4.492040263036323609e+02
-4.786928886838176709e+02
-5.139882236613025270e+02
