1.461941941334453077e+02
-9.344339183496916235e+01
-3.032046681106983215e+02
-4.617123914760716161e+02
-5.607973710867164527e+02
-6.056587747987442754e+02
-6.110126169241156049e+02
-5.953797957862618659e+02
-5.757570448336986146e+02
-5.641407665768131210e+02
-5.663413116283954878e+02
-5.826780685100076198e+02
-6.096881933991187452e+02
-6.419379962301235309e+02
-6.733058379229323691e+02
-6.975425327489281244e+02
-7.083153207621811589e+02
-6.991543726132857728e+02
-6.636957035876971531e+02
-5.964017045021923877e+02
-4.936571859304291365e+02
-3.549169303905825927e+02
-1.835070467034405510e+02
1.323225443877811358e+01
2.245800024010160314e+02
4.377386678727519893e+02
6.395358200837991944e+02
8.181814820922289755e+02
9.647613610541877733e+02
1.074218782578155924e+03
1.145673830410567916e+03
1.182047483751672189e+03
1.189102886733309788e+03
1.174151356481369021e+03
1.144737189117718117e+03
1.107577933068884249e+03
1.067920437328382377e+03
1.029338671598914061e+03
9.938913026064615224e+02
9.624875304629423454e+02
9.352881069355294130e+02
9.120068785825027362e+02
8.920594194152492946e+02
8.745813426869485738e+02
8.583767284048624333e+02
8.418649839840993536e+02
8.230943892739080638e+02
7.998841180529477697e+02
7.701279667024886066e+02
7.322340412853299085e+02
6.855995936940970523e+02
6.309652173538918305e+02
5.704960338889425202e+02
5.075091082143591166e+02
4.458797143716929554e+02
3.892735228567477179e+02
3.404249639327804289e+02
3.006736662706030643e+02
2.698737299995459580e+02
2.466566441845743043e+02
2.289291980546291825e+02
2.144472944381995489e+02
2.013040880034530176e+02
1.881981326730711146e+02
1.744237485378452277e+02
1.596454149536662612e+02
1.436159422206230545e+02
1.260008911376344400e+02
1.063779059633125286e+02
8.436829298297477919e+01
5.980252292258859370e+01
3.282583343345942239e+01
3.888286221489323680e+00
-2.637726898272731546e+01
-5.732742173876508218e+01
-8.844911168118349565e+01
-1.194140753823737953e+02
-1.500321649386031595e+02
-1.801252708339701485e+02
-2.093807762917215882e+02
-2.372666109569589139e+02
-2.630687940524179567e+02
-2.860517443856305135e+02
-3.056843654934506276e+02
-3.218512612779355209e+02
-3.349710894147257818e+02
-3.459572412643137227e+02
-3.559909682297360973e+02
-3.661551429261774047e+02
-3.770719544258971609e+02
-3.887195601748545641e+02
-4.005201505473304451e+02
-4.116446265190641043e+02
-4.213734598199805532e+02
-4.293519426590322610e+02
-4.356605231272546916e+02
-4.407212878770036468e+02
-4.451232405775838288e+02
-4.494536480076462794e+02
-4.541870487020278233e+02
-4.596387870414307599e+02
-4.659624093687206141e+02
-4.731669754060014839e+02
-4.811402857536131705e+02
-4.896760568756473049e+02
-4.985124165261288454e+02
-5.073891472694879212e+02
-5.161177532567675144e+02
-5.246402041527188658e+02
-5.330453838140110747e+02
-5.415269380723503900e+02
-5.502962229724848839e+02
-5.594877835470799710e+02
-5.690915626631049236e+02
-5.789218505625315174e+02
-5.886235381071631991e+02
-5.977399296598774754e+02
-6.058826876441495415e+02
-6.129987302618320655e+02
-6.196325385518136954e+02
-6.270099993757526136e+02
-6.367814058018445849e+02
-6.503571570996574565e+02
-6.679188103208720122e+02
-6.873585359327960305e+02
-7.035418722578810957e+02
-7.083153207621811589e+02
-6.915163142580489648e+02
-6.429102178653708961e+02
-5.546157263954740984e+02
-4.233500963780701341e+02
-2.518242426361740058e+02
-4.883655328043805355e+01
1.720132429033018298e+02
3.946575011009886111e+02
6.033089511061980375e+02
7.849219142392009871e+02
9.308321485759166762e+02
1.037341181404189683e+03
1.105311376281747698e+03
1.139052915339559149e+03
1.144885235194169127e+03
1.129749916462924375e+03
1.100157852529379852e+03
1.061595791510060735e+03
1.018347905927140914e+03
9.735829400343029647e+02
9.295560086374607636e+02
8.878331134389889030e+02
8.494889611990759022e+02
8.152301919328923532e+02
7.854006026334905073e+02
7.598752449547966989e+02
7.379194582113360639e+02
7.181111902223490233e+02
6.983902398038422916e+02
6.762590666557307486e+02
6.491424501836636409e+02
6.148841910919408065e+02
5.722916792386200768e+02
5.215661053127506648e+02
4.644424365084365718e+02
4.039410838070732552e+02
3.437712188942585954e+02
2.875584614880104368e+02
2.381363376730402592e+02
1.971056554473800020e+02
1.647432563027589083e+02
1.402041393115796950e+02
1.218861310310120984e+02
1.078304554104826707e+02
9.607373229247153290e+01
8.490722576060596793e+01
7.302925891498335886e+01
5.959876453922652217e+01
4.420961891777444919e+01
2.681024922183927117e+01
7.594205039942295343e+00
-1.312145828460711527e+01
-3.502653360954739981e+01
-5.794812368955362558e+01
-8.194387116996580289e+01
-1.072982703031843386e+02
-1.343811512213931394e+02
-1.633930009296484798e+02
-1.941008334441000898e+02
-2.257026738772936767e+02
-2.569081736317859281e+02
-2.862120158069519107e+02
-3.122440399048493873e+02
-3.340657401489904714e+02
-3.513367690271817310e+02
-3.643379018888817882e+02
-3.738659527091284644e+02
-3.810244534586097416e+02
-3.869554716521599289e+02
-3.925871327679856790e+02
-3.984700953205258998e+02
-4.047355471591235414e+02
-4.111618066653105075e+02
-4.173137817451101341e+02
-4.227131431359201770e+02
-4.269954559883860270e+02
-4.300160333718581001e+02
-4.318811168461344892e+02
-4.329018794340327645e+02
-4.334955015382702754e+02
-4.340807111125985216e+02
-4.350080580716400505e+02
-4.365247378157650360e+02
-4.387461475005191005e+02
-4.416272862070177325e+02
-4.449643951300379854e+02
-4.484570735284981424e+02
-4.518225353553491459e+02
-4.549165328146717684e+02
-4.578049013559213449e+02
-4.607480570456764326e+02
-4.641023462206107979e+02
-4.681859102681647187e+02
-4.731717298860589267e+02
-4.790476983113747451e+02
-4.856461488837696834e+02
-4.927199039266366754e+02
-5.000343404696996004e+02
-5.074496913394884245e+02
-5.149835740330888711e+02
-5.228648775269184625e+02
-5.315950986966865912e+02
-5.420028628335833218e+02
-5.552254995690952910e+02
-5.725203697627307520e+02
-5.948312051152408912e+02
-6.221157496182509021e+02
-6.525635246890234384e+02
-6.819568282598089581e+02
-7.034912346158846503e+02
-7.083153207621811589e+02
-6.868592202288506314e+02
-6.307511651769298169e+02
-5.348758248580907093e+02
-3.990122872904993869e+02
-2.285552734075938588e+02
-3.406041216690925921e+01
1.703045134643706433e+02
3.689990913783723840e+02
5.474696753216583147e+02
6.940976836534413223e+02
8.013954822905066067e+02
8.663475113260577700e+02
8.900101014955339451e+02
8.766323422586375500e+02
8.326096140300403476e+02
7.655220052274930822e+02
6.833752765792405626e+02
5.940171573740951771e+02
5.046097434071800762e+02
4.210343350439433721e+02
3.471895461122225583e+02
2.842953169538911879e+02
2.304840550378653461e+02
1.810339416532073642e+02
