-6.156545683713184758e+01
-4.129865627123338356e+01
-2.509866165187963816e+01
-1.582441704615095546e+01
-1.446330216361833720e+01
-2.014242538842586328e+01
-3.072502156304550169e+01
-4.366814397468100140e+01
-5.680062504593169592e+01
-6.879607569864941752e+01
-7.927797701702760946e+01
-8.862652882182405278e+01
-9.762268461778785422e+01
-1.070700924906806506e+02
-1.175024915420843854e+02
-1.290327561716498224e+02
-1.413514910561089550e+02
-1.538490706402914441e+02
-1.658096340305268939e+02
-1.766098843967207870e+02
-1.858645021852181571e+02
-1.934920051494843278e+02
-1.997061736508059653e+02
-2.049525164940167201e+02
-2.098096083799692337e+02
-2.148723614062612342e+02
-2.206366471597290797e+02
-2.274104922170847658e+02
-2.352769152906290628e+02
-2.441208446712133195e+02
-2.537092867417039201e+02
-2.637909486273409811e+02
-2.741755654230288428e+02
-2.847678346273495436e+02
-2.955452936548612115e+02
-3.064684329914859973e+02
-3.173126946514915971e+02
-3.274393014415815628e+02
-3.355660357890868681e+02
-3.396286675063290090e+02
-3.368196122355766988e+02
-3.238542547012976343e+02
-2.974553571646584373e+02
-2.549736474369134953e+02
-1.950020066907882779e+02
-1.178225992579956767e+02
-2.556581340546199499e+01
7.795786525314494497e+01
1.877038648806816354e+02
2.980113991931543751e+02
4.032752507224450937e+02
4.985715442423533545e+02
5.801603795175449250e+02
6.458032572675872416e+02
6.948498390377701526e+02
7.280857337654140338e+02
7.473913514341595601e+02
7.553104233492654203e+02
7.546333115695283595e+02
7.480680543684263739e+02
7.380286673145344594e+02
7.265339613024698338e+02
7.151852636759892903e+02
7.051798216222485962e+02
6.973206061994367246e+02
6.920017114118932113e+02
6.891753727470822923e+02
6.883298985130428491e+02
6.885151039624504392e+02
6.884401359209132352e+02
6.866459212262673191e+02
6.817318143782174502e+02
6.725987584695824353e+02
6.586599789749407137e+02
6.399686950724187682e+02
6.172274629302427229e+02
5.916753703611657329e+02
5.648844339251878637e+02
5.385157534451059291e+02
5.140793559305025155e+02
4.927232663675313233e+02
4.750736119237633943e+02
4.611614829175721297e+02
4.504743219625559618e+02
4.421355582430392701e+02
4.351599308179939953e+02
4.286940102929480645e+02
4.221609891640265460e+02
4.152777970337824058e+02
4.079658146317886462e+02
4.002063107782938687e+02
3.918981825963693382e+02
3.827699707829344788e+02
3.723817800211567146e+02
3.602221737194809634e+02
3.458664467022545637e+02
3.291329261518652629e+02
3.101718176114395078e+02
2.894525238953260668e+02
2.676621352512409544e+02
2.455591279017576767e+02
2.238280203593307078e+02
2.029644385054584177e+02
1.832053948024436636e+02
1.645160054058532069e+02
1.466436910871359771e+02
1.292382138641467577e+02
1.120073125657619926e+02
9.485147597526228935e+01
7.792086721261451032e+01
6.156858334691091272e+01
4.622247829725495194e+01
3.223778115963713731e+01
1.980063710610281191e+01
8.918750597416504888e+00
-5.210330381636367747e-01
-8.684587008380049156e+00
-1.575609182277472087e+01
-2.193813291623848727e+01
-2.745651824544876263e+01
-3.254600482449967558e+01
-3.741744534239194309e+01
-4.222113867016622635e+01
-4.702220547744326495e+01
-5.180187486082971304e+01
-5.649231243520654289e+01
-6.103767435769185568e+01
-6.545845308666625328e+01
-6.989049414434168739e+01
-7.457587710896183353e+01
-7.979738940962187144e+01
-8.576879161545076613e+01
-9.251405361299617880e+01
-9.978306880982353277e+01
-1.070534134507709041e+02
-1.136497680494697988e+02
-1.189669774543685890e+02
-1.227220314238853689e+02
-1.251231932259693167e+02
-1.268647093412740787e+02
-1.289291522895532012e+02
-1.322665180449645277e+02
-1.374734820568604050e+02
-1.445948683242302764e+02
-1.531185141375204921e+02
-1.621577584452025462e+02
-1.707448461008650611e+02
-1.781242620540676853e+02
-1.839481795072949808e+02
-1.883224357610405377e+02
-1.917073154283819463e+02
-1.947251475989635310e+02
-1.979545221320398696e+02
-2.017892652903481121e+02
-2.064077572932034741e+02
-2.118484909527735454e+02
-2.181430819402946781e+02
-2.254371210760385225e+02
-2.340385551517143767e+02
-2.443628582524227113e+02
-2.567799323804341043e+02
-2.713988373016159699e+02
-2.878421030790432269e+02
-3.050600778618390336e+02
-3.212315259341257274e+02
-3.337936694691799744e+02
-3.396286675063290090e+02
-3.354009826437705897e+02
-3.180068124935783089e+02
-2.850725857836384307e+02
-2.354085421161282170e+02
-1.693222670059843153e+02
-8.872221014957958118e+01
3.013463263118325131e+00
1.013803023463138118e+02
2.012425393572530652e+02
2.973952697044956039e+02
3.851069170993649777e+02
4.605701200043262702e+02
5.212099175993432709e+02
5.658173472029782261e+02
5.944969567960283712e+02
6.084442003157539602e+02
6.096046772065893720e+02
6.003003986031453678e+02
5.829154281448923030e+02
5.597013415325445749e+02
5.327074771740681172e+02
5.037931663430180720e+02
4.746585806082443924e+02
4.468350119996799208e+02
4.215961131452677932e+02
3.997904753377322891e+02
3.816496906983713870e+02
3.666674004322281917e+02
3.536395222626632631e+02
3.408969349370361215e+02
3.266791299106621977e+02
3.095376995608294237e+02
2.886527637280749445e+02
2.639860304313625647e+02
2.362493144369648803e+02
2.067131475687756677e+02
1.769124015149689342e+02
1.483262570000561880e+02
1.221137745424789500e+02
9.896675375075022885e+01
7.910004341617010937e+01
6.235162287059313257e+01
4.833155860062809950e+01
3.655253621462469482e+01
2.649639887659961346e+01
1.761301021495862074e+01
9.289385882500681646e+00
8.441811598275705819e-01
-8.412908707895866200e+00
-1.905537992058114583e+01
-3.139118321992222604e+01
-4.536403368777295952e+01
-6.056706755383557095e+01
-7.637879576325906328e+01
-9.217150929069012477e+01
-1.075128466610059803e+02
-1.222901807397990126e+02
-1.367203397080534444e+02
-1.512483555915535476e+02
-1.663746216952672796e+02
-1.824685927328154378e+02
-1.996260893334664956e+02
-2.176097993137929620e+02
-2.358850328542530121e+02
-2.537357168233954496e+02
-2.704267555253500745e+02
-2.853671800800420897e+02
-2.982252999090146659e+02
-3.089609194753202246e+02
-3.177705796758147017e+02
-3.249744077037578336e+02
-3.308909331291735043e+02
-3.357440783168412395e+02
-3.396286675063290090e+02
-3.425343781716551348e+02
-3.444045608655925435e+02
-3.451990093154764736e+02
-3.449396366333016886e+02
-3.437302952704877157e+02
-3.417457083999939869e+02
-3.391874310851058567e+02
-3.362177753744705342e+02
-3.329000129733896642e+02
-3.291795152166092180e+02
-3.249286631921587514e+02
-3.200533624404313855e+02
-3.146301159244014798e+02
-3.090200543135323414e+02
-3.039020162269806065e+02
-3.001878178104385029e+02
-2.988220405758320339e+02
-3.005085438772574093e+02
-3.054362632545613110e+02
-3.130991214445194828e+02
-3.223090388245727809e+02
