3.710086808872131314e+01
-8.503442473615503161e+01
-1.608500075460118524e+02
-1.574244251197998210e+02
-6.384059899429173868e+01
1.082178479275652023e+02
3.306134567568952320e+02
5.683630790050608539e+02
7.890501063636746721e+02
9.693902750401595085e+02
1.097867802763857981e+03
1.173801289806208842e+03
1.204113603663988215e+03
1.199351501155965252e+03
1.170238812027142103e+03
1.125490917065466874e+03
1.071023001100021474e+03
1.010232625972055075e+03
9.448179575716626459e+02
8.756167443693906307e+02
8.031537193030704884e+02
7.278437925008895490e+02
6.499895890394722073e+02
5.697662569060115629e+02
4.873197029118827572e+02
4.029901605331639871e+02
3.175828172555625883e+02
2.325711827090472070e+02
1.501346484999216955e+02
7.298675502650559110e+01
4.024447364310152153e+00
-5.410914489295252139e+01
-9.943117238588490636e+01
-1.308987593003542429e+02
-1.485206990936459590e+02
-1.533177212018209730e+02
-1.471773347716718945e+02
-1.326429394670757347e+02
-1.126547910922085691e+02
-9.025202056129180050e+01
-6.826527762904103724e+01
-4.905981654128167690e+01
-3.438933114915271005e+01
-2.537949181121311426e+01
-2.260998821470806064e+01
-2.624062728097976205e+01
-3.613365240518562871e+01
-5.194394781166452191e+01
-7.316920053733548457e+01
-9.917133767554807378e+01
-1.291935963269874605e+02
-1.623914642037226770e+02
-1.978703496363956162e+02
-2.347064663775993552e+02
-2.719470361782052237e+02
-3.086245410085012395e+02
-3.438289630509223116e+02
-3.768407573584161128e+02
-4.072712510024471726e+02
-4.351408108000529751e+02
-4.608607183359592341e+02
-4.851310186232998944e+02
-5.087836671769288728e+02
-5.325952930831153935e+02
-5.570971164368914970e+02
-5.824252670909894505e+02
-6.082604231936247743e+02
-6.338868715243527276e+02
-6.583656315594214448e+02
-6.807817575121596292e+02
-7.005059270326106571e+02
-7.174081307484981380e+02
-7.319711139951238010e+02
-7.452666934070434763e+02
-7.587754111058034141e+02
-7.740475468203119362e+02
-7.922237698128637930e+02
-8.134648005083167845e+02
-8.363873940817642278e+02
-8.576550090416017156e+02
-8.718913163386984024e+02
-8.720487901543492626e+02
-8.502776295822511656e+02
-7.992195581828058266e+02
-7.135147282313685082e+02
-5.911923558632317963e+02
-4.345743286619755850e+02
-2.504015624179238273e+02
-4.908544449450660352e+01
1.567739683546436709e+02
3.542584844243100974e+02
5.319471234524773990e+02
6.812687475580391947e+02
7.971441487556339780e+02
8.778952681614485982e+02
9.246070153305626036e+02
9.402420664787269970e+02
9.287990411711593879e+02
8.946950972302861373e+02
8.424079155892577546e+02
7.762939372838155805e+02
7.004536779238078452e+02
6.185493075240818825e+02
5.335613273451181158e+02
4.475504675024890275e+02
3.615343647973127190e+02
2.755809820332458457e+02
1.891571212529815398e+02
1.016680731052108513e+02
1.303016363132522315e+01
-7.591799687173471511e+01
-1.633148165497444211e+02
-2.465220339704627577e+02
-3.226187346623960366e+02
-3.889508019192215897e+02
-4.435472892988416334e+02
-4.853116190299429036e+02
-5.140139684183754980e+02
-5.301764617106452988e+02
-5.349383321214208991e+02
-5.299454320625771970e+02
-5.172632357326776855e+02
-4.992866779154215919e+02
-4.786183816859507942e+02
-4.579003882297296286e+02
-4.396044474973839442e+02
-4.258065753592707097e+02
-4.179852166654626444e+02
-4.168838108060943455e+02
-4.224704481196174584e+02
-4.340128109920755151e+02
-4.502656652467487675e+02
-4.697432620205122475e+02
-4.910243119460720891e+02
-5.130161402564083346e+02
-5.350999604209357585e+02
-5.571103437954188848e+02
-5.791651963355674297e+02
-6.014224499687609296e+02
-6.238639686477400801e+02
-6.461922347328829801e+02
-6.678811672233192667e+02
-6.883577728292119673e+02
-7.072278888562298107e+02
-7.244337608143985108e+02
-7.402644085289614395e+02
-7.552139256184564147e+02
-7.697541019360419341e+02
-7.841187974351961429e+02
-7.981826245108018156e+02
-8.114756786372788611e+02
-8.233294957057377133e+02
-8.331064446083768189e+02
-8.404352608182144877e+02
-8.453750173772823473e+02
-8.484611021955671504e+02
-8.506247539957231538e+02
-8.529919899346581360e+02
-8.565593712017214330e+02
-8.617464143769009297e+02
-8.678668215808777404e+02
-8.726356977463324256e+02
-8.718913163386984024e+02
-8.597074089046958534e+02
-8.289902928398711310e+02
-7.725176569152648653e+02
-6.842673528587667988e+02
-5.607774783551777773e+02
-4.022315560306179236e+02
-2.129823789764365927e+02
-1.328440844403957044e+00
2.214681167955973820e+02
4.427330582868389683e+02
6.501599542337885396e+02
8.334272439926455718e+02
9.853251816407172328e+02
1.102212585493926781e+03
1.183801838454292920e+03
1.232434195081623329e+03
1.252116469635478552e+03
1.247603347635780210e+03
1.223714467691118443e+03
1.184926519710620823e+03
1.135168323372243322e+03
1.077719349245925969e+03
1.015148197730142215e+03
9.492811831993618625e+02
8.812316038177087876e+02
8.115283829725946134e+02
7.403503402859911375e+02
6.678213592335149542e+02
5.942943224969005769e+02
5.205652492515609993e+02
4.479901388858341988e+02
3.784973687118715588e+02
3.144948408940810509e+02
2.586727035355661997e+02
2.137051913691959442e+02
1.818682407777188530e+02
1.646242160464614415e+02
1.622691296049382004e+02
1.737528341098760620e+02
1.967446300346469741e+02
2.279421746984269816e+02
2.635480292466639867e+02
2.997947284838559767e+02
3.333967434815784827e+02
3.618409717365680649e+02
3.834819343607529731e+02
3.974669065680525364e+02
4.035611017654338752e+02
4.019566348899828085e+02
3.931276044516339425e+02
3.777493851469790229e+02
3.566555528318193637e+02
3.307880341602560748e+02
3.011170769805786449e+02
2.685456405486198719e+02
2.338330687897563962e+02
1.975653140634671558e+02
1.601774531352352255e+02
1.220115421648675635e+02
8.337824360337209839e+01
4.459461393609990409e+01
5.988762571322183703e+00
-3.212537769885457806e+01
-6.949867946279204034e+01
-1.060114241279076168e+02
-1.417231627023111287e+02
-1.768743108543113749e+02
-2.118293546948635822e+02
-2.469836733424847921e+02
-2.826682125481966068e+02
-3.190805865120153157e+02
-3.562697742914966739e+02
-3.942039567864454739e+02
-4.329292003473080968e+02
-4.727675733876397999e+02
-5.144393611568684719e+02
-5.589792348292371571e+02
-6.073726480570088597e+02
-6.599382337235482510e+02
-7.155831228329140004e+02
-7.711396938189701586e+02
-8.210405685338629382e+02
-8.575779578547363826e+02
-8.718913163386984024e+02
-8.556196525279723346e+02
-8.028874824964378831e+02
-7.120832008266557978e+02
-5.868579445465526305e+02
-4.359617208749438078e+02
-2.718738677581608272e+02
-1.085466414200182044e+02
4.116074169317312226e+01
1.676994456830478839e+02
2.661535497194597610e+02
3.363890125811059875e+02
3.820974655826015010e+02
4.091406446198080857e+02
4.238390530589362015e+02
4.318754276493174302e+02
