-1.718242564720228813e+02
-3.112807716981695876e+02
-4.276408736592226205e+02
-5.044900264265369287e+02
-5.361840721813698565e+02
-5.278873389508676155e+02
-4.922994549816854715e+02
-4.448730614255584896e+02
-3.994065610743857633e+02
-3.652513569747455904e+02
-3.464952959679101241e+02
-3.427572984406866112e+02
-3.508475745329076858e+02
-3.665306396312440711e+02
-3.858670142720670242e+02
-4.059367004444101212e+02
-4.250123063501022784e+02
-4.423803679349682056e+02
-4.580168717599064507e+02
-4.722610547205886178e+02
-4.855592922596408130e+02
-4.983024124525692855e+02
-5.107552000483374854e+02
-5.230653306901195947e+02
-5.353356627257585387e+02
-5.477409106459515442e+02
-5.606541400395067285e+02
-5.747207720455270419e+02
-5.908014570641738601e+02
-6.097256270132202189e+02
-6.318562710443220567e+02
-6.565427884711077695e+02
-6.816065881265064945e+02
-7.030408937169852379e+02
-7.150964366169120012e+02
-7.108601393165838545e+02
-6.833117731536381143e+02
-6.266820813202270983e+02
-5.377941700339015370e+02
-4.170257126668624323e+02
-2.686207898990592753e+02
-1.002708836762727742e+02
7.791458186647577122e+01
2.547970926255766244e+02
4.196682336624659229e+02
5.635194949275588669e+02
6.799284626637896736e+02
7.654506464113867423e+02
8.195002663963466603e+02
8.438043482103000770e+02
8.416045046724364056e+02
8.168215786366282600e+02
7.733648629601289031e+02
7.146826745825176204e+02
6.435664937485609016e+02
5.621693078801688443e+02
4.721773203310137887e+02
3.750653872421362394e+02
2.723624978488849138e+02
1.658596212643121817e+02
5.771230510243023559e+01
-4.957860894850267641e+01
-1.532876225075665957e+02
-2.506353091994977831e+02
-3.389542608482416881e+02
-4.158235644665779773e+02
-4.791831104411623414e+02
-5.274588193770086946e+02
-5.597174720003974926e+02
-5.758314999597471342e+02
-5.765959883371023125e+02
-5.637338734778550133e+02
-5.397601682823662941e+02
-5.077266619023703242e+02
-4.709016406625411264e+02
-4.324471317930562009e+02
-3.951495728702559518e+02
-3.612415722517878294e+02
-3.323220669034197954e+02
-3.093552509393119294e+02
-2.927267968629485040e+02
-2.823532564095144153e+02
-2.778422658067871680e+02
-2.786723106188726433e+02
-2.843342243997346372e+02
-2.943887599493900780e+02
-3.084369697889121653e+02
-3.260373351640654391e+02
-3.466166615288684056e+02
-3.694165715163114783e+02
-3.935038852695922742e+02
-4.178524483861679073e+02
-4.414786424003559091e+02
-4.635933390749862610e+02
-4.837249682957607888e+02
-5.017715099412582731e+02
-5.179617685505241980e+02
-5.327514208575861403e+02
-5.467178774560684360e+02
-5.605097807952353151e+02
-5.748519706097094968e+02
-5.905457522071072844e+02
-6.083753305425884719e+02
-6.288495348314040712e+02
-6.517730843016611288e+02
-6.757369740721094331e+02
-6.977034548167237062e+02
-7.128890562507032200e+02
-7.150964366169120012e+02
-6.975317227623665985e+02
-6.540047189289340395e+02
-5.802742520490081688e+02
-4.752166540315707266e+02
-3.414880341822548644e+02
-1.854577512562532036e+02
-1.638958717412106125e+01
1.549296658926316468e+02
3.177586260365079056e+02
4.627908173685566453e+02
5.831032934929975227e+02
6.745794565385358510e+02
7.358704263693576877e+02
7.680275304733597750e+02
7.739326474781331626e+02
7.576205022077032254e+02
7.235687731004863963e+02
6.760338442857098471e+02
6.185144189073032521e+02
5.534181642320667152e+02
4.819881138055732208e+02
4.045168863631719205e+02
3.208263162797659334e+02
2.309094361881572581e+02
1.355519526138570825e+02
3.673160088728241135e+01
-6.233878773421293573e+01
-1.575406432799382230e+02
-2.444535382964622556e+02
-3.190616462920091863e+02
-3.783717746985583972e+02
-4.207882358089225363e+02
-4.461710654259154580e+02
-4.556078974611100421e+02
-4.510173858616645362e+02
-4.347347614855221991e+02
-4.091993167963753422e+02
-3.767937432530361548e+02
-3.398113766667306663e+02
-3.004796942597363341e+02
-2.609651698601299472e+02
-2.233211558962416916e+02
-1.893857023359954326e+02
-1.606565676470312383e+02
-1.381641956737033752e+02
-1.223590033916932356e+02
-1.130444762924413453e+02
-1.094015680844833582e+02
-1.101329393888300956e+02
-1.137108878404385734e+02
-1.186712710619563467e+02
-1.238786528673958145e+02
-1.286961919570805435e+02
-1.330225720501806563e+02
-1.371972520616213558e+02
-1.418072474719013201e+02
-1.474471937935797143e+02
-1.544962704698188531e+02
-1.629776859073266166e+02
-1.725476117175946627e+02
-1.826257814100395933e+02
-1.926413444773050685e+02
-2.023200557003508493e+02
-2.118886093240649302e+02
-2.220649916474451970e+02
-2.337748709672018208e+02
-2.476465280077614466e+02
-2.634183282483779180e+02
-2.794139614894966144e+02
-2.922262600085499571e+02
-2.967296600951014511e+02
-2.865123965803948067e+02
-2.547547496825488906e+02
-1.954622870672214390e+02
-1.048225183216816845e+02
1.764319109838470467e+01
1.684580850066470248e+02
3.403141036828093320e+02
5.229690763151870669e+02
7.047326024355917298e+02
8.741899915621506807e+02
1.021760927705658673e+03
1.140772260161692657e+03
1.227893512150541710e+03
1.282957248098457512e+03
1.308309479868367362e+03
1.307896906795892392e+03
1.286307320205868109e+03
1.247947105045935814e+03
1.196478608746522696e+03
1.134569759407351285e+03
1.063944832838551520e+03
9.856735732636988132e+02
9.005946266691985329e+02
8.097411101699683513e+02
7.146356183354654377e+02
6.173696294264689186e+02
5.204731823169177005e+02
4.266634385034139996e+02
3.385812711095639997e+02
2.585876694849148407e+02
1.886437361994797755e+02
1.302653419888616213e+02
8.451933826775041325e+01
5.201515067965794969e+01
3.286153997299894058e+01
2.659647301882631609e+01
3.212517170572152736e+01
4.770316220201866031e+01
7.099156414006137084e+01
9.919974030020136979e+01
1.293110582289461945e+02
1.583636193852658494e+02
1.837405415155125183e+02
2.034170079536844185e+02
2.161125784570519954e+02
2.213142343611638694e+02
2.191708826359518127e+02
2.102957794746787101e+02
1.955310342855755721e+02
1.757293268174370837e+02
1.515995865697696274e+02
1.236466588110391172e+02
9.221115796489328886e+01
5.758680894618214552e+01
2.016250835087720361e+01
-1.947879902224468651e+01
-6.055522758858006682e+01
-1.021844992400978072e+02
-1.435565583000986862e+02
-1.841288906227680968e+02
-2.237854696807712571e+02
-2.629063306456905593e+02
-3.023175377320999360e+02
-3.431224770514169222e+02
-3.864376534364467943e+02
-4.330626003225180511e+02
-4.831167024681174098e+02
-5.356899493311346987e+02
-5.885751006760671089e+02
-6.381624590281985547e+02
-6.795801244051642698e+02
-7.071414743963642877e+02
-7.150964366169120012e+02
-6.985707549694772069e+02
-6.544587579886896265e+02
-5.819871855260824987e+02
-4.827540643306166430e+02
-3.602514810536595178e+02
-2.190965302394606624e+02
-6.429246062515431959e+01
9.923401075918599190e+01
2.667635176989006141e+02
