4.047330446277027249e+01
1.560703260905432330e+02
2.738812822783020238e+02
3.942552359813754492e+02
5.147452142988481683e+02
6.303108511988043574e+02
7.345084107481732190e+02
8.211018897825699696e+02
8.854856624511039627e+02
9.255055639001620875e+02
9.415540503825502583e+02
9.360711712834590799e+02
9.127314149897069910e+02
8.756155256997076322e+02
8.285844127462681854e+02
7.749464557881398150e+02
7.173930676129357380e+02
6.580990459873099780e+02
5.988556519852768361e+02
5.411314479162076623e+02
4.860279057273439776e+02
4.341759012153980848e+02
3.856626696926099385e+02
3.400714101048253610e+02
2.966701728488681056e+02
2.547221708337625046e+02
2.138282802100939364e+02
1.741836496404172578e+02
1.366534762411027657e+02
1.026353168235124826e+02
7.374287173938373030e+01
5.139626511808542375e+01
3.643164999176292440e+01
2.884371484865560831e+01
2.773935645326014310e+01
3.151323872449613361e+01
3.818208536302793732e+01
4.576764651078028123e+01
5.261694829552104125e+01
5.758607188473476413e+01
6.006708000160080019e+01
5.988565031000979388e+01
5.712795701843523943e+01
5.196371287910463366e+01
4.451769005795291889e+01
3.481247190262425306e+01
2.277604640133419878e+01
8.293995343455215163e+00
-8.711064079685513661e+00
-2.818694311059838142e+01
-4.987118400468972368e+01
-7.326015068197779101e+01
-9.765561595037674181e+01
-1.222795275305331586e+02
-1.464127337037410257e+02
-1.695090746585638897e+02
-1.912560856547523827e+02
-2.115718690110180944e+02
-2.305386985748896791e+02
-2.482913756466151938e+02
-2.649018400401596409e+02
-2.803104468727063932e+02
-2.943352255730049478e+02
-3.067515594571664224e+02
-3.173982193348700207e+02
-3.262544091701796560e+02
-3.334538808078710304e+02
-3.392392273113849228e+02
-3.438851167903106898e+02
-3.476237739016786463e+02
-3.505999441939829921e+02
-3.528721072965142298e+02
-3.544569160288779130e+02
-3.553896017585818186e+02
-3.557648690269705298e+02
-3.557403047946082779e+02
-3.555097415665510994e+02
-3.552642050587142535e+02
-3.551531978263491851e+02
-3.552571757267855901e+02
-3.555872523190188303e+02
-3.561210266919719061e+02
-3.568552184667829010e+02
-3.578326872637750284e+02
-3.591131966992770117e+02
-3.606954680146280907e+02
-3.624292525825553639e+02
-3.639663235942251163e+02
-3.647976857658306358e+02
-3.644104224321890797e+02
-3.625540235720246187e+02
-3.595322529314411213e+02
-3.563706224820998045e+02
-3.547022999885404602e+02
-3.562904323959079989e+02
-3.622423411276143952e+02
-3.721191891388994009e+02
-3.832456357217801042e+02
-3.905327936632331784e+02
-3.870239855405450271e+02
-3.651678296299127169e+02
-3.185660839372441728e+02
-2.437241092542598437e+02
-1.412575165314181902e+02
-1.614402229213601103e+01
1.230803750633263860e+02
2.659265693493264280e+02
4.018605148335775539e+02
5.219808575317903205e+02
6.200929450772702012e+02
6.930578981763671891e+02
7.405194873945733889e+02
7.642396486586933406e+02
7.672985347418457422e+02
7.533639288873639543e+02
7.261456123848815878e+02
6.890619912634651882e+02
6.450868543838658979e+02
5.967196759766229661e+02
5.460209912803936732e+02
4.946606802601512527e+02
4.439396417778194746e+02
3.947717778154296866e+02
3.476523739564729567e+02
3.026685387378045107e+02
2.595997893355510655e+02
2.181133373961518487e+02
1.780107473718630615e+02
1.394554200983300234e+02
1.031056151302554298e+02
7.009599574624546392e+01
4.185634476525278558e+01
1.981396653885379777e+01
5.063982775583308893e+00
-1.906421801709521802e+00
-1.374682693510097309e+00
5.617247132807234422e+00
1.742409894106888757e+01
3.208176724365062427e+01
4.763728482018024124e+01
6.242986227836209423e+01
7.524904247031204818e+01
8.534755800547034710e+01
9.234484006897855579e+01
9.609181890056581210e+01
9.656178688216367334e+01
9.379585032375568687e+01
8.789240165398963711e+01
7.901164242127998705e+01
6.737344822379462528e+01
5.324527838964468174e+01
3.692679232771747877e+01
1.873490358251756760e+01
-1.009641103449601118e+00
-2.198784050241205179e+01
-4.387279605846434549e+01
-6.631129582118438748e+01
-8.891831932186200049e+01
-1.113009674550851145e+02
-1.331050065048618194e+02
-1.540600351004752326e+02
-1.740023347203614890e+02
-1.928679797173179225e+02
-2.106589728622979010e+02
-2.273920258545271338e+02
-2.430462215212295405e+02
-2.575283198282411945e+02
-2.706714809366410464e+02
-2.822774371411608740e+02
-2.922003314552461006e+02
-3.004462084479811779e+02
-3.072357148966688101e+02
-3.129781835310682823e+02
-3.181474163182918460e+02
-3.231082023303774236e+02
-3.279765314311343332e+02
-3.325838647448090342e+02
-3.365652142425805664e+02
-3.395324235326368125e+02
-3.412594289910331895e+02
-3.418058837434548991e+02
-3.415319641898734062e+02
-3.410000770835678736e+02
-3.408020993997975552e+02
-3.413731456044543506e+02
-3.428494451063979227e+02
-3.450124845966129783e+02
-3.473470738351280716e+02
-3.492245758333722279e+02
-3.501895419248200483e+02
-3.502714704981368641e+02
-3.501848279792482117e+02
-3.512630821850821690e+02
-3.550296372179732884e+02
-3.624398109981070206e+02
-3.729913203318325827e+02
-3.840228943155982506e+02
-3.905327936632331784e+02
-3.857260796861669405e+02
-3.622743787529358315e+02
-3.140201107467830752e+02
-2.376679306307487423e+02
-1.339549641843339032e+02
-7.914604232580657595e+00
1.318796305626625553e+02
2.748782316500247589e+02
4.104691291477433879e+02
5.297141020351280076e+02
6.265019898955094959e+02
6.979426760485707746e+02
7.440637742034157327e+02
7.670423536113041791e+02
7.702709756001022470e+02
7.575213843941569394e+02
7.323628370344249561e+02
6.978679613545259599e+02
6.565473843934965998e+02
6.104203709991809319e+02
5.611429203379708497e+02
5.101420944952158720e+02
4.587175283949530353e+02
4.080745556851837250e+02
3.592734617954228611e+02
3.131208809409500304e+02
2.700673758515134750e+02
2.301816178375212587e+02
1.932397133255703920e+02
1.589158662011866454e+02
1.270148758843092054e+02
9.766565853662476115e+01
7.140276539104252151e+01
4.909887594351388884e+01
3.176627061116739625e+01
2.029453070954997074e+01
1.520804117639114850e+01
1.650636531383436534e+01
2.361389955215932446e+01
3.543589394204411747e+01
5.050358080067882582e+01
6.718074666446787546e+01
8.388769873152972423e+01
9.928782175641916297e+01
1.123954249567034935e+02
1.225974592305056348e+02
1.296117689127639778e+02
1.334137402473282918e+02
1.341560705874470614e+02
1.320995717848442723e+02
1.275716721268052964e+02
1.209594580782738973e+02
1.127191693224921494e+02
1.033651844674796081e+02
9.341339167414584210e+01
8.329052554790717977e+01
7.325097637387659688e+01
6.334360367991111218e+01
5.344687222460456155e+01
4.335807288547071892e+01
3.289913534366016279e+01
2.199948241061807508e+01
1.073352472395689716e+01
-6.886228453630067747e-01
