-1.614417323821495813e+02
-2.346977603562627337e+02
-3.027636532115983528e+02
-3.614833517500769062e+02
-4.084430082221314251e+02
-4.430891670319739433e+02
-4.663806760657803352e+02
-4.802161162967886980e+02
-4.868805407939419752e+02
-4.886602332800125055e+02
-4.876509444629766108e+02
-4.856906376338105247e+02
-4.843168810847300279e+02
-4.846863967776149593e+02
-4.874685891589071502e+02
-4.927825622181426297e+02
-5.002494303225310546e+02
-5.091822414443161620e+02
-5.188688128008656122e+02
-5.288521878070029061e+02
-5.391002226230241376e+02
-5.499899468189812524e+02
-5.621038236322237935e+02
-5.759095594395625994e+02
-5.914404008697679274e+02
-6.080992821479204622e+02
-6.246774378787034721e+02
-6.396056775495125066e+02
-6.513588948773591483e+02
-6.588556983661917457e+02
-6.616915209931627260e+02
-6.601327010956952108e+02
-6.549265225218807700e+02
-6.470577292618421552e+02
-6.375587272550119451e+02
-6.273940207155152393e+02
-6.173713915992170769e+02
-6.080394768800262000e+02
-5.995922738453597276e+02
-5.918421172687001217e+02
-5.843051217402786506e+02
-5.763957503727380072e+02
-5.676886340775581630e+02
-5.581790082504263637e+02
-5.484514862597535512e+02
-5.396626420870956053e+02
-5.332708739104926963e+02
-5.305058301287480163e+02
-5.316454542456961008e+02
-5.352454958932581803e+02
-5.375331255790074465e+02
-5.322192425403295601e+02
-5.109651553544481430e+02
-4.646068908825919266e+02
-3.849931652595797686e+02
-2.670217000214184395e+02
-1.102985669161623150e+02
8.010798141734670708e+01
2.940908007443798056e+02
5.180077520035829366e+02
7.368503783713013036e+02
9.365170798892889934e+02
1.105685238433564336e+03
1.236971852054093233e+03
1.327312026909688939e+03
1.377671140659203502e+03
1.392287656717433947e+03
1.377644732796856260e+03
1.341350686521662738e+03
1.291095105913597990e+03
1.233817166746039675e+03
1.175159006975945886e+03
1.119199430497806361e+03
1.068408932687861579e+03
1.023756155940250324e+03
9.849153225757921746e+02
9.505421726227002637e+02
9.185892763863578239e+02
8.866406532374152221e+02
8.522706816913713510e+02
8.134389227450263888e+02
7.688878642886630814e+02
7.184440656634407105e+02
6.631052777874355115e+02
6.048611712539072869e+02
5.463033933610715849e+02
4.901550610494344369e+02
4.388458736201038164e+02
3.941988792370523811e+02
3.572363450342629108e+02
3.280916605406347344e+02
3.060229861873513073e+02
2.895299391982886164e+02
2.765610957253608149e+02
2.647839338947301258e+02
2.518879719057549380e+02
2.358921307532401954e+02
2.154083388456191130e+02
1.897947917268202218e+02
1.591513506270059679e+02
1.241641109360895143e+02
8.585748363587418908e+01
4.533276304754403441e+01
3.563871807857395879e+00
-3.870635470449511217e+01
-8.096555101399562204e+01
-1.228587340844175628e+02
-1.640836270575741764e+02
-2.042791080006610969e+02
-2.429243039503901969e+02
-2.792866034632828587e+02
-3.124729539038589223e+02
-3.416084765590849202e+02
-3.660975158640280824e+02
-3.858640335975950393e+02
-4.014616487813768799e+02
-4.139926791450385508e+02
-4.248514833677108982e+02
-4.353718483255196361e+02
-4.464887307447385183e+02
-4.585186941718476419e+02
-4.711281827367416781e+02
-4.835065511187084439e+02
-4.947017199789891038e+02
-5.040176286738931140e+02
-5.113319734304054691e+02
-5.172000640251590085e+02
-5.226815722975530889e+02
-5.289395560389557431e+02
-5.367668954677026250e+02
-5.462461098112032687e+02
-5.567171689649355812e+02
-5.671140788507806292e+02
-5.765609192443242819e+02
-5.849562305670702926e+02
-5.932183410517765196e+02
-6.029740013100420128e+02
-6.156991825645352492e+02
-6.315405605437491658e+02
-6.481782242466306343e+02
-6.601327010956952108e+02
-6.588730964785353308e+02
-6.339154660808275139e+02
-5.748131182188183175e+02
-4.736059633146983288e+02
-3.270766931064198388e+02
-1.381563503796863301e+02
8.395183069354072813e+01
3.249928185720511919e+02
5.679092564675593167e+02
7.955381829194557213e+02
9.931024917228883169e+02
1.149987027637834217e+03
1.260565732749696053e+03
1.324122755274433530e+03
1.344089228893682730e+03
1.326886023586397869e+03
1.280659684341352204e+03
1.214150834416090674e+03
1.135839069559802738e+03
1.053374957948704377e+03
9.731959274080232944e+02
9.002017052089761364e+02
8.374469567723599539e+02
7.859214340173897426e+02
7.445439569079261446e+02
7.104617236965650591e+02
6.796494199973308241e+02
6.477037963064284440e+02
6.106777892235171521e+02
5.658026065026083415e+02
5.119807979597048870e+02
4.499731807930737659e+02
3.822461269896483600e+02
3.125000592652486944e+02
2.449625701946485208e+02
1.835902400210505618e+02
1.313625237865600752e+02
8.984027432436482741e+01
5.908654079359266120e+01
3.793052774355724921e+01
2.444511438486840404e+01
1.645303834529174836e+01
1.190026074180762805e+01
9.020029381888942765e+00
6.315835716598709126e+00
2.470517526134507591e+00
-3.697455709276184166e+00
-1.317083803902470507e+01
-2.659613748272508360e+01
-4.415956177862022258e+01
-6.555514617338138805e+01
-9.007394649833777578e+01
-1.167852416482479754e+02
-1.447422889009795313e+02
-1.731477773511441569e+02
-2.014490966535668974e+02
-2.293649617126036730e+02
-2.568556684243345671e+02
-2.840534507351861180e+02
-3.111767500914202742e+02
-3.384540853568798866e+02
-3.660727242837716631e+02
-3.941489670109303916e+02
-4.227002227042415257e+02
-4.515983369430275616e+02
-4.805086049832256094e+02
-5.088525245532561030e+02
-5.358410771068936356e+02
-5.605967734897078572e+02
-5.823346343845563524e+02
-6.005380496898660567e+02
-6.150702850954721725e+02
-6.261961458978599921e+02
-6.345163693152247788e+02
-6.408261014520678600e+02
-6.459180711148867431e+02
-6.503750349603423047e+02
-6.544156346541578841e+02
-6.578462036028585089e+02
-6.601327010956952108e+02
-6.605720433379548240e+02
-6.585277449666987195e+02
-6.536892546129942048e+02
-6.463005292143883480e+02
-6.372858105172548449e+02
-6.282010412339492404e+02
-6.209659687454316099e+02
-6.173711073352221774e+02
-6.183991400458296539e+02
-6.234630592613495992e+02
-6.297410709955985340e+02
-6.318479111422407186e+02
-6.220794675743549078e+02
-5.913686662328759667e+02
-5.308913685889415319e+02
-4.340156685422890064e+02
-2.981050139502234515e+02
-1.256671089319135319e+02
7.548951299148924932e+01
2.931459590006027724e+02
5.123903832228108968e+02
7.177662817262755652e+02
8.954024241686122423e+02
1.034728833822520073e+03
1.129521207656957358e+03
1.178199876796601984e+03
1.183471094981815440e+03
1.151480532462491283e+03
1.090655433661413099e+03
1.010396942177178062e+03
9.197916527808228011e+02
8.265342493615527246e+02
7.362385791567551223e+02
6.522215432127533177e+02
5.757059670398909930e+02
5.062925453933439144e+02
4.425434318697439267e+02
3.825630613290823590e+02
3.244939475220322720e+02
2.668524530976534379e+02
2.086439903296906664e+02
