-1.961701861892770182e+02
-1.953821760197916433e+02
-1.955650871951015688e+02
-1.974235348476213971e+02
-2.013716823708218726e+02
-2.075895420943269869e+02
-2.161846274222532429e+02
-2.273349549774339948e+02
-2.413064183217529433e+02
-2.583372119368544872e+02
-2.784711611256431070e+02
-3.014392009145274187e+02
-3.266484810728464936e+02
-3.532804703013082985e+02
-3.804513577643352846e+02
-4.073701229894000448e+02
-4.334448117792222206e+02
-4.583174555997049424e+02
-4.818328697491302819e+02
-5.039619018541516198e+02
-5.247096613170257342e+02
-5.440421905877176414e+02
-5.618553412961794038e+02
-5.779888889582130105e+02
-5.922688821380156696e+02
-6.045547688112727656e+02
-6.147770597413900759e+02
-6.229629746826982455e+02
-6.292454302701002007e+02
-6.338395903790468537e+02
-6.369766927947501927e+02
-6.388175053431575634e+02
-6.394016116527841405e+02
-6.386895061817413080e+02
-6.367154254343843149e+02
-6.338082703206847555e+02
-6.307800151694408441e+02
-6.289504214742617023e+02
-6.298958002982333255e+02
-6.348850454084234798e+02
-6.440806045764212513e+02
-6.556998892065851123e+02
-6.654162418422698693e+02
-6.662936251369092133e+02
-6.494647355090436349e+02
-6.055709206748510951e+02
-5.267293640250118187e+02
-4.085689633550263125e+02
-2.517734732790256942e+02
-6.264749142273505100e+01
1.475213133422076339e+02
3.641699821356708071e+02
5.717855814296376593e+02
7.562562154915855217e+02
9.067365169445082529e+02
1.016737647356603475e+03
1.084387900116801120e+03
1.111981022106132741e+03
1.105024516503969153e+03
1.071035048038799914e+03
1.018312142216639359e+03
9.548669039999379038e+02
8.876124649919999001e+02
8.218568297925013439e+02
7.610862030712576143e+02
7.069951080976583171e+02
6.597094124743625798e+02
6.181453804026533589e+02
5.804376650941825346e+02
5.443600660181059538e+02
5.076795287835793715e+02
4.684305631959566654e+02
4.251403281652977171e+02
3.770352035106649851e+02
3.242156816677589291e+02
2.677354345215168792e+02
2.095079011071344439e+02
1.520086209202152361e+02
9.782233063983434818e+01
4.915457286458050135e+01
7.450654476283929739e+00
-2.676967662339956178e+01
-5.383122064659256978e+01
-7.463704492567111970e+01
-9.034341572268138520e+01
-1.021058368547476789e+02
-1.109694130242253891e+02
-1.179018030951143743e+02
-1.239089715019493809e+02
-1.301388448102910615e+02
-1.378747442345785430e+02
-1.483734535198535696e+02
-1.626032883290688176e+02
-1.810158488967327060e+02
-2.034730952018741448e+02
-2.293580825998116381e+02
-2.577976521720140113e+02
-2.878846263491806781e+02
-3.188156308392458413e+02
-3.499227330148938222e+02
-3.806304163451432032e+02
-4.103947733506209374e+02
-4.386788184870373470e+02
-4.649892422998355528e+02
-4.889562933858725842e+02
-5.104058661763839382e+02
-5.293780712777344206e+02
-5.460878531312130235e+02
-5.608629181823139334e+02
-5.740959729334862232e+02
-5.862166051579459918e+02
-5.976565363327102887e+02
-6.087744022415413383e+02
-6.197286585544774198e+02
-6.303336143838295129e+02
-6.399782483519541074e+02
-6.476951777699614468e+02
-6.524218204832600350e+02
-6.534109818562772034e+02
-6.506604855389780369e+02
-6.451846674809183924e+02
-6.389730195999900388e+02
-6.345699684100716240e+02
-6.343278365369843641e+02
-6.394840593104095205e+02
-6.492697629502883956e+02
-6.602761113893385527e+02
-6.662936251369092133e+02
-6.587869130692362205e+02
-6.280568173947133346e+02
-5.649746211722632552e+02
-4.629824239965702191e+02
-3.199016834574943573e+02
-1.390489588509997532e+02
7.071549540523892574e+01
2.960920475101677312e+02
5.213484820582727934e+02
7.307459839906199477e+02
9.108445383116628591e+02
1.052239784795835476e+03
1.150458800711033746e+03
1.205946891291947395e+03
1.223267432200028452e+03
1.209776454048174401e+03
1.174099724663394909e+03
1.124723925059335215e+03
1.068929594828991185e+03
1.012179603471013138e+03
9.579677146268709294e+02
9.080411685409004576e+02
8.628451870024346135e+02
8.220081072356078948e+02
7.847122008046696919e+02
7.498841012382531517e+02
7.162517596264912072e+02
6.823777096126218566e+02
6.467553783032677757e+02
6.079895201254898893e+02
5.650336751974440404e+02
5.174367258412272577e+02
4.655385919177661549e+02
4.105498401653969154e+02
3.544637830700776817e+02
2.997881512725437005e+02
2.491366503276636024e+02
2.047661571521348662e+02
1.681658440363416389e+02
1.398026508377924984e+02
1.191056461626785534e+02
1.047119836835478282e+02
9.489315653169393272e+01
8.798329006602403979e+01
8.262673419326343094e+01
7.777723088652672345e+01
7.253340687048233804e+01
6.596983832185881624e+01
5.708408239814453111e+01
4.488461152040304114e+01
2.856664344123778676e+01
7.698467685812545369e+00
-1.764083225697541479e+01
-4.680784915147927450e+01
-7.865096431534988142e+01
-1.116862823261338349e+02
-1.443691587193690111e+02
-1.754022806842954481e+02
-2.040057076924863395e+02
-2.300724934222538423e+02
-2.541438226139766812e+02
-2.771810012809335717e+02
-3.001914289788979886e+02
-3.238402744902055588e+02
-3.481993626054316451e+02
-3.727343781770362625e+02
-3.965314235003228873e+02
-4.186583771365844200e+02
-4.385004657462535533e+02
-4.559354275682899242e+02
-4.713005055304305415e+02
-4.851951337884705708e+02
-4.982177486219563889e+02
-5.107435999656734111e+02
-5.228185832164401745e+02
-5.341874290034118076e+02
-5.444252669292317250e+02
-5.531267959698164987e+02
-5.601185915088134379e+02
-5.656647537706845696e+02
-5.706145844155264513e+02
-5.764031161228225528e+02
-5.847985777563376359e+02
-5.973399274627026898e+02
-6.145227076847353374e+02
-6.349147694766129462e+02
-6.544642845503271928e+02
-6.662936251369092133e+02
-6.612364655868618684e+02
-6.292215830088200619e+02
-5.613323161320827239e+02
-4.520777007432847086e+02
-3.012462427558254490e+02
-1.147648909407826352e+02
9.575736770500732575e+01
3.147517848769698503e+02
5.252704854536732455e+02
7.117847548712493335e+02
8.625259399073954683e+02
9.708698597671032076e+02
1.035580031652359594e+03
1.060049749077224305e+03
1.050901044211085036e+03
1.016361460756138285e+03
9.647798920171883310e+02
9.035265161338588769e+02
8.383911195291350396e+02
7.734621844666337438e+02
7.113538110558929475e+02
6.535848742098287403e+02
6.009292616669802101e+02
5.536296462944283121e+02
5.114551227965597491e+02
4.736514994345224068e+02
4.388739629689183630e+02
4.052076365103023932e+02
3.703643040123275796e+02
3.320801011184158824e+02
2.886446734508908207e+02
2.394169932067777040e+02
1.851649089975569495e+02
1.281044164571628698e+02
7.159384900673680363e+01
1.953581913251022684e+01
-2.437849242892934853e+01
-5.740747011566801916e+01
-7.829827444028506989e+01
-8.746967483039051672e+01
-8.676197724875891026e+01
-7.882261412610731099e+01
-6.634131093373380850e+01
-5.140406179471244741e+01
-3.516748854924323098e+01
-1.791163373910011103e+01
