-1.450184876707681383e+02
-2.559350752558342492e+02
-3.517821316406134997e+02
-4.215751047851294402e+02
-4.609385899806691782e+02
-4.722588778793377742e+02
-4.628410996818329295e+02
-4.421011713640262997e+02
-4.189041462674909440e+02
-3.998081476136742936e+02
-3.884509281777934575e+02
-3.858682799115297826e+02
-3.913100661703051060e+02
-4.031276777059549659e+02
-4.194532552268743189e+02
-4.385730774314145037e+02
-4.590460137723968046e+02
-4.796948961895382126e+02
-4.995929083549503957e+02
-5.181007284875292953e+02
-5.349306549710338459e+02
-5.501687132438009940e+02
-5.642005621747996429e+02
-5.775475936960054923e+02
-5.906739484153541753e+02
-6.038316812940513501e+02
-6.169802272287054166e+02
-6.297845881914684014e+02
-6.416830013916414828e+02
-6.520136119009914637e+02
-6.601838160457103868e+02
-6.658441100722805004e+02
-6.690043766654516730e+02
-6.700357324989157632e+02
-6.695482212638764850e+02
-6.681948216904526134e+02
-6.664764326541426271e+02
-6.645984018197108298e+02
-6.624004962942037764e+02
-6.593863839530124551e+02
-6.548884790106693572e+02
-6.483709767484766644e+02
-6.398016471131877552e+02
-6.299564221078927631e+02
-6.204954260404811066e+02
-6.136780545045402278e+02
-6.116701139700369367e+02
-6.155311449431742403e+02
-6.241249152138585714e+02
-6.333074750597868388e+02
-6.357501773832565277e+02
-6.216312400162968288e+02
-5.802068600135618226e+02
-5.020025336819438166e+02
-3.811252999860672617e+02
-2.170830545780338241e+02
-1.557164993933939101e+01
2.120458564727600788e+02
4.504645429767484188e+02
6.829129705710827238e+02
8.937497884929774727e+02
1.070609735783527412e+03
1.205741685481859804e+03
1.296428395192154767e+03
1.344572932887362640e+03
1.355663083823168563e+03
1.337393619955530994e+03
1.298241058230059480e+03
1.246248470754397204e+03
1.188196360867277690e+03
1.129218478593441887e+03
1.072795042253420434e+03
1.020971143040467723e+03
9.746399570224424451e+02
9.337819868782684125e+02
8.976218082209520617e+02
8.647274685804298997e+02
8.331222169264458444e+02
8.004865447723358329e+02
7.644870702861978771e+02
7.231922770968594705e+02
6.754713869496085863e+02
6.212658656472968914e+02
5.616685288535702512e+02
4.987992406286026608e+02
4.355016077831930374e+02
3.749100382146691004e+02
3.199614481752570327e+02
2.729424435608399335e+02
2.351587968017444439e+02
2.067883790044606371e+02
1.869369441697963339e+02
1.738689392092569506e+02
1.653518189151473621e+02
1.590445088220198500e+02
1.528660583001782243e+02
1.452778133179508870e+02
1.354107281396812823e+02
1.230029788864893305e+02
1.081835409423080279e+02
9.119789075119206245e+01
7.218324209315915141e+01
5.106893840844363552e+01
2.762536808226842311e+01
1.624250535150565611e+00
-2.697475983177037051e+01
-5.790020351283425271e+01
-9.055411685170511760e+01
-1.240982879770591296e+02
-1.575991224717241721e+02
-1.901807399538533332e+02
-2.211455141530088895e+02
-2.500408436249813349e+02
-2.766725656474066000e+02
-3.010790815659362352e+02
-3.234814677020082172e+02
-3.442209131744646129e+02
-3.636936137157478015e+02
-3.822916901641088998e+02
-4.003522468696589840e+02
-4.181086911645891178e+02
-4.356379230656106074e+02
-4.528138494154021600e+02
-4.693055425107658039e+02
-4.846606724647490410e+02
-4.984625737801223977e+02
-5.104788400625391205e+02
-5.207066643690631054e+02
-5.292882974681817814e+02
-5.363613594036983159e+02
-5.419519356362992539e+02
-5.459932917702788018e+02
-5.484884502508263040e+02
-5.497659493588372470e+02
-5.507197529822311708e+02
-5.528849589127732997e+02
-5.582057240478042104e+02
-5.684271512158018140e+02
-5.841823984672707866e+02
-6.040048008426628030e+02
-6.236048751826505168e+02
-6.357501773832565277e+02
-6.309532079842731491e+02
-5.989555426861771821e+02
-5.307657140993095481e+02
-4.207978501708529393e+02
-2.685499975863063469e+02
-7.932125345240999081e+01
1.362777903628891067e+02
3.639079570810264386e+02
5.877563391208193480e+02
7.928993274110089260e+02
9.672630344666762312e+02
1.102868291618635340e+03
1.196283552794277739e+03
1.248375661639384361e+03
1.263514106099866240e+03
1.248408223201557121e+03
1.210798448164327738e+03
1.158258893301780063e+03
1.097333201888870917e+03
1.033107576970440732e+03
9.691856128359768263e+02
9.079323569504881561e+02
8.508140006116379936e+02
7.986656335304298864e+02
7.517772883759548677e+02
7.097983702011242713e+02
6.715812649665969047e+02
6.351460993674015754e+02
5.979059976219364216e+02
5.571646652088990095e+02
5.107578432076715558e+02
4.576351714719525035e+02
3.982017454437654465e+02
3.343293523216615881e+02
2.690443563601314167e+02
2.059642713162490395e+02
1.485989928179465664e+02
9.967605438691288100e+01
6.067057710494160006e+01
3.167227297765497340e+01
1.160036639287145022e+01
-1.353484997539851520e+00
-9.239679275256818869e+00
-1.398386025494327356e+01
-1.721592695576895693e+01
-2.027668394054370538e+01
-2.431693681477540281e+01
-3.038437720887691285e+01
-3.942145406465671442e+01
-5.215807616530540258e+01
-6.895020362468504516e+01
-8.965492995088119699e+01
-1.136204425940306209e+02
-1.398146070365030766e+02
-1.670548610633321971e+02
-1.942634533724849462e+02
-2.206649373678586699e+02
-2.458667603411005018e+02
-2.698097549604038932e+02
-2.926263315074534148e+02
-3.144814113053229221e+02
-3.354739679609955374e+02
-3.556345903763722163e+02
-3.749929843852095814e+02
-3.936556460096997512e+02
-4.118378175626224902e+02
-4.298120753073149558e+02
-4.477672755852557316e+02
-4.656265313608823249e+02
-4.829246282834754425e+02
-4.988460022133630787e+02
-5.124576985085147953e+02
-5.230652326030699442e+02
-5.305300378773599732e+02
-5.353791304567356519e+02
-5.386331578232247921e+02
-5.414238688887719491e+02
-5.445725425723677517e+02
-5.483035957008103196e+02
-5.521953775955034871e+02
-5.553813078679945647e+02
-5.569415775586572863e+02
-5.563688985737599069e+02
-5.539581005390728023e+02
-5.509784884461603269e+02
-5.495383020816911994e+02
-5.521182262057952812e+02
-5.608194885791510842e+02
-5.764381587057725937e+02
-5.975408789035757309e+02
-6.197818847895928229e+02
-6.357501773832565277e+02
-6.356043374647543942e+02
-6.085768032641929040e+02
-5.451361421964707006e+02
-4.393077240020417094e+02
-2.905100885641979858e+02
-1.043458386559608755e+02
1.079262215763150721e+02
3.311247051890179023e+02
5.486323034089771227e+02
7.450050184114049898e+02
9.081033589581477372e+02
1.030349230505898504e+03
1.108995012795372759e+03
1.145542847158416862e+03
1.144607375479318080e+03
1.112569773334509136e+03
1.056347236968427296e+03
9.825152627288144913e+02
8.968849522922262167e+02
8.044875757189645356e+02
7.097964170133116113e+02
6.169517559338625006e+02
5.297673237882005424e+02
4.513996595795482563e+02
3.837389941932083275e+02
3.267608032956364923e+02
2.781690318384095804e+02
2.336067720585182315e+02
