-1.013497267202993442e+02
-5.719700167570083238e+01
-2.103223310544859004e+01
1.347941632249884947e+00
7.705528353094550198e+00
-5.589092129702422085e-01
-1.941245730587433371e+01
-4.373493005087118490e+01
-6.880542856533614327e+01
-9.130918002880730455e+01
-1.097056204540444355e+02
-1.240332995073075324e+02
-1.353688166617776574e+02
-1.451888906470064740e+02
-1.548318783665622789e+02
-1.651642005325290654e+02
-1.764682612242406208e+02
-1.885040210841031296e+02
-2.006686945202307868e+02
-2.121881496340260185e+02
-2.222989313743414357e+02
-2.303973964753447490e+02
-2.361404914397676293e+02
-2.394923380385512246e+02
-2.407200448836096314e+02
-2.403413437435613673e+02
-2.390223306750517054e+02
-2.374338040099639215e+02
-2.360999961780013052e+02
-2.352910017093311410e+02
-2.349994999950856709e+02
-2.350063847567947732e+02
-2.350001622919120337e+02
-2.346952590514205212e+02
-2.339060067029054721e+02
-2.325660923353879355e+02
-2.307128049445944384e+02
-2.284624248211258646e+02
-2.259895078329211913e+02
-2.235056333653924696e+02
-2.212263903449882605e+02
-2.193216737140015766e+02
-2.178601669305130031e+02
-2.167762940338660655e+02
-2.158932375708346569e+02
-2.150166278534581750e+02
-2.140725705827843797e+02
-2.132229914584287087e+02
-2.128801249758958249e+02
-2.135722762970167423e+02
-2.156696491442256729e+02
-2.190348937780089500e+02
-2.226979365891876341e+02
-2.246643488243014417e+02
-2.219558462854664072e+02
-2.109451918405304127e+02
-1.879720419756527576e+02
-1.501228093947815410e+02
-9.597552269658993396e+01
-2.609804122818727024e+01
5.684712760588999458e+01
1.484268437757692425e+02
2.431118342559888958e+02
3.351396900084164372e+02
4.193663809570447825e+02
4.919199177601286692e+02
5.505321360157395247e+02
5.945180826422395057e+02
6.244677978081508627e+02
6.417828672980119791e+02
6.482104628159127060e+02
6.454967774767794708e+02
6.352141375782164232e+02
6.187424886209907982e+02
5.973402342276629042e+02
5.722349621258813386e+02
5.446850361833417082e+02
5.159836890269380092e+02
4.873927897979082786e+02
4.600148893677103956e+02
4.346408575148429350e+02
4.116295559459029505e+02
3.908703157378566289e+02
3.718516594439959704e+02
3.538237000951782534e+02
3.360079490793794434e+02
3.177899188275420101e+02
2.988399166246789491e+02
2.791418167450596002e+02
2.589468576655325478e+02
2.386912062014799574e+02
2.189167886630856685e+02
2.002174549006548148e+02
1.832069181367144779e+02
1.684876985011851787e+02
1.566027492325575849e+02
1.479677526940685084e+02
1.427952609344907557e+02
1.410239404271928549e+02
1.422675615923460271e+02
1.458080004339315394e+02
1.506592988200093259e+02
1.557048223280493744e+02
1.598682883370148033e+02
1.622601585310669066e+02
1.622614160439069337e+02
1.595439708659718860e+02
1.540478302276873706e+02
1.459333094721145585e+02
1.355203394906220353e+02
1.232292474694403523e+02
1.095395936035284308e+02
9.497238518649527350e+01
8.008030234340242259e+01
6.541919336611887559e+01
5.148475671169153145e+01
3.862422349175145087e+01
2.695457862333697108e+01
1.632365572034967727e+01
6.340250219263424469e+00
-3.521015170788558635e+00
-1.376398561562336909e+01
-2.471774694530671468e+01
-3.644668436190636385e+01
-4.875688755995577139e+01
-6.128363762415423821e+01
-7.361008891353023387e+01
-8.536778241743940043e+01
-9.629484658621743165e+01
-1.062532816893962604e+02
-1.152184817147742706e+02
-1.232516884076362658e+02
-1.304590207857530686e+02
-1.369415181909639614e+02
-1.427495899506875503e+02
-1.478594024369092494e+02
-1.521808884105961397e+02
-1.555949447374862302e+02
-1.580094346167878712e+02
-1.594188555286509086e+02
-1.599487163115847466e+02
-1.598657483446325500e+02
-1.595434542639310962e+02
-1.593897026572961977e+02
-1.597611453435783346e+02
-1.608940318071126399e+02
-1.628669787579755166e+02
-1.655919594354165270e+02
-1.688251494664353345e+02
-1.722019065508092126e+02
-1.753111554181414817e+02
-1.778150119134720626e+02
-1.795923268100760311e+02
-1.808597462267612173e+02
-1.822139701045330185e+02
-1.845432093128574138e+02
-1.887774662377454433e+02
-1.954955070950688878e+02
-2.044730276496565580e+02
-2.143120063806900930e+02
-2.223070592456060695e+02
-2.246643488243014417e+02
-2.170912236040349512e+02
-1.956478195950202803e+02
-1.576495926911412653e+02
-1.023652286695885607e+02
-3.130991910537770195e+01
5.194282309557041799e+01
1.423614114468488765e+02
2.342866558293223989e+02
3.222712854213496030e+02
4.017436829162158460e+02
4.693947486806818574e+02
5.232798065472968574e+02
5.626995025235307821e+02
5.879588133240877141e+02
6.000981426615414875e+02
6.006537339970835774e+02
5.914593995974416885e+02
5.744766179402834041e+02
5.516466926286344687e+02
5.247785729544918922e+02
4.954895341227770587e+02
4.651936839611266237e+02
4.351051661875021637e+02
4.062166327777451897e+02
3.792371598333231759e+02
3.545097428780724726e+02
3.319510807127832095e+02
3.110548135051970462e+02
2.909822822349166813e+02
2.707418015248745178e+02
2.494284709878382102e+02
2.264657472100163602e+02
2.017748573626838038e+02
1.758152514688411543e+02
1.494852034967174745e+02
1.239213206273920349e+02
1.002625828302073216e+02
7.944263722238125069e+01
6.205411810956198337e+01
4.830018711605680437e+01
3.801891719582853568e+01
3.074875217230333391e+01
2.580847962628426018e+01
2.238636962441555056e+01
1.964805263805964586e+01
1.686366757491096280e+01
1.352862034546881631e+01
9.434789714976261621e+00
4.659155636401795419e+00
-5.303917907437849522e-01
-5.819509116175858310e+00
-1.099531014123595796e+01
-1.605406612050300907e+01
-2.123481558249641665e+01
-2.696162984759993009e+01
-3.370807030281979877e+01
-4.183386675774001162e+01
-5.146019127520478520e+01
-6.243042193433608134e+01
-7.436182011340326881e+01
-8.675805761229038637e+01
-9.913757985690276087e+01
-1.111358606015861596e+02
-1.225550807136625480e+02
-1.333572231499064458e+02
-1.436159221432022264e+02
-1.534488439244424285e+02
-1.629478364834085937e+02
-1.721213953806418999e+02
-1.808686654525083952e+02
-1.890037321583714913e+02
-1.963299280887326859e+02
-2.027331115480359358e+02
-2.082431002540909049e+02
-2.130223422717591006e+02
-2.172806315198025686e+02
-2.211613874491382035e+02
-2.246643488243014417e+02
-2.276450149895811990e+02
-2.298828449908344282e+02
-2.311750419345747787e+02
-2.314096752579146141e+02
-2.305925881411946534e+02
-2.288280170414100780e+02
-2.262698626135413349e+02
-2.230667009237747038e+02
-2.193229470427668844e+02
-2.150922675907993096e+02
-2.104050961660736050e+02
-2.053144959690513360e+02
-1.999372083676407215e+02
-1.944776540468703274e+02
-1.892404425269966737e+02
-1.846387435749647636e+02
-1.811853281684691126e+02
-1.794322900510289287e+02
-1.798332009016349957e+02
-1.825467535819061311e+02
-1.872636973812328165e+02
-1.931725195453290667e+02
