-1.013728566002231446e+01
-1.328044848261155835e+02
-2.385618192177174137e+02
-3.153220637694681727e+02
-3.585900469811041376e+02
-3.716421016185178701e+02
-3.633865630830954956e+02
-3.450414872664937320e+02
-3.268683456408622874e+02
-3.158474645527614371e+02
-3.146586869744055548e+02
-3.218700196674793688e+02
-3.329701666843825478e+02
-3.418199258764014985e+02
-3.421614203028607903e+02
-3.289182664590763920e+02
-2.991030179019214756e+02
-2.522313713827719823e+02
-1.902381323658499355e+02
-1.169834104751990367e+02
-3.750461253255165417e+01
4.280317236546822812e+01
1.189127900763288039e+02
1.866867035049655783e+02
2.431584664458889620e+02
2.866013243896768472e+02
3.164465704006628357e+02
3.331180331768110818e+02
3.378297419869061287e+02
3.323692722289487733e+02
3.188771732680700666e+02
2.996343312342428931e+02
2.768691537859190817e+02
2.525870192040615620e+02
2.284178611965907066e+02
2.054884502512091444e+02
1.843472152387682854e+02
1.649791786231519950e+02
1.469312545742516249e+02
1.295282136858433830e+02
1.121208135758704714e+02
9.429571042033657591e+01
7.599620498693698778e+01
5.753688883052834058e+01
3.952640194734533452e+01
2.273182754904013336e+01
7.922709404827259050e+00
-4.274538214634418409e+00
-1.349191408430862538e+01
-1.969155171789831371e+01
-2.318062665690894164e+01
-2.455728943706851197e+01
-2.459004168500471366e+01
-2.405963579043721268e+01
-2.361122415447518819e+01
-2.365948125057025919e+01
-2.436764272433161693e+01
-2.569820071680486961e+01
-2.751431611533938337e+01
-2.969735802450037454e+01
-3.223977879433566329e+01
-3.527788126344143649e+01
-3.905108080827649530e+01
-4.381045421027139497e+01
-4.972868757839476928e+01
-5.686096157477315671e+01
-6.517056029836470543e+01
-7.458929376033114522e+01
-8.506151841686103410e+01
-9.653517014686781295e+01
-1.089016055216782775e+02
-1.219220358156592852e+02
-1.351920482895196756e+02
-1.481809425578771879e+02
-1.603460535197568220e+02
-1.712829738252581251e+02
-1.808529606347905201e+02
-1.892379098692775017e+02
-1.969020089852570834e+02
-2.044721138286006692e+02
-2.125751512186839705e+02
-2.216828530289511150e+02
-2.320068499632695591e+02
-2.434651896621107028e+02
-2.557176952042691767e+02
-2.682506662964891575e+02
-2.804823159826308370e+02
-2.918609850847967664e+02
-3.019396796659178790e+02
-3.104252592446317749e+02
-3.172072426824120157e+02
-3.223668735031096730e+02
-3.261593877620067587e+02
-3.289609717429132729e+02
-3.311818201784927282e+02
-3.331644178565520633e+02
-3.350992579410257690e+02
-3.369888190108705999e+02
-3.386759302396122280e+02
-3.399296400819090991e+02
-3.405565929853476064e+02
-3.404929632378828046e+02
-3.398428725599515587e+02
-3.388554552752987092e+02
-3.378559021802978464e+02
-3.371584106653481854e+02
-3.369914268856312560e+02
-3.374556987685456306e+02
-3.385159822658837356e+02
-3.400119342943162906e+02
-3.416752458143888589e+02
-3.431544566938731009e+02
-3.440602686091897908e+02
-3.440399728642173613e+02
-3.428710637850783769e+02
-3.405450399034211273e+02
-3.373083046153627720e+02
-3.336430787814517203e+02
-3.301965162552149877e+02
-3.276821332168937602e+02
-3.267757827529919155e+02
-3.280164889227709750e+02
-3.317124236043683254e+02
-3.378494203176600763e+02
-3.460013035431438198e+02
-3.552442247180959498e+02
-3.640847427804590666e+02
-3.704292891350860373e+02
-3.716421016185178701e+02
-3.647401115475919937e+02
-3.467467596941552301e+02
-3.151754593800952762e+02
-2.685526160326670606e+02
-2.068448862483592166e+02
-1.316620856163451663e+02
-4.616826524936988108e+01
4.528541970836974428e+01
1.377269246006326000e+02
2.262123733732111077e+02
3.064315922770642260e+02
3.751584645094314965e+02
4.304733988231708963e+02
4.717442365039074161e+02
4.994157631349339681e+02
5.147008028461931417e+02
5.192685549133188943e+02
5.149938510081558434e+02
5.037874415879804815e+02
4.874919625630657265e+02
4.678113568088149350e+02
4.462482293511655485e+02
4.240474293875420244e+02
4.021627526706255367e+02
3.812573403709030799e+02
3.617258753704953733e+02
3.437176043402170080e+02
3.271552359962225296e+02
3.117644895798968037e+02
2.971290544364043171e+02
2.827715625942284419e+02
2.682529799812612623e+02
2.532810986045914206e+02
2.378087039224586192e+02
2.220869968926824072e+02
2.066431630168832783e+02
1.921804147666809399e+02
1.794333799607925926e+02
1.690265347317055955e+02
1.613729013528097767e+02
1.566269301669699132e+02
1.546865528999402670e+02
1.552328002397966031e+02
1.577947997694425339e+02
1.618249092716505118e+02
1.667665137100830464e+02
1.721032959125800517e+02
1.773892671731363180e+02
1.822620698401180732e+02
1.864383093141331074e+02
1.896916777690526885e+02
1.918275274363581389e+02
1.926771007925897834e+02
1.921229588971400801e+02
1.901393365499927768e+02
1.868149408935878739e+02
1.823384718062475258e+02
1.769549124715644552e+02
1.709168098417085275e+02
1.644488557965535165e+02
1.577278433586022288e+02
1.508717026988235830e+02
1.439363613369819177e+02
1.369269562853187665e+02
1.298277894031458572e+02
1.226429167439047632e+02
1.154273486302033973e+02
1.082887839316917677e+02
1.013549056817616361e+02
9.472384887976240009e+01
8.842860858602330154e+01
8.243666765537419394e+01
7.668096368199059043e+01
7.109989381026881006e+01
6.566504794179560633e+01
6.038777571376523667e+01
5.530686990688013793e+01
5.046667361360744053e+01
4.589861780209658093e+01
4.161546883772194150e+01
3.761483057313773770e+01
3.387746702868540893e+01
3.035030408809374336e+01
2.692261487836851330e+01
2.342106311771464533e+01
1.964751316272101889e+01
1.545761193401541789e+01
1.084324281320975558e+01
5.965783651840339985e+00
1.106882877289848466e+00
-3.450645770789833477e+00
-7.557499681041278450e+00
-1.128414856473386862e+01
-1.492201352764715239e+01
-1.890675156427964509e+01
-2.370295252261874452e+01
-2.969609504758619778e+01
-3.712433678761878753e+01
-4.606117624849636627e+01
-5.643768891159717782e+01
-6.807798148384870274e+01
-8.072351092898347247e+01
-9.404143650007534916e+01
-1.076336046855590780e+02
-1.210664473268309393e+02
-1.339260517009236935e+02
-1.458855463145747251e+02
-1.567686214354836238e+02
-1.665990509740221341e+02
-1.756319201804691943e+02
-1.843652400093857864e+02
-1.935290444464761208e+02
-2.040415517935214211e+02
-2.169116976452642689e+02
-2.330606530541709276e+02
-2.530456202860955841e+02
-2.767131375958391004e+02
-3.028752257805573436e+02
-3.291461414707017070e+02
-3.520637777123091041e+02
-3.675479630360194392e+02
-3.716421016185178701e+02
-3.613757118151445979e+02
-3.355111659908104684e+02
-2.949367749447107485e+02
-2.425569241766660866e+02
-1.826844089049812396e+02
-1.201007155233252774e+02
-5.905026436666156542e+01
-2.438366940127110638e+00
4.858051251362252287e+01
9.456871236950857451e+01
1.373998085864529060e+02
