2.869857302044572833e+01
1.116127358905569906e+02
1.799254980897013354e+02
2.230110736775933447e+02
2.367979264633050605e+02
2.238286108168062185e+02
1.913257146797004395e+02
1.483487214706549935e+02
1.031728072685891959e+02
6.162683068050064605e+01
2.659887681500822509e+01
-1.511237247136499207e+00
-2.383239034567635173e+01
-4.200634245688713264e+01
-5.743488869484597359e+01
-7.091965052987671925e+01
-8.265155645303138954e+01
-9.240369862678360846e+01
-9.976961255012383845e+01
-1.043526058329068036e+02
-1.058957361837762505e+02
-1.043854124822815947e+02
-1.001437448702765494e+02
-9.387948021307390434e+01
-8.664870394069063764e+01
-7.970745068625730312e+01
-7.429196617042711637e+01
-7.139472839471193311e+01
-7.159926145669716391e+01
-7.501008145317013032e+01
-8.128593207091856243e+01
-8.976349922446777896e+01
-9.964407951915043782e+01
-1.102001593619012283e+02
-1.209408433675017989e+02
-1.316725597596807518e+02
-1.424288164008709145e+02
-1.533111783305203062e+02
-1.643323853510576669e+02
-1.753389874172249279e+02
-1.860289946505300520e+02
-1.960244034300354770e+02
-2.049473033666277502e+02
-2.124743277607521179e+02
-2.183755788152787147e+02
-2.225568946799423315e+02
-2.251135316927868644e+02
-2.263785371959120312e+02
-2.269277894604341270e+02
-2.275031775986912521e+02
-2.288431882629288054e+02
-2.314582207100422693e+02
-2.354316288403164492e+02
-2.403341620870569670e+02
-2.452958287684093932e+02
-2.492143147209371250e+02
-2.510368906275259064e+02
-2.500406506702229308e+02
-2.460348742676245024e+02
-2.394218615245056583e+02
-2.310945450770656464e+02
-2.222088715381750603e+02
-2.139129359694925085e+02
-2.071209396862074357e+02
-2.023884726434176571e+02
-1.998956515256161595e+02
-1.995064164317180655e+02
-2.008640857561526047e+02
-2.034946551621322897e+02
-2.068982160910071002e+02
-2.106115777871976036e+02
-2.142365973217225417e+02
-2.174519898359310162e+02
-2.200397633429286941e+02
-2.219404506006398208e+02
-2.233102267227714322e+02
-2.245157280476493895e+02
-2.260001234313240559e+02
-2.280017335895508381e+02
-2.301858791144858856e+02
-2.313183330306061691e+02
-2.291297349351761170e+02
-2.204834999567551677e+02
-2.018709085790316919e+02
-1.701412310230287517e+02
-1.232773614539746063e+02
-6.099195594854137426e+01
1.503512987134833168e+01
1.013411540662982446e+02
1.932103607147729178e+02
2.853806757432101904e+02
3.727505846045654607e+02
4.509591487593812644e+02
5.167696270129691811e+02
5.682368365565499744e+02
6.046880873376044292e+02
6.265846725077778956e+02
6.353277505898619211e+02
6.330328868786369867e+02
6.222635333586987372e+02
6.057175791895273278e+02
5.858938696377081214e+02
5.647952001689747021e+02
5.437267911220178576e+02
5.232241733685070812e+02
5.031115161551621213e+02
4.826707913032307715e+02
4.608937715383395926e+02
4.367780611350216304e+02
4.096135598211468505e+02
3.792031159572214847e+02
3.459765394621293808e+02
3.109782310620733483e+02
2.757277113364851857e+02
2.419744605471463501e+02
2.113969177261453183e+02
1.853197825713554039e+02
1.645242402128193930e+02
1.491942260049455058e+02
1.389954534522215965e+02
1.332463029106998817e+02
1.311189122660044291e+02
1.318056860511032937e+02
1.346051102187719266e+02
1.389190639650504977e+02
1.441944699305889230e+02
1.498601408415517824e+02
1.552940471674394871e+02
1.598270538686884095e+02
1.627775977878945355e+02
1.635173755573910626e+02
1.615621102377882323e+02
1.566580730538186117e+02
1.488239174439656267e+02
1.383282812313867680e+02
1.256202695668141303e+02
1.112507265783082175e+02
9.581034259976468093e+01
7.988094294749311075e+01
6.398385154767252914e+01
4.852852649575299893e+01
3.378829141893795907e+01
1.992355289796762463e+01
7.038310671272085983e+00
-4.774302794313172171e+00
-1.543859435767646460e+01
-2.495657201162998717e+01
-3.347300223358087123e+01
-4.127705453589763351e+01
-4.870935727833096962e+01
-5.601495823781459649e+01
-6.323209036199054367e+01
-7.018996513065175691e+01
-7.661654193551768799e+01
-8.228731210932377849e+01
-8.713041890970188774e+01
-9.124297778859028085e+01
-9.482875616326103341e+01
-9.810074546964500541e+01
-1.011942413089906836e+02
-1.041221469848437948e+02
-1.067906762058258039e+02
-1.090771935330934355e+02
-1.109423151642514256e+02
-1.125192268174405683e+02
-1.141264667363522847e+02
-1.161932184605099962e+02
-1.191347803528982183e+02
-1.232338335392582565e+02
-1.285679175685293387e+02
-1.349985466206199760e+02
-1.422200168492843488e+02
-1.498537272238222897e+02
-1.575610403028169628e+02
-1.651400207486990723e+02
-1.725764497294570958e+02
-1.800352488941657327e+02
-1.877937127808908429e+02
-1.961209770300976913e+02
-2.051015825217563986e+02
-2.144052811122435571e+02
-2.230350250780572026e+02
-2.291297349351761170e+02
-2.299308667729875708e+02
-2.220150968472612760e+02
-2.018363695128984716e+02
-1.664999613102013143e+02
-1.145861875224066466e+02
-4.677792147331660999e+01
3.393788897900756751e+01
1.226136670422438044e+02
2.131699587671571976e+02
2.994793992130989864e+02
3.763947765312677802e+02
4.404501467567400823e+02
4.900957078416535069e+02
5.254859519267328096e+02
5.479637073866899755e+02
5.594385340436899696e+02
5.618489486815656164e+02
5.568380401095844263e+02
5.456765702070448469e+02
5.293693660616568195e+02
5.088253828341653389e+02
4.849798035374280971e+02
4.588096898468363634e+02
4.312521787689914845e+02
4.030855418916552253e+02
3.748403071595683969e+02
3.467716956748597568e+02
3.188847717797466430e+02
2.909905380188754407e+02
2.627791703083512402e+02
2.339079026928877738e+02
2.041060335605276919e+02
1.732925655551993032e+02
1.416845239644817980e+02
1.098602419822217371e+02
7.874603914820464468e+01
4.951671987290566790e+01
2.342729570988521459e+01
1.609732413606250745e+00
-1.512929720217540108e+01
-2.647374170118330738e+01
-3.268639524723017331e+01
-3.458562436443987309e+01
-3.340523544727892613e+01
-3.057139911594501314e+01
-2.745796992167792538e+01
-2.518933399308848564e+01
-2.454482542779761900e+01
-2.597729388664371086e+01
-2.970686067820200904e+01
-3.582197630299256730e+01
-4.433160370986821164e+01
-5.515565369036117715e+01
-6.808648221748012475e+01
-8.276892316595355226e+01
-9.872384332835814291e+01
-1.154081060066342133e+02
-1.322860454485216337e+02
-1.488844016739933807e+02
-1.648100034034439432e+02
-1.797289069572266271e+02
-1.933305730696473006e+02
-2.053115378539799565e+02
-2.153960052284483027e+02
-2.233758056426561609e+02
-2.291297349351761170e+02
-2.325975107427440207e+02
-2.337282760563245461e+02
-2.324597521254274852e+02
-2.287801838680664446e+02
-2.228810495420995039e+02
-2.153479652808902074e+02
-2.072916354311679470e+02
-2.003139853763786391e+02
-1.962415684982775588e+02
-1.966348514886371390e+02
-2.021951317661766723e+02
-2.123082822354294876e+02
-2.249967812472119988e+02
