1.482464599027822416e+01
-4.921157298814091519e+01
-1.043844751292671873e+02
-1.443429204534378698e+02
-1.667705631691543999e+02
-1.734159074212719815e+02
-1.688608702795262388e+02
-1.586783683694348213e+02
-1.476999481772076024e+02
-1.389201156403424307e+02
-1.332469945342626829e+02
-1.299913338463430534e+02
-1.277595904579945056e+02
-1.253373556518195358e+02
-1.222286142683433923e+02
-1.187150847983347717e+02
-1.155287396239108944e+02
-1.133798898624314972e+02
-1.125880010070125934e+02
-1.129510725419284256e+02
-1.138521255245490238e+02
-1.145106025532819842e+02
-1.142622272604202465e+02
-1.127788008025070212e+02
-1.101898223891332975e+02
-1.071068135560476691e+02
-1.045589014637158840e+02
-1.038355836372296181e+02
-1.062367115802099846e+02
-1.127733723141253392e+02
-1.239151740148782039e+02
-1.394784717055844681e+02
-1.586772789174760874e+02
-1.802671968875830544e+02
-2.026809488737692391e+02
-2.241104008939752248e+02
-2.425819324904354630e+02
-2.561106441347714053e+02
-2.629610898711854929e+02
-2.619371584911336299e+02
-2.525698623367725872e+02
-2.351185906245786157e+02
-2.104032587749319987e+02
-1.795590703534923591e+02
-1.438143229911638628e+02
-1.043535748939518157e+02
-6.227875589240049692e+01
-1.864336587601734152e+01
2.548298685219035420e+01
6.896747160182076186e+01
1.106283230815295724e+02
1.493299957463694625e+02
1.841286850517571736e+02
2.143943441911767138e+02
2.398433094459839765e+02
2.604767153680030560e+02
2.764827539197888768e+02
2.881735803112106282e+02
2.959875253081694950e+02
3.005317404884702910e+02
3.026060520476752345e+02
3.031521791896484501e+02
3.031104862264535313e+02
3.032169027662009171e+02
3.038077172508876060e+02
3.047062797912333849e+02
3.052437651501945766e+02
3.044207928863779671e+02
3.011628650093744568e+02
2.945873189833869787e+02
2.842003820770736411e+02
2.699734050256629985e+02
2.522901406110247819e+02
2.317998844948658075e+02
2.092448714948851034e+02
1.853367595553483227e+02
1.607197323537211844e+02
1.359941720841378299e+02
1.117369015670770551e+02
8.847286081349915321e+01
6.660599349640138200e+01
4.635987824285506775e+01
2.778285680553121395e+01
1.083398547710282145e+01
-4.488488876688009555e+00
-1.804188627326178818e+01
-2.950864852335008237e+01
-3.845942901190556995e+01
-4.449384341207061055e+01
-4.740826446839351149e+01
-4.732206246884927481e+01
-4.471206448342928752e+01
-4.034738278814573675e+01
-3.515611550975265942e+01
-3.007931535709482418e+01
-2.596671132236831880e+01
-2.353369415084266336e+01
-2.334863672503269783e+01
-2.579844289296095283e+01
-3.101208761164270555e+01
-3.878014257984863633e+01
-4.854275781871337614e+01
-5.950015207450993415e+01
-7.083580773659238616e+01
-8.197011522986709053e+01
-9.272843763885654766e+01
-1.033377853732746843e+02
-1.142441900803766259e+02
-1.258259283182150767e+02
-1.381252162532397563e+02
-1.507131880354574491e+02
-1.627494263487369039e+02
-1.732221810167430078e+02
-1.812792852386559730e+02
-1.865132836072351381e+02
-1.890866156034305163e+02
-1.896671868929584832e+02
-1.892270809935917839e+02
-1.887906581117653957e+02
-1.892115671897059315e+02
-1.910310524129083944e+02
-1.944309959986146907e+02
-1.992626367062543409e+02
-2.051235094928649971e+02
-2.114627575035519271e+02
-2.177008218545501563e+02
-2.233495667861267862e+02
-2.281149436506152597e+02
-2.319577415778867078e+02
-2.350873413913632248e+02
-2.378786589635344342e+02
-2.407310896735378947e+02
-2.439166864843786868e+02
-2.474793931579142168e+02
-2.512345835032216144e+02
-2.548693091978933580e+02
-2.580782337900277525e+02
-2.606388895729321575e+02
-2.623654734362646082e+02
-2.629610898711854929e+02
-2.618611194761012939e+02
-2.581812265590320408e+02
-2.508349709307581463e+02
-2.387907639769461241e+02
-2.213547521598432866e+02
-1.983530742175622947e+02
-1.701474250908687225e+02
-1.375084790834537785e+02
-1.014340382579435840e+02
-6.299130381426466840e+01
-2.320511071529661962e+01
1.702066261614767484e+01
5.693952595495993307e+01
9.592215612775702027e+01
1.333368859300639429e+02
1.684205834914334901e+02
2.002456395930585984e+02
2.278423687775712381e+02
2.504414368990991591e+02
2.677286212317896457e+02
2.799937284520513572e+02
2.881025785691457486e+02
2.933001155396542003e+02
2.969265455957713584e+02
3.001547993362417515e+02
3.038189367061062285e+02
3.083326499570624719e+02
3.136571399580992647e+02
3.192984107112436618e+02
3.243622892007565497e+02
3.277109070001441751e+02
3.282181390806077843e+02
3.250453384531105030e+02
3.178223826028510075e+02
3.066626811290356613e+02
2.920313882887462569e+02
2.745569285022327222e+02
2.548888167838649110e+02
2.336607195785556996e+02
2.115434995799938633e+02
1.893111061438041247e+02
1.678299124147581551e+02
1.479308849768442258e+02
1.302100576454622285e+02
1.148693468706211718e+02
1.017018109542425464e+02
9.024077000435499940e+01
7.999114624669076079e+01
7.062168944806165882e+01
6.204511047507435251e+01
5.439530972244426721e+01
4.795017919221168512e+01
4.303122978109381336e+01
3.988610842454254879e+01
3.856345694831158255e+01
3.880697258523392890e+01
3.999529956354649585e+01
4.113684835789514693e+01
4.092331743945442213e+01
3.786087651288506351e+01
3.050281534738070377e+01
1.777802096694619394e+01
-6.403304721899552021e-01
-2.402651503603175343e+01
-5.047646331538079778e+01
-7.706229245496828639e+01
-1.002863634041985534e+02
-1.167541169162161481e+02
-1.239134914036884823e+02
-1.206803162795141446e+02
-1.077741936477725915e+02
-8.763958648303007237e+01
-6.393775875459008518e+01
-4.073629580459191857e+01
-2.162742583079022296e+01
-9.024868289122714771e+00
-3.816456683434816810e+00
-5.422439581827715571e+00
-1.218571477667960323e+01
-2.194501644846670985e+01
-3.262358060996778875e+01
-4.269208880313085785e+01
-5.142061364002957191e+01
-5.889822405855605325e+01
-6.584855325261568737e+01
-7.329911765383356226e+01
-8.218364688240302485e+01
-9.298203188913748818e+01
-1.055183416448493290e+02
-1.190059487692565057e+02
-1.323354481304080252e+02
-1.444906567097102368e+02
-1.549199888994704679e+02
-1.637167420965916165e+02
-1.715512470164453021e+02
-1.794035440046275198e+02
-1.882185157593965243e+02
-1.986107941226149194e+02
-2.106874672441483654e+02
-2.239840018274760496e+02
-2.374793855666863749e+02
-2.496786148672980516e+02
-2.587828033390103428e+02
-2.629610898711854929e+02
-2.606883507208812034e+02
-2.510654284578223496e+02
-2.340385342820245000e+02
-2.104699359574218249e+02
-1.820443179527167388e+02
-1.510174096488118778e+02
-1.198454293974955220e+02
-9.077430240422997088e+01
-6.548565419288823364e+01
-4.487406907083634167e+01
-2.898667338096029411e+01
-1.712064251697467654e+01
-8.052425522569471639e+00
-3.555810899509141976e-01
7.250161962339538135e+00
1.558676441926430556e+01
2.482144180153549584e+01
3.446521444357320263e+01
