-2.151566745822344728e+01
-5.107969505197756277e+00
8.729627811750379607e+00
1.808857075817090276e+01
2.212659035107559191e+01
2.110844304239650171e+01
1.612885547673703002e+01
8.673017000443177693e+00
1.847742078279175360e-01
-8.233685020763640949e+00
-1.593712544107884632e+01
-2.268563737419852799e+01
-2.849690087072674771e+01
-3.348676468823650509e+01
-3.775784331557073159e+01
-4.135644300369884263e+01
-4.428579860444594374e+01
-4.654735462463201401e+01
-4.818446965808278293e+01
-4.931676393549460613e+01
-5.015962658059583390e+01
-5.101700269770682894e+01
-5.223590370084573209e+01
-5.412978406976478851e+01
-5.689661404927379351e+01
-6.055788847327256974e+01
-6.493570741924628464e+01
-6.967866900015442866e+01
-7.433769228954085406e+01
-7.847485410825416352e+01
-8.177173916501777740e+01
-8.410041751341223915e+01
-8.553322106252454660e+01
-8.629266094419274680e+01
-8.666839610001123617e+01
-8.693856771704342634e+01
-8.732106642417430464e+01
-8.795645215364655201e+01
-8.890751807270831364e+01
-9.016242532732150039e+01
-9.164174620255604964e+01
-9.321627494997649421e+01
-9.473529550340350625e+01
-9.605560110218233660e+01
-9.706090541223775858e+01
-9.766902627937393788e+01
-9.783535176052482996e+01
-9.756698949737250359e+01
-9.695111708998653910e+01
-9.617498339130430907e+01
-9.549741658464570548e+01
-9.514769900830324900e+01
-9.517480794575578784e+01
-9.531434518271930756e+01
-9.494546596189310605e+01
-9.317103059651697095e+01
-8.899849344690494490e+01
-8.155767822142954060e+01
-7.028184038393587230e+01
-5.500200435613004402e+01
-3.594557115513034518e+01
-1.366528221021910028e+01
1.105911266245381341e+01
3.730935796883541400e+01
6.409481510177158725e+01
9.041242755980847789e+01
1.153243459470921266e+02
1.380551991272151895e+02
1.580815765940638471e+02
1.751764928296860830e+02
1.893882182105934930e+02
2.009629422781203232e+02
2.102433933197360147e+02
2.175765755418187268e+02
2.232497941577325946e+02
2.274629453498607745e+02
2.303393553217992746e+02
2.319663455231504940e+02
2.324422939234532635e+02
2.319045771882393012e+02
2.305256587821417327e+02
2.284813798335614479e+02
2.259077774880212246e+02
2.228674973188357740e+02
2.193415984478950236e+02
2.152493365823373210e+02
2.104848751913734759e+02
2.049530207002771931e+02
1.985888092482086336e+02
1.913557151293540528e+02
1.832304785934417737e+02
1.741944933802045057e+02
1.642515809479578195e+02
1.534713210916448816e+02
1.420306260035109744e+02
1.302231595053733315e+02
1.184313753617241929e+02
1.070802558037764101e+02
9.659066616264161098e+01
8.733373549895493682e+01
7.958110329217591072e+01
7.345480504792391230e+01
6.889169149783666057e+01
6.564123326533334080e+01
6.330937997473321843e+01
6.144242995311507372e+01
5.962315616511185823e+01
5.754626270995396453e+01
5.505423148507256315e+01
5.213117814603737088e+01
4.886316304713868419e+01
4.538260187426104153e+01
4.181902503941619642e+01
3.827008208339907469e+01
3.479041229185007467e+01
3.138799318522750781e+01
2.802323790560444294e+01
2.461333874994635806e+01
2.104305701884385016e+01
1.718059974863474793e+01
1.290225158450517284e+01
8.131809164672041845e+00
2.887297949744116465e+00
-2.690122981900522348e+00
-8.348383650816863621e+00
-1.377976566769757483e+01
-1.869962277405095108e+01
-2.292010012161829025e+01
-2.639475859498553234e+01
-2.922372724894742646e+01
-3.162441167186284474e+01
-3.388142238012149221e+01
-3.628896356432069581e+01
-3.909299770712067357e+01
-4.243419960038355043e+01
-4.629285153504831385e+01
-5.044887547439950026e+01
-5.448680243848845350e+01
-5.787571992663292519e+01
-6.012533066216934685e+01
-6.097425247654376790e+01
-6.053461289956905489e+01
-5.932026202098178658e+01
-5.812681039817188378e+01
-5.779242209309013845e+01
-5.892108676456133765e+01
-6.167138731704612553e+01
-6.569476668091476768e+01
-7.025388457592612212e+01
-7.448054273053078589e+01
-7.767257905646367533e+01
-7.951235652420423605e+01
-8.012770892549268353e+01
-7.998862130928880276e+01
-7.970045969303065192e+01
-7.978576923374431829e+01
-8.053592004800320581e+01
-8.197565716810966308e+01
-8.393334200790376087e+01
-8.616368063393737486e+01
-8.845186034460719782e+01
-9.064885461704166403e+01
-9.262783891965922578e+01
-9.418675354489953122e+01
-9.494546596189310605e+01
-9.429472283140900402e+01
-9.143805025121200458e+01
-8.552768607382789412e+01
-7.584938169021717158e+01
-6.199766087894091982e+01
-4.399854608219004604e+01
-2.235709695615179271e+01
1.982993831196182555e+00
2.777084692824215395e+01
5.364948838284065857e+01
7.837160200001099497e+01
1.009605368565569563e+02
1.207749979193833383e+02
1.374913392745135070e+02
1.510538312789897475e+02
1.616293586173348160e+02
1.695602473309714924e+02
1.752894558637023295e+02
1.792574106876403732e+02
1.818072059301198919e+02
1.831431017065783635e+02
1.833595179571412928e+02
1.825176532097330266e+02
1.807221937009682051e+02
1.781563470522602870e+02
1.750628045438187712e+02
1.716863391240997885e+02
1.682024178810626438e+02
1.646526214504561381e+02
1.609073018502246555e+02
1.566754849640786347e+02
1.515677702908947992e+02
1.451942860777394912e+02
1.372663159929642518e+02
1.276734052960191121e+02
1.165173829109533301e+02
1.040963267818348328e+02
9.084887700971567881e+01
7.728534780288465811e+01
6.392925916798029107e+01
5.127052736665358879e+01
3.971590849473540175e+01
2.953408259412652370e+01
2.081570069015420188e+01
1.347121573694099084e+01
7.268555789719489013e+00
1.893767100240701495e+00
-2.984001785352376146e+00
-7.655188909272819586e+00
-1.232884020852090678e+01
-1.711359287957143849e+01
-2.201719290154883879e+01
-2.695375816667551661e+01
-3.175498077168149536e+01
-3.619710405392974195e+01
-4.005813652710683925e+01
-4.319856649574667529e+01
-4.563002239624866974e+01
-4.753001298275400188e+01
-4.918963754148105494e+01
-5.092371286278700637e+01
-5.299400694057968053e+01
-5.557920762653933622e+01
-5.878458256754392153e+01
-6.265511249059002807e+01
-6.716285373547430027e+01
-7.217314368852989048e+01
-7.742294777074880585e+01
-8.254355456292111626e+01
-8.713138028510991262e+01
-9.084025853851193233e+01
-9.345859268054954327e+01
-9.494546596189310605e+01
-9.542077768106773306e+01
-9.512608736225124062e+01
-9.438041382924376421e+01
-9.353988212744559405e+01
-9.295054996549819748e+01
-9.288684826442782594e+01
-9.348960968340387012e+01
-9.472973620598887123e+01
-9.641370992881961399e+01
-9.822906790800323051e+01
-9.981844620114773647e+01
-1.008691506574674577e+02
-1.011994153610829699e+02
-1.008112697700001519e+02
-9.987899821806593081e+01
-9.866612874833575120e+01
-9.740490533671595585e+01
-9.619935929546022635e+01
-9.499994122508381622e+01
-9.365331801362825104e+01
-9.199239087758103040e+01
-8.992241139857725329e+01
-8.747137583766196656e+01
-8.479037895888264131e+01
