2.142627163999962647e+01
-1.384788432143799497e+01
-4.510201967459312300e+01
-6.939307291691999069e+01
-8.557217396598815640e+01
-9.435932103051496256e+01
-9.786183047485226894e+01
-9.877529592091497079e+01
-9.956245649059525249e+01
-1.018614009082680809e+02
-1.062610083540584469e+02
-1.124387918462610401e+02
-1.195346943600122529e+02
-1.265804279681547655e+02
-1.328308601591884042e+02
-1.379174390588231915e+02
-1.418131691391276377e+02
-1.446433457090298873e+02
-1.464116496583762910e+02
-1.467500741952391081e+02
-1.448179383524984587e+02
-1.394288492756348887e+02
-1.293804584909257187e+02
-1.138637913006781162e+02
-9.279495433019246775e+01
-6.694647639793231519e+01
-3.783042473462491273e+01
-7.375597820006845495e+00
2.247970813268556256e+01
5.013024157433953576e+01
7.448505086366266426e+01
9.499171648368782428e+01
1.115744326983166559e+02
1.245434516010430883e+02
1.344846805321643899e+02
1.421224818140785828e+02
1.481698771628099394e+02
1.531971568060891684e+02
1.575488722320615409e+02
1.613333620318952910e+02
1.644899785251510593e+02
1.668947234460511595e+02
1.684292369910538127e+02
1.689639567056361216e+02
1.682877359724063240e+02
1.660784758790189528e+02
1.619856396337528111e+02
1.558007389578460504e+02
1.476111169339672529e+02
1.378368496068071636e+02
1.271315460618969269e+02
1.162130464319259886e+02
1.057160167818291967e+02
9.611924504899739929e+01
8.773548784850252957e+01
8.071076306994228844e+01
7.499620201688082943e+01
7.031646898722934225e+01
6.620150795982385716e+01
6.211689499557436989e+01
5.764091871432628977e+01
5.257932604750078553e+01
4.694726584603267128e+01
4.085220248836344581e+01
3.438138149534173493e+01
2.757096334605211041e+01
2.045230060212887935e+01
1.311957219989504253e+01
5.769158573050455985e+00
-1.314620586657694323e+00
-7.835996646272583632e+00
-1.361030917484690228e+01
-1.868229909098229413e+01
-2.337707883005656129e+01
-2.824520340832172849e+01
-3.390626763693544632e+01
-4.083474194755822850e+01
-4.915748387276013887e+01
-5.853632175922621883e+01
-6.818701688267975669e+01
-7.704696796588264363e+01
-8.406066106332866639e+01
-8.850896814182922867e+01
-9.027541673822655355e+01
-8.994335317641548500e+01
-8.866942209473157277e+01
-8.786326588881885868e+01
-8.877870862471027635e+01
-9.215637804453801607e+01
-9.804192475594808798e+01
-1.058404801792673311e+02
-1.145747971774481897e+02
-1.232289483549753442e+02
-1.310237641946539497e+02
-1.375081483426151578e+02
-1.424461153931306399e+02
-1.455804106865385847e+02
-1.464116496583762910e+02
-1.441298492672195266e+02
-1.377690349443981006e+02
-1.265381344214718951e+02
-1.101799370668532418e+02
-8.919434089570968638e+01
-6.483906637239968518e+01
-3.891886727482950192e+01
-1.343806329139090927e+01
9.779881819802525911e+00
2.940366242893703230e+01
4.477486115324623484e+01
5.595153200925494730e+01
6.362784905528140200e+01
6.893039145328393147e+01
7.310322728992650809e+01
7.715159476539538730e+01
8.156743664966920448e+01
8.624777783438943857e+01
9.063221310734509473e+01
9.398039168515265374e+01
9.565159888498367025e+01
9.527065377319692629e+01
9.274598657279820202e+01
8.818909730919463641e+01
8.182068089169555947e+01
7.392650657616718490e+01
6.486833213038212875e+01
5.510291902968269540e+01
4.515605441225172001e+01
3.554284270024010084e+01
2.667395889500613038e+01
1.879095407892779690e+01
1.193760049869698037e+01
5.948200221563638479e+00
4.516449965772544317e-01
-5.072338203717645655e+00
-1.115148540219401596e+01
-1.812354185025084874e+01
-2.597612880913486322e+01
-3.431322499646248758e+01
-4.247130951128497856e+01
-4.973713511661121345e+01
-5.558255049648403201e+01
-5.982951055622770298e+01
-6.268267259806104619e+01
-6.461932654952491362e+01
-6.619466705159720732e+01
-6.786409722052059124e+01
-6.990430341701662087e+01
-7.243897192069744051e+01
-7.550374374805468847e+01
-7.907864333967411596e+01
-8.307271080676468955e+01
-8.730266645117022506e+01
-9.151264982072471810e+01
-9.544574222922632600e+01
-9.894253900328929774e+01
-1.020244274580351629e+02
-1.049144963675171880e+02
-1.079627688018074281e+02
-1.114839891728355070e+02
-1.155728448449571886e+02
-1.199959612624279544e+02
-1.242344573303730186e+02
-1.276686341489809280e+02
-1.298164662346821387e+02
-1.305188235595384754e+02
-1.300054879705728013e+02
-1.288342264357999341e+02
-1.277375043425872150e+02
-1.274302273757598982e+02
-1.284319090803169274e+02
-1.309399500468405222e+02
-1.347627983507132683e+02
-1.393048614095464472e+02
-1.436026823875836840e+02
-1.464217547947183675e+02
-1.464116496583762910e+02
-1.422961302693403240e+02
-1.330656369554258731e+02
-1.181410844205316124e+02
-9.748517045465708009e+01
-7.165365187098186084e+01
-4.179025759772807191e+01
-9.559211089444719534e+00
2.300843280946749303e+01
5.377335530550017495e+01
8.082883154162250605e+01
1.028439239425491394e+02
1.192985500909402958e+02
1.305260212312776957e+02
1.375477423909844674e+02
1.417567831336841948e+02
1.445527900422473522e+02
1.470369304041731198e+02
1.498370938123661347e+02
1.530698266074816161e+02
1.564007486887872176e+02
1.591646841607748115e+02
1.605303829284878248e+02
1.597070607170488756e+02
1.561740781863684617e+02
1.498767041948272265e+02
1.412987124692153884e+02
1.313419498414873203e+02
1.210317292142465817e+02
1.111718634037411420e+02
1.021096876664517907e+02
9.371178699183714400e+01
8.554450280782599236e+01
7.716475101621448118e+01
6.838786353801958739e+01
5.941165771117560723e+01
5.073433370563179068e+01
4.289888951168010323e+01
3.619348488333216096e+01
3.047292085440420806e+01
2.520309332685603465e+01
1.970505168636744742e+01
1.347400757653762682e+01
6.427048583976457508e+00
-1.019439394772613916e+00
-8.068078966607949098e+00
-1.381283295217898477e+01
-1.757809419584373245e+01
-1.921578332697632874e+01
-1.925370372417522091e+01
-1.882103233248166418e+01
-1.934596326340352590e+01
-2.211036566120106528e+01
-2.781669259223183133e+01
-3.633150438834288565e+01
-4.670651491202672645e+01
-5.747107913151066327e+01
-6.708708800268732375e+01
-7.439922741708285514e+01
-7.892259454943298635e+01
-8.088296795284860252e+01
-8.103330027528586754e+01
-8.036037381286497805e+01
-7.981366331723459950e+01
-8.012869976867645505e+01
-8.174013238905946821e+01
-8.474992208149511441e+01
-8.893848567082197576e+01
-9.383693447298973922e+01
-9.887584677784623466e+01
-1.035872925802626838e+02
-1.077927358019604611e+02
-1.116918487720727882e+02
-1.157883681022293985e+02
-1.206477610332444783e+02
-1.265628540710574583e+02
-1.332663432923346249e+02
-1.398245528327211957e+02
-1.447681281140609997e+02
-1.464116496583762910e+02
-1.432461759701350843e+02
-1.342797473204337280e+02
-1.192347432440551955e+02
-9.856496933628238821e+01
-7.331698305023182627e+01
-4.491351067963996258e+01
-1.495448506237364406e+01
