-2.724938327762243873e+01
-2.293932200729464910e+01
-1.987906454329307238e+01
-1.890508531545214410e+01
-2.020503505885555029e+01
-2.333745283114766167e+01
-2.747067983347873366e+01
-3.171606128596061680e+01
-3.541134035067030794e+01
-3.825822669568971435e+01
-4.030089000376160158e+01
-4.180190019648849642e+01
-4.309556350839636707e+01
-4.447858297733792909e+01
-4.616200743688244756e+01
-4.827741514041016302e+01
-5.090845597625295227e+01
-5.410838105597162695e+01
-5.787228291304218430e+01
-6.206163320735809918e+01
-6.631558369735427050e+01
-7.000554787842872884e+01
-7.228066513894789580e+01
-7.221535855063085307e+01
-6.902531559096000535e+01
-6.228525870144348886e+01
-5.207505322010850080e+01
-3.900425781621197530e+01
-2.410749919685638076e+01
-8.642843059465384670e+00
6.151371384345932114e+00
1.928135035559287402e+01
3.015409457435834639e+01
3.863053686574873069e+01
4.496156384325888666e+01
4.962460773595079644e+01
5.311597483718963986e+01
5.577616525915485113e+01
5.771622320232298620e+01
5.887263696713271344e+01
5.915811620182851271e+01
5.862148019977543356e+01
5.751862346725792463e+01
5.624669512419040984e+01
5.517722561670598935e+01
5.448319283156050830e+01
5.405357197716237039e+01
5.353683913379370551e+01
5.248774026104035073e+01
5.054341125554009295e+01
4.754762868038764623e+01
4.357648225879785286e+01
3.887163024606315531e+01
3.372895569399600646e+01
2.840438669785421411e+01
2.308172361031522257e+01
1.790814647251778879e+01
1.306338321843031380e+01
8.809963862591178696e+00
5.480177710578423955e+00
3.383933912875585648e+00
2.662536111643742487e+00
3.152468709234788946e+00
4.336691010526365631e+00
5.430788630356579105e+00
5.588529486970941207e+00
4.152063925682956125e+00
8.494093768961423763e-01
-4.134492522781538781e+00
-1.023159967067489262e+01
-1.666940847496881162e+01
-2.268085650621461724e+01
-2.767693380017777827e+01
-3.134505636911767468e+01
-3.366748816519012166e+01
-3.487138120378790518e+01
-3.533287324912917171e+01
-3.546780334752062913e+01
-3.564377892344219134e+01
-3.613623908936243367e+01
-3.712842585246214355e+01
-3.873311536254535525e+01
-4.100622581378765119e+01
-4.393536229795108028e+01
-4.741258738806161688e+01
-5.122177166370792634e+01
-5.506778892790761404e+01
-5.864631048139495562e+01
-6.172288048745743083e+01
-6.418435129869561706e+01
-6.604475344786733615e+01
-6.741066362448781035e+01
-6.842440538530445338e+01
-6.920931175517682732e+01
-6.984203044538240590e+01
-7.036453837930869781e+01
-7.081960273059590349e+01
-7.126687507688811252e+01
-7.174281894651363700e+01
-7.217145763834726324e+01
-7.228066513894789580e+01
-7.158838971695995212e+01
-6.948498939270923813e+01
-6.538312997855175013e+01
-5.887891080823994372e+01
-4.987641769865663122e+01
-3.864724656191720698e+01
-2.580601258494524330e+01
-1.219462753338803296e+01
1.301621139173656072e+00
1.394790820624203675e+01
2.529509345054155744e+01
3.521330292327642297e+01
4.382391298641771016e+01
5.136571940760030230e+01
5.804989240411042317e+01
6.396161337792761969e+01
6.905030596623851125e+01
7.320980398503655806e+01
7.639743021595246830e+01
7.871215836604602600e+01
8.037747807705642344e+01
8.164237404628046590e+01
8.266973631417967283e+01
8.348001774400303532e+01
8.396777077128894007e+01
8.395957028429816660e+01
8.327154181866204397e+01
8.174819595528339278e+01
7.929010498494037051e+01
7.588272227957156701e+01
7.162490259133377890e+01
6.674210143301502285e+01
6.156748816310778949e+01
5.648327310778483223e+01
5.183150604581179977e+01
4.782323285571983007e+01
4.448431243035992111e+01
4.166486077587946824e+01
3.911030937283348408e+01
3.656095780166978670e+01
3.383393789092788495e+01
3.085633553028403497e+01
2.764791694928760535e+01
2.427485518685181987e+01
2.080258032891080688e+01
1.726774159272289211e+01
1.367242273590212243e+01
9.992241674043539135e+00
6.193611016210187614e+00
2.261068536226999548e+00
-1.774147472354119515e+00
-5.826244372042490127e+00
-9.781326717495900880e+00
-1.354532954595058669e+01
-1.708266353875770704e+01
-2.041925488030272007e+01
-2.360535361636995333e+01
-2.666051629063665018e+01
-2.953858357704726956e+01
-3.213967748937518820e+01
-3.436467650851761135e+01
-3.618014980387796697e+01
-3.765883144319937514e+01
-3.897828297707292933e+01
-4.037816348078666095e+01
-4.208640429421692630e+01
-4.423585707809772316e+01
-4.680568164739820247e+01
-4.961824177079755316e+01
-5.239600657169121689e+01
-5.485440990675913042e+01
-5.679728455060593717e+01
-5.818703246767316273e+01
-5.916662913215652964e+01
-6.001760347230292325e+01
-6.106089116439301279e+01
-6.253846141186446062e+01
-6.452399780444038413e+01
-6.688779524900000695e+01
-6.930735134177751888e+01
-7.130189162715976181e+01
-7.228066513894789580e+01
-7.161112840363421128e+01
-6.871478202772453869e+01
-6.318232311582022476e+01
-5.487755290986814316e+01
-4.398963075142003021e+01
-3.100895726505742545e+01
-1.663584991504789912e+01
-1.658372264337703683e+00
1.315999428096525747e+01
2.715520422235554321e+01
3.979148993736591677e+01
5.065614742832284634e+01
5.944864408985314697e+01
6.599307001378336679e+01
7.028171374092002566e+01
7.252638160481184570e+01
7.317578381464132065e+01
7.286551731921534270e+01
7.229632052248209106e+01
7.206929482051342006e+01
7.252937683728590912e+01
7.367402142538819021e+01
7.516865952341552770e+01
7.647328096924518093e+01
7.703816615969553538e+01
7.649544371592384095e+01
7.477492153938655406e+01
7.210573574312526546e+01
6.891008307492134577e+01
6.563224376595775311e+01
6.256964912531687872e+01
5.977881704641914240e+01
5.710357953493608818e+01
5.431341288792680899e+01
5.127571867192878585e+01
4.806190641660941765e+01
4.492480374225818451e+01
4.216388245156262826e+01
3.996318424018935644e+01
3.829878713737695506e+01
3.696377114932602126e+01
3.568507881575280294e+01
3.425559099839793475e+01
3.260528415092654342e+01
3.078192598449308903e+01
2.886916812190795412e+01
2.690177653491109311e+01
2.483115531731067804e+01
2.255907491645363905e+01
2.001491968444202740e+01
1.722660174703841562e+01
1.434311203311842320e+01
1.159952584382326890e+01
9.247041335504579962e+00
7.480650328551768702e+00
6.385546217056361940e+00
5.907633242019982411e+00
5.850898737707439068e+00
5.912945684755617215e+00
5.767950052884237344e+00
5.180386423543311913e+00
4.101152421747346288e+00
2.692804769554479449e+00
1.263124333337056981e+00
1.346864212392988591e-01
-4.885495168397442356e-01
-5.951570647560764371e-01
-3.472603841959358562e-01
1.712174718764503112e-02
3.016003427675792992e-01
4.180641029493634697e-01
3.666762780912150577e-01
1.513400460328511166e-01
-3.078203450364995208e-01
-1.201974114767599522e+00
-2.770277424173007930e+00
-5.168323866087703777e+00
-8.340450353049483567e+00
-1.197804078186452337e+01
