2.224205901539447439e+01
3.706834737060395213e+01
4.912473777246727735e+01
5.646676806080699862e+01
5.838527546675436497e+01
5.539791681611399099e+01
4.886517737273497630e+01
4.045660649537373388e+01
3.169044828068743413e+01
2.366973844130767191e+01
1.701374944317331028e+01
1.190378068511090959e+01
8.160668505864279609e+00
5.325042473329336445e+00
2.761921897501437684e+00
-1.836869756867258729e-01
-3.994907345750913663e+00
-8.823151839646380168e+00
-1.444572264021866914e+01
-2.038073698329639427e+01
-2.611691543931161874e+01
-3.135372752970022248e+01
-3.614323912400517713e+01
-4.087279138630795927e+01
-4.609761412544836645e+01
-5.229655256707075495e+01
-5.965638137226789439e+01
-6.797053209784711214e+01
-7.667869301129174175e+01
-8.501731857846284868e+01
-9.222462777781157683e+01
-9.774009922055897448e+01
-1.013438820342093010e+02
-1.031947885794571675e+02
-1.037550071790329440e+02
-1.036357828797696499e+02
-1.034343343585506148e+02
-1.036228459486861908e+02
-1.045002623090890097e+02
-1.061769095774104130e+02
-1.085687731305728505e+02
-1.114135550203515379e+02
-1.143338907611756099e+02
-1.169446542148764081e+02
-1.189643672049813148e+02
-1.202874147508937028e+02
-1.210023187201652632e+02
-1.213656662053427198e+02
-1.217442840811050928e+02
-1.225367677874059353e+02
-1.240919790053647347e+02
-1.266429941803721988e+02
-1.302602297586387294e+02
-1.348158978219732944e+02
-1.399634934845033172e+02
-1.451573714933629731e+02
-1.497390140756795915e+02
-1.530890595003051260e+02
-1.548032314589485452e+02
-1.548223328003654728e+02
-1.534559492893395998e+02
-1.512889852686884353e+02
-1.490185246620346220e+02
-1.472939556216626329e+02
-1.466096106464227944e+02
-1.472507850002638179e+02
-1.492670246184163716e+02
-1.524632399686610427e+02
-1.564310400712541025e+02
-1.606437234991648495e+02
-1.646009814829439506e+02
-1.679709321747420177e+02
-1.706719939985728445e+02
-1.728618268168173984e+02
-1.748333688709502951e+02
-1.768476047561843245e+02
-1.789530120593264542e+02
-1.808436386444897153e+02
-1.817929575870716690e+02
-1.806836667701592489e+02
-1.761425517898383362e+02
-1.667761723941536900e+02
-1.514748829427846033e+02
-1.297120381748800355e+02
-1.017394337759747742e+02
-6.860027848799279582e+01
-3.194539616845403174e+01
6.289258269376984956e+00
4.423966271702752096e+01
8.039431820673378581e+01
1.137217173266386396e+02
1.436379506542117213e+02
1.698809205876235637e+02
1.923851532665387651e+02
2.112174192427301023e+02
2.265752740182054765e+02
2.388116962252292410e+02
2.484401919457467045e+02
2.560903443543749631e+02
2.624167495616209180e+02
2.679941627203163534e+02
2.732359472590034102e+02
2.783541157880063679e+02
2.833564704596686852e+02
2.880632596385298143e+02
2.921291251837258187e+02
2.950733224884531865e+02
2.963342562170803376e+02
2.953557600625194368e+02
2.916878241290873461e+02
2.850675034733520761e+02
2.754537816455919028e+02
2.630180797799030188e+02
2.481172939516229690e+02
2.312780762399205230e+02
2.131966511166144187e+02
1.947243811041516892e+02
1.767953622075526425e+02
1.602803112654776498e+02
1.458047851360933578e+02
1.336040320692516445e+02
1.234762587700993492e+02
1.148568992025741125e+02
1.069972466850222759e+02
9.920391081500841324e+01
9.107690174332306299e+01
8.267012507575913105e+01
7.450188043067656452e+01
6.738483294942089685e+01
6.211762071191489554e+01
5.914454055927335219e+01
5.831337786125698130e+01
5.883682368648214123e+01
5.949156492342639524e+01
5.898925571155635339e+01
5.637503192158168730e+01
5.130005877080684229e+01
4.407720046510337397e+01
3.552469308049634833e+01
2.668135532555777445e+01
1.850179727155746789e+01
1.161458889130984495e+01
6.189388822760356845e+00
1.934835534528404288e+00
-1.776956048317000381e+00
-5.701903494219272339e+00
-1.050229658512128950e+01
-1.657650924933737357e+01
-2.397119111341776687e+01
-3.237634214524589993e+01
-4.119495784144883288e+01
-4.967851914279736292e+01
-5.710341766989713364e+01
-6.293897341238225351e+01
-6.695545107348536362e+01
-6.924669322260076854e+01
-7.017203875845835626e+01
-7.023880209467672842e+01
-6.995647849704127452e+01
-6.970442616821124204e+01
-6.965676064251702826e+01
-6.978873565822232194e+01
-6.995287741794213332e+01
-6.998547754492406625e+01
-6.980413938040138078e+01
-6.947254726724426632e+01
-6.921468223092983862e+01
-6.936227495060931858e+01
-7.024043818688883789e+01
-7.203400397539718369e+01
-7.469995290863683124e+01
-7.797727423236247546e+01
-8.149856724292781962e+01
-8.495301435622793917e+01
-8.822177140051965694e+01
-9.142203664472843627e+01
-9.484069362417668003e+01
-9.878356928607382770e+01
-1.033978082554985463e+02
-1.085411584830768135e+02
-1.137626460593385076e+02
-1.184138132874064127e+02
-1.218481193895180184e+02
-1.236292756281453649e+02
-1.236764415545131328e+02
-1.223084940444753670e+02
-1.201839625276750780e+02
-1.181552990292156124e+02
-1.170725884475049838e+02
-1.175903535255018539e+02
-1.200355800419838914e+02
-1.243648398436787375e+02
-1.301960337838377484e+02
-1.368897065368352912e+02
-1.436712956613705217e+02
-1.497862754136362753e+02
-1.546582312360499998e+02
-1.580104805095924121e+02
-1.599292501538856470e+02
-1.608636549960685898e+02
-1.615513321619238241e+02
-1.628457636406256768e+02
-1.654408242262543354e+02
-1.695481181082545561e+02
-1.746402604056068526e+02
-1.793787973815413750e+02
-1.817929575870716690e+02
-1.796910484524840399e+02
-1.711968862004835898e+02
-1.552423272960122347e+02
-1.318529684428665405e+02
-1.021427301697129479e+02
-6.803870833563028953e+01
-3.183828478483056301e+01
4.260697914873050607e+00
3.851600446113714327e+01
6.978827066919993172e+01
9.747676254632098392e+01
1.213409895531925429e+02
1.413450468680296410e+02
1.576077690283338768e+02
1.704400126149326695e+02
1.803828644978964348e+02
1.881687374284748557e+02
1.945872179756903222e+02
2.002996003461499299e+02
2.056779978022811690e+02
2.107388485113000343e+02
2.152031737169669725e+02
2.186628113412801042e+02
2.207831829320610098e+02
2.214510547037397146e+02
2.207987868244246954e+02
2.190999447580973936e+02
2.165969980292242667e+02
2.133470756479289605e+02
2.091472661897865351e+02
2.035555178515537875e+02
1.959896733879232897e+02
1.858738346129543118e+02
1.727972400662424377e+02
1.566492573068470620e+02
1.376999702713947045e+02
1.166092756066190930e+02
9.435503001289086455e+01
7.207366888744743960e+01
5.083388063085916286e+01
3.142041859962175465e+01
1.423295503133951101e+01
-6.494964610614175626e-01
-1.328905003219342618e+01
-2.370772672205220744e+01
-3.180855436011547965e+01
-3.744468154514210312e+01
-4.060253933912424174e+01
-4.159110772460243766e+01
-4.110666465312765183e+01
-4.010230102294156751e+01
-3.950128126891967639e+01
-3.987748306974412316e+01
-4.124099538009824784e+01
-4.302431375511028477e+01
