-7.279441773282771067e+01
-8.599246235695608220e+01
-9.748116820525578419e+01
-1.060595709115178522e+02
-1.113071345928734530e+02
-1.135610068476968593e+02
-1.136583737536798395e+02
-1.126030717060651938e+02
-1.112969932244296132e+02
-1.103976408755700334e+02
-1.102929613019372681e+02
-1.111519956522558203e+02
-1.130019913611077698e+02
-1.157847318578786826e+02
-1.193645325800503656e+02
-1.235036147022661908e+02
-1.278590045350522075e+02
-1.320463707770414317e+02
-1.357570741279914159e+02
-1.388561821310051130e+02
-1.413900260539420799e+02
-1.434955926539445272e+02
-1.452747756806872133e+02
-1.467194859826864217e+02
-1.477404684646676003e+02
-1.482901740723221735e+02
-1.485099821059469889e+02
-1.488006321352964392e+02
-1.497342223559756178e+02
-1.517994721270110858e+02
-1.550640502144854338e+02
-1.588963592364271449e+02
-1.618829352094597311e+02
-1.620074551495813182e+02
-1.570533049111101320e+02
-1.451047583817629345e+02
-1.249928380755482920e+02
-9.656179179742690621e+01
-6.069448354668512025e+01
-1.910850963728356078e+01
2.599525486102989902e+01
7.231031903419369655e+01
1.177237336870303466e+02
1.604940244185959273e+02
1.993258447054190867e+02
2.333832931719734631e+02
2.622745916109452082e+02
2.860193013226680705e+02
3.049900957454231616e+02
3.198147196283142648e+02
3.312384376488251405e+02
3.399762746555463195e+02
3.466035067989811296e+02
3.515237638680334840e+02
3.550221675319647829e+02
3.573730969384166087e+02
3.589427338980610784e+02
3.602209497514029977e+02
3.617454959034256490e+02
3.639324259441611957e+02
3.668752740972050788e+02
3.702017341051627568e+02
3.730650294104349314e+02
3.742924476607931865e+02
3.726422457148443073e+02
3.670795693119433736e+02
3.569919296395705715e+02
3.423040288805366345e+02
3.234906902786780165e+02
3.015071480409346805e+02
2.776531312377954350e+02
2.533773208220592892e+02
2.300394281277141602e+02
2.086806004199711992e+02
1.898756805367207221e+02
1.737221918598735328e+02
1.599668628916710418e+02
1.482140214954491739e+02
1.381299682009718310e+02
1.295639253207018271e+02
1.225460192213164419e+02
1.171783626400037264e+02
1.134767711385754438e+02
1.112314950551630091e+02
1.099465058111534006e+02
1.088979121315039151e+02
1.073136243493935638e+02
1.046180864489181062e+02
1.006362170782185785e+02
9.564686086081465533e+01
9.023527390751434041e+01
8.499763266884919233e+01
8.024185867028617736e+01
7.584209550716980175e+01
7.131987167962586227e+01
6.609993761051242700e+01
5.980701490827283351e+01
5.246775850812843345e+01
4.453531134199420904e+01
3.672390831948982282e+01
2.971408606174388467e+01
2.385775229622645810e+01
1.903949918262384244e+01
1.478646342413538406e+01
1.057249039747161135e+01
6.129795396483444847e+00
1.573786646165842740e+00
-2.720141774809988533e+00
-6.381489754775216738e+00
-9.274277277921697760e+00
-1.157413161640468502e+01
-1.368582756321197280e+01
-1.606641495577474643e+01
-1.903912877577246832e+01
-2.267794779120065130e+01
-2.681285782703865550e+01
-3.114475425473101211e+01
-3.539917838187145094e+01
-3.943586050097502493e+01
-4.327023510209733104e+01
-4.701651481377075470e+01
-5.079313128668945865e+01
-5.463278603069255723e+01
-5.842801589736535561e+01
-6.193417728865918548e+01
-6.484112166122747567e+01
-6.690079162457101347e+01
-6.806236557638229101e+01
-6.854261746172383596e+01
-6.877652088050666634e+01
-6.925705968473386065e+01
-7.034575946596791596e+01
-7.215900754359529401e+01
-7.458468117422927435e+01
-7.739478012593886547e+01
-8.036328359728469195e+01
-8.331809731916339956e+01
-8.612682117141341109e+01
-8.866998453311020967e+01
-9.084903461607177633e+01
-9.262676509184163365e+01
-9.405741294214473669e+01
-9.527111918944081026e+01
-9.642505011139846260e+01
-9.767193408121042353e+01
-9.918156318719414344e+01
-1.011904993486638773e+02
-1.040095398294777169e+02
-1.079412457893843964e+02
-1.131387310043645016e+02
-1.194988126343357919e+02
-1.266678316206759973e+02
-1.341588959519608864e+02
-1.415007734259295376e+02
-1.483198401692347090e+02
-1.543039242890384344e+02
-1.590696044733649899e+02
-1.620074551495813182e+02
-1.621938482580341656e+02
-1.584355714060775711e+02
-1.494659911909540142e+02
-1.342468541112218077e+02
-1.122783021100736107e+02
-8.380127357099235041e+01
-4.981347906624820610e+01
-1.190212803924018914e+01
2.802770492171240946e+01
6.803243346384401491e+01
1.063588472757301133e+02
1.416071221601407046e+02
1.728227977880234789e+02
1.995086931509245858e+02
2.215620640498223963e+02
2.391680627725943111e+02
2.526904950942573294e+02
2.625910447316575755e+02
2.693908756426681066e+02
2.736687306209395274e+02
2.760712961381537980e+02
2.773049899221177839e+02
2.780878950497411779e+02
2.790596724946756808e+02
2.806674075536412829e+02
2.830588216347844082e+02
2.860146145459831359e+02
2.889440064871239429e+02
2.909618999264139347e+02
2.910524002768115679e+02
2.882852089671904423e+02
2.820094724061382863e+02
2.719510844116734916e+02
2.581942283440068877e+02
2.410906803442805995e+02
2.211624688208603402e+02
1.990399336685476044e+02
1.754362923062987534e+02
1.511291752691449233e+02
1.269156877242987775e+02
1.035351338798581082e+02
8.159227024157539176e+01
6.152476370066158040e+01
4.362658966366565494e+01
2.809443274286182657e+01
1.504718921024564793e+01
4.491070664354754882e+00
-3.754306613064546383e+00
-1.011874663829457077e+01
-1.527748558581001248e+01
-2.005190142926428365e+01
-2.523273349643039865e+01
-3.138676685043608572e+01
-3.872562511873819346e+01
-4.709352613085727057e+01
-5.607683116549001312e+01
-6.518051045259794307e+01
-7.398859617802511934e+01
-8.224538762344357679e+01
-8.984538077026623171e+01
-9.676152292997217330e+01
-1.029543924617059787e+02
-1.083068641142305353e+02
-1.126272463744097934e+02
-1.157372968798648856e+02
-1.176081995603330341e+02
-1.184687328805382265e+02
-1.188205750907222722e+02
-1.193443627499426327e+02
-1.207295212541389304e+02
-1.234865036858101064e+02
-1.278003840719060804e+02
-1.334692234712915138e+02
-1.399477471322958024e+02
-1.464896125086661982e+02
-1.523500033277643979e+02
-1.569830869055888911e+02
-1.601656612495247032e+02
-1.620074551495813182e+02
-1.628527661953530696e+02
-1.631151697047749849e+02
-1.631084805680679040e+02
-1.629384087219421531e+02
-1.624940018175303180e+02
-1.615325560272446523e+02
-1.598106356903055598e+02
-1.572021579486989822e+02
-1.537648508958627076e+02
-1.497444318389089233e+02
-1.455206739175247890e+02
-1.415109829162565518e+02
-1.380658516591357170e+02
-1.353951873034459368e+02
-1.335396729180826014e+02
-1.323750910652352957e+02
-1.316403800081532438e+02
-1.309984104572990020e+02
-1.301357193273724420e+02
-1.288744335312410669e+02
-1.272382060246087576e+02
-1.254229775529186099e+02
-1.236767324174873011e+02
-1.221547245783722815e+02
-1.208411600715959793e+02
