5.643559305877442966e+01
1.185241116256515852e+02
1.705421103860444418e+02
2.052333235984570479e+02
2.199299134494801251e+02
2.166449761229903856e+02
2.007407180956515731e+02
1.788772978284932833e+02
1.570361744487522628e+02
1.392021999471429012e+02
1.269391976905684629e+02
1.197513102927595838e+02
1.159039501228094196e+02
1.133336196875993238e+02
1.103641700973417983e+02
1.060847131932827381e+02
1.003765991815973706e+02
9.368255101279697783e+01
8.666800238498828435e+01
7.991546136707769676e+01
7.373578136972150787e+01
6.811723145726088546e+01
6.278612593762947824e+01
5.732192272017051238e+01
5.126494569820865621e+01
4.418741738855627688e+01
3.574455249618227271e+01
2.573510602581243845e+01
1.416824915562617626e+01
1.299594643918030812e+00
-1.239319252909960412e+01
-2.628879285270686950e+01
-3.972769464203762624e+01
-5.212287850536749545e+01
-6.305828343532652980e+01
-7.234950646913156902e+01
-8.003982940703977533e+01
-8.632403899424883775e+01
-9.142285596366160405e+01
-9.545940381067072167e+01
-9.840380774682058984e+01
-1.001295129580108210e+02
-1.005591304062544395e+02
-9.981227412263524457e+01
-9.826088707197368421e+01
-9.645577706533980233e+01
-9.496325017210189401e+01
-9.419232743315707523e+01
-9.428571118043028321e+01
-9.510811052349596650e+01
-9.632345499276242151e+01
-9.752923861891038371e+01
-9.840804834841539162e+01
-9.884857836142636245e+01
-9.898796833618504820e+01
-9.915279241339594307e+01
-9.971854124815412490e+01
-1.009399236296283533e+02
-1.028191864027283913e+02
-1.050768703555595067e+02
-1.072537399790328863e+02
-1.089061866132108065e+02
-1.098050888934449034e+02
-1.100506270127116153e+02
-1.100607944174369521e+02
-1.104388338019561075e+02
-1.117544934145375777e+02
-1.142916529886297923e+02
-1.178290872734819885e+02
-1.215277826203125215e+02
-1.239818295727975936e+02
-1.234424858241897454e+02
-1.181620413046139078e+02
-1.067565487809209372e+02
-8.848163387242995270e+01
-6.335891294605264079e+01
-3.215272509557240710e+01
3.764953549053174697e+00
4.261879734284104160e+01
8.246408389344696843e+01
1.214098272664687954e+02
1.577990519090092221e+02
1.903346446562215988e+02
2.181558770349172960e+02
2.408746353514668499e+02
2.585759475102672127e+02
2.717785312088195155e+02
2.813408528615919977e+02
2.882994723506282071e+02
2.936529817276157814e+02
2.981449647498261584e+02
3.021191893619528059e+02
3.055006942900802187e+02
3.079091067915211397e+02
3.088594952003913932e+02
3.079756755709601066e+02
3.051458256684709909e+02
3.005778325343080724e+02
2.947384165301272105e+02
2.881883604916077388e+02
2.813682582863521588e+02
2.744235074113523751e+02
2.671485697802656887e+02
2.590816756273126771e+02
2.497247127468655776e+02
2.388164892810884794e+02
2.265524943975225938e+02
2.136368725796546073e+02
2.011013768309247780e+02
1.899338220899185785e+02
1.806730146286343484e+02
1.731699698899746238e+02
1.666472325502848548e+02
1.600425042977042835e+02
1.524804747577180706e+02
1.436548472570121078e+02
1.339498458629517472e+02
1.242565408313056139e+02
1.155785525619039191e+02
1.086085065129389875e+02
1.034567203372550352e+02
9.963557113201306947e+01
9.628538221149230480e+01
9.252431651325134965e+01
8.776534543020954970e+01
8.188020241285666145e+01
7.517091348750892621e+01
6.818893802984538866e+01
6.148805596953987163e+01
5.539951040555340001e+01
4.989436169103795038e+01
4.457557547156604727e+01
3.882075975857238603e+01
3.205135326255628314e+01
2.403339402631264932e+01
1.506539411555954189e+01
5.939411648339628869e+00
-2.325251928689382908e+00
-8.854611277520362478e+00
-1.323358270694437522e+01
-1.564592367454908128e+01
-1.681714752636695209e+01
-1.780834901184783803e+01
-1.973874745523015406e+01
-2.351217625537151434e+01
-2.960188238963249319e+01
-3.792459571493016313e+01
-4.782366469871742254e+01
-5.817713271324724644e+01
-6.763008380032498223e+01
-7.491684880288308079e+01
-7.920136638765679038e+01
-8.033704805474864941e+01
-7.894559709108902723e+01
-7.625782733966342164e+01
-7.375148187284416679e+01
-7.271689418629752311e+01
-7.391520412227798431e+01
-7.744432972946869143e+01
-8.283212736030166923e+01
-8.928686610156923109e+01
-9.598926840999077115e+01
-1.023197330616539347e+02
-1.079610553919572027e+02
-1.128670162197033591e+02
-1.171211488821715960e+02
-1.207334698447028671e+02
-1.234424858241897454e+02
-1.245933089382068744e+02
-1.231393594217806111e+02
-1.177805516164882675e+02
-1.072154790324279219e+02
-9.046550067371252624e+01
-6.720111590732194884e+01
-3.797899389202902398e+01
-4.306226811071766747e+00
3.151131459338817820e+01
6.672719119638686891e+01
9.865788558349839832e+01
1.252159199461683272e+02
1.453139417723050997e+02
1.589946009132499398e+02
1.672335481952313785e+02
1.714904803580175781e+02
1.731799958188923370e+02
1.732640138453693339e+02
1.721158958716366101e+02
1.696807370501566652e+02
1.658143201115343572e+02
1.606078088368296335e+02
1.545337931477411075e+02
1.483512302849887874e+02
1.428227277133223083e+02
1.383782579227926703e+02
1.348813644872429904e+02
1.316160556855845698e+02
1.275219999142798883e+02
1.215876525368900758e+02
1.132267842356283296e+02
1.024715726443972983e+02
8.991119146367982751e+01
7.642974195554543826e+01
6.288386243853609869e+01
4.986637987559151952e+01
3.763476379779363157e+01
2.619267201255971855e+01
1.545051253268022862e+01
5.376144861795701502e+00
-3.926398605535037944e+00
-1.222529173602961095e+01
-1.923455853620087908e+01
-2.472109618766828731e+01
-2.861640110606612453e+01
-3.109832243209065439e+01
-3.259881945356035970e+01
-3.371102328482145793e+01
-3.501829480452123988e+01
-3.691313375252350681e+01
-3.948469050574335881e+01
-4.253292578892369846e+01
-4.571946535383919752e+01
-4.879454680175866343e+01
-5.178380006266980473e+01
-5.502652373548126974e+01
-5.903261721470175161e+01
-6.422232710308877301e+01
-7.067521630934258781e+01
-7.801327024572347568e+01
-8.548531215343020051e+01
-9.223098710039653270e+01
-9.761303227672821947e+01
-1.014612427177901282e+02
-1.041104901423145321e+02
-1.062220695138765478e+02
-1.084819852196522874e+02
-1.113142748649014493e+02
-1.147234500991749115e+02
-1.183105478971809532e+02
-1.214333883621600734e+02
-1.234424858241897454e+02
-1.239209466570958256e+02
-1.228614380521134848e+02
-1.207172390906967507e+02
-1.182892846289596918e+02
-1.164693144997403635e+02
-1.159274859781315570e+02
-1.168691576066647428e+02
-1.189613886523055015e+02
-1.214537629540267005e+02
-1.234357554737928808e+02
-1.241290039993341878e+02
-1.231179114558532177e+02
-1.204605410976797231e+02
-1.166717858411071234e+02
-1.126065369317066143e+02
-1.092796897719143630e+02
-1.076587541085057467e+02
-1.084688197846520836e+02
-1.120477202760177562e+02
-1.182724561458900610e+02
-1.265616785508547224e+02
-1.359574476397859257e+02
