-7.302402706144867750e+00
-4.365026046150247652e+01
-7.566042303524776003e+01
-1.001594192806751664e+02
-1.158539708507910291e+02
-1.233758267808273388e+02
-1.247836720002888171e+02
-1.228099611193993326e+02
-1.201238263958317418e+02
-1.187728804567883856e+02
-1.198709054237711769e+02
-1.235474471610213811e+02
-1.291348617419405400e+02
-1.355130515137907707e+02
-1.414915552111103807e+02
-1.461211000593393692e+02
-1.488792703506059070e+02
-1.497204665742298175e+02
-1.489980531893266971e+02
-1.472803797052916934e+02
-1.451164090632329930e+02
-1.428401712750907961e+02
-1.404925021261979055e+02
-1.378803063336359287e+02
-1.347334262148126527e+02
-1.308925311514913119e+02
-1.264599109862992066e+02
-1.218506586482665739e+02
-1.177036608464289600e+02
-1.146671593716603752e+02
-1.131451140203933790e+02
-1.131284475558693714e+02
-1.142041109270171546e+02
-1.157469456767138070e+02
-1.172046112401550033e+02
-1.183375016806931228e+02
-1.192949352838143398e+02
-1.204787498370745595e+02
-1.222340538721241217e+02
-1.244846270974402387e+02
-1.264691500888086182e+02
-1.267137316400198017e+02
-1.232935064604091338e+02
-1.143145098863330986e+02
-9.844168859088760826e+01
-7.527313017234455117e+01
-4.543595575034288458e+01
-1.041268880958476828e+01
2.778306886137283627e+01
6.693925654543602377e+01
1.049037502846576189e+02
1.397667450101778002e+02
1.700033365765872873e+02
1.945951329422633762e+02
2.131133311454497630e+02
2.257314981216134981e+02
2.331539938927265325e+02
2.364754467687549493e+02
2.370026104834841476e+02
2.360637399917402206e+02
2.348174983357712904e+02
2.340765868974668820e+02
2.341830918650106526e+02
2.349869636144099445e+02
2.359578282691847733e+02
2.364018117252939248e+02
2.356926599627971939e+02
2.334112425427649384e+02
2.293442407261639175e+02
2.233863354705663085e+02
2.154490474748247664e+02
2.054563896657225257e+02
1.934228541201565861e+02
1.795391726509267869e+02
1.641969780433451831e+02
1.479470952402070623e+02
1.314356805025554991e+02
1.153535243607617815e+02
1.003897655340255000e+02
8.715795333717255744e+01
7.608654252919299665e+01
6.731109427422209990e+01
6.062527717241228231e+01
5.552373062210322274e+01
5.132647122083719182e+01
4.734969735595552720e+01
4.308774333049505856e+01
3.836595400434485725e+01
3.340154605092071449e+01
2.870749745977723322e+01
2.483499290634964041e+01
2.205148516575494355e+01
2.011877777117859267e+01
1.830587798889109052e+01
1.564821767264451680e+01
1.132635420389244985e+01
4.979278513151358609e+00
-3.180603094369558903e+00
-1.247481956846774409e+01
-2.201740788938298010e+01
-3.100658732878322610e+01
-3.893663906708347611e+01
-4.566723215152708804e+01
-5.135637035139470186e+01
-5.631188432264862342e+01
-6.082807938468231157e+01
-6.506402065182588501e+01
-6.900299450068030183e+01
-7.250368103643538120e+01
-7.541252593232064783e+01
-7.768031518206576891e+01
-7.943466220220498997e+01
-8.098656371334976711e+01
-8.276830812923016367e+01
-8.521452866112923630e+01
-8.861911651039932281e+01
-9.302054063293087438e+01
-9.816739834887688687e+01
-1.035829934508805223e+02
-1.086961142808453076e+02
-1.129731949861835290e+02
-1.160022786145193265e+02
-1.175264207857726433e+02
-1.174594901927039245e+02
-1.159105608742470110e+02
-1.132052669732603647e+02
-1.098677012286631793e+02
-1.065474817829271217e+02
-1.039217521055101514e+02
-1.026162138365493348e+02
-1.031557221231806665e+02
-1.059149249500101604e+02
-1.110363448688044912e+02
-1.183161522189945458e+02
-1.270980985150636968e+02
-1.362392119267695136e+02
-1.441986572890550917e+02
-1.492462839293151546e+02
-1.497204665742298175e+02
-1.442461887007538337e+02
-1.318766516182487862e+02
-1.121920288806382331e+02
-8.540330356635602982e+01
-5.245656122706441948e+01
-1.506860497192896275e+01
2.438980122675983964e+01
6.319784603895995900e+01
9.872928266924007801e+01
1.289189481933661341e+02
1.526035799504122394e+02
1.696256460518971778e+02
1.806788856941658139e+02
1.869711871434988950e+02
1.898377300058912454e+02
1.904346370444044680e+02
1.895875712766023469e+02
1.877950671967256540e+02
1.853354744923604187e+02
1.824092393815417097e+02
1.792450014781424272e+02
1.761084308020175513e+02
1.731994257491797100e+02
1.704947834857995872e+02
1.676343845814711528e+02
1.639258968855693581e+02
1.584820962304930561e+02
1.504524309360608640e+02
1.392853135769897222e+02
1.249493938266997475e+02
1.080410840037044835e+02
8.972426852010435994e+01
7.150107953797743221e+01
5.487944871703290062e+01
4.103927358224826349e+01
3.058808562758921568e+01
2.346124262775979474e+01
1.898231742718847670e+01
1.606336536327725284e+01
1.349960836209509907e+01
1.029910902263830863e+01
5.970351748003142944e+00
6.712848244702360745e-01
-4.859602474333966526e+00
-9.589177535069881131e+00
-1.258562036602622491e+01
-1.336428111724832490e+01
-1.205994296958293965e+01
-9.389472485609161367e+00
-6.444686473255086590e+00
-4.394551669295051255e+00
-4.185619764091446982e+00
-6.316608550505885766e+00
-1.073222869202133367e+01
-1.684877394323426714e+01
-2.370430013429699301e+01
-3.020913139121931223e+01
-3.544149531370827333e+01
-3.890471145994500546e+01
-4.066657431705318260e+01
-4.133659430948611657e+01
-4.188038629989937078e+01
-4.331461695873363738e+01
-4.636902155811291948e+01
-5.122796077391291192e+01
-5.745295963523908966e+01
-6.413379663663548058e+01
-7.022689539632828826e+01
-7.494834509076733298e+01
-7.805425036830496310e+01
-7.989539220217790216e+01
-8.123735804587045095e+01
-8.292821691380062532e+01
-8.554660764041439336e+01
-8.917032589739061166e+01
-9.335993380163027666e+01
-9.735863130928569831e+01
-1.004129246812841814e+02
-1.020733375308132480e+02
-1.023563306279537528e+02
-1.017135617254371027e+02
-1.008340763090082817e+02
-1.003740535425901328e+02
-1.007347494313077760e+02
-1.019745672694556049e+02
-1.038724817137093623e+02
-1.061018700472457965e+02
-1.084415019729028415e+02
-1.109361921116194480e+02
-1.139269868875697398e+02
-1.179148011563507339e+02
-1.232956224428754410e+02
-1.300672024563299374e+02
-1.376169891493044588e+02
-1.446655214324140388e+02
-1.493913707947729677e+02
-1.497204665742298175e+02
-1.437268132773983780e+02
-1.300642692368228950e+02
-1.083329595616218484e+02
-7.928846647015508609e+01
-4.483133858053800225e+01
-7.754532638973135050e+00
2.872821100271654871e+01
6.158490318008527709e+01
8.854008627600833847e+01
1.084449543906877125e+02
1.213341377187924053e+02
1.281799978983727613e+02
1.304583839723452456e+02
1.296833429431173386e+02
1.270492007997935247e+02
1.232579491426919986e+02
1.185378377469978943e+02
1.128035627741954130e+02
1.058819950995197416e+02
9.772241165656099326e+01
8.851858162006277553e+01
7.869781294654022474e+01
6.878135496550849837e+01
5.917398915905431522e+01
4.997712916197778554e+01
4.092548987344855504e+01
