-1.067372131586567576e+02
-9.266212066347901555e+01
-8.131119267465501821e+01
-7.457619890813136010e+01
-7.302384896725790497e+01
-7.593519351108847104e+01
-8.177121006998046937e+01
-8.881593077211812215e+01
-9.573559266272391710e+01
-1.018763101342385369e+02
-1.072458044425791996e+02
-1.122478181246176376e+02
-1.173253039418329564e+02
-1.226822553483053326e+02
-1.281884609239015447e+02
-1.334691996617861491e+02
-1.381003272670359365e+02
-1.418038119882112369e+02
-1.445671178162844228e+02
-1.466557468202549046e+02
-1.485207626207045166e+02
-1.506294492625370935e+02
-1.532810433142545605e+02
-1.564897496489058142e+02
-1.599942381094399479e+02
-1.633917558189570229e+02
-1.663329257389135307e+02
-1.686858939317381498e+02
-1.705952138791416814e+02
-1.724090457867318094e+02
-1.745101046771659981e+02
-1.771359794760803084e+02
-1.802789379570805011e+02
-1.837034492751995458e+02
-1.870492519693122517e+02
-1.899521902264479820e+02
-1.921257823156950622e+02
-1.933718057862911905e+02
-1.935061740983832408e+02
-1.922081652079770322e+02
-1.888389473665125990e+02
-1.823160227400545352e+02
-1.711433159838224753e+02
-1.536574558113217677e+02
-1.284590501364220074e+02
-9.488955957172008482e+01
-5.335774445811672706e+01
-5.369553337189106657e+00
4.674940915491798421e+01
1.003207272213669370e+02
1.528026800216551919e+02
2.021651453569559749e+02
2.470759533894143090e+02
2.868926937449791126e+02
3.215146427401111850e+02
3.511844294150636188e+02
3.763187925958695814e+02
3.974009138886964365e+02
4.149227088112446609e+02
4.293541738141489077e+02
4.411280288590691043e+02
4.506339908418020741e+02
4.582139237185331808e+02
4.641513850827120109e+02
4.686575668503687666e+02
4.718583840965577565e+02
4.737851315324949155e+02
4.743730548298357235e+02
4.734753050291806176e+02
4.708943787732347346e+02
4.664210424614403223e+02
4.598632857012489694e+02
4.510540234477603576e+02
4.398444009715079801e+02
4.261040128035929229e+02
4.097433507926778020e+02
3.907530310906945488e+02
3.692437128917601967e+02
3.454800104296347172e+02
3.199120163393830580e+02
2.932005117970400079e+02
2.662153896826470145e+02
2.399823222904111901e+02
2.155647704774102920e+02
1.938897303472997464e+02
1.755538410190889920e+02
1.606748338883589327e+02
1.488600886671592605e+02
1.393290931036579536e+02
1.311552377860540446e+02
1.235254837415774745e+02
1.159066892128119832e+02
1.080658865505981936e+02
9.997224627876838099e+01
9.165818678391214291e+01
8.311948040694510098e+01
7.429789674338752548e+01
6.513432453374684883e+01
5.563904210879360335e+01
4.592846274071236223e+01
3.621492310962381822e+01
2.676597554010632507e+01
1.784807605812329712e+01
9.656809110791044759e+00
2.243665307190568114e+00
-4.525510979218481111e+00
-1.094036818733792416e+01
-1.734242650334378766e+01
-2.400023170905218706e+01
-3.103184104541034571e+01
-3.840445938320584673e+01
-4.598607585991871360e+01
-5.360008969582025884e+01
-6.105115311062144201e+01
-6.812472148630450874e+01
-7.458375081843166754e+01
-8.018271941145886217e+01
-8.470474700632311738e+01
-8.801647137708002333e+01
-9.012845758060024082e+01
-9.124373662081322323e+01
-9.177397955076770586e+01
-9.230227062209746691e+01
-9.347775671362299477e+01
-9.584851184630628040e+01
-9.967447809439235584e+01
-1.047954148352818322e+02
-1.106309685969899306e+02
-1.163435939869099798e+02
-1.211177306833881744e+02
-1.244464587312581614e+02
-1.263087493908658985e+02
-1.271703563385875100e+02
-1.278169484695318374e+02
-1.290864723898950785e+02
-1.315895881144630550e+02
-1.355018647584429630e+02
-1.404943038641316377e+02
-1.458390435590297614e+02
-1.506713415051730749e+02
-1.543138041268163363e+02
-1.565227506866849865e+02
-1.575482190387224080e+02
-1.579970299802376701e+02
-1.585853645525624245e+02
-1.599013798050891353e+02
-1.622616794088253585e+02
-1.656803647819624814e+02
-1.699229062266536801e+02
-1.746044328078551473e+02
-1.792999846267321971e+02
-1.836416136163423687e+02
-1.873710398606486649e+02
-1.903073552229824088e+02
-1.922081652079770322e+02
-1.925634207845505159e+02
-1.904293824831380846e+02
-1.844261010741701341e+02
-1.729485232277946807e+02
-1.545371996544092497e+02
-1.282786980522793954e+02
-9.409528007820799189e+01
-5.283004195153488070e+01
-6.112627430486583080e+00
4.392838209573820052e+01
9.499429646323021359e+01
1.448907822088558532e+02
1.917175485852921781e+02
2.339993786434099832e+02
2.707859010915839235e+02
3.017069600794764028e+02
3.269423886621939346e+02
3.470858838205591610e+02
3.629369046495276621e+02
3.752927920044294865e+02
3.848041111521484936e+02
3.919136128451222021e+02
3.968618007501826241e+02
3.997344402797841667e+02
4.005394761184701338e+02
3.993050677799592449e+02
3.961763855403345360e+02
3.914700074456460470e+02
3.856419985948124349e+02
3.791551798528234940e+02
3.722870155229346665e+02
3.649644924617652464e+02
3.567082335366853840e+02
3.467168376353421309e+02
3.340631315372527297e+02
3.179423714021597220e+02
2.979079329812083188e+02
2.740314125525435429e+02
2.469343091185210994e+02
2.176802162087220438e+02
1.875762680838126641e+02
1.579589000432642365e+02
1.300113984620747090e+02
1.046195290727995797e+02
8.226504852808197654e+01
6.298343078536564121e+01
4.642354475866667940e+01
3.200882456073491511e+01
1.913810094617443269e+01
7.336761583037606727e+00
-3.700608686868072539e+00
-1.416803762412361678e+01
-2.423746856047652543e+01
-3.409779401463254800e+01
-4.390913059597272650e+01
-5.370853322035493704e+01
-6.334514047627265398e+01
-7.251181127939661053e+01
-8.088373841686765786e+01
-8.830085384674245574e+01
-9.488893977050574335e+01
-1.010433433084692751e+02
-1.072835251152555429e+02
-1.140626847922977163e+02
-1.216305360947302461e+02
-1.299988865324820893e+02
-1.389935449962206633e+02
-1.483371610971396422e+02
-1.577098600762231797e+02
-1.667662553453706948e+02
-1.751268051882269958e+02
-1.823842590711536786e+02
-1.881591169494361395e+02
-1.922081652079770322e+02
-1.945511914788000638e+02
-1.955491660408893040e+02
-1.958659604097362035e+02
-1.962902084516898640e+02
-1.974684408845496364e+02
-1.996618661389701401e+02
-2.026439242852906091e+02
-2.057927535189126047e+02
-2.083360352612623672e+02
-2.096333096907170557e+02
-2.093746602557190499e+02
-2.076332085729031292e+02
-2.047879968912910158e+02
-2.013800197904724314e+02
-1.979602406243810151e+02
-1.949615703323194680e+02
-1.926104872751741937e+02
-1.908941929095686305e+02
-1.895954238693286129e+02
-1.883819632598316502e+02
-1.869077805116119748e+02
-1.848827831093824159e+02
-1.821023151249584089e+02
-1.784602012506441611e+02
-1.739717939340760609e+02
-1.688108757890039442e+02
-1.633354981842056191e+02
-1.580618001376783468e+02
-1.535598583422663808e+02
-1.502909501382760880e+02
-1.484480236717282935e+02
-1.478674726865907303e+02
-1.480528881402015884e+02
