3.975602044464004337e+01
-2.624984248304296131e+01
-8.275476707131359433e+01
-1.227372044145925827e+02
-1.430986659376909529e+02
-1.447572507282087599e+02
-1.315628501913164143e+02
-1.086544893459808065e+02
-8.092442650101656909e+01
-5.203312533265577144e+01
-2.410320383856161186e+01
2.043263919126673045e+00
2.637009809299775043e+01
4.909773566294802549e+01
7.033727574914840375e+01
8.995613606271227525e+01
1.076467354270314587e+02
1.231069081790222413e+02
1.362201284497721474e+02
1.471431454453914682e+02
1.562618087334980714e+02
1.640440839919565121e+02
1.708679776186519632e+02
1.769060151367816331e+02
1.821133024294884990e+02
1.863153617538236801e+02
1.893442528695858016e+02
1.911483571793854424e+02
1.918207008116798420e+02
1.915430383360274504e+02
1.904909394011408210e+02
1.887572938498765893e+02
1.863265514950776662e+02
1.830945622459563822e+02
1.789079934146429594e+02
1.736018228284457052e+02
1.670289649791846216e+02
1.590847784597433758e+02
1.497268197001084218e+02
1.389857143119697866e+02
1.269661193871011164e+02
1.138467415614876330e+02
9.989363570465093289e+01
8.548929784593893544e+01
7.115456788149762701e+01
5.752440715982223196e+01
4.525335768174956996e+01
3.486629513206240460e+01
2.660910215533746737e+01
2.036762239084954729e+01
1.569944791129503336e+01
1.196930027814769026e+01
8.525998561208222526e+00
4.843200524501049209e+00
5.783681516635716946e-01
-4.439385807311039045e+00
-1.024424158385228267e+01
-1.675131503320252691e+01
-2.375714362469759777e+01
-3.095362842595640984e+01
-3.798058245951308010e+01
-4.451046469068463551e+01
-5.032947407676737583e+01
-5.537496600780305300e+01
-5.971402183245166384e+01
-6.348382395512739151e+01
-6.683428267693702196e+01
-6.990264945453515111e+01
-7.281912889793842680e+01
-7.571922707160439359e+01
-7.874090961444350967e+01
-8.200385844271150404e+01
-8.558249599846479327e+01
-8.948458403132025296e+01
-9.364060556826048298e+01
-9.790591167993603960e+01
-1.020790515125920450e+02
-1.059398647861088705e+02
-1.093044731568040362e+02
-1.120820343576910432e+02
-1.143088154887261965e+02
-1.161403374121040741e+02
-1.178021031999758321e+02
-1.195178506155962594e+02
-1.214379442338900787e+02
-1.235846567787154413e+02
-1.258284384445689739e+02
-1.279096852730152136e+02
-1.295113867878151552e+02
-1.303648358919722057e+02
-1.303486461152032234e+02
-1.295399915320218724e+02
-1.281973654842525150e+02
-1.266824868005550400e+02
-1.253539264990172910e+02
-1.244776081358486124e+02
-1.241886470929308928e+02
-1.245071293361203004e+02
-1.253802233352830058e+02
-1.267159500334630309e+02
-1.283899680918187016e+02
-1.302307575808700619e+02
-1.320060063774850505e+02
-1.334371220989041547e+02
-1.342587424675722332e+02
-1.343171620033325269e+02
-1.336731150871406157e+02
-1.326559919174042932e+02
-1.318216534898742793e+02
-1.317973137744285737e+02
-1.330473692161415613e+02
-1.356429988680563099e+02
-1.391339222699781715e+02
-1.425837520006691079e+02
-1.447572507282087599e+02
-1.443822218353980702e+02
-1.403894184152831031e+02
-1.320654381575432978e+02
-1.191059615955297915e+02
-1.015945031244506538e+02
-7.994265427913259714e+01
-5.482281624783753671e+01
-2.711383448657144157e+01
2.139073127816311981e+00
3.177293947109179939e+01
6.059437098300382019e+01
8.751114929267825460e+01
1.116767186733300719e+02
1.326011384116962688e+02
1.501968617991531119e+02
1.647498157867851205e+02
1.768187604662053047e+02
1.870766576787579254e+02
1.961274550218829802e+02
2.043515343471710537e+02
2.118338012178961378e+02
2.184014389064652164e+02
2.237546023485018338e+02
2.276355745460559774e+02
2.299687637318007774e+02
2.309185600417854971e+02
2.308441890970219958e+02
2.301671331666097444e+02
2.291986507443981793e+02
2.279943735516094989e+02
2.262980900448270063e+02
2.236012902512150333e+02
2.192932290317171180e+02
2.128402243419451736e+02
2.039344855243565178e+02
1.925812520888411257e+02
1.791190809483718738e+02
1.641763962222518956e+02
1.485680784213139702e+02
1.331463763493917440e+02
1.186412209501089308e+02
1.055379697720599381e+02
9.403092574329710374e+01
8.406203573483665537e+01
7.542074843569319853e+01
6.785793929350624865e+01
6.116489589245966840e+01
5.519138282022794328e+01
4.981456301818466414e+01
4.489829875601315479e+01
4.027954397136079479e+01
3.579053681028477740e+01
3.129824197176723999e+01
2.673514057177968084e+01
2.210483326656485303e+01
1.745816761595650135e+01
1.284617597731063299e+01
8.270049162302699486e+00
3.661401433540783401e+00
-1.081215025079483638e+00
-6.010875398047916818e+00
-1.106020263131253500e+01
-1.603959615445629794e+01
-2.072158114815628238e+01
-2.496263801547622307e+01
-2.878469191834528473e+01
-3.236943028020778002e+01
-3.597930720988706810e+01
-3.985588905723481901e+01
-4.413760233405123756e+01
-4.881003530774322030e+01
-5.368790152973252106e+01
-5.843548171387594437e+01
-6.263935524569195934e+01
-6.593072039232012571e+01
-6.811957018540849162e+01
-6.928089533172601477e+01
-6.974804309812802217e+01
-7.001088435145859989e+01
-7.055839153346826720e+01
-7.172673724250759619e+01
-7.360742596622938549e+01
-7.603888222806104125e+01
-7.866990488824433214e+01
-8.106852813507413202e+01
-8.285400718503817075e+01
-8.382781786394947687e+01
-8.406198768523918829e+01
-8.389636090834983406e+01
-8.382851969338982201e+01
-8.433688749397526863e+01
-8.571447457751489196e+01
-8.798214818409469729e+01
-9.090917207175802162e+01
-9.412270889654966766e+01
-9.725618688177438287e+01
-1.000771214454777436e+02
-1.025476658025353487e+02
-1.047994608229461022e+02
-1.070400220002640737e+02
-1.094388304574906101e+02
-1.120504337680637548e+02
-1.148093576752977896e+02
-1.175899502982846201e+02
-1.202923983698628518e+02
-1.229117643534737283e+02
-1.255606453871174608e+02
-1.284309514170383864e+02
-1.316958079256917813e+02
-1.353757281013006946e+02
-1.392166663747048290e+02
-1.426338691269836261e+02
-1.447572507282087599e+02
-1.445786246618233406e+02
-1.411612169646773509e+02
-1.338436592694948786e+02
-1.223718383810250572e+02
-1.069258009244195478e+02
-8.805493624526243934e+01
-6.656587670283954594e+01
-4.341165391763087911e+01
-1.961120359573358130e+01
3.803370139713358355e+00
2.583964981310488440e+01
4.562437438546329815e+01
6.250676632175708392e+01
7.615007164445127330e+01
8.656585355472628862e+01
9.406660041212070666e+01
9.915049648971859142e+01
1.023611413886123387e+02
1.041649184347380270e+02
1.048670244109188161e+02
1.045690908563214521e+02
1.031697459124801100e+02
1.004146889683825350e+02
9.599936506926704283e+01
8.971145820083850708e+01
8.158120512253728407e+01
7.199507473022539727e+01
6.172697905682144892e+01
5.185266218106220037e+01
4.353842165983260770e+01
3.773403711481798695e+01
3.484776193711837067e+01
3.452418193460472651e+01
3.565028348948668935e+01
