1.846384423442395573e+01
1.776923082065000159e+01
1.469017728189671068e+01
7.677615238543920029e+00
-3.532353251336994404e+00
-1.793787004579930766e+01
-3.374848602092365724e+01
-4.907891029772824254e+01
-6.254714711401405935e+01
-7.355634386898914556e+01
-8.222643269253624965e+01
-8.910119376033718197e+01
-9.481134163870599707e+01
-9.983350618991170222e+01
-1.044020998242479834e+02
-1.085542295456642421e+02
-1.122426693913234459e+02
-1.154442323417843284e+02
-1.182138910931916058e+02
-1.206738010347757211e+02
-1.229603167851049363e+02
-1.251648292787730696e+02
-1.272969471743488441e+02
-1.292854550285005644e+02
-1.310218428751342685e+02
-1.324376141357116410e+02
-1.335846752213655293e+02
-1.346716643188135265e+02
-1.360241391446607508e+02
-1.379832050619115478e+02
-1.407949577787267401e+02
-1.445365847478192336e+02
-1.490907666543315884e+02
-1.541640297035457934e+02
-1.593564516631709864e+02
-1.642885207040429805e+02
-1.687483201940050890e+02
-1.727765260925281154e+02
-1.766208979126113832e+02
-1.805715513630605358e+02
-1.847683728838654247e+02
-1.890881787931581641e+02
-1.931684238607937232e+02
-1.965498983487626390e+02
-1.988662522870936868e+02
-1.999943514966558098e+02
-2.001053911089217650e+02
-1.996063108967113635e+02
-1.990123432289546770e+02
-1.988191578103389645e+02
-1.994257305202960708e+02
-2.011040644285453425e+02
-2.039626657236816811e+02
-2.078506133011290160e+02
-2.122009268913448921e+02
-2.158781798999329169e+02
-2.171321835596534129e+02
-2.137452578499232629e+02
-2.033959605770296264e+02
-1.841665825960508300e+02
-1.550401511110398474e+02
-1.162210247393386169e+02
-6.918684497034610104e+01
-1.648574580883832752e+01
3.864160861671378910e+01
9.273154779617667032e+01
1.425929315089793192e+02
1.857590831984271063e+02
2.208035275351811606e+02
2.474299268960262168e+02
2.663074591139428549e+02
2.787177574339827402e+02
2.861473522809280894e+02
2.899602245524814634e+02
2.912294966675034402e+02
2.907332795806935337e+02
2.890570385220790968e+02
2.867119613435585279e+02
2.841918152059873819e+02
2.819454608796010007e+02
2.802985508375745667e+02
2.793762392916097497e+02
2.790609981778735573e+02
2.789936264929585832e+02
2.786108380752248195e+02
2.772146350472694394e+02
2.740754938223184922e+02
2.685599186456159941e+02
2.602432376770250357e+02
2.489574653321613482e+02
2.347585130632194819e+02
2.178526235162168518e+02
1.985467044558014607e+02
1.772575766977430192e+02
1.545581835940398321e+02
1.312023888833592764e+02
1.080798440248352676e+02
8.609909532947337141e+01
6.604716972242135853e+01
4.848893144047050896e+01
3.373709629828105960e+01
2.187417819457699153e+01
1.278205073668545566e+01
6.147459671854696772e+00
1.451178054170405574e+00
-2.013792436600050806e+00
-5.049446025792697412e+00
-8.385883064034093337e+00
-1.249749277953464599e+01
-1.748622836197393937e+01
-2.309948987200179360e+01
-2.889448753690832206e+01
-3.448495606279245607e+01
-3.975273448179985536e+01
-4.491987354346389338e+01
-5.045648254473273653e+01
-5.688990529830725507e+01
-6.461466797796076378e+01
-7.376617725016117788e+01
-8.416873001226238671e+01
-9.535560825599547741e+01
-1.066727645319790554e+02
-1.174625563536219914e+02
-1.272722383042172964e+02
-1.360004294896137935e+02
-1.439229382480054085e+02
-1.515958315927738909e+02
-1.596678236728907621e+02
-1.686431686970423414e+02
-1.786507365484805234e+02
-1.892965662501862312e+02
-1.996716071862308866e+02
-2.085378581436643515e+02
-2.146513595957296445e+02
-2.171321835596534129e+02
-2.157698761534933567e+02
-2.111585208104185654e+02
-2.045955549564781393e+02
-1.977500637857302763e+02
-1.921841814982612391e+02
-1.888593559428245499e+02
-1.877617962325384724e+02
-1.877456812622079099e+02
-1.866388953253628529e+02
-1.816052801589863179e+02
-1.697129870092772990e+02
-1.486057959666469230e+02
-1.171188908312197015e+02
-7.566707045096146089e+01
-2.629243979616026650e+01
2.764182113351423453e+01
8.203913904011184854e+01
1.328075002868325214e+02
1.765772162752480199e+02
2.112256126555609228e+02
2.360894099052640343e+02
2.518405774306684179e+02
2.601047695641523205e+02
2.629734758610114795e+02
2.625619787398968583e+02
2.606978432989230896e+02
2.587441453206267852e+02
2.575174155352189018e+02
2.572613546859121243e+02
2.576697840113237703e+02
2.579880424007408237e+02
2.572216025377853725e+02
2.544283242964478404e+02
2.490056605229287356e+02
2.408656788524826595e+02
2.304343043500712724e+02
2.184800416124182334e+02
2.058314743295551068e+02
1.930726378349479262e+02
1.803169034277811988e+02
1.671449875505268494e+02
1.527359563197723276e+02
1.361373268981256786e+02
1.165645793842096936e+02
9.363237360487491401e+01
6.748030454065184358e+01
3.880566024094091659e+01
8.819764237626399606e+00
-2.087505843118208304e+01
-4.848981828787528769e+01
-7.230521808216641944e+01
-9.092208367357481791e+01
-1.034480484487811793e+02
-1.095871565981430251e+02
-1.096339570191298094e+02
-1.044027475272191055e+02
-9.512701645748120427e+01
-8.334121076394204408e+01
-7.072960006666760080e+01
-5.892810953221120940e+01
-4.930396831656841528e+01
-4.277720802933392719e+01
-3.974120666313167050e+01
-4.009478025352233033e+01
-4.336167345557344532e+01
-4.885914469131255089e+01
-5.586859137878484916e+01
-6.376138015733936015e+01
-7.205854977931041105e+01
-8.043706900764784962e+01
-8.870530972445489226e+01
-9.675963263520763746e+01
-1.045317404086247137e+02
-1.119469220610783537e+02
-1.189125329861833933e+02
-1.253358464586193008e+02
-1.311524214823898546e+02
-1.363479659216992559e+02
-1.409698558726979627e+02
-1.451323311594835843e+02
-1.490163241404107737e+02
-1.528544160392097240e+02
-1.568842640621682278e+02
-1.612672741761469979e+02
-1.660067653732017732e+02
-1.709312263289184273e+02
-1.757901243818057253e+02
-1.804343116958411599e+02
-1.849723521093626744e+02
-1.897797495579323197e+02
-1.953070252249269458e+02
-2.017326081135097127e+02
-2.085825602975318986e+02
-2.144747257993314804e+02
-2.171321835596534129e+02
-2.137370430594320680e+02
-2.015739174585655746e+02
-1.787894281392230766e+02
-1.450233217764435096e+02
-1.016868667384052856e+02
-5.177849291086185701e+01
7.101775863256882815e-01
5.160503730296276359e+01
9.732497390337921672e+01
1.354073602160540588e+02
1.646777665991961612e+02
1.850921703025270801e+02
1.973861808073148438e+02
2.027005625890643046e+02
2.023074577544333863e+02
1.974761348843175028e+02
1.894443606704362821e+02
1.794273613976586148e+02
1.685989975637561713e+02
1.580133767848470256e+02
1.484868849663023127e+02
1.404972304888570136e+02
1.341448800833020982e+02
1.291728183546258606e+02
1.250072032912861459e+02
1.208038277452020850e+02
1.155342982676706924e+02
1.081574454636198794e+02
9.787557988965434674e+01
8.440865358042600519e+01
6.817680767608129599e+01
5.028928816040520644e+01
