-9.742707967655269030e+00
-6.067911288093682742e+00
-2.899456468571063539e+00
-5.342426056890303698e-01
1.043052341785017489e+00
2.098705069014176416e+00
2.966243432818394865e+00
3.843289385977701755e+00
4.673367267612313469e+00
5.158524706497402690e+00
4.872566615829917680e+00
3.402703641516232835e+00
4.577489595569765868e-01
-4.081328738960507962e+00
-1.016231626764335871e+01
-1.759525616904846856e+01
-2.609638494470784309e+01
-3.532308081414664969e+01
-4.489210033126187938e+01
-5.438880237991855893e+01
-6.338125288379683298e+01
-7.144732976119429679e+01
-7.821628523473866323e+01
-8.342412561145130212e+01
-8.697553983707474856e+01
-8.898895907610543077e+01
-8.979073710582579793e+01
-8.983900898541344304e+01
-8.959444058321668081e+01
-8.938890692850043251e+01
-8.935185540483183786e+01
-8.943109904781798036e+01
-8.949761844505738395e+01
-8.947543693754182925e+01
-8.942020083509098072e+01
-8.950111839533890645e+01
-8.990229963110283506e+01
-9.070997754258982582e+01
-9.185932459496419256e+01
-9.317579805374448654e+01
-9.448665538001696973e+01
-9.573609720476002849e+01
-9.703778729712165330e+01
-9.863668806458969129e+01
-1.007998441891507184e+02
-1.036858933883790570e+02
-1.072480943761865717e+02
-1.112126812331699028e+02
-1.151498151178337537e+02
-1.186196780988196195e+02
-1.213387947040138073e+02
-1.232925420460697268e+02
-1.247385500186371843e+02
-1.260965496472172873e+02
-1.277728163468902665e+02
-1.299922085671706213e+02
-1.327002736395085662e+02
-1.355662870467363064e+02
-1.380849345754238300e+02
-1.397470561753436584e+02
-1.402268306642008326e+02
-1.395199009187834349e+02
-1.379768499669165465e+02
-1.362109987236807456e+02
-1.349049976120446104e+02
-1.345780673848786364e+02
-1.353887070915397999e+02
-1.370300356233003924e+02
-1.387379388210164279e+02
-1.393974695283134224e+02
-1.377146596641087797e+02
-1.324199618161709679e+02
-1.224787880705813023e+02
-1.072904460200519310e+02
-8.684777436253017413e+01
-6.181445863334248259e+01
-3.347950352551959696e+01
-3.580098987399185972e+00
2.597052764921373580e+01
5.338280263610832321e+01
7.724918506146300956e+01
9.671225396732974389e+01
1.115185638764951364e+02
1.219578535167304807e+02
1.287086690560346369e+02
1.326292896146041187e+02
1.345462873514729267e+02
1.350984079079977960e+02
1.346792939541456917e+02
1.334843631060555253e+02
1.316230848636132578e+02
1.292353374595087416e+02
1.265587811181510034e+02
1.239210354532631158e+02
1.216605748940061744e+02
1.200059843315446528e+02
1.189608889748192979e+02
1.182461389455338008e+02
1.173342413045853050e+02
1.155740154483680584e+02
1.123642223684268941e+02
1.073159123836295379e+02
1.003481761060857451e+02
9.168276589976926516e+01
8.173940172788766745e+01
7.098007011306265213e+01
5.977749310005388850e+01
4.836319043980996923e+01
3.685942990866468705e+01
2.535821415995482653e+01
1.399913298011535545e+01
3.008405180915445953e+00
-7.315824444204519494e+00
-1.665918504648848142e+01
-2.475693381570792440e+01
-3.144247060121400139e+01
-3.667129912685742710e+01
-4.053188111993218001e+01
-4.325326987674814916e+01
-4.519850674046431749e+01
-4.681863115263518438e+01
-4.855939782784012237e+01
-5.075217490910608831e+01
-5.354424927783685462e+01
-5.690478798391303883e+01
-6.069397153698897540e+01
-6.474584635851923053e+01
-6.891914995418790113e+01
-7.310429163888355220e+01
-7.720614965794899831e+01
-8.113140607266788606e+01
-8.479793259042324394e+01
-8.816387265192734901e+01
-9.125792325854936848e+01
-9.418906005224616251e+01
-9.712418242494435106e+01
-1.002380153035435484e+02
-1.036524317941889279e+02
-1.073879937210617612e+02
-1.113470910570445938e+02
-1.153358428097569828e+02
-1.191167138317006362e+02
-1.224733342532039018e+02
-1.252659533474239879e+02
-1.274589641542678322e+02
-1.291107383058203482e+02
-1.303316014343202482e+02
-1.312338006529097356e+02
-1.319031862705215872e+02
-1.324041317226946433e+02
-1.328002816620232238e+02
-1.331650568936267121e+02
-1.335759918417901702e+02
-1.341079319978217086e+02
-1.348342519160694906e+02
-1.358207673742610950e+02
-1.370858240764646041e+02
-1.385184276198573627e+02
-1.397787419706377534e+02
-1.402268306642008326e+02
-1.389251459056796989e+02
-1.347390499216389799e+02
-1.265257847443501760e+02
-1.133724393507388584e+02
-9.482789751515767307e+01
-7.107071232190763510e+01
-4.296253912101731487e+01
-1.196070486052781057e+01
2.009742144070985148e+01
5.128617360615865550e+01
7.988649467371944013e+01
1.046181956882762307e+02
1.247715351658933400e+02
1.402304602768016935e+02
1.513992958355130725e+02
1.590517070879580217e+02
1.641247471554622734e+02
1.674960745524629147e+02
1.698074291971356615e+02
1.713997809615529491e+02
1.723773535190422592e+02
1.727456777838641244e+02
1.725357888469252998e+02
1.718598659799932591e+02
1.709035224204972963e+02
1.698877068073186081e+02
1.690177911631740244e+02
1.684194863951389607e+02
1.680711242412294268e+02
1.677622309213311951e+02
1.671078359633809782e+02
1.656237839588390557e+02
1.628408156302783141e+02
1.584208953706328487e+02
1.522411871183735173e+02
1.444235615300323730e+02
1.353027274537364519e+02
1.253411572242816874e+02
1.150166103213500435e+02
1.047242804578714441e+02
9.473441481972442091e+01
8.521776761671648615e+01
7.631120507825949062e+01
6.817614829520599073e+01
6.101749919383651388e+01
5.506030434352473435e+01
5.049903185141119621e+01
4.743717017517938928e+01
4.583364439861941975e+01
4.546961957837185508e+01
4.594393446469083386e+01
4.670381329712555640e+01
4.712008460613819238e+01
4.660925710864758287e+01
4.477966859609001915e+01
4.154961460049632649e+01
3.717857004328593007e+01
3.218238753049253376e+01
2.715662060486816998e+01
2.257679043745841341e+01
1.865288056646038228e+01
1.528536152000602932e+01
1.212581297719168560e+01
8.713146824742782570e+00
4.640968722756600329e+00
-2.962852540120408662e-01
-6.029217062124509141e+00
-1.224021881468001993e+01
-1.848044806164618592e+01
-2.432942931194525471e+01
-2.953532912930150189e+01
-3.408780330303305561e+01
-3.820676763296407330e+01
-4.226022513264818770e+01
-4.664027474635327053e+01
-5.163221289578507367e+01
-5.731520821208781058e+01
-6.353121963707536679e+01
-6.994025674367907186e+01
-7.614550839399981896e+01
-8.184154215504817387e+01
-8.693112433037325104e+01
-9.157048531511333067e+01
-9.612767247860301723e+01
-1.010640905663875628e+02
-1.067697341508919919e+02
-1.133956495096969945e+02
-1.207300047560283076e+02
-1.281532402304048333e+02
-1.346861992037203493e+02
-1.391231452940477027e+02
-1.402268306642008326e+02
-1.369553312718830682e+02
-1.286843418685341476e+02
-1.153775216757169346e+02
-9.764643205812834026e+01
-7.665132665260479428e+01
-5.383970423633121527e+01
-3.058788204584374171e+01
-7.865226197430864374e+00
1.395446362276518926e+01
3.506399804625637273e+01
