3.136852923185415420e+01
-2.035534522518977951e+01
-6.583597037148273046e+01
-1.004951362135984851e+02
-1.223978821520949225e+02
-1.322758202208159446e+02
-1.327721573787869147e+02
-1.273483504542659261e+02
-1.192787865931538249e+02
-1.109828111907499846e+02
-1.037379491083461289e+02
-9.768840667140374023e+01
-9.204538647927938655e+01
-8.541899356155691692e+01
-7.624210037592361289e+01
-6.321727037581126751e+01
-4.568223019920444727e+01
-2.379923783487947730e+01
1.466219753771976997e+00
2.853956500119277706e+01
5.552385768346401562e+01
8.050661595779735080e+01
1.018541095435165289e+02
1.184801751838433574e+02
1.300473019316978593e+02
1.370228590762363297e+02
1.405337955037795155e+02
1.420347944607483726e+02
1.428770729286703443e+02
1.439062994614089916e+02
1.452199867205755481e+02
1.461706278234630361e+02
1.456204434465063287e+02
1.423706271911960073e+02
1.356317309511137239e+02
1.253799998959057973e+02
1.124632134085272952e+02
9.839603185385522011e+01
8.491251230564313346e+01
7.345747437445112382e+01
6.481873856656388000e+01
5.901704183905706458e+01
5.544474795964426050e+01
5.315285174884098751e+01
5.116002739840938318e+01
4.868703862631731027e+01
4.527452872875883116e+01
4.078926933667113985e+01
3.534681170858666377e+01
2.918929394308742076e+01
2.256798965047752503e+01
1.567361818240597771e+01
8.621774512130100376e+00
1.466665611646837952e+00
-5.782260994330123083e+00
-1.313920434711645768e+01
-2.059958669175135171e+01
-2.807688881482715715e+01
-3.535429234600785264e+01
-4.210352977753627357e+01
-4.799884960873301765e+01
-5.289578911574113818e+01
-5.698496300629028610e+01
-6.081258898611945085e+01
-6.511115976526241411e+01
-7.049017758496405861e+01
-7.713121031422194562e+01
-8.464570832509006948e+01
-9.217936373240027592e+01
-9.872905883126024662e+01
-1.035373705467132055e+02
-1.063936725052766974e+02
-1.077115797798322916e+02
-1.083417309196037195e+02
-1.091864489320357876e+02
-1.107809418794447538e+02
-1.130435152390859770e+02
-1.153298297615969688e+02
-1.167739260860947894e+02
-1.167471429424065263e+02
-1.152043851702754438e+02
-1.127504169139502181e+02
-1.104113862479379833e+02
-1.092486230689557374e+02
-1.100066026359514524e+02
-1.129175981052566158e+02
-1.176639513030705899e+02
-1.234278492992462333e+02
-1.289748622815549766e+02
-1.327721573787869147e+02
-1.331673726425433415e+02
-1.286340971334632854e+02
-1.180568873795942011e+02
-1.010041870927666423e+02
-7.792095227827287829e+01
-5.017120796264396176e+01
-1.988837690172436368e+01
1.036311721735964042e+01
3.806172741733521292e+01
6.122833517780833290e+01
7.880289843619490853e+01
9.078021692418001010e+01
9.808509075516140285e+01
1.022593909963725451e+02
1.050597898261571288e+02
1.080431476623174518e+02
1.122052857042353082e+02
1.177555342614203937e+02
1.241104629735526572e+02
1.301328396751314926e+02
1.345420770203110123e+02
1.363407137332762886e+02
1.350907196309203755e+02
1.309464630146124478e+02
1.244718158067504419e+02
1.163650496412020203e+02
1.072287512366703908e+02
9.745942137115891057e+01
8.725522497452823245e+01
7.670386240947001966e+01
6.591029937121584226e+01
5.511915903791815197e+01
4.477305380158456671e+01
3.545580458879513941e+01
2.771583893653811970e+01
2.183182047154157601e+01
1.762875244833880828e+01
1.444089672259309864e+01
1.125047413838945687e+01
6.956736489972218607e+00
6.895692496127203697e-01
-7.927739012960834941e+00
-1.865368982022312139e+01
-3.069391381687390918e+01
-4.294130137387831780e+01
-5.430328086977557689e+01
-6.399714693675197452e+01
-7.172267184773306781e+01
-7.767970774663601219e+01
-8.244322696067236222e+01
-8.673343529687228681e+01
-9.114663556661335519e+01
-9.593938573328337327e+01
-1.009516684630130925e+02
-1.057035687078443260e+02
-1.096307154414350009e+02
-1.123669176182788760e+02
-1.139538587506670808e+02
-1.148721681223229041e+02
-1.158580998516180927e+02
-1.175761701106765145e+02
-1.203022747231726157e+02
-1.237766272609374312e+02
-1.273027579321126694e+02
-1.300455942254654360e+02
-1.313856172012546040e+02
-1.311650701501653771e+02
-1.297240903073335119e+02
-1.277307390844647870e+02
-1.258994284605674636e+02
-1.247318295706003397e+02
-1.243981674413569039e+02
-1.248044820906313532e+02
-1.257783024268178167e+02
-1.272167927008053709e+02
-1.290610563247107336e+02
-1.310935206967430986e+02
-1.326994827144757778e+02
-1.327721573787869147e+02
-1.298521986995397413e+02
-1.224571436949985781e+02
-1.094670957144238201e+02
-9.042893660631703767e+01
-6.569759155973520137e+01
-3.640743665163720522e+01
-4.313966294461415885e+00
2.845120794166022904e+01
5.968200652126388661e+01
8.742163323651936935e+01
1.102538970124576281e+02
1.274980574888924565e+02
1.392613984829696960e+02
1.463429495310257948e+02
1.500172041107586551e+02
1.517428939324093449e+02
1.528500310963600839e+02
1.542717796113310555e+02
1.563924811594195603e+02
1.590540429927781361e+02
1.617027297506662933e+02
1.636054433627514868e+02
1.640531437625258775e+02
1.624972783661443430e+02
1.586109441628148318e+02
1.523083970685704571e+02
1.437689634529176601e+02
1.334801531211651024e+02
1.222629583464888157e+02
1.112113337114546709e+02
1.014930184733902223e+02
9.402656133596734378e+01
8.914822679843148023e+01
8.644410290694152366e+01
8.487232556570781128e+01
8.314483295954994446e+01
8.018783672641148996e+01
7.547148942028179874e+01
6.909709057519030750e+01
6.165655412165649807e+01
5.395278191764285225e+01
4.668932611110257369e+01
4.022981078414919409e+01
3.450092617862137701e+01
2.906632291417675873e+01
2.333599624192871858e+01
1.681862934604083648e+01
9.311164949007114444e+00
9.639850547970074679e-01
-7.774921604598267422e+00
-1.629255770450112806e+01
-2.396815151023702839e+01
-3.031329510001520688e+01
-3.507053191237709200e+01
-3.826076923260084328e+01
-4.017533019477640011e+01
-4.131201912433907353e+01
-4.226862481926578852e+01
-4.362492195538708017e+01
-4.584464582695702006e+01
-4.920916706170618227e+01
-5.377801670406891077e+01
-5.937822232334062278e+01
-6.564230253467130183e+01
-7.210766551066897989e+01
-7.834764339794907073e+01
-8.407217353607698840e+01
-8.916104041509798606e+01
-9.364736144376281857e+01
-9.768634528395234895e+01
-1.015157896110989952e+02
-1.053940367964241318e+02
-1.095170329572663093e+02
-1.139412945243646504e+02
-1.185431814864717524e+02
-1.230307997177031325e+02
-1.270113413989147091e+02
-1.301026212155581447e+02
-1.320488175051177109e+02
-1.327721573787869147e+02
-1.323105900117312217e+02
-1.306661133597894207e+02
-1.276590824692767683e+02
-1.228868598456658390e+02
-1.158238305934020502e+02
-1.060232904131805327e+02
-9.332980801681570426e+01
-7.800107724190655745e+01
-6.067400228458576805e+01
-4.217856397035694727e+01
-2.327867213099634114e+01
-4.463463377881286220e+00
1.410924326201748613e+01
