-4.844234534499683775e+01
-3.667789515203020301e+01
-2.702924757506962905e+01
-2.101726026776143641e+01
-1.916797260278169546e+01
-2.098775629287143474e+01
-2.525407167089422344e+01
-3.047396410416201107e+01
-3.533785091632752540e+01
-3.903900130805091351e+01
-4.139408268568573135e+01
-4.275762363554395762e+01
-4.377529322543527712e+01
-4.507063379402495684e+01
-4.698528881141798763e+01
-4.946913390666898636e+01
-5.214825948996993077e+01
-5.451731691773812827e+01
-5.614971082065541452e+01
-5.682299320951647559e+01
-5.651114774127933060e+01
-5.526466485050365662e+01
-5.304971440734857424e+01
-4.963339394595944043e+01
-4.458069578027770063e+01
-3.738066058784660584e+01
-2.766408013441169089e+01
-1.543227743966392396e+01
-1.199869800017964394e+00
1.402545584713105242e+01
2.894439640843348371e+01
4.228889221861089709e+01
5.314904525320375939e+01
6.118311815073521842e+01
6.663987045475100501e+01
7.019838873175993399e+01
7.269753830476840051e+01
7.485827151656386036e+01
7.708913882934707829e+01
7.942378752304330192e+01
8.159149890223726231e+01
8.317985720716455944e+01
8.382014084522705843e+01
8.332302002852827627e+01
8.171950028332368277e+01
7.920740349893250709e+01
7.604481155244675961e+01
7.244983043771590303e+01
6.855440995286002703e+01
6.442584345362482168e+01
6.012891104500070583e+01
5.577766845149716346e+01
5.153774842933833611e+01
4.757934377065922860e+01
4.401469188431084945e+01
4.085859639751308947e+01
3.803127934892144424e+01
3.539969237746787201e+01
3.284064676986700704e+01
3.030467131387273483e+01
2.785550693531183697e+01
2.566102939586136600e+01
2.392691528071026141e+01
2.279062002283754040e+01
2.221617647050855027e+01
2.193814793213550729e+01
2.148812567297888521e+01
2.030225914793980024e+01
1.787359437344523982e+01
1.390116190528262763e+01
8.399477421024277746e+00
1.745188975977338686e+00
-5.362037016805118128e+00
-1.204083596930273004e+01
-1.745066422838217335e+01
-2.102306509555958769e+01
-2.261192656730474226e+01
-2.250905401013792329e+01
-2.133207030514016367e+01
-1.983803916587939398e+01
-1.873044708262873570e+01
-1.851243034586784830e+01
-1.940994350887687858e+01
-2.136250500854332302e+01
-2.406777898480002165e+01
-2.706698992497049971e+01
-2.985748862448637198e+01
-3.201080859638354070e+01
-3.326777288083327022e+01
-3.358296090670439327e+01
-3.310208215445819491e+01
-3.208574911374558525e+01
-3.083013740159978511e+01
-2.963765513999152290e+01
-2.884266207759070966e+01
-2.884016017807925891e+01
-3.005110404962157133e+01
-3.279741183704971519e+01
-3.712400214264353338e+01
-4.265134225878979635e+01
-4.853960871307012326e+01
-5.359770266754330237e+01
-5.651114774127933060e+01
-5.612525264368990463e+01
-5.170918820573795927e+01
-4.313272613407370670e+01
-3.090475273850402971e+01
-1.606081760933682290e+01
6.409398241066810442e-02
1.610232125343429743e+01
3.088002423540476116e+01
4.355950772831320705e+01
5.370188754092672667e+01
6.127587800364815962e+01
6.662283753582750023e+01
7.036504099671137169e+01
7.324937037709008791e+01
7.595710056673402732e+01
7.894738335948758845e+01
8.239577908620236713e+01
8.623700212237609719e+01
9.026292088957892190e+01
9.420556268529168165e+01
9.776258150345344689e+01
1.005770427015451958e+02
1.022247923621927299e+02
1.022624937488633918e+02
1.003490175802859312e+02
9.639824286963984434e+01
9.068596075792859779e+01
8.384152962305039125e+01
7.670618618360066421e+01
7.010826077785608845e+01
6.465091755881793745e+01
6.059841213990949882e+01
5.788763708058187518e+01
5.622898998355007905e+01
5.523527026636984516e+01
5.452953649403511349e+01
5.380909073338902004e+01
5.286332855519857787e+01
5.155433353536406571e+01
4.978026247194959808e+01
4.745092414648261325e+01
4.449264181391778550e+01
4.086728290335491920e+01
3.657708060780599624e+01
3.165413627841020627e+01
2.616487049525508723e+01
2.024815535557618063e+01
1.416133312667793120e+01
8.282843584882597199e+00
3.040354461207567027e+00
-1.220074763452526412e+00
-4.368313655523753170e+00
-6.561941444127867840e+00
-8.214253675896866724e+00
-9.863179846887749846e+00
-1.198703585208298250e+01
-1.483261375870993248e+01
-1.831885383310874005e+01
-2.205819767125051811e+01
-2.549581362467997536e+01
-2.811474251236319333e+01
-2.962365255152441534e+01
-3.005526912123118422e+01
-2.974698056366538168e+01
-2.922439083816590255e+01
-2.904230945900894056e+01
-2.964228729926459494e+01
-3.126268757173981072e+01
-3.390644726828315214e+01
-3.735552156956278225e+01
-4.122459354945861065e+01
-4.505387787186013071e+01
-4.843064639883517231e+01
-5.110229194134794994e+01
-5.302961435950172131e+01
-5.435253751416001222e+01
-5.528698128098074704e+01
-5.600075835496375731e+01
-5.651114774127933060e+01
-5.662919342784319099e+01
-5.596815649413487392e+01
-5.402649629579398294e+01
-5.033118764455220173e+01
-4.459092987259958107e+01
-3.679358369926802652e+01
-2.720801131060298772e+01
-1.630258434760812136e+01
-4.631211650386792833e+00
7.262045982154158530e+00
1.889330502262660616e+01
2.984255506571246386e+01
3.972898542994693116e+01
4.819280551151726399e+01
5.492130496354000257e+01
5.973215636696033926e+01
6.268022492299084547e+01
6.411758774319660859e+01
6.464422740776223009e+01
6.494076049973739373e+01
6.554101682479971203e+01
6.664126826178747365e+01
6.803259814040683295e+01
6.918709177103673369e+01
6.945767954565836533e+01
6.830817782209683742e+01
6.549364628237870534e+01
6.114270900957020416e+01
5.572616455042701489e+01
4.992390586521022300e+01
4.442920168953838811e+01
3.975061802000801947e+01
3.607506762356288021e+01
3.323590021032642028e+01
3.079445120533303282e+01
2.820450421078870562e+01
2.500087913466468592e+01
2.094737728206148120e+01
1.609638081929290720e+01
1.074318901590457287e+01
5.293623441088456616e+00
9.764332831629474185e-02
-4.677250931281761837e+00
-9.070379095426829963e+00
-1.323732644448378259e+01
-1.729600912551489245e+01
-2.119941909854494000e+01
-2.471055173177697384e+01
-2.749380556036235745e+01
-2.927086800059024085e+01
-2.996170882593523643e+01
-2.974928346170845828e+01
-2.904396754644339751e+01
-2.835901744824278481e+01
-2.813868204808572671e+01
-2.860351286618994493e+01
-2.967693152890984365e+01
-3.102260876696256631e+01
-3.217197643515308414e+01
-3.268824897105437799e+01
-3.231113072474715864e+01
-3.104228893520356891e+01
-2.915114135197243428e+01
-2.710313915802897355e+01
-2.544010514326420491e+01
-2.466137543075507921e+01
-2.514567851660931552e+01
-2.711607092838293198e+01
-3.061463677927353544e+01
-3.545798258300195727e+01
-4.118857799641816797e+01
-4.707369752374185623e+01
-5.219176336973063712e+01
-5.559699223669613133e+01
-5.651114774127933060e+01
-5.448140843892562657e+01
-4.946195259731130989e+01
-4.180961692520772743e+01
-3.221410929927859002e+01
-2.159472645470831864e+01
