-3.089055188300387655e+01
-4.543543743052249084e+01
-5.818504137070737414e+01
-6.785481048124388792e+01
-7.398454713571688046e+01
-7.693668697497560061e+01
-7.763365412675790367e+01
-7.717758039106203682e+01
-7.650824607995234317e+01
-7.620200769427233922e+01
-7.643840655491149505e+01
-7.709939590882243010e+01
-7.793379183826658618e+01
-7.871566267913341619e+01
-7.934319139987778158e+01
-7.985412883026478426e+01
-8.036643018204993894e+01
-8.098279843322261229e+01
-8.171521669608235072e+01
-8.247410769573768619e+01
-8.312602996346319628e+01
-8.358014143899976034e+01
-8.384857389841423014e+01
-8.404718664632490288e+01
-8.434165823946750606e+01
-8.487368721955978401e+01
-8.570866499335299693e+01
-8.682841930228099159e+01
-8.816050150657002860e+01
-8.960915725147827970e+01
-9.105180499148325168e+01
-9.228963454011733347e+01
-9.297445698300673200e+01
-9.255636093683838794e+01
-9.029620252519505641e+01
-8.536305236586098033e+01
-7.700223496282299607e+01
-6.473170269174104874e+01
-4.851158599352459078e+01
-2.883395051846607160e+01
-6.697144167450979069e+00
1.653860579388371121e+01
3.937858875393193614e+01
6.044025654661747637e+01
7.865467659240314902e+01
9.338289143646659340e+01
1.044374371483207824e+02
1.120198800128549692e+02
1.165990049030296234e+02
1.187666734146162213e+02
1.191121557982780388e+02
1.181423028056135536e+02
1.162507101464923949e+02
1.137211740069428600e+02
1.107492827287763788e+02
1.074736330532854254e+02
1.040101337577173553e+02
1.004768618336607915e+02
9.699564775143657869e+01
9.366836786877739485e+01
9.054184361855068630e+01
8.757998247071594733e+01
8.465344599824578609e+01
8.154891025403483695e+01
7.800026946593447974e+01
7.374503859440694953e+01
6.860207640874978097e+01
6.255473339384268172e+01
5.581169186603245436e+01
4.881013288461400634e+01
4.213540508086640557e+01
3.636780635515008697e+01
3.191206620417306539e+01
2.888289118387281462e+01
2.709503229921990552e+01
2.615592766227819155e+01
2.561361740476500515e+01
2.509586619912657923e+01
2.439260229310286832e+01
2.346596585904400456e+01
2.239937909215581513e+01
2.131293335215580598e+01
2.028025015076928028e+01
1.927947074614660750e+01
1.819456070180265073e+01
1.685999779072139049e+01
1.512563532685536316e+01
1.291499477036565402e+01
1.025626360932379910e+01
7.276386120925684153e+00
4.161301274592538846e+00
1.095733962114276761e+00
-1.798375942108369818e+00
-4.505426358426287692e+00
-7.128151470631117093e+00
-9.864685152013832337e+00
-1.295578108838218689e+01
-1.661084374653692208e+01
-2.092549917114756752e+01
-2.581351734312460167e+01
-3.098469829161599165e+01
-3.599346594630744534e+01
-4.035687550610996510e+01
-4.370714178132708128e+01
-4.592051702768028321e+01
-4.716722251215156092e+01
-4.785906974055659902e+01
-4.851509190330591537e+01
-4.959634768315140718e+01
-5.136734953474405074e+01
-5.382703522206811897e+01
-5.672628287312277706e+01
-5.966112240479096585e+01
-6.220851805984307958e+01
-6.405948094446195284e+01
-6.510573855014337141e+01
-6.545347696400203574e+01
-6.536653832833809474e+01
-6.516823309338218451e+01
-6.514104928023917296e+01
-6.545500506947917074e+01
-6.613904129300711077e+01
-6.709586737219603947e+01
-6.815124653422354584e+01
-6.912244631963490349e+01
-6.988631666958838196e+01
-7.042540047659446145e+01
-7.083388180507810716e+01
-7.127771679461451981e+01
-7.192307770102293318e+01
-7.286475875985375694e+01
-7.408926646775486802e+01
-7.549077459181762606e+01
-7.692985761044080562e+01
-7.830191950257732003e+01
-7.957992316408814304e+01
-8.081622620017829206e+01
-8.211425607354688339e+01
-8.359037189508474341e+01
-8.533502465069750542e+01
-8.736678724071630597e+01
-8.957096808301656665e+01
-9.162993100162611881e+01
-9.297445698300673200e+01
-9.279675423994905259e+01
-9.015190017457439353e+01
-8.413887479058010399e+01
-7.411560990943938521e+01
-5.988429047025856988e+01
-4.178925489286541506e+01
-2.069674466009294278e+01
2.136782001347039106e+00
2.526993499919424124e+01
4.730414841817842131e+01
6.708422766107990753e+01
8.383110880979550927e+01
9.718303631847207669e+01
1.071468567529549460e+02
1.139883379964281289e+02
1.181074191507916993e+02
1.199420973221214979e+02
1.199221811064121681e+02
1.184626506061135274e+02
1.159669264205539037e+02
1.128161210477396708e+02
1.093421456503417488e+02
1.057994295221596133e+02
1.023503910012719160e+02
9.906801641240583933e+01
9.594747929286981503e+01
9.291726945626103884e+01
8.984836895119497058e+01
8.656937120835861776e+01
8.289717833884276388e+01
7.868309531550787028e+01
7.385938662171430735e+01
6.846681298932979587e+01
6.265603253542374063e+01
5.667196104462615125e+01
5.083236052786520531e+01
4.550002633393540918e+01
4.103891859522512675e+01
3.775101722448817299e+01
3.580759017040499970e+01
3.520071751890042577e+01
3.573761747905933106e+01
3.708325745716473421e+01
3.883723075640759959e+01
4.062022648543874226e+01
4.214620325526282585e+01
4.326282508161666129e+01
4.395019119198749991e+01
4.427884068056110323e+01
4.434351873159184265e+01
4.419987879419601029e+01
4.382711330339019185e+01
4.312483222630030610e+01
4.194066226483671045e+01
4.012049488484192494e+01
3.756923102344558885e+01
3.430298300487265806e+01
3.047203020877584478e+01
2.634399719738533108e+01
2.225175238085908802e+01
1.851999329100484459e+01
1.538821125882457252e+01
1.294961110041899666e+01
1.112418272586377554e+01
9.677050999954705190e+00
8.281532974716892426e+00
6.612337544802415756e+00
4.442012270268553387e+00
1.709452630449121990e+00
-1.463360644349335438e+00
-4.814050140418306256e+00
-8.030233385873701835e+00
-1.085825259026466405e+01
-1.319036805443407090e+01
-1.509434271168864683e+01
-1.677184148157092025e+01
-1.846520018809489727e+01
-2.035553622788350836e+01
-2.249493398708454706e+01
-2.479669001326413280e+01
-2.708223569862707336e+01
-2.915926853856235113e+01
-3.089333606380433395e+01
-3.224423819034804239e+01
-3.326182059210908903e+01
-3.405390347145278440e+01
-3.474421807526194073e+01
-3.543649701838517529e+01
-3.619635810688183142e+01
-3.705458647904855241e+01
-3.802721531578531966e+01
-3.914297943635473587e+01
-4.046504475557571823e+01
-4.209173656026514720e+01
-4.412719340217616804e+01
-4.663002852452923008e+01
-4.956670791938281440e+01
-5.280073274208206868e+01
-5.613103876644228052e+01
-5.936411972748870625e+01
-6.238595891686217954e+01
-6.520317784879773626e+01
-6.794009353405246543e+01
-7.079511777342150936e+01
-7.396905978697404294e+01
-7.758134121549935003e+01
-8.159130710040732026e+01
-8.574056064170822822e+01
-8.952875487681063760e+01
-9.223257013647675251e+01
-9.297445698300673200e+01
-9.083824614046909574e+01
-8.501552309847035360e+01
-7.496098586783293172e+01
-6.053709766536405823e+01
-4.212447149345381803e+01
-2.066123485896368095e+01
2.429077060069452898e+00
