2.826159760596540060e+00
1.487339269025133603e+01
2.514922314605487230e+01
3.240308998327585499e+01
3.622920146087849247e+01
3.704924671574632100e+01
3.583308404070501041e+01
3.371266280327792941e+01
3.164202278373215904e+01
3.019392158389214842e+01
2.951223671422554418e+01
2.939035166329546200e+01
2.942196310881912069e+01
2.916473650337258761e+01
2.826804074949440349e+01
2.654189788980895770e+01
2.397181598945382319e+01
2.069702720384554340e+01
1.696613994250891011e+01
1.307699674287070124e+01
9.307655620734330171e+00
5.852684040052748671e+00
2.784418316633971102e+00
5.330716485445208264e-02
-2.474607151302810948e+00
-4.960852209047503791e+00
-7.542373559289326401e+00
-1.030362094553509777e+01
-1.327841681744922475e+01
-1.646711087820411379e+01
-1.984342298166069796e+01
-2.333980349553278444e+01
-2.682973944876188810e+01
-3.013625091010223045e+01
-3.307429827535747791e+01
-3.550595937998110685e+01
-3.737887096577119905e+01
-3.873110617118118881e+01
-3.966538266415240344e+01
-4.031181362867462781e+01
-4.080242717604010494e+01
-4.126621767328788337e+01
-4.182992218944163199e+01
-4.260061299439388449e+01
-4.362430361195569617e+01
-4.484403595885751059e+01
-4.609273491911500997e+01
-4.713935115520093433e+01
-4.777532364905597007e+01
-4.790406150397104312e+01
-4.759192745084660459e+01
-4.705626862905405261e+01
-4.659604404427451385e+01
-4.649660845893085792e+01
-4.694698945753753350e+01
-4.799582121503325283e+01
-4.955255886820199152e+01
-5.142432387737603250e+01
-5.337231422181164220e+01
-5.517384549646991587e+01
-5.667735329302578862e+01
-5.783419163772535398e+01
-5.868995894303593275e+01
-5.932645031444049266e+01
-5.976311571858518334e+01
-5.984788037933935811e+01
-5.918113917539005797e+01
-5.711447066926490379e+01
-5.284442456958146295e+01
-4.558773077863347822e+01
-3.479142467677788630e+01
-2.031471418949458041e+01
-2.525783325612376728e+00
1.771817263654210706e+01
3.920629179000093245e+01
6.059147609114677380e+01
8.063088876642930813e+01
9.837883993034860453e+01
1.132762232333144823e+02
1.251236586882684350e+02
1.339758838496082092e+02
1.400228695127756282e+02
1.435130886923541311e+02
1.447351932432012518e+02
1.440336326662308579e+02
1.418194443751094127e+02
1.385545521048212549e+02
1.347141159612218075e+02
1.307415616535619733e+02
1.270031525346660715e+02
1.237422546617523977e+02
1.210396589617437684e+02
1.187959491553463209e+02
1.167508558181485654e+02
1.145422755006645588e+02
1.117926270077849153e+02
1.081996440977159324e+02
1.036077645594062204e+02
9.804639636353712717e+01
9.173422386030580356e+01
8.505297429756700467e+01
7.849088520027625293e+01
7.255725270180413133e+01
6.768008486578955285e+01
6.411237601858576340e+01
6.187853990944633154e+01
6.078398152834709123e+01
6.048767371944062177e+01
6.061040495023119945e+01
6.083735052208499638e+01
6.098170410739574976e+01
6.099629517374846444e+01
6.093660005286346149e+01
6.088851976315029901e+01
6.088380148697636685e+01
6.083440294995897091e+01
6.051612585109075582e+01
5.961664949798669966e+01
5.783806656820850378e+01
5.501787675930540189e+01
5.121535053792592151e+01
4.671680148935800503e+01
4.195108520797774787e+01
3.735569682806234937e+01
3.325762279326842474e+01
2.981533400670583944e+01
2.702649992321562422e+01
2.477175380855130982e+01
2.285928265802239068e+01
2.105520490464689232e+01
1.910803989040609352e+01
1.678190961241426038e+01
1.390216859890649914e+01
1.040286460287130410e+01
6.358334665393805096e+00
1.982150473371270039e+00
-2.415139245846113170e+00
-6.502058168370112412e+00
-1.001209438387108719e+01
-1.281062120412544658e+01
-1.492269736837824468e+01
-1.651436024615567533e+01
-1.783154051868145729e+01
-1.911368439663593932e+01
-2.051261696874295382e+01
-2.205126301989521664e+01
-2.364241665433635831e+01
-2.515868015583707518e+01
-2.651809549990265680e+01
-2.774235498991720306e+01
-2.895924662258272519e+01
-3.034927210407632003e+01
-3.206382610141434952e+01
-3.415541203491366673e+01
-3.655257425288098716e+01
-3.908865239043316819e+01
-4.156831335952244899e+01
-4.384131375657214846e+01
-4.585231297206037482e+01
-4.764747376305686544e+01
-4.933910531581514647e+01
-5.104867293698001163e+01
-5.285476533965656643e+01
-5.476253869337851654e+01
-5.669260115692522106e+01
-5.847609011249535627e+01
-5.984788037933935811e+01
-6.044180735952859607e+01
-5.979693892463804161e+01
-5.738438202710847236e+01
-5.266102692437310395e+01
-4.515426183060368714e+01
-3.456799485926578086e+01
-2.088418749184621959e+01
-4.429185561758067990e+00
1.411834648760394018e+01
3.378728781774306356e+01
5.343288059284102332e+01
7.188717322744588500e+01
8.810709895984740569e+01
1.012956354778089150e+02
1.109842667868406494e+02
1.170684020234364056e+02
1.197852263717049937e+02
1.196295887129485038e+02
1.172249228750897601e+02
1.131923462328272763e+02
1.080686062569981516e+02
1.022964401703079886e+02
9.626224854285170807e+01
9.032460486058948845e+01
8.479185515943049722e+01
7.985477248052470145e+01
7.551888221676315993e+01
7.158278378045136492e+01
6.768112052352694263e+01
6.337971804779001417e+01
5.829336015609003141e+01
5.219364742165234361e+01
4.507765284127319916e+01
3.717634001609363281e+01
2.890090358027586603e+01
2.075209135439469676e+01
1.323106175473208879e+01
6.775000492756451109e+00
1.712779714783820850e+00
-1.773347302162711081e+00
-3.677792157938197803e+00
-4.174935054909270526e+00
-3.585091673520526712e+00
-2.315903528610046891e+00
-8.025205106455679527e-01
5.409618533565954124e-01
1.360957852285871184e+00
1.399723740377659453e+00
5.250810888891557227e-01
-1.253872240868787458e+00
-3.794925084829884554e+00
-6.858081952252906177e+00
-1.016112641025894980e+01
-1.344270052548286642e+01
-1.651850589083040433e+01
-1.931438028640074123e+01
-2.186374084170031296e+01
-2.427166261105173817e+01
-2.666303017857536162e+01
-2.913559268061252183e+01
-3.173399280167041780e+01
-3.445449473029599829e+01
-3.727745563761718017e+01
-4.020387178518326010e+01
-4.326159694930741040e+01
-4.646612094462158637e+01
-4.976010159378974862e+01
-5.297946268505301504e+01
-5.587973411817274183e+01
-5.821748722599695469e+01
-5.984788037933935811e+01
-6.078961128890565391e+01
-6.122405742259992678e+01
-6.142570034349306241e+01
-6.165217508913570299e+01
-6.204233175281897417e+01
-6.257019289486051150e+01
-6.307756434207920648e+01
-6.336780221038519301e+01
-6.331059279261617689e+01
-6.290250374317013637e+01
-6.225410326377196668e+01
-6.151746570455794938e+01
-6.080165089851623605e+01
-6.012624471026219908e+01
-5.943617633419846413e+01
-5.866698966755862443e+01
-5.782662766965270862e+01
-5.705194355605267020e+01
-5.660679239387197725e+01
-5.681335156586045798e+01
-5.793870924574402181e+01
-6.007938034681752981e+01
-6.309022644435528804e+01
-6.659136154130965224e+01
