-1.700145108798632521e+01
-1.098831053900829069e+01
-7.090378346680852317e+00
-6.889980130452276086e+00
-1.108180498387977586e+01
-1.940836250804195018e+01
-3.086295326142484186e+01
-4.405239605828346328e+01
-5.757966176669624758e+01
-7.033023747182687657e+01
-8.160593694805240261e+01
-9.111559568629978401e+01
-9.887448297460213098e+01
-1.050709345643218882e+02
-1.099412733936406568e+02
-1.136749702981864090e+02
-1.163617685371269204e+02
-1.179857843660329593e+02
-1.184622302535552762e+02
-1.177021675138126398e+02
-1.156842942241082852e+02
-1.125122721791893099e+02
-1.084408837394329908e+02
-1.038627058755193389e+02
-9.925691647583957433e+01
-9.511106441958055768e+01
-9.183291462511847669e+01
-8.967222050893779794e+01
-8.867337111205644362e+01
-8.867786986292092877e+01
-8.938290102235143308e+01
-9.043869662670989840e+01
-9.154918606406849335e+01
-9.254111085776823131e+01
-9.338166710913387192e+01
-9.414488335482204207e+01
-9.494924078686857172e+01
-9.590218701890704267e+01
-9.707529655791688583e+01
-9.850531271953607870e+01
-1.002009895418586325e+02
-1.021447900979053856e+02
-1.042939391187867102e+02
-1.065898287617792732e+02
-1.089786137209532484e+02
-1.114357424857063421e+02
-1.139789629595876050e+02
-1.166550358714965796e+02
-1.194987658819191836e+02
-1.224807495538158690e+02
-1.254665156215013582e+02
-1.282001044367238478e+02
-1.303134593213638937e+02
-1.313598279897673535e+02
-1.308669088831082092e+02
-1.283963511803287929e+02
-1.235898547621133332e+02
-1.161894910408235972e+02
-1.060362939676313090e+02
-9.306295953768133700e+01
-7.729536504842849354e+01
-5.886563251868873436e+01
-3.802719920567339784e+01
-1.516100534976690462e+01
9.229596755485470538e+00
3.453198240020402210e+01
6.004620641925804136e+01
8.502316020811446151e+01
1.087257347920167092e+02
1.305089564400514632e+02
1.498989170835295965e+02
1.666394353303718674e+02
1.806801208439216282e+02
1.921030468559513054e+02
2.010188287373563867e+02
2.074856572327026640e+02
2.114960881078890225e+02
2.130367557197232600e+02
2.121817738214379006e+02
2.091615286232367623e+02
2.043648007651495959e+02
1.982691358005648965e+02
1.913286983093503864e+02
1.838658213514673889e+02
1.760094102533705609e+02
1.677033807973680553e+02
1.587786664270053052e+02
1.490560415914805787e+02
1.384381085116179406e+02
1.269613793323324131e+02
1.148016259893717290e+02
1.022398702381351683e+02
8.959909516780078320e+01
7.716678341201867397e+01
6.513178101207397219e+01
5.356837194287889048e+01
4.247948588089278132e+01
3.187677624041541335e+01
2.185474486761577140e+01
1.262023755627729216e+01
4.459473701781403676e+00
-2.348065458418052032e+00
-7.634547783130390286e+00
-1.142308417302252010e+01
-1.394991274721011365e+01
-1.562338943184714424e+01
-1.693451596772495549e+01
-1.834595905957018758e+01
-2.019269417086961127e+01
-2.262362311343649779e+01
-2.559765179007600722e+01
-2.892888309520523649e+01
-3.236386830321664831e+01
-3.566948538973589677e+01
-3.870936267866105140e+01
-4.149027340092566618e+01
-4.416838327038604461e+01
-4.701552045267432334e+01
-5.035417633057282671e+01
-5.447633795689814917e+01
-5.956585482606737969e+01
-6.564393567663843498e+01
-7.254960024080392600e+01
-7.995622840773393136e+01
-8.742073836641010587e+01
-9.446258845179949049e+01
-1.006644128612352063e+02
-1.057705505964279240e+02
-1.097471032724965596e+02
-1.127747081059212917e+02
-1.151742220493163416e+02
-1.172969387578677356e+02
-1.194222117615360617e+02
-1.216921557909893181e+02
-1.240917993448665868e+02
-1.264690066501211163e+02
-1.285804270151105584e+02
-1.301426103900407725e+02
-1.308669088831082092e+02
-1.304681265726137553e+02
-1.286523632172199143e+02
-1.250987026416464118e+02
-1.194491706885287670e+02
-1.113189098590026447e+02
-1.003328054855926865e+02
-8.618579422369533916e+01
-6.871439812148845760e+01
-4.796136920733372477e+01
-2.421773756749732343e+01
1.963679198295562145e+00
2.978165864153603337e+01
5.822960016252685733e+01
8.617921283962328971e+01
1.125074268107315589e+02
1.362425276335175965e+02
1.566861512793187217e+02
1.734749635638436018e+02
1.865707818653872891e+02
1.961907844454857468e+02
2.027031990928148844e+02
2.065217275770949357e+02
2.080312234769273232e+02
2.075602424237336834e+02
2.053888766891567457e+02
2.017635767266088749e+02
1.968974034905644146e+02
1.909556286064887445e+02
1.840440056724017950e+02
1.762182168607554331e+02
1.675183061593153582e+02
1.580122154380657378e+02
1.478218803349994630e+02
1.371112336580992803e+02
1.260361320351336190e+02
1.146825807011479696e+02
1.030344169689922467e+02
9.099827225456513702e+01
7.847790645167731327e+01
6.546074869301833132e+01
5.207762217015999084e+01
3.861467683516224270e+01
2.547578851926042987e+01
1.310834077347018223e+01
1.918037772978948396e+00
-7.796805009396333475e+00
-1.587338576218554209e+01
-2.227985773516175527e+01
-2.709694623343365549e+01
-3.049980257638446091e+01
-3.274093106158983346e+01
-3.412768524053194596e+01
-3.498970853310720486e+01
-3.563903987241384641e+01
-3.633338312515058988e+01
-3.725465868670789860e+01
-3.850724847368502424e+01
-4.012937615900038679e+01
-4.210715903382101288e+01
-4.438755648228291051e+01
-4.689562461825160966e+01
-4.956174335144365983e+01
-5.235390871804565194e+01
-5.529815547978581236e+01
-5.846930874212964113e+01
-6.195062624885626690e+01
-6.578469666692578244e+01
-6.994702130661038098e+01
-7.435615844721296241e+01
-7.890525252659027444e+01
-8.348728036818334886e+01
-8.800102850891884998e+01
-9.234824456150988681e+01
-9.643907744199825061e+01
-1.002096943370278126e+02
-1.036412853149842306e+02
-1.067668461968377187e+02
-1.096579550586771035e+02
-1.123935056481170705e+02
-1.150258349338300690e+02
-1.175673683231601387e+02
-1.200077984355614547e+02
-1.223440180982898227e+02
-1.245898210453160715e+02
-1.267438170164260924e+02
-1.287187410753105610e+02
-1.302564851655492930e+02
-1.308669088831082092e+02
-1.298314191361168923e+02
-1.262943820148556995e+02
-1.194281014524526796e+02
-1.086229038681792503e+02
-9.364452995123330936e+01
-7.471630476009244148e+01
-5.250839585662311038e+01
-2.803821640373165991e+01
-2.501702236978740057e+00
2.293019474669951663e+01
4.729962838442608586e+01
6.997785264907334124e+01
9.066918737988083876e+01
1.093044041670792836e+02
1.258757624268138784e+02
1.402987619125862295e+02
1.523712599397801171e+02
1.618381670587652366e+02
1.685050888303807710e+02
1.723281801137027855e+02
1.734413844537165232e+02
1.721261033195109462e+02
1.687517350762998376e+02
1.637159647875332666e+02
1.573996098040660172e+02
1.501317270763445890e+02
1.421495403433455067e+02
1.335457749898635313e+02
1.242203381461208238e+02
1.138749536358428855e+02
1.020875834467763212e+02
8.847233781644595751e+01
7.288247128686413134e+01
5.557266623534364669e+01
3.723004006826521817e+01
