-1.353530225845834138e+02
5.061187146500884637e+00
1.238418063997417562e+02
2.052347458217283815e+02
2.429724477266313727e+02
2.404667143057729390e+02
2.081220858684284565e+02
1.592539392004296133e+02
1.061956203454188596e+02
5.767292413505705895e+01
1.783265237678409676e+01
-1.325883589565134457e+01
-3.817291220240912253e+01
-6.037940515211194281e+01
-8.278512736929909011e+01
-1.069003804123723853e+02
-1.327024560624968785e+02
-1.590333264973562564e+02
-1.842503400392845094e+02
-2.068526502467336741e+02
-2.258953630893462616e+02
-2.411195706284261178e+02
-2.528283072468197190e+02
-2.616127994614520276e+02
-2.680678297119258104e+02
-2.726108454404939039e+02
-2.754450807628179518e+02
-2.766326960691499721e+02
-2.762178795931772015e+02
-2.743572868576355859e+02
-2.714307645137621421e+02
-2.680942555656579316e+02
-2.652284296455669619e+02
-2.637711538773302777e+02
-2.644827150266262947e+02
-2.677249483203314639e+02
-2.733272410771994601e+02
-2.805896931594136277e+02
-2.884364148796956897e+02
-2.956749729012719285e+02
-3.012752862349261704e+02
-3.045835634140814818e+02
-3.054232326836489051e+02
-3.040803894118886319e+02
-3.012061853981480795e+02
-2.976756283942952450e+02
-2.944237629042835920e+02
-2.922664201611573844e+02
-2.917294806615053631e+02
-2.929412855355101328e+02
-2.956421404451755279e+02
-2.993152458104905236e+02
-3.033774544689039772e+02
-3.073345269416362271e+02
-3.108330358198546719e+02
-3.136179503995447249e+02
-3.154697699108493794e+02
-3.161866364694265599e+02
-3.156115123329426524e+02
-3.136617692149499703e+02
-3.103398558235677456e+02
-3.057458067010076093e+02
-3.001133500910518137e+02
-2.938498299538520087e+02
-2.875260200499270695e+02
-2.817754457574114326e+02
-2.771228205304729499e+02
-2.738238474391284285e+02
-2.718025055457876533e+02
-2.707030563886085019e+02
-2.699973210039499918e+02
-2.690735244174384775e+02
-2.672721049722411522e+02
-2.638651752192625963e+02
-2.579770051041170973e+02
-2.484517930631440095e+02
-2.337256757206083364e+02
-2.118208609813563896e+02
-1.805793113595872228e+02
-1.381560786386620521e+02
-8.364355636473779043e+01
-1.759660654431389304e+01
5.775257239751988436e+01
1.386784647266927664e+02
2.204918059113938114e+02
2.982703360399670487e+02
3.676177229386458976e+02
4.252919225201230233e+02
4.695899321491035607e+02
5.004411542516139662e+02
5.192199132694495347e+02
5.283249225707527330e+02
5.306035515566925369e+02
5.287316427013435032e+02
5.246828109315160873e+02
5.194173218902205917e+02
5.128787646904911526e+02
5.043026281651966087e+02
4.927307591506976792e+02
4.775359364614253650e+02
4.587462582667176889e+02
4.370421726350650715e+02
4.134485379459849241e+02
3.888887273597607646e+02
3.638308540958722119e+02
3.381975082402994417e+02
3.115608875960514865e+02
2.835007800477190472e+02
2.539514047151316163e+02
2.234054355092029880e+02
1.929142641180282851e+02
1.638828804637818450e+02
1.377153454461656850e+02
1.154249350417019997e+02
9.734885990438581871e+01
8.307130962966508037e+01
7.157457221197722674e+01
6.155344236817229842e+01
5.177799993537837508e+01
4.138081558947887117e+01
2.997877178470444903e+01
1.761512933952529991e+01
4.592604456980353689e+00
-8.688679571030704096e+00
-2.180270404085661085e+01
-3.427518912482847213e+01
-4.554519288663367149e+01
-5.501133987502602452e+01
-6.220967538549219000e+01
-6.706820143473660778e+01
-7.009253098727839415e+01
-7.232964877871125964e+01
-7.506472738104946529e+01
-7.936787279402244621e+01
-8.570467475933637047e+01
-9.379025979459768791e+01
-1.027386380575710234e+02
-1.114223738883844987e+02
-1.188778115069412138e+02
-1.245986646271834388e+02
-1.286415099864734373e+02
-1.315589711911715938e+02
-1.342200299886074220e+02
-1.375725845132685095e+02
-1.423958616228410392e+02
-1.490976432401903367e+02
-1.576083037525230566e+02
-1.673962479813776838e+02
-1.775974968863068284e+02
-1.872295545465422606e+02
-1.954377930484835133e+02
-2.017066932325981270e+02
-2.059813548555817420e+02
-2.086828644199443943e+02
-2.106301187607473366e+02
-2.128869910471324829e+02
-2.165581693877670659e+02
-2.225702667717471286e+02
-2.314788734307031177e+02
-2.433279781011825094e+02
-2.575756782511243728e+02
-2.731057862478911034e+02
-2.883539076393161054e+02
-3.015606467996549327e+02
-3.111178734825796255e+02
-3.159211795017488953e+02
-3.156115123329426524e+02
-3.105966628427295291e+02
-3.018006635293560862e+02
-2.901924499848094570e+02
-2.762468215845246391e+02
-2.595305221820322572e+02
-2.385699705764779424e+02
-2.110738692345497043e+02
-1.744851356241123881e+02
-1.267387952022233435e+02
-6.701594167435476379e+01
3.759669312656995999e+00
8.287989359687988156e+01
1.662945440142954681e+02
2.493721339985491454e+02
3.277125178610997409e+02
3.977827454866284711e+02
4.572652303227294510e+02
5.051128623661847428e+02
5.413608452909427342e+02
5.667780864098899656e+02
5.824738103340039288e+02
5.895793019585431693e+02
5.890767854941907444e+02
5.817802527789905298e+02
5.684295803082794691e+02
5.498362386031355982e+02
5.270003383771745575e+02
5.011252281036286718e+02
4.735089188695232565e+02
4.453595667380358236e+02
4.176113003599351146e+02
3.907988358674864457e+02
3.650198499262009477e+02
3.399959903538879189e+02
3.152299498423382715e+02
2.902356215250099467e+02
2.647879309597130941e+02
2.391088928122036918e+02
2.139064068612783558e+02
1.902360791044180814e+02
1.692431743539133038e+02
1.519023847619974390e+02
1.388602891842714371e+02
1.304086461904584837e+02
1.265374021373948779e+02
1.269924186003896693e+02
1.312976905063889603e+02
1.387534370858057287e+02
1.484504584798497149e+02
1.593341846804070485e+02
1.703198659427044106e+02
1.804318652199873441e+02
1.889337594351947587e+02
1.954185379311464317e+02
1.998261069543745805e+02
2.023658892131230971e+02
2.033585739364351639e+02
2.030527996019705483e+02
2.014941619227334400e+02
1.985107007730782129e+02
1.938248746991876033e+02
1.872337430608352236e+02
1.787707667195263639e+02
1.687918110005699361e+02
1.579716716774372571e+02
1.472131666583575793e+02
1.374718614301872037e+02
1.295270139747471489e+02
1.237813511273014768e+02
1.201929202283958773e+02
1.183903440146277006e+02
1.179247928227476336e+02
1.185342282593617398e+02
1.202838002861472972e+02
1.235013836623375738e+02
1.285194643870423761e+02
1.353271663873439081e+02
1.432962691173174221e+02
1.511421300489175508e+02
1.571966461172305003e+02
1.599295360357798188e+02
1.585273445192477197e+02
1.532981921907033893e+02
1.457273953175648842e+02
1.381195491282017258e+02
1.328842531949465808e+02
1.316450057425968510e+02
1.344547862121507649e+02
1.394321468903237928e+02
1.430380949416452268e+02
1.410082065906104276e+02
1.297100695446478937e+02
1.075003445276745566e+02
7.557793832328553663e+01
3.792963717731538509e+01
