-2.784552492853273264e+01
-1.020278641226666423e+02
-1.667377377793726509e+02
-2.150578137816406183e+02
-2.441979239456280766e+02
-2.555462212250286029e+02
-2.535080213690232540e+02
-2.438042968888470341e+02
-2.318762197657686102e+02
-2.217914491798259462e+02
-2.157751235173625730e+02
-2.142872283848432460e+02
-2.164667612258919007e+02
-2.207520259745037947e+02
-2.255119147856666473e+02
-2.295440714244642777e+02
-2.323288961533427255e+02
-2.339990270198807707e+02
-2.350780008176752744e+02
-2.361195085395002025e+02
-2.374001066762349978e+02
-2.387695924540815895e+02
-2.396820740921464790e+02
-2.393737019631450380e+02
-2.371290133686597414e+02
-2.325557626460654888e+02
-2.257704005644422693e+02
-2.174224957390024713e+02
-2.085547153744093123e+02
-2.003523258008338246e+02
-1.938563564947415898e+02
-1.897194017020283923e+02
-1.880796056062400794e+02
-1.885894697039526591e+02
-1.905598175280909174e+02
-1.931209939166126901e+02
-1.953138430050321972e+02
-1.960815608691223417e+02
-1.941854384003518987e+02
-1.880985412905929479e+02
-1.759566071069247073e+02
-1.556564836363780273e+02
-1.251608812300833051e+02
-8.298356355210358970e+01
-2.872194535637893864e+01
3.655834450545827252e+01
1.102458306521562434e+02
1.884530141845336573e+02
2.665503047924252655e+02
3.398179893149427926e+02
4.040805952741847591e+02
4.562347350129923598e+02
4.946165533115523090e+02
5.191609910815645890e+02
5.313054914651148692e+02
5.336203870557197888e+02
5.292176681212628182e+02
5.210713772853865748e+02
5.114276706168507189e+02
5.014580933601508264e+02
4.912260380497094161e+02
4.799389679416875083e+02
4.663905815901906635e+02
4.494652811399700454e+02
4.285659706630432879e+02
4.038346734089037113e+02
3.760873900965939356e+02
3.464915808284308127e+02
3.161354088956749138e+02
2.856903106645160619e+02
2.553081987691190307e+02
2.247701144893765388e+02
1.937988345980405427e+02
1.623971106980523018e+02
1.310678225040782934e+02
1.008185657527543384e+02
7.295249531476015648e+01
4.874745955078810056e+01
2.915807528008619798e+01
1.463122499251387687e+01
5.052312707591628538e+00
-2.125397333374614561e-01
-2.220678791566552235e+00
-2.318618480434420093e+00
-1.961163861036780531e+00
-2.486839351327372327e+00
-4.886687919892739984e+00
-9.628980977548003750e+00
-1.660117496799956882e+01
-2.519945436381834014e+01
-3.454309685317755196e+01
-4.374344514008329554e+01
-5.214612654823527294e+01
-5.948810524379933895e+01
-6.593988984355260641e+01
-7.202441092294704106e+01
-7.842838284283082828e+01
-8.575715226274317615e+01
-9.431830632378169810e+01
-1.040258297439107480e+02
-1.144709657063812926e+02
-1.251172572358466653e+02
-1.355030810706666955e+02
-1.453382822427603003e+02
-1.544645211844198514e+02
-1.627469405855416369e+02
-1.700044280020886447e+02
-1.760422783627003582e+02
-1.807632102214340080e+02
-1.842707895081273364e+02
-1.868865655118851805e+02
-1.890641682270724004e+02
-1.912529390419578306e+02
-1.937947787906740302e+02
-1.969047260595882562e+02
-2.007084870363039499e+02
-2.052591402989577603e+02
-2.104836916539891831e+02
-2.160910303076360606e+02
-2.215323941344671539e+02
-2.260950245618919325e+02
-2.291299756299466992e+02
-2.303132760188565840e+02
-2.297949627747442776e+02
-2.281503476471405918e+02
-2.261661823674007508e+02
-2.245768660193405708e+02
-2.238706035043107647e+02
-2.242336783932796891e+02
-2.256228921393326630e+02
-2.278891771901202787e+02
-2.308699563892221533e+02
-2.344254999125971892e+02
-2.384427593098853038e+02
-2.428144210263778859e+02
-2.473603384779966632e+02
-2.516663988782765387e+02
-2.548786649749093840e+02
-2.555462212250286029e+02
-2.516066192779812241e+02
-2.405640849156328613e+02
-2.198570921198522399e+02
-1.873635104400955242e+02
-1.419487323981537088e+02
-8.392509553954725732e+01
-1.527608378820792723e+01
6.046609220113433025e+01
1.387072214691635850e+02
2.145391319535461037e+02
2.835504870386545804e+02
3.424761275027379952e+02
3.895276221704676800e+02
4.243802317237003194e+02
4.479069266933565814e+02
4.617808779306824363e+02
4.680354207894207548e+02
4.686462004546499998e+02
4.652076026315858144e+02
4.587742754627830664e+02
4.498923418626171724e+02
4.387700126273479100e+02
4.254845719807516389e+02
4.101277291689690401e+02
3.928440334121686419e+02
3.737796918385545268e+02
3.530037040845166985e+02
3.304775584812965121e+02
3.061253234095523794e+02
2.799946979753348160e+02
2.524287162068708028e+02
2.241363446554568100e+02
1.960937046789896385e+02
1.693052797706627643e+02
1.445374710235099087e+02
1.221475021331595201e+02
1.020674218202143066e+02
8.391983153169906018e+01
6.720180564385300670e+01
5.148434413496052287e+01
3.658896576227275688e+01
2.269317376716369949e+01
1.031438856307552854e+01
1.607304647862068947e-01
-7.103412539614155641e+00
-1.109269894911084009e+01
-1.185855564054356570e+01
-9.928653156939294178e+00
-6.232307035304812004e+00
-1.944130530230426146e+00
1.715775618802187097e+00
3.690481723195581765e+00
3.269448186001746137e+00
2.093562376027904293e-01
-5.239835072845970387e+00
-1.241769240934595331e+01
-2.043009020259833974e+01
-2.837480440123532333e+01
-3.555254302417181833e+01
-4.160680092966607901e+01
-4.656575647279625230e+01
-5.078974687774140051e+01
-5.484212290761397668e+01
-5.931191618192762149e+01
-6.463618022672321217e+01
-7.098052382698277540e+01
-7.821705287470581425e+01
-8.599650306816729994e+01
-9.387115081839510822e+01
-1.014105686704831726e+02
-1.082726811733081860e+02
-1.142331826695258599e+02
-1.192040184064720734e+02
-1.232613090626316108e+02
-1.266640127837520993e+02
-1.298181525138919312e+02
-1.331625363998788032e+02
-1.370078230366665935e+02
-1.414016623117352083e+02
-1.460867898229436150e+02
-1.505789587260029805e+02
-1.543437752714862654e+02
-1.570097814696611920e+02
-1.585331339250012661e+02
-1.592443560662603090e+02
-1.597585521689547932e+02
-1.607901979513968627e+02
-1.629494048221872049e+02
-1.665920236715418525e+02
-1.717640829894287435e+02
-1.782491973270171570e+02
-1.857001208158266365e+02
-1.937992540417655221e+02
-2.023644515832834259e+02
-2.113373568145191825e+02
-2.206632339491887365e+02
-2.301367894189743311e+02
-2.392913561671054765e+02
-2.473539637311185402e+02
-2.532374554584637849e+02
-2.555462212250286029e+02
-2.526224189708348149e+02
-2.426931849168690860e+02
-2.241522927903650384e+02
-1.959333370977105346e+02
-1.578600558976928028e+02
-1.108529197519904415e+02
-5.693913137035126226e+01
9.069589299560689710e-01
5.903952408684833131e+01
1.135009205940147865e+02
1.604519542086104877e+02
1.966446378195977616e+02
2.198711371638627270e+02
2.292963048405702864e+02
2.255929780046373878e+02
2.108363894309609634e+02
1.881463621169517353e+02
1.610948428837947688e+02
1.329543009313856885e+02
1.059569969605567508e+02
8.081257173609176903e+01
5.671009902986527607e+01
