-8.691928370240864510e+00
-2.778351419149097978e+01
-4.437887043865458736e+01
-5.670227925802030455e+01
-6.411771024771537952e+01
-6.711181415741960166e+01
-6.692064346270248620e+01
-6.501317243024612935e+01
-6.265234424013983983e+01
-6.066479609887070978e+01
-5.942645149212514610e+01
-5.897696732971186151e+01
-5.915335665998842529e+01
-5.968039897057251864e+01
-6.022546506426113666e+01
-6.045913870527587619e+01
-6.014020816402722858e+01
-5.919783210166877296e+01
-5.776369045578362460e+01
-5.612853523419443036e+01
-5.463768140593742828e+01
-5.356821268596281271e+01
-5.303536438967948641e+01
-5.296328011086126253e+01
-5.313529302044238278e+01
-5.331100254902575131e+01
-5.336178424814517740e+01
-5.335244778401509791e+01
-5.351296722702098663e+01
-5.410212009816522283e+01
-5.522873268371711220e+01
-5.672183890164713915e+01
-5.811228803004849652e+01
-5.872917390108640490e+01
-5.786528783200913040e+01
-5.494877469511208545e+01
-4.966876932973301706e+01
-4.202650542656060395e+01
-3.231043794656876145e+01
-2.101869125250093617e+01
-8.765079164430650494e+00
3.803616316571337030e+00
1.607408107748872439e+01
2.752486069728874796e+01
3.777678544255822146e+01
4.662013948402556451e+01
5.400260628095409743e+01
5.998099380086097199e+01
6.466241009280786045e+01
6.816559853472212183e+01
7.061485851226007071e+01
7.215425460209966957e+01
7.295950324349864502e+01
7.323101520195744740e+01
7.316216041359298572e+01
7.288814595264591389e+01
7.243662525050933709e+01
7.171173034248960221e+01
7.053122603132530344e+01
6.870650100902028612e+01
6.613185705572456641e+01
6.284481836996836535e+01
5.902760554056981590e+01
5.494157124295518457e+01
5.082164362832624960e+01
4.678610341465279987e+01
4.281175433416161269e+01
3.878761769503815060e+01
3.461919281363364576e+01
3.033020245325091224e+01
2.610434561789590546e+01
2.223204078259145433e+01
1.897761291714891385e+01
1.643533333719213019e+01
1.445822419144325721e+01
1.270657772859539314e+01
1.079863505635477772e+01
8.493599602506739288e+00
5.820931049439524330e+00
3.092337433873483477e+00
7.841424566903718585e-01
-6.633699032328919110e-01
-1.043800214290520501e+00
-4.926497225879455932e-01
5.431605530558254458e-01
1.459731849318972152e+00
1.702357829409453238e+00
9.322892377331584157e-01
-9.068604552187413681e-01
-3.627272398082898697e+00
-6.896822491539044364e+00
-1.034506701417198471e+01
-1.364060821950396551e+01
-1.653665436565621150e+01
-1.889655073142222363e+01
-2.070335390952765309e+01
-2.204534805558849797e+01
-2.307220173654681972e+01
-2.393402876295952453e+01
-2.473101336530136507e+01
-2.549953758078999044e+01
-2.624166734057831363e+01
-2.698010698448794287e+01
-2.780448743170176940e+01
-2.887706612692649699e+01
-3.038728134750361320e+01
-3.247381265151054208e+01
-3.515304236914422376e+01
-3.829219163394846959e+01
-4.164120200168003549e+01
-4.490172742499395753e+01
-4.779259656688332569e+01
-5.008680410683823681e+01
-5.162643878968096800e+01
-5.233505259339835192e+01
-5.223505551521512302e+01
-5.146139963690075092e+01
-5.025828332565474454e+01
-4.895014314154953894e+01
-4.788508723428303426e+01
-4.735985587546235109e+01
-4.754844265223269417e+01
-4.845910234149466334e+01
-4.993301685386715860e+01
-5.168470001876406172e+01
-5.337593982983042196e+01
-5.470719702399286888e+01
-5.550359497911575346e+01
-5.577261355990250991e+01
-5.571599779000989372e+01
-5.568505107945742338e+01
-5.607944698313149701e+01
-5.720937431725673150e+01
-5.916216035601045320e+01
-6.172178835006339881e+01
-6.437584143396992431e+01
-6.641666838596108846e+01
-6.711181415741960166e+01
-6.589037693002862284e+01
-6.247859361504433195e+01
-5.693259652121355430e+01
-4.955965968787025133e+01
-4.077129824834830885e+01
-3.094190039650898427e+01
-2.033598377459690454e+01
-9.125014903012981904e+00
2.530571469260314288e+00
1.438389776956994481e+01
2.603895339823156974e+01
3.695644603840798226e+01
4.653629341181088819e+01
5.425355592676290684e+01
5.979749974263643963e+01
6.315794146402261333e+01
6.462479590295748721e+01
6.470184815776678988e+01
6.396616802845459659e+01
6.292036104676894581e+01
6.188344186804292946e+01
6.095023751924971123e+01
6.002477813055053701e+01
5.890786369740774830e+01
5.740298552748576100e+01
5.540459346115629558e+01
5.294437015000599445e+01
5.018637335693129131e+01
4.737690462994859786e+01
4.476724006766692554e+01
4.253256828298517433e+01
4.070962241536186355e+01
3.917444306203589122e+01
3.767771859871587026e+01
3.593722994594720888e+01
3.375637320988365531e+01
3.111579487109286646e+01
2.819307935909684915e+01
2.530142052083476045e+01
2.277774699602551678e+01
2.087007332985725938e+01
1.966880673004139624e+01
1.910530949762432940e+01
1.901052695040223028e+01
1.919829235585044458e+01
1.952849889429781882e+01
1.992221881177290754e+01
2.033448335928865802e+01
2.071836906602822381e+01
2.101414230124348848e+01
2.116864451995111196e+01
2.115937135119154178e+01
2.099442632569304834e+01
2.068576419791947529e+01
2.022110510713252296e+01
1.956293108714258722e+01
1.868094643809415345e+01
1.759553527113476790e+01
1.639459925277350294e+01
1.519914712073654428e+01
1.408944547544750847e+01
1.303815083456802526e+01
1.190343418251343088e+01
1.050315011200168058e+01
8.735081564765927453e+00
6.667978101354107068e+00
4.539585718391110802e+00
2.656347382193098738e+00
1.251469836329079932e+00
3.804747772274392759e-01
-9.406106216042675605e-02
-4.301869639918496357e-01
-8.922940123842597604e-01
-1.654051701667253127e+00
-2.760644505046923491e+00
-4.155759636233847587e+00
-5.741633889667618895e+00
-7.427448328610411821e+00
-9.141909033024791853e+00
-1.081953849117159905e+01
-1.238819107281577914e+01
-1.377845538537309267e+01
-1.495502830973970809e+01
-1.595172376708484663e+01
-1.688520783171057360e+01
-1.793095588357099501e+01
-1.926678344962247991e+01
-2.101240869441481962e+01
-2.319682614659065578e+01
-2.576256498059136035e+01
-2.858986345395370066e+01
-3.152124610106102764e+01
-3.438451797193576454e+01
-3.702181104665626776e+01
-3.932187003938668113e+01
-4.124137784174363475e+01
-4.280763000527287687e+01
-4.411072477471758901e+01
-4.529743948525852915e+01
-4.656594727378204368e+01
-4.814615586216014265e+01
-5.025151933008527294e+01
-5.300459023856673468e+01
-5.635652084159294617e+01
-6.002943681254470931e+01
-6.350973248151836970e+01
-6.611157564786728358e+01
-6.711181415741960166e+01
-6.593130080876763088e+01
-6.231128843422715136e+01
-5.642046626596107473e+01
-4.884348619543125380e+01
-4.044726668194668662e+01
-3.217231184180162984e+01
-2.481952492434666624e+01
-1.889029425932577766e+01
-1.450829340392558109e+01
-1.142654720698247850e+01
-9.110606302012859814e+00
-6.884580072376470739e+00
-4.120631467552223981e+00
-4.342524627369228618e-01
4.177364220722225241e+00
9.321985837708243849e+00
