8.610392865644618254e-01
3.936586742809518569e+01
7.180434273740138451e+01
9.381668638394215520e+01
1.037801735940887511e+02
1.028030561144689443e+02
9.389534932416536606e+01
8.079041028167688410e+01
6.688225828202803314e+01
5.455661850027810544e+01
4.497580398357365539e+01
3.822813017376318356e+01
3.369192578333021970e+01
3.046008460477034063e+01
2.769539220790573353e+01
2.483487529162037433e+01
2.162715210766085505e+01
1.804785912530512348e+01
1.417045691980349531e+01
1.006497594989938982e+01
5.765551294854772024e+00
1.305502707821982966e+00
-3.219435396243737202e+00
-7.617261383190022883e+00
-1.163515387310578575e+01
-1.505606017481747116e+01
-1.780214762718382104e+01
-1.997938164267748817e+01
-2.182823232115449130e+01
-2.360011947535004495e+01
-2.542459569523870755e+01
-2.723818430406213764e+01
-2.880737953257918349e+01
-2.982281040772838310e+01
-3.000630984203365870e+01
-2.917565058657565658e+01
-2.724465075655429303e+01
-2.417766687470290066e+01
-1.994411242369982062e+01
-1.451518633290310234e+01
-7.914384371590482914e+00
-2.950102809231971435e-01
8.005936476011770608e+00
1.648229706530918293e+01
2.455033977395554246e+01
3.167996290362406242e+01
3.750520689872038815e+01
4.187211694507954007e+01
4.482409956430251441e+01
4.655345509166205176e+01
4.734467109963922837e+01
4.751685206020557928e+01
4.736493807535070744e+01
4.710691230027850906e+01
4.685175181689770341e+01
4.659790064317171243e+01
4.625885449021127727e+01
4.570378049315886670e+01
4.480124476909146125e+01
4.345625207947091440e+01
4.163024760129986390e+01
3.933666110290040052e+01
3.661799623027224015e+01
3.352643163138249349e+01
3.012938635677609867e+01
2.653827953635532566e+01
2.293200072463463002e+01
1.954383009297076512e+01
1.660733622711359558e+01
1.428796444135470445e+01
1.263483386275299480e+01
1.157209020774270058e+01
1.092960228157296854e+01
1.049861610868744499e+01
1.009001753706895599e+01
9.574379242118567390e+00
8.894922565331173203e+00
8.058601112397809629e+00
7.116627008768122487e+00
6.142916556272316697e+00
5.214541665919176339e+00
4.397356529473644748e+00
3.739291941710566114e+00
3.269967828744329452e+00
3.002658198740131290e+00
2.937429260879970805e+00
3.066804937143130516e+00
3.380973707669639339e+00
3.863696843946284432e+00
4.474045222838262781e+00
5.123457334145268049e+00
5.668177276379705809e+00
5.930501046337258053e+00
5.743498267895821741e+00
5.001524464084927679e+00
3.700888726302322240e+00
1.960592757891955529e+00
1.180377848898750415e-02
-1.856440990453103623e+00
-3.393676200578747526e+00
-4.494225824420574611e+00
-5.256762399278997577e+00
-5.953061543146503709e+00
-6.911177883748829132e+00
-8.368319966130361109e+00
-1.036211868204248177e+01
-1.270361199318016787e+01
-1.503613029161373049e+01
-1.695220775132702329e+01
-1.812265859840129778e+01
-1.839161354425220907e+01
-1.780959444776645384e+01
-1.660406890362747490e+01
-1.510731629057499603e+01
-1.366739145496075736e+01
-1.256578324283350412e+01
-1.196179518625906724e+01
-1.187647168001269904e+01
-1.221632618596689568e+01
-1.282436729519763219e+01
-1.353762112155789055e+01
-1.422911089524766126e+01
-1.482187049638016063e+01
-1.528045177643366870e+01
-1.559776011798190609e+01
-1.579166920035355659e+01
-1.591271002570702109e+01
-1.605279650241150691e+01
-1.634014960767333235e+01
-1.690914407618382853e+01
-1.784718251486466301e+01
-1.913867942795129551e+01
-2.063800523655127250e+01
-2.209938708244482442e+01
-2.326714976871051377e+01
-2.399109890632902875e+01
-2.430567575540738190e+01
-2.442489603743286608e+01
-2.465240199405777588e+01
-2.524963869432970043e+01
-2.631646672617907612e+01
-2.772397237349147048e+01
-2.911971456326142516e+01
-3.000630984203365870e+01
-2.987013120001338251e+01
-2.831455649969215216e+01
-2.514837677288609896e+01
-2.040167554642472325e+01
-1.427841168574661168e+01
-7.083862430494901830e+00
8.320284819916023977e-01
9.098832731941200791e+00
1.733327688827078106e+01
2.515922784911453647e+01
3.225232554584329847e+01
3.839308636759975712e+01
4.349777500142057818e+01
4.760557429461615442e+01
5.082355553453557917e+01
5.325203415542257801e+01
5.492443116515991619e+01
5.579579077495807837e+01
5.579661602181604962e+01
5.493089502181717165e+01
5.335895593546359805e+01
5.140287342388747049e+01
4.945710176478767295e+01
4.784743767503020706e+01
4.671050900752739210e+01
4.594876889593588487e+01
4.527461145809208176e+01
4.431970128224828898e+01
4.276493909851608777e+01
4.044401933491214152e+01
3.738643461936987933e+01
3.378977519015047903e+01
2.993933412433176855e+01
2.611337663667574915e+01
2.251287724368445708e+01
1.923451691554889109e+01
1.628057351446394563e+01
1.358760083721738710e+01
1.106083018632758552e+01
8.610798634357591297e+00
6.191554327763501675e+00
3.834052410509098507e+00
1.658752093923683724e+00
-1.513704970955078721e-01
-1.420556923529292082e+00
-2.065780758022243369e+00
-2.151067079456627784e+00
-1.875282547482306938e+00
-1.495124005205520135e+00
-1.221869204007811405e+00
-1.146203369754990931e+00
-1.231551787544399090e+00
-1.376183487839118591e+00
-1.500809978744547024e+00
-1.606395289316425945e+00
-1.777776290194605480e+00
-2.150973250275967530e+00
-2.874390938728422995e+00
-4.073316570605943099e+00
-5.808770671201347824e+00
-8.031208739443224331e+00
-1.055124658004653071e+01
-1.305503898439280519e+01
-1.517492419878178467e+01
-1.659804557665596292e+01
-1.717300610088042134e+01
-1.697281089064133397e+01
-1.629170738621162329e+01
-1.557588627446472884e+01
-1.530237786754257812e+01
-1.583429739788682156e+01
-1.729649209662457565e+01
-1.951982188562987375e+01
-2.208408369925161452e+01
-2.445449234633711200e+01
-2.616851665047843412e+01
-2.700346227102138386e+01
-2.705413717129498963e+01
-2.668194407309946925e+01
-2.635406072464500937e+01
-2.644512500796905030e+01
-2.708966052942837166e+01
-2.814250804913915616e+01
-2.925182439854976124e+01
-3.000630984203365870e+01
-3.009739401212348753e+01
-2.943599835928591091e+01
-2.818159058659439609e+01
-2.667732423926263152e+01
-2.532490671105580304e+01
-2.445372567094931782e+01
-2.423076597966009871e+01
-2.463218765362417884e+01
-2.547216686146961351e+01
-2.647015789749587356e+01
-2.733359817633096611e+01
-2.783327344899606715e+01
-2.785234035292968358e+01
-2.740089754912310127e+01
-2.660113243014062689e+01
-2.565352204495829014e+01
-2.479252061082199887e+01
-2.423783838325780948e+01
-2.414639089113496340e+01
-2.456802833301540900e+01
-2.540764865042980603e+01
-2.640333987469148269e+01
-2.714294823330473605e+01
-2.714356341479783907e+01
-2.599557387362619210e+01
-2.353382070988725516e+01
-1.996739140836982429e+01
-1.589605495062091123e+01
-1.217269359918101657e+01
-9.632732764335340647e+00
-8.781320854112848906e+00
-9.569801912842097025e+00
-1.137397541380532928e+01
