-1.605652676271837720e+01
1.791549993172906241e+01
4.631157411012247849e+01
6.515645184310650961e+01
7.306377497473062022e+01
7.122953292398561587e+01
6.262941670756120516e+01
5.086171470432526576e+01
3.908596346293657575e+01
2.934575632985540850e+01
2.236253762766701314e+01
1.773340829279907638e+01
1.438373023024804098e+01
1.109954330494202779e+01
6.978899130475706869e+00
1.688423246775323960e+00
-4.517467856340358523e+00
-1.097955815249920697e+01
-1.692142699510699089e+01
-2.172025348156810409e+01
-2.506590199567052579e+01
-2.697393978030988038e+01
-2.767910436413253095e+01
-2.747217414406261327e+01
-2.655108556742440484e+01
-2.494301468321740956e+01
-2.252277263369218474e+01
-1.911030663432266508e+01
-1.459419805467364029e+01
-9.021431416499467559e+00
-2.620001262001057096e+00
4.242131907397887147e+00
1.113465174285782666e+01
1.764662231939933079e+01
2.344674855160739924e+01
2.831112071398557717e+01
3.212307999942052561e+01
3.485749716921638708e+01
3.655984952589764703e+01
3.732582894250378303e+01
3.728453453168563669e+01
3.658597922606979580e+01
3.538955822493305448e+01
3.384780271308933663e+01
3.208527975782417485e+01
3.018346181507608961e+01
2.818525018362300827e+01
2.611848235162965537e+01
2.401734439775746566e+01
2.191774767084825370e+01
1.982549356022097342e+01
1.768425230836908568e+01
1.537738555803531781e+01
1.277659361421618911e+01
9.816134249427619807e+00
6.548623438351009796e+00
3.145942835897458600e+00
-1.578475868779833924e-01
-3.151160088355994482e+00
-5.714675945322006179e+00
-7.844639391024947450e+00
-9.620777398032341665e+00
-1.113528930474911682e+01
-1.241970405020679280e+01
-1.341163030161695069e+01
-1.398531182496756742e+01
-1.403408304252855920e+01
-1.356053169262431801e+01
-1.272323981448037600e+01
-1.181216399021073293e+01
-1.116275734840738743e+01
-1.104900598510733367e+01
-1.160152091430881249e+01
-1.277812479967106718e+01
-1.438725881946521312e+01
-1.614732468552680089e+01
-1.776024765469403732e+01
-1.897842401336431095e+01
-1.965049163299278590e+01
-1.974258869210128253e+01
-1.933913895440048947e+01
-1.862566018487511599e+01
-1.785237274127441154e+01
-1.727995306556807265e+01
-1.711790646518402781e+01
-1.747393569289312865e+01
-1.833112064796451435e+01
-1.955906559745234574e+01
-2.095281674440838771e+01
-2.228435986490889675e+01
-2.334839746110322167e+01
-2.399092744440232394e+01
-2.412421120138986197e+01
-2.374146856381372928e+01
-2.293644593530466125e+01
-2.191295592021170080e+01
-2.095967656064389928e+01
-2.038029640719656044e+01
-2.039783225197341565e+01
-2.107084469561969087e+01
-2.225668890389674459e+01
-2.363925903006511930e+01
-2.481686756323331267e+01
-2.542612288036666612e+01
-2.526287506489883228e+01
-2.435610163782300575e+01
-2.296264804276649230e+01
-2.148186556215311427e+01
-2.032509448305025046e+01
-1.979337554902229357e+01
-2.000712772677268347e+01
-2.090186513192803375e+01
-2.227425439671968732e+01
-2.385069743634269912e+01
-2.535615776034763513e+01
-2.656958223907290773e+01
-2.735692391817498148e+01
-2.767910436413253095e+01
-2.758133257258583981e+01
-2.717361453500051383e+01
-2.660660936299774448e+01
-2.603986325701439952e+01
-2.560191977376021910e+01
-2.535413878431851131e+01
-2.527784368226350864e+01
-2.529205635859995382e+01
-2.528421352823104584e+01
-2.512510867264744618e+01
-2.465312027503297543e+01
-2.363779454303083227e+01
-2.175233522722819757e+01
-1.858988317370232579e+01
-1.374393354066551609e+01
-6.941096995215145782e+00
1.818925160608769076e+00
1.217665557678214228e+01
2.342833226375362088e+01
3.465544593864984790e+01
4.493056893028240495e+01
5.352499514736193476e+01
6.004452262871571122e+01
6.445869817807316338e+01
6.703765394866540817e+01
6.823649844876403847e+01
6.856327061856892158e+01
6.845415075793924586e+01
6.817882149063680686e+01
6.780281313827401846e+01
6.722215070608098131e+01
6.625658986420538099e+01
6.476119439750584661e+01
6.271018181997965257e+01
6.022328474802790765e+01
5.753235839551817321e+01
5.490977217260902421e+01
5.258882915413163062e+01
5.069923790904626060e+01
4.922830325018759368e+01
4.801286927280762029e+01
4.676833044928662275e+01
4.515862692114424704e+01
4.289709321699187683e+01
3.984732426543953920e+01
3.608171146479902802e+01
3.186665967850230530e+01
2.757602627081295665e+01
2.356999045667910408e+01
2.009259153097801942e+01
1.722702166439142957e+01
1.491533704593614651e+01
1.302164065779690461e+01
1.140679462929160692e+01
9.984658454429087726e+00
8.739015689574618051e+00
7.696525914600766072e+00
6.874303139738092483e+00
6.240328006759392032e+00
5.719135568824992077e+00
5.237917627970635870e+00
4.770497280937940232e+00
4.338293538988302167e+00
3.967094903273432394e+00
3.634702646834308659e+00
3.246314538758556356e+00
2.651022789059405582e+00
1.689308989203163858e+00
2.498701192190271314e-01
-1.685041518749335943e+00
-4.017234649877927666e+00
-6.536364630043101087e+00
-8.951628507666470114e+00
-1.095171965055949492e+01
-1.228421785931893595e+01
-1.283166402744959100e+01
-1.265470481333499464e+01
-1.198238714266328131e+01
-1.115210758561577720e+01
-1.052265046835997531e+01
-1.039122742542688549e+01
-1.093623001586255583e+01
-1.219011116728489696e+01
-1.403694204759223396e+01
-1.623119595910108970e+01
-1.843837389816394889e+01
-2.029728614470215575e+01
-2.149848671867361105e+01
-2.186383657320540053e+01
-2.140230690304112571e+01
-2.031693570184912190e+01
-1.895289756601189879e+01
-1.770108402619528931e+01
-1.689230534815600038e+01
-1.672033413806898849e+01
-1.721305309063280120e+01
-1.824507230395710877e+01
-1.957571010517542831e+01
-2.090565312450301505e+01
-2.195141278183058731e+01
-2.252484342632719816e+01
-2.259025609952378133e+01
-2.227366142204103383e+01
-2.181630262373139928e+01
-2.148614185657977060e+01
-2.148004643250073542e+01
-2.185928143945096025e+01
-2.254974640615248660e+01
-2.340440538513842839e+01
-2.428826283133923525e+01
-2.513368666369060733e+01
-2.593548654636385820e+01
-2.669340801971845067e+01
-2.733781647330872744e+01
-2.767910436413253095e+01
-2.740655816718450311e+01
-2.613860370128108457e+01
-2.350544318123645127e+01
-1.923750840377039850e+01
-1.323895015168978517e+01
-5.632682963158380574e+00
3.236046824542007094e+00
1.284912788850168042e+01
2.261339969114091275e+01
3.197348936526772434e+01
4.048972774272797182e+01
4.784962676031191364e+01
5.382581872459255123e+01
5.822794835270227054e+01
6.089702245847070117e+01
6.176351999302775653e+01
6.095042271837219516e+01
5.886370467542400320e+01
5.619594937587166328e+01
5.379146839729767748e+01
5.238185094492425264e+01
5.227628809514970953e+01
5.314376124906111443e+01
5.401533783322441451e+01
5.355323721560506556e+01
5.051469558610966715e+01
4.424288303504629027e+01
3.498796281125279961e+01
2.391148039793878866e+01
