-3.482760168063135353e+01
4.071533068464973759e+00
3.504128130301058519e+01
5.251260180409772715e+01
5.465032282732894231e+01
4.345481364225609866e+01
2.369651705805062036e+01
1.243559072852256975e+00
-1.858034449981473912e+01
-3.214745528976668965e+01
-3.799520758011608734e+01
-3.665503917760342034e+01
-3.003789802603004233e+01
-2.064588005481060407e+01
-1.086659309889568270e+01
-2.521329949299425444e+00
3.279474780037308079e+00
6.027829269585289751e+00
5.582251531515646903e+00
1.940628089030349557e+00
-4.897730671806854730e+00
-1.497915837133406214e+01
-2.838370679792103246e+01
-4.516037407458593833e+01
-6.518520570405121362e+01
-8.793548041973713225e+01
-1.122373610903912038e+02
-1.361096140826494718e+02
-1.568355653912137484e+02
-1.713250249174285784e+02
-1.767090689078951584e+02
-1.710038890064651014e+02
-1.536372935863514044e+02
-1.256727739965054980e+02
-8.966332150415351521e+01
-4.916923897205338534e+01
-8.057218959857149088e+00
3.024092320954663649e+01
6.331713870154679569e+01
9.008917515908575524e+01
1.107826760811477129e+02
1.266418582972033562e+02
1.394566189240860581e+02
1.510156687357232670e+02
1.626109576015842890e+02
1.747090002717178550e+02
1.868631422551455898e+02
1.978860448735218540e+02
2.062404522239500579e+02
2.105336433211822396e+02
2.099458320068007708e+02
2.044379986998905281e+02
1.946772537769485041e+02
1.817338954733005778e+02
1.666859832068651031e+02
1.502891277165235238e+02
1.328304716684468474e+02
1.142050426058123094e+02
9.416584199158214119e+01
7.263872161970830632e+01
4.997237879056298482e+01
2.701641264962556477e+01
4.986343627723755390e+00
-1.483642301089265558e+01
-3.145222290792553821e+01
-4.440481420429334491e+01
-5.386311848197863839e+01
-6.050522897081508944e+01
-6.526893081848336919e+01
-6.908003647546227910e+01
-7.265648150674394401e+01
-7.642758113726566194e+01
-8.054657450267808372e+01
-8.494736575247534915e+01
-8.941012611418700828e+01
-9.363018093364682670e+01
-9.729980928546895314e+01
-1.002038393672506515e+02
-1.023108869459240822e+02
-1.038327182226364584e+02
-1.052293807320213546e+02
-1.071474615852235672e+02
-1.102890147389530426e+02
-1.152235042897573436e+02
-1.221781279284713122e+02
-1.308731033647910067e+02
-1.404880408800468388e+02
-1.498168983851995222e+02
-1.575885703923743222e+02
-1.628454236153011152e+02
-1.652358829879538860e+02
-1.651107986019577822e+02
-1.634007402401871047e+02
-1.613402736228190975e+02
-1.601404691682864723e+02
-1.606880951865357474e+02
-1.633123023422875519e+02
-1.676400939773013476e+02
-1.725591463712702023e+02
-1.763081899283109237e+02
-1.767090689078951584e+02
-1.715267274202380747e+02
-1.588956401521498094e+02
-1.377129495415560712e+02
-1.079133512794786753e+02
-7.057263720047419042e+01
-2.781723250849157481e+01
1.746526113848496209e+01
6.208848134990212486e+01
1.031127284882246045e+02
1.383211710031355608e+02
1.664828868404301261e+02
1.873564679948467528e+02
2.015023125468489695e+02
2.100142919124458274e+02
2.142440531141442932e+02
2.155378464791404554e+02
2.149938902395072375e+02
2.132795341655274797e+02
2.105742870596135958e+02
2.066787989700457047e+02
2.012546464711198269e+02
1.940877649147769262e+02
1.852507271702712046e+02
1.750896696445516341e+02
1.640537912667517446e+02
1.524678717688694292e+02
1.403745755684339542e+02
1.275293767988309241e+02
1.135458130560751755e+02
9.811595581792417420e+01
8.120750273503664118e+01
6.316114969497817810e+01
4.465560913527949083e+01
2.655919710953153512e+01
9.737019153873202271e+00
-5.097735444747883093e+00
-1.743920279212629509e+01
-2.697690793322432512e+01
-3.358577037178994829e+01
-3.735829668972785100e+01
-3.865156089480433366e+01
-3.808648297243338732e+01
-3.646351094315892283e+01
-3.460929848988797630e+01
-3.319691630621471745e+01
-3.258537594092027234e+01
-3.272433127996254143e+01
-3.316905484313065244e+01
-3.323224618067391134e+01
-3.225549452527445737e+01
-2.992959858293411912e+01
-2.655630610429267335e+01
-2.314505229499994243e+01
-2.127998526402262769e+01
-2.276158301912732895e+01
-2.910610511905494491e+01
-4.105557192048999582e+01
-5.827701860861179739e+01
-7.937714279931168448e+01
-1.022343506189986329e+02
-1.245165358522355348e+02
-1.441825645139424523e+02
-1.597931464638837724e+02
-1.705627617580895787e+02
-1.762067442407659428e+02
-1.767090689078951584e+02
-1.721299824624819905e+02
-1.625187015772710595e+02
-1.479424486184102250e+02
-1.285851331351842362e+02
-1.048439373298085968e+02
-7.735926012762385540e+01
-4.695665099865527736e+01
-1.452699703292007882e+01
1.910404289509531139e+01
5.326748721633330774e+01
8.747067173674975038e+01
1.213328119634095117e+02
1.544489902054948232e+02
1.862368569849681990e+02
2.158578920431715744e+02
2.422813067429079297e+02
2.644678299218211350e+02
2.815753399837741995e+02
2.930993520841235522e+02
2.989279339100860398e+02
2.993337597669839738e+02
2.949216535490627393e+02
2.865371974250876974e+02
2.751503634192868049e+02
2.617396297635653468e+02
2.471912022008740735e+02
2.322084080982092473e+02
2.172313810215090655e+02
2.023948981938495990e+02
1.875622735101406704e+02
1.724440901916816244e+02
1.567683849807296781e+02
1.404466105461517600e+02
1.236810001002326942e+02
1.069750827350934372e+02
9.103921467819438362e+01
7.662360736697024777e+01
6.434357366330590366e+01
5.456046319503289510e+01
4.734315308480962869e+01
4.249323483977726568e+01
3.961039331025878596e+01
3.819247683123049342e+01
3.776297517706478146e+01
3.798583315921607095e+01
3.870356616745181100e+01
3.985798199033767730e+01
4.131647002329349050e+01
4.268835550943900614e+01
4.323439877260390318e+01
4.193900353369792100e+01
3.774998753303143673e+01
2.991731489975681058e+01
1.830086773981047088e+01
3.505827761587291036e+00
-1.322848913543265859e+01
-3.034273865531044478e+01
-4.634062399723031689e+01
-6.010585790828733366e+01
-7.109234700053595191e+01
-7.939593046918579944e+01
-8.571792794472962385e+01
-9.119949434936383170e+01
-9.712340920279615375e+01
-1.045556959397774932e+02
-1.140536952426169819e+02
-1.255377179919167219e+02
-1.383333623633669163e+02
-1.513143741717813100e+02
-1.630657405269668061e+02
-1.720366663367281888e+02
-1.767090689078951584e+02
-1.758183521243231269e+02
-1.686182012947923567e+02
-1.551160620086145059e+02
-1.361808663391358323e+02
-1.134657104773676366e+02
-8.915556018454580567e+01
-6.558886794071037230e+01
-4.481475344775089553e+01
-2.817688864217464229e+01
-1.605851714589324075e+01
-7.911484640824440362e+00
-2.582715540071113480e+00
1.195197403462493924e+00
4.353874962548999861e+00
7.233820086997795329e+00
9.565613040293726499e+00
1.064097303768788549e+01
9.591355006749154199e+00
5.685408675639919807e+00
-1.435948957249124192e+00
-1.163996988201258631e+01
-2.430806852656546369e+01
-3.844546516144056625e+01
