-5.064213709257376195e+01
-4.199224176935533137e+01
-3.409007835264717556e+01
-2.751789902385947428e+01
-2.254584802828130563e+01
-1.910140872184219774e+01
-1.685453483517557416e+01
-1.538687329383504121e+01
-1.437157983128558847e+01
-1.368751242680357905e+01
-1.342992389486962423e+01
-1.383064488544737181e+01
-1.513434510832457747e+01
-1.748580204308233732e+01
-2.087440094779491062e+01
-2.516020248605584086e+01
-3.016886392366561509e+01
-3.580315638488252716e+01
-4.210602825833417739e+01
-4.923764216284131123e+01
-5.737378764865222536e+01
-6.656256137161631159e+01
-7.658293423548968804e+01
-8.684754440981022583e+01
-9.639075716842910424e+01
-1.039723803465106045e+02
-1.082942587525468525e+02
-1.082753582032831332e+02
-1.032927482734488507e+02
-9.330585281051007485e+01
-7.883445005154320029e+01
-6.081648112822427521e+01
-4.040285355340920148e+01
-1.875695776837882534e+01
3.080574773238687669e+00
2.423553497969922432e+01
4.397756260872932899e+01
6.168892881292863706e+01
7.687075366809565935e+01
8.919257041565380462e+01
9.855378843784244225e+01
1.051096907612051581e+02
1.092264220169185620e+02
1.113675103905849255e+02
1.119587473825750834e+02
1.112948547503647205e+02
1.095259565106616435e+02
1.067149873408606737e+02
1.029200873623305768e+02
9.824831780700426975e+01
9.285292892020572708e+01
8.688827761032165142e+01
8.045929204578699512e+01
7.359027346038516271e+01
6.621652960621429429e+01
5.820153514179303045e+01
4.939093009947092838e+01
3.970287648927197921e+01
2.922634089374705013e+01
1.828695866785513147e+01
7.451995265246797118e+00
-2.540330372460527286e+00
-1.093122216702160543e+01
-1.714886150447852842e+01
-2.100940338709351707e+01
-2.282485029642850805e+01
-2.335286845562377422e+01
-2.358305800464293611e+01
-2.442316675272607540e+01
-2.639748195597771740e+01
-2.947633050055681281e+01
-3.311091046998024012e+01
-3.646522469414460943e+01
-3.875501531213915030e+01
-3.956072240153044106e+01
-3.899313146914990114e+01
-3.765259448766911987e+01
-3.641354680757260809e+01
-3.613927069551888849e+01
-3.744406545046584256e+01
-4.057346498797343060e+01
-4.541006195906483356e+01
-5.157000519716791587e+01
-5.854220980329513679e+01
-6.582791456486309301e+01
-7.304704820649564567e+01
-7.998420602849874683e+01
-8.655947050660469699e+01
-9.273411216941194368e+01
-9.838844540213567313e+01
-1.032239405991079906e+02
-1.067360427485804166e+02
-1.082753582032831332e+02
-1.071718603279197595e+02
-1.028663552367501950e+02
-9.500021957770937320e+01
-8.344170191833048023e+01
-6.826981226692726068e+01
-4.975776374078706965e+01
-2.838234853728891238e+01
-4.845341630295120439e+00
1.993112939552601048e+01
4.485779094404195178e+01
6.877170021860598581e+01
9.054952398126489754e+01
1.092268158049040778e+02
1.241126908657712562e+02
1.348806820489283496e+02
1.416092566220868036e+02
1.447501643722549716e+02
1.450156285514838714e+02
1.431952294014454026e+02
1.399458679799835465e+02
1.356295455812563659e+02
1.302685816335019240e+02
1.236348653362505416e+02
1.154259679781382459e+02
1.054522132459604080e+02
9.377064763625658372e+01
8.072812487713699170e+01
6.690111054868707186e+01
5.295102371886651582e+01
3.945110774327159220e+01
2.675873247527087528e+01
1.498159747197706793e+01
4.033678164453833759e+00
-6.259310597613525928e+00
-1.604661417725955985e+01
-2.536127807356626107e+01
-3.407580907083536204e+01
-4.192165787364035623e+01
-4.856641022039917743e+01
-5.371621737479441094e+01
-5.720567810975348522e+01
-5.905427515703922836e+01
-5.948423963740816589e+01
-5.889546512368613662e+01
-5.779217275809998000e+01
-5.667248831087520955e+01
-5.592033233221314958e+01
-5.575083388890558211e+01
-5.623775238711920110e+01
-5.740623887470945164e+01
-5.933543000148697644e+01
-6.220527687102823933e+01
-6.624747274867058877e+01
-7.161158902689487604e+01
-7.820870041457055777e+01
-8.561539785115196821e+01
-9.309794823356993732e+01
-9.976363541121112632e+01
-1.047916139547780432e+02
-1.076595283697566430e+02
-1.082753582032831332e+02
-1.069546021237478755e+02
-1.042476613102425205e+02
-1.006912018935561548e+02
-9.659979883295528680e+01
-9.198234040364994257e+01
-8.659207894099866110e+01
-8.005229721038216439e+01
-7.198433963332537644e+01
-6.209570024346384542e+01
-5.022569606843042322e+01
-3.636903388617138688e+01
-2.069956938829428950e+01
-3.601423673321384911e+00
1.430930876304230992e+01
3.220405778670525621e+01
4.912479734454517200e+01
6.412353741607086022e+01
7.642417395189927731e+01
8.556274282263102293e+01
9.146537581517995363e+01
9.443420095134226244e+01
9.503533401678727444e+01
9.391996444337253536e+01
9.163994083128423540e+01
8.851943588399778662e+01
8.461462754828131949e+01
7.975962454837002724e+01
7.367763204703476276e+01
6.612680087933422612e+01
5.704276525564500844e+01
4.663798133935048185e+01
3.542686878825828245e+01
2.416501879447524459e+01
1.371423328771605199e+01
4.865245449801047783e+00
-1.836669409327040370e+00
-6.213311822893111014e+00
-8.481166776212679892e+00
-9.167930636610922335e+00
-8.937425708085516618e+00
-8.381143875837752333e+00
-7.854149075572818717e+00
-7.413308238494968450e+00
-6.865986975711050988e+00
-5.894746887969260385e+00
-4.213366088499986617e+00
-1.718164743217792889e+00
1.401235770900410849e+00
4.636376069374143150e+00
7.253204585316699315e+00
8.489109915749150304e+00
7.778708819841410715e+00
4.910907759194572009e+00
5.660937144033617585e-02
-6.325079108800334637e+00
-1.364367566094032114e+01
-2.133066748928345646e+01
-2.894422568351250646e+01
-3.621041079076280056e+01
-4.301475561771937350e+01
-4.937243329824735838e+01
-5.539523371564951049e+01
-6.125386626273899537e+01
-6.712953875024767569e+01
-7.316076461806207476e+01
-7.939991011754021599e+01
-8.578733835337405367e+01
-9.213754059151081321e+01
-9.812604492063712769e+01
-1.032724172312196345e+02
-1.069263931235354335e+02
-1.082753582032831332e+02
-1.064002812348547309e+02
-1.004050555435101444e+02
-8.961759524334291882e+01
-7.381435398711364826e+01
-5.338414308456727042e+01
-2.935356990194891580e+01
-3.245091580635758532e+00
2.319974475402644742e+01
4.835459675748411712e+01
7.100664260281766360e+01
9.053594270760575569e+01
1.069266372695844325e+02
1.206129640259589593e+02
1.322190070256393710e+02
1.422864566208379529e+02
1.510815599940866605e+02
1.585340883491380453e+02
1.643090036400029135e+02
1.679673914880237362e+02
1.691479348513774141e+02
1.676996826161021090e+02
1.637247976409025227e+02
1.575361922162002770e+02
1.495731410748419989e+02
1.403246216055472360e+02
1.302856497106710378e+02
1.199400504686126254e+02
1.097485881037273430e+02
1.001290193920309406e+02
9.142975976543677064e+01
8.390467367294972689e+01
7.769185830578373952e+01
7.279582317672003455e+01
6.907487065840537355e+01
6.623974416674907673e+01
6.387493949620716194e+01
