3.119181495203142518e+01
9.295971576352059174e+01
1.438077716620123283e+02
1.758549752578605307e+02
1.860383159511812039e+02
1.762159268102576561e+02
1.517982577843421268e+02
1.196572902903097315e+02
8.613698819746896618e+01
5.574274682608553633e+01
3.071063503787178561e+01
1.131844579159261599e+01
-3.392508995392311988e+00
-1.483858944403082347e+01
-2.430889977945692237e+01
-3.267214960142118230e+01
-4.034103225439136509e+01
-4.739147978216755064e+01
-5.372922872270554251e+01
-5.922719067868612797e+01
-6.380300779447416915e+01
-6.745113101858706273e+01
-7.026251687965398673e+01
-7.244591990119540981e+01
-7.433544788680379156e+01
-7.636535252149477060e+01
-7.901117285650691713e+01
-8.270701550115316536e+01
-8.774786037632898683e+01
-9.419323549680783003e+01
-1.018034623764594926e+02
-1.100411193393002804e+02
-1.181566404209900725e+02
-1.253583793879097925e+02
-1.310374867536865793e+02
-1.349760395217845144e+02
-1.374478968847583644e+02
-1.391601827519222070e+02
-1.410602213226553374e+02
-1.440887154107005870e+02
-1.489582976341811786e+02
-1.559955609509551948e+02
-1.650468449475417003e+02
-1.754354682966024086e+02
-1.859638458333917868e+02
-1.949651561854348643e+02
-2.004222302461484446e+02
-2.001793089211664665e+02
-1.922560199053586985e+02
-1.752250938670605365e+02
-1.485642246551278731e+02
-1.128749511890307815e+02
-6.988363402827019399e+01
-2.218971793395595427e+01
2.719986144945033502e+01
7.543002192846122966e+01
1.202832754554073773e+02
1.604464499739171401e+02
1.954999543103724875e+02
2.256795510154279043e+02
2.515341762412195976e+02
2.736118577425250464e+02
2.922629159957303386e+02
3.075894573847832021e+02
3.195157109956722934e+02
3.279171008364280056e+02
3.327391809989798048e+02
3.340622218010312281e+02
3.321042346612548499e+02
3.271807774333383350e+02
3.196455604560941310e+02
3.098296247203453504e+02
2.979903633645423042e+02
2.842791892630596635e+02
2.687362614671551455e+02
2.513190847872603797e+02
2.319643548774369322e+02
2.106698925772798816e+02
1.875760009405250912e+02
1.630278088711993973e+02
1.376053774576505475e+02
1.121107440576097076e+02
8.750054946349040108e+01
6.475706433563294695e+01
4.471337937961676801e+01
2.788459014284681814e+01
1.437080266825080699e+01
3.868289313781191119e+00
-4.225500879380707175e+00
-1.066205716738613773e+01
-1.619809131784457179e+01
-2.148689940456258540e+01
-2.700879711655303339e+01
-3.303324867263848574e+01
-3.960954909166911619e+01
-4.659386652921740790e+01
-5.372021204540473605e+01
-6.069983256787122627e+01
-6.730781396876443523e+01
-7.342281921581263759e+01
-7.902564141218229565e+01
-8.419176007623357805e+01
-8.909769929228203011e+01
-9.401730464010391586e+01
-9.926523077519223648e+01
-1.050809805416469516e+02
-1.115080996068235208e+02
-1.183521465861099955e+02
-1.252679015791298127e+02
-1.319485420891074341e+02
-1.383189118740543790e+02
-1.446229610940487760e+02
-1.513494649123948648e+02
-1.590170459185191021e+02
-1.678915591975103325e+02
-1.777237458155139791e+02
-1.875859831031273757e+02
-1.958638579129314792e+02
-2.004222302461484446e+02
-1.989230656556612189e+02
-1.892373155759227643e+02
-1.698691822172896195e+02
-1.403086825386249927e+02
-1.012184821552802418e+02
-5.438372525552814807e+01
-2.422461022159801303e+00
5.166050647486868286e+01
1.049460879053315807e+02
1.549803574377120015e+02
1.999880671310041862e+02
2.389049891898709177e+02
2.712726520282495812e+02
2.970815250373178742e+02
3.166476458284659543e+02
3.305560672931039221e+02
3.396360733069295179e+02
3.449005364840094785e+02
3.474096849667689639e+02
3.480824714250244938e+02
3.475258111390255635e+02
3.459484987807711036e+02
3.431782982591931273e+02
3.387491195847222798e+02
3.320134325321135975e+02
3.222637893088835881e+02
3.088739052859749563e+02
2.914620134464187231e+02
2.700497563559894161e+02
2.451669486577041255e+02
2.178502968445542933e+02
1.895096429346486389e+02
1.616848697457371884e+02
1.357617824967015281e+02
1.127260253730384250e+02
9.301291270142877465e+01
7.648228113114878113e+01
6.252394148756602021e+01
5.027513490560691878e+01
3.889850548540506026e+01
2.783488769451373912e+01
1.693734826858724318e+01
6.436500024252438834e+00
-3.232726748757031032e+00
-1.165143981957872654e+01
-1.859345455649969381e+01
-2.411376319946711533e+01
-2.854721688531682844e+01
-3.243485027377258234e+01
-3.640294239306854251e+01
-4.102295170756178777e+01
-4.667918162471897858e+01
-5.347444101085594070e+01
-6.120817439118545167e+01
-6.944548332655267586e+01
-7.765828879904640303e+01
-8.538654811938354783e+01
-9.235890589490185221e+01
-9.853599349205501312e+01
-1.040857397848478172e+02
-1.093333449403781970e+02
-1.147191007396233431e+02
-1.207596745308492814e+02
-1.279845094640670879e+02
-1.368276695307084765e+02
-1.474798015517366991e+02
-1.597237120778493704e+02
-1.727907741705141120e+02
-1.852901478647548288e+02
-1.952671091271263890e+02
-2.004222302461484446e+02
-1.984683414697832404e+02
-1.875436293047707750e+02
-1.665794377533486568e+02
-1.355232585321705585e+02
-9.537400735812406083e+01
-4.803790883279444301e+01
3.947532273443272288e+00
5.775200671202552627e+01
1.105854384770488821e+02
1.599781481047730267e+02
2.039864767162066528e+02
2.413214002843588446e+02
2.714024878687621367e+02
2.943314173860987921e+02
3.107750742644977890e+02
3.217654256343255383e+02
3.284556824895242926e+02
3.318925408422023793e+02
3.328553656432196703e+02
3.317864911196810453e+02
3.288115146666152668e+02
3.238272011667281731e+02
3.166158004879358714e+02
3.069406788616920494e+02
2.946000023667811547e+02
2.794480189687761822e+02
2.614082145910716690e+02
2.404915688237811651e+02
2.168191127129083213e+02
1.906499640692267121e+02
1.624202306383757843e+02
1.327821026436380123e+02
1.026075924307417466e+02
7.292377629827693397e+01
4.478382341157124813e+01
1.911513113658716634e+01
-3.410853437008118050e+00
-2.246583617389984155e+01
-3.810447853760850734e+01
-5.074671862892091667e+01
-6.108402113826396373e+01
-6.990752819514044347e+01
-7.789646737531674603e+01
-8.544074699854692767e+01
-9.257446105780601897e+01
-9.905723481539739339e+01
-1.045733372397524477e+02
-1.089614886037244332e+02
-1.123744100499232701e+02
-1.152989019930351020e+02
-1.184236146897525117e+02
-1.224025382326688174e+02
-1.276106807086860613e+02
-1.340013223703133463e+02
-1.411347295870107246e+02
-1.483677169446792732e+02
-1.551127472380596259e+02
-1.610424981759767036e+02
-1.661535044655454953e+02
-1.706855336140853581e+02
-1.749650371586364486e+02
-1.792589776942213291e+02
-1.836928808545320919e+02
-1.882378108268149504e+02
-1.927344732751112986e+02
-1.969161304837625721e+02
-2.004222302461484446e+02
-2.028375823144948811e+02
-2.037967831037063320e+02
-2.031401984700622165e+02
-2.010429858369788860e+02
-1.980294961656552459e+02
