-3.297112777112840121e+00
-3.288021121128252844e+01
-5.880022572563872529e+01
-7.835727909158430293e+01
-9.044922638977041629e+01
-9.560403628762938411e+01
-9.553221098267960087e+01
-9.245861449231705365e+01
-8.850155766643720767e+01
-8.526480077422901616e+01
-8.367743991569599871e+01
-8.402287235353438177e+01
-8.607063670538619249e+01
-8.925281909966435023e+01
-9.286511137018264606e+01
-9.627869851943952995e+01
-9.912288744654385653e+01
-1.013761612351565446e+02
-1.033162903087683446e+02
-1.053306029634260597e+02
-1.076520230974868895e+02
-1.101280428176578425e+02
-1.121203243258337920e+02
-1.125763332474064384e+02
-1.102459707690186406e+02
-1.039711023228473152e+02
-9.296534369525947739e+01
-7.701558839966996572e+01
-5.656213838248092429e+01
-3.264281384036848266e+01
-6.714660936148568737e+00
1.960650790294365109e+01
4.482647613606017956e+01
6.780073823557404467e+01
8.785059787194389003e+01
1.047457364476261006e+02
1.185831308222970506e+02
1.296297067170476680e+02
1.381966623108671399e+02
1.445778856883814569e+02
1.490394658840114062e+02
1.518228552593024006e+02
1.531331201347863953e+02
1.531123746191375687e+02
1.518203271608889793e+02
1.492421762229495243e+02
1.453244942577889844e+02
1.400205455393396505e+02
1.333207097861599948e+02
1.252533986983352747e+02
1.158629134875605331e+02
1.051909126088564363e+02
9.328860590095312944e+01
8.026351182799996309e+01
6.633819476894603895e+01
5.188785191829845900e+01
3.742985802575202570e+01
2.355687670907392572e+01
1.083005719738467754e+01
-3.324201316815211804e-01
-9.733498022624798907e+00
-1.741595148077968602e+01
-2.361622130094680827e+01
-2.867251565136893277e+01
-3.292394482553880408e+01
-3.663610376023314075e+01
-3.997146986459909357e+01
-4.300518139497641101e+01
-4.577326278357974587e+01
-4.832759545092463327e+01
-5.076632229485075243e+01
-5.322132858813323253e+01
-5.581160144257553668e+01
-5.859273946545899747e+01
-6.153348422911049909e+01
-6.453260476395900014e+01
-6.746847426478367993e+01
-7.026117146231879929e+01
-7.292394467013883741e+01
-7.558194517888890118e+01
-7.844095648244341135e+01
-8.170448607456087586e+01
-8.546461979522497643e+01
-8.961608893548405774e+01
-9.384577594050298899e+01
-9.772314984159220330e+01
-1.008682643050663614e+02
-1.031260565035979795e+02
-1.046573409415455984e+02
-1.058829846140036750e+02
-1.072797638831227118e+02
-1.090984138127575136e+02
-1.111220031724595003e+02
-1.125763332474064384e+02
-1.122423631222268483e+02
-1.087378742784777188e+02
-1.008724409125901929e+02
-8.796392186133307689e+01
-7.002482587690813887e+01
-4.777616772241631793e+01
-2.250231065687172105e+01
4.196543863273248576e+00
3.067805415742488151e+01
5.548948631790537434e+01
7.751892080071260693e+01
9.606190951423972990e+01
1.108218397005059046e+02
1.218662237230269909e+02
1.295541773909790493e+02
1.344431535320059083e+02
1.371812600803576743e+02
1.383960535277660142e+02
1.385973907506417504e+02
1.381125695554974868e+02
1.370630700179795554e+02
1.353806851293487625e+02
1.328553321681743000e+02
1.292054118350066005e+02
1.241564354667638099e+02
1.175071048475262927e+02
1.091662054768833912e+02
9.916085675776720620e+01
8.763147195180813753e+01
7.482673656192764611e+01
6.109767068266489787e+01
4.688000166541629454e+01
3.265735749884179739e+01
1.890890731072807185e+01
6.054841703609673331e+00
-5.584318789893994328e+00
-1.580605853720085108e+01
-2.452664282423020481e+01
-3.177653110827957050e+01
-3.769807406955841600e+01
-4.254213624186952103e+01
-4.664992593199971793e+01
-5.040252616414651499e+01
-5.413161809572056882e+01
-5.801240428528630133e+01
-6.198819644304960264e+01
-6.578005916300766387e+01
-6.900046395957906498e+01
-7.133186995635543326e+01
-7.268797884387777231e+01
-7.327887469077862193e+01
-7.354880097103115588e+01
-7.401701565213518563e+01
-7.509621096997506129e+01
-7.696840656381313295e+01
-7.956150816675803128e+01
-8.261408855267900719e+01
-8.578041338132985061e+01
-8.873163398374911992e+01
-9.123333430207198091e+01
-9.319439144059057867e+01
-9.468384157790386269e+01
-9.591524829296015753e+01
-9.720155760578816739e+01
-9.887921041984833437e+01
-1.011983551772045615e+02
-1.041928677684916806e+02
-1.075716848513543340e+02
-1.106827567581960494e+02
-1.125763332474064384e+02
-1.121517704437111149e+02
-1.083448103815053543e+02
-1.003159921712784097e+02
-8.761234229695374154e+01
-7.028027906977838768e+01
-4.890131991323884364e+01
-2.452472912953881945e+01
1.503468128276933768e+00
2.777458303707525289e+01
5.304126750284458325e+01
7.636081847910784859e+01
9.712886970739947401e+01
1.150265269547101497e+02
1.299322841875784889e+02
1.418461942457013265e+02
1.508512560458064229e+02
1.571108589993392570e+02
1.608804634866840502e+02
1.625033129586280154e+02
1.623697960058100875e+02
1.608461784748928380e+02
1.582037172798768552e+02
1.545821378873447713e+02
1.500000636975817088e+02
1.443999564020786011e+02
1.377048982521723417e+02
1.298682914403586608e+02
1.209058290550568273e+02
1.109064962549589097e+02
1.000237691350746161e+02
8.845066916657438583e+01
7.638686742045860001e+01
6.401189937243083250e+01
5.147975318087250685e+01
3.894319964970052439e+01
2.660126461145831911e+01
1.474395083920229332e+01
3.758248385561301586e+00
-5.926131037503004961e+00
-1.393927784119341418e+01
-2.008238039281518184e+01
-2.440411927244885604e+01
-2.721310420963874677e+01
-2.901891599370250319e+01
-3.041649408199686277e+01
-3.194813737428561140e+01
-3.398778820577800275e+01
-3.668411743456616136e+01
-3.997161273022785366e+01
-4.362955698318562980e+01
-4.735873706786859572e+01
-5.085664998742930010e+01
-5.388532386200309787e+01
-5.632694024686683321e+01
-5.821578811709773049e+01
-5.973393822955252119e+01
-6.116794377858692400e+01
-6.283961819918462055e+01
-6.503483981547807957e+01
-6.795129413176125865e+01
-7.167084603058026460e+01
-7.614980917811197969e+01
-8.122330139787719361e+01
-8.663096117849761413e+01
-9.207070851835999292e+01
-9.726673526319753194e+01
-1.020141337619284343e+02
-1.061633562964114930e+02
-1.095411039251191312e+02
-1.118459564637875445e+02
-1.125763332474064384e+02
-1.110381231220136584e+02
-1.064510186906481408e+02
-9.813564004028766874e+01
-8.572684415331350749e+01
-6.933970496688442609e+01
-4.962713374172474090e+01
-2.770609589700453768e+01
-4.973058860807213932e+00
1.713938770288286406e+01
3.740064832362342884e+01
5.495535569842161294e+01
6.939031683727112920e+01
8.068421675181193109e+01
8.906542628872492173e+01
9.483322405333127847e+01
9.820896110973146165e+01
9.926971271302141986e+01
9.798255634970188055e+01
9.431775394609921648e+01
8.838883044405854150e+01
8.055469074543911745e+01
7.142787625376261929e+01
6.176678914299466783e+01
5.228035648360121002e+01
4.341780335855436590e+01
3.523048568244369960e+01
2.737045430385426670e+01
