-5.191056774895742620e+01
-1.421172187540146012e+02
-2.201242548321477557e+02
-2.768344982126176888e+02
-3.081808415873210265e+02
-3.153355942225892363e+02
-3.034513088575587858e+02
-2.796535341784046977e+02
-2.510461839576664715e+02
-2.232558781969337929e+02
-1.997358271292801248e+02
-1.817908527746386653e+02
-1.691121894101157750e+02
-1.605378254992108396e+02
-1.547792903089230663e+02
-1.509391581257571886e+02
-1.487318166505641557e+02
-1.483986140988923808e+02
-1.503919913134879209e+02
-1.549795010161773234e+02
-1.619455553679426032e+02
-1.705233369531218841e+02
-1.795883368979354486e+02
-1.880284982547844663e+02
-1.951249055403490331e+02
-2.007748195340067525e+02
-2.054670611397649509e+02
-2.100309710619641521e+02
-2.152649220598586055e+02
-2.215767565606211349e+02
-2.287428250443503828e+02
-2.358406642882293056e+02
-2.413578066658011494e+02
-2.434425072144018714e+02
-2.402429177778694225e+02
-2.302641190865464011e+02
-2.126505400571659834e+02
-1.873014785168573439e+02
-1.547846448093164327e+02
-1.161110174306595582e+02
-7.249970816650618133e+01
-2.523627572655851736e+01
2.436316458350633596e+01
7.494713068183138205e+01
1.251562278999312952e+02
1.737032548208510434e+02
2.194698074523505795e+02
2.615725785824033665e+02
2.993866477023615857e+02
3.325488679741829969e+02
3.609652297852520064e+02
3.848154440430316754e+02
4.045223010248711830e+02
4.206631727719075116e+02
4.338382932957777030e+02
4.445380075533973923e+02
4.530465936060795116e+02
4.593996077373143976e+02
4.634011405006224322e+02
4.647052834431004271e+02
4.629525217525246035e+02
4.579249168138307482e+02
4.496654457828370823e+02
4.385144992392658878e+02
4.250475431262609618e+02
4.099357558895613352e+02
3.937764885773327137e+02
3.769418970764457981e+02
3.594819825806743552e+02
3.411107521011373365e+02
3.212993120594979359e+02
2.994768319932994132e+02
2.752923228762652457e+02
2.488405256716328324e+02
2.207417427135197556e+02
1.920128859291579886e+02
1.637654303529559172e+02
1.368627729891623517e+02
1.116975661544488929e+02
8.818457788568335332e+01
6.594961270880784809e+01
4.460260517189286844e+01
2.396047084785700676e+01
4.131438396674010249e+00
-1.454947157168192717e+01
-3.167729079071045817e+01
-4.694003487770558536e+01
-6.021591116549525680e+01
-7.158431907138313477e+01
-8.128934161195378749e+01
-8.971259648349635540e+01
-9.736737663353991934e+01
-1.048662397819221610e+02
-1.128131438570059686e+02
-1.216361430836235513e+02
-1.314416692877727542e+02
-1.419786308739140281e+02
-1.527499780845496389e+02
-1.632355870179891326e+02
-1.731290057009888699e+02
-1.824717840800992974e+02
-1.916112580709265387e+02
-2.009970709285300074e+02
-2.109177016428525064e+02
-2.213085093847591907e+02
-2.317244829335126894e+02
-2.414914921928458966e+02
-2.499696820096556849e+02
-2.568161274460212553e+02
-2.621387823091285441e+02
-2.664820022029204551e+02
-2.706501922716726085e+02
-2.754355070696186090e+02
-2.813463621146846663e+02
-2.884232731237154326e+02
-2.961910006089150329e+02
-3.037586669556996526e+02
-3.100481571980184299e+02
-3.140952558583380210e+02
-3.153355942225892363e+02
-3.137824271479653930e+02
-3.100357215290497948e+02
-3.051196084622411604e+02
-3.002019085844493134e+02
-2.962833558052618059e+02
-2.939445612426423509e+02
-2.932149179446047356e+02
-2.935961397770541907e+02
-2.942414169670937554e+02
-2.942526597840225691e+02
-2.930089776096286869e+02
-2.903999096155293387e+02
-2.868447276321721233e+02
-2.830536859307040345e+02
-2.796033019746724335e+02
-2.764938205048395048e+02
-2.728738352256369240e+02
-2.670453599771499853e+02
-2.567514508878842321e+02
-2.396574677467668835e+02
-2.138903089424297832e+02
-1.784929925311884062e+02
-1.336783439101337194e+02
-8.082152499544147872e+01
-2.220892992533704557e+01
3.936306502148760700e+01
1.010138481853251449e+02
1.601356427659274004e+02
2.146498891039805130e+02
2.631677109008241473e+02
3.050599718504487896e+02
3.404295914476872440e+02
3.699758356512540445e+02
3.947598340582472360e+02
4.159141267025196953e+02
4.343628165132603272e+02
4.506217362605561902e+02
4.647318972341632843e+02
4.763430552037534653e+02
4.849141906840522438e+02
4.899581785634366042e+02
4.912499146569783193e+02
4.889397483500781050e+02
4.835492331070239516e+02
4.758563111850863834e+02
4.666974755191180861e+02
4.567314229517162403e+02
4.462280089623637309e+02
4.349616608518937255e+02
4.222766603122175866e+02
4.073308076469003254e+02
3.894294281503654815e+02
3.682960721315471915e+02
3.441516021382745407e+02
3.175864170194724352e+02
2.893331457230478350e+02
2.600890536106008994e+02
2.304734414108249609e+02
2.010943109606718622e+02
1.726275930323587602e+02
1.458204786208648329e+02
1.213900902084290294e+02
9.985335118797522114e+01
8.136865114127220977e+01
6.567942637159370634e+01
5.220700433856293188e+01
4.025699816176763335e+01
2.923757452331503970e+01
1.879220106660518752e+01
8.813834448453246040e+00
-6.273672567679255963e-01
-9.387699955104977789e+00
-1.734366897742956226e+01
-2.445602623032102940e+01
-3.079588712057116950e+01
-3.653037192229135144e+01
-4.187261962418431693e+01
-4.700919992355268562e+01
-5.202602570144165384e+01
-5.686446588977804595e+01
-6.134313481586730887e+01
-6.525675664717341817e+01
-6.851226323235925975e+01
-7.122356835805018704e+01
-7.370097698091814209e+01
-7.633433793104575216e+01
-7.943473577481597658e+01
-8.312113852521468971e+01
-8.730331432760303301e+01
-9.174799540033895084e+01
-9.616883964435766075e+01
-1.002867216100733572e+02
-1.038585965482700431e+02
-1.067192981822420421e+02
-1.088695283945203869e+02
-1.105802961262135540e+02
-1.124293154699421819e+02
-1.151952432098181447e+02
-1.196143695465182901e+02
-1.260968858136990463e+02
-1.345391660516726802e+02
-1.443286293834569847e+02
-1.545439731029560164e+02
-1.642604930343540275e+02
-1.728315898569127569e+02
-1.800491480172605065e+02
-1.861532759717894123e+02
-1.917194100807285793e+02
-1.974785889080420986e+02
-2.041307883645591232e+02
-2.122002759002405696e+02
-2.219578686461318000e+02
-2.334038176918197678e+02
-2.462868796888394627e+02
-2.601410212851603205e+02
-2.743267693389096848e+02
-2.880488878424255859e+02
-3.003218802636202440e+02
-3.099101244691969441e+02
-3.153355942225892363e+02
-3.150359213661080275e+02
-3.076616302615361747e+02
-2.924078302793453759e+02
-2.692548363664972726e+02
-2.390399900080425084e+02
-2.033504790816396337e+02
-1.642777556013553237e+02
-1.241018276666804496e+02
-8.498287968947671800e+01
-4.872891554194593766e+01
-1.668108857656671873e+01
1.028609456127892940e+01
3.170401072285513067e+01
4.746504214164799862e+01
5.782903022666249626e+01
6.344061217841027656e+01
6.528078443933264907e+01
6.451253347239396874e+01
6.224837176427735130e+01
5.931224573991870841e+01
5.607718390184484747e+01
5.244589380874431583e+01
