3.390900943853169736e+01
-3.642281498795028938e+01
-9.729981157779349132e+01
-1.418460076674425636e+02
-1.673817685241297397e+02
-1.755304015660149162e+02
-1.710515226728717266e+02
-1.600229207744071402e+02
-1.480462194809203140e+02
-1.389763096418731152e+02
-1.344120877373879921e+02
-1.339243212834408041e+02
-1.357924281497490995e+02
-1.379185235332345485e+02
-1.386040831856235229e+02
-1.369929609885649313e+02
-1.331422992043908380e+02
-1.278050392415782710e+02
-1.220582759674586271e+02
-1.169093531074569796e+02
-1.129887171832572221e+02
-1.104019081924128329e+02
-1.087568619337990299e+02
-1.073198218142734675e+02
-1.052119239201462051e+02
-1.015595633843180394e+02
-9.555832586712003263e+01
-8.648116114164224655e+01
-7.370677149074185763e+01
-5.682083879774063462e+01
-3.576566887291306784e+01
-1.095035572132417201e+01
1.676169152575416632e+01
4.620407210939959697e+01
7.613668091693087092e+01
1.054557524476131931e+02
1.333100947309876574e+02
1.591103875882711804e+02
1.824744617056095706e+02
2.031671544564441945e+02
2.210696965772962983e+02
2.361781062701877545e+02
2.486087149403275021e+02
2.585903098290061735e+02
2.664370824060304130e+02
2.725091510042660730e+02
2.771700143003390053e+02
2.807434661750858140e+02
2.834638025982881118e+02
2.854178617906965201e+02
2.865011446236584334e+02
2.864293721436347369e+02
2.848306030014720136e+02
2.813950328388478965e+02
2.760170932822342138e+02
2.688606702599283835e+02
2.603164386213328498e+02
2.508739994318779338e+02
2.409655701139383837e+02
2.308392381544674095e+02
2.205022805618488633e+02
2.097528249675703478e+02
1.982906231588137587e+02
1.858657437122918168e+02
1.724030279983072944e+02
1.580497039108425383e+02
1.431352052322866939e+02
1.280793982090546592e+02
1.133025280683550875e+02
9.916860113760529316e+01
8.595989069247170278e+01
7.386338121240892463e+01
6.295602477909833539e+01
5.319245337082678304e+01
4.441154141845662195e+01
3.637470733254868094e+01
2.882702413329959157e+01
2.155193513245724901e+01
1.439785569541862742e+01
7.284039984313309901e+00
2.065060269480269994e-01
-6.753745478167974881e+00
-1.344080568995619984e+01
-1.966868312808084340e+01
-2.529058337614689833e+01
-3.026250336685521347e+01
-3.467670613354390952e+01
-3.876125800333712590e+01
-4.285441837703999113e+01
-4.735864454668349310e+01
-5.266910614043128902e+01
-5.907477870868751779e+01
-6.665357657460194218e+01
-7.520584937646482615e+01
-8.426537401180493703e+01
-9.319714771468656522e+01
-1.013610152359184013e+02
-1.082968349452632850e+02
-1.138672183629386296e+02
-1.182930628501955681e+02
-1.220539244898947544e+02
-1.256875343160444487e+02
-1.295752719401420450e+02
-1.338137390623017779e+02
-1.382323789685486020e+02
-1.425353680465679531e+02
-1.464734996162225116e+02
-1.499453737907446680e+02
-1.529903445264484958e+02
-1.557117808568335704e+02
-1.581998872032188785e+02
-1.604993866751648000e+02
-1.626235915198666646e+02
-1.645887204396096308e+02
-1.664382632881958557e+02
-1.682371969439686552e+02
-1.700344522277733006e+02
-1.718133142806153728e+02
-1.734602862032112398e+02
-1.747757829189399104e+02
-1.755304015660149162e+02
-1.755494472916640802e+02
-1.747956160400559043e+02
-1.734196016998683376e+02
-1.717590158471292625e+02
-1.702789385979662313e+02
-1.694602951045638122e+02
-1.696547335044315048e+02
-1.709381623537819905e+02
-1.730070062228345762e+02
-1.751590463608963546e+02
-1.763733372197712015e+02
-1.754643384142166553e+02
-1.712648494923813303e+02
-1.628014496899609185e+02
-1.494446908707221837e+02
-1.310229735363554937e+02
-1.078841030693190248e+02
-8.088529712226954871e+01
-5.130084798944807289e+01
-2.065555478135279444e+01
9.489909043737711158e+00
3.776676702882269865e+01
6.319891192024209658e+01
8.532938788711871325e+01
1.042287555744118492e+02
1.203711317678428259e+02
1.344119008740357799e+02
1.469398378011181023e+02
1.582841756522022649e+02
1.684359853469545385e+02
1.771052523980968658e+02
1.838861818743224887e+02
1.884561376475886618e+02
1.907182640805999085e+02
1.908335759395619959e+02
1.891534843371593126e+02
1.861095143537909280e+02
1.821127275023532377e+02
1.774794894113854866e+02
1.723783048919509895e+02
1.668020034541952441e+02
1.605826440425209398e+02
1.534536569065622871e+02
1.451364206818638252e+02
1.354201793758796271e+02
1.242213505296118541e+02
1.116252014423662757e+02
9.790972186381750930e+01
8.353614189107236143e+01
6.908677765537667881e+01
5.515194538045584238e+01
4.219907171513668231e+01
3.047182230437722694e+01
1.995503793166665218e+01
1.041403387110959500e+01
1.491733284234044277e+00
-7.164464987034008914e+00
-1.577544369515514688e+01
-2.433699406048162928e+01
-3.260106663865983734e+01
-4.015650036143132695e+01
-4.658904038483790089e+01
-5.165722813835941452e+01
-5.541110347015409587e+01
-5.820483374363893603e+01
-6.059518239589633737e+01
-6.316006610822633149e+01
-6.630248238323488863e+01
-7.011486122687797717e+01
-7.436139760306286917e+01
-7.859016363828753526e+01
-8.232927940851109838e+01
-8.528445445332737052e+01
-8.745811610475885800e+01
-8.914628429692973555e+01
-9.082075896419716798e+01
-9.295040447067168543e+01
-9.583378700506361270e+01
-9.950121036824907605e+01
-1.037161542809237602e+02
-1.080757905305868860e+02
-1.121733359604875915e+02
-1.157537789484859303e+02
-1.187964531261722954e+02
-1.214954370699650497e+02
-1.241546678125025096e+02
-1.270446722988485817e+02
-1.302760903315737266e+02
-1.337365772196370131e+02
-1.371177545817755572e+02
-1.400286308766163756e+02
-1.421536406700399198e+02
-1.433842428966019611e+02
-1.438603343169022537e+02
-1.439075560729792471e+02
-1.439144187573859881e+02
-1.442148061802411689e+02
-1.450180437454234550e+02
-1.463884835576076853e+02
-1.482516416456716115e+02
-1.504081608228066216e+02
-1.525608655061896002e+02
-1.543766085304028479e+02
-1.555910448133710702e+02
-1.561283040895834233e+02
-1.561795387576328267e+02
-1.561872200958842427e+02
-1.567163309335924168e+02
-1.582470391411252422e+02
-1.609722055187516787e+02
-1.646904183600225906e+02
-1.688338819575346292e+02
-1.725976394436451073e+02
-1.751014131503877138e+02
-1.755304015660149162e+02
-1.732309453641696848e+02
-1.677562071920964399e+02
-1.588722832922466353e+02
-1.465497265341071511e+02
-1.309652020306205031e+02
-1.125176313806504425e+02
-9.183937515641179061e+01
-6.977514490568317740e+01
-4.731456188486965431e+01
-2.548965295193107039e+01
-5.269177263783440424e+00
1.251572282094166155e+01
2.719525855986452711e+01
3.824074796281361444e+01
4.523620963907653447e+01
4.789424689158499859e+01
4.615103201878403638e+01
4.032175698465842117e+01
3.124191182719359006e+01
2.030193859387981092e+01
9.310849384168946585e+00
1.754407156949895352e-01
-5.559171398191303126e+00
-7.192966899639721134e+00
-5.199750888402185467e+00
-1.216209798666731956e+00
