-1.644943532485034865e+01
-3.853980227338448117e+01
-5.750562448439925589e+01
-7.118122152823721649e+01
-7.894470782404792430e+01
-8.167930500626096091e+01
-8.124322620093528258e+01
-7.973446806039342505e+01
-7.884781374973454149e+01
-7.951812967439769864e+01
-8.189619169111030317e+01
-8.556571545920755284e+01
-8.983564275433394641e+01
-9.396716228538021198e+01
-9.729628745715299942e+01
-9.930455587552036434e+01
-9.969863189616688715e+01
-9.849245384961123762e+01
-9.602482434884747420e+01
-9.286360022621343546e+01
-8.962993138090696732e+01
-8.683551126254357655e+01
-8.480438308028170979e+01
-8.367943859241562166e+01
-8.346600622019076354e+01
-8.407592893986245031e+01
-8.537155799856027727e+01
-8.721594679647709825e+01
-8.951315805420284732e+01
-9.221601312420733620e+01
-9.529798476263596285e+01
-9.869909669046424483e+01
-1.022552549150980070e+02
-1.056297114136793311e+02
-1.082844082349829193e+02
-1.095280326532839581e+02
-1.086406017199066980e+02
-1.050260014299452109e+02
-9.832964371593349995e+01
-8.849030202359935515e+01
-7.573386109994960691e+01
-6.052677872129633130e+01
-4.349896525355762833e+01
-2.534590943112681316e+01
-6.733555457988646076e+00
1.175795492334360048e+01
2.962352711729998589e+01
4.636502650231511780e+01
6.142561948159207219e+01
7.420507114005216920e+01
8.419271006338817642e+01
9.117655583425452903e+01
9.542601620183214095e+01
9.773558405626671686e+01
9.926570050622839858e+01
1.012089423025811215e+02
1.043993644748136660e+02
1.090199624706609711e+02
1.145300153404023007e+02
1.198462204595002589e+02
1.237076991552914365e+02
1.250875426275258917e+02
1.235133724856917041e+02
1.192068688137129868e+02
1.130067819925442620e+02
1.060887536166263203e+02
9.955500522400876662e+01
9.403827419359777195e+01
8.949674485994592033e+01
8.530830094239951222e+01
8.061867253419445944e+01
7.476334024693474589e+01
6.756192181296228227e+01
5.937719177836144269e+01
5.096193165192932639e+01
4.320180318077605364e+01
3.687095543288749866e+01
3.247460941217269692e+01
3.019571682372801291e+01
2.991588795236049947e+01
3.126358618997069527e+01
3.365776837897826823e+01
3.634545203801253166e+01
3.845948423248417924e+01
3.913200305870204687e+01
3.767318719369912117e+01
3.376985639810047957e+01
2.761429202756295354e+01
1.988261102069535369e+01
1.154568944586600843e+01
3.572424744780716921e+00
-3.369512481456250708e+00
-9.111568276193269256e+00
-1.401364641808719114e+01
-1.881172919747633188e+01
-2.432862489935245520e+01
-3.114249533805095993e+01
-3.933223271024079537e+01
-4.840128139265178930e+01
-5.741992464384641437e+01
-6.533928918401650776e+01
-7.135371319965675241e+01
-7.516068615910633355e+01
-7.701103981414243549e+01
-7.754224846311115016e+01
-7.749480237701567376e+01
-7.746184831077040656e+01
-7.777907655015027899e+01
-7.855601388978112709e+01
-7.976494285403879303e+01
-8.130086179140715785e+01
-8.299049107233722111e+01
-8.459339678841210741e+01
-8.584857307901030765e+01
-8.657450816744062649e+01
-8.677769198126108563e+01
-8.671001635004010666e+01
-8.683916471288438288e+01
-8.772698002827404196e+01
-8.983704526165817583e+01
-9.332522362489018519e+01
-9.789777790696703619e+01
-1.028142551309788644e+02
-1.070504895834718866e+02
-1.095596522480528421e+02
-1.095280326532839581e+02
-1.065304494658518735e+02
-1.005360297655273598e+02
-9.178449473886961130e+01
-8.061531336239137602e+01
-6.734536762953619871e+01
-5.224770499680079183e+01
-3.561556168457029514e+01
-1.784325957553952691e+01
5.464946890054713791e-01
1.894690012965186199e+01
3.674148760525707047e+01
5.335594327045200203e+01
6.827256145840880208e+01
8.103693809616994770e+01
9.129895674312423637e+01
9.890086372069372089e+01
1.039761927697596207e+02
1.069938336326561625e+02
1.086960167670862205e+02
1.099281119479903310e+02
1.114118675349982652e+02
1.135429914259231907e+02
1.162842299929875480e+02
1.191851406633027750e+02
1.215173590004506110e+02
1.224885712629850190e+02
1.214810593652840254e+02
1.182408348862411458e+02
1.129441290034331047e+02
1.061218849597319718e+02
9.850354795585514012e+01
9.086760975705796284e+01
8.392867040705617399e+01
7.822637156090814869e+01
7.399402574637937846e+01
7.105290230259424789e+01
6.881309415984208044e+01
6.642201541223161598e+01
6.302579013495952154e+01
5.805422174719379314e+01
5.142754256724024486e+01
4.360509795176714931e+01
3.544541839188322996e+01
2.791934226167841260e+01
2.179015268424414131e+01
1.740010277975234132e+01
1.464813050348134560e+01
1.313797998979135961e+01
1.239466421779753169e+01
1.203638253741982744e+01
1.183149619917633011e+01
1.163207424099802090e+01
1.124210685665392440e+01
1.032617632406146413e+01
8.449607520926608828e+00
5.254281478933709337e+00
6.742869282355750116e-01
-4.942474885951956054e+00
-1.089668117925410584e+01
-1.638267401745202179e+01
-2.082054995217237803e+01
-2.412073709443836478e+01
-2.674272867396476983e+01
-2.951286886141323862e+01
-3.329831669347811385e+01
-3.869654939059937959e+01
-4.585288255630793230e+01
-5.442656708416655675e+01
-6.367463880893433270e+01
-7.262308015591483468e+01
-8.029842491814953576e+01
-8.597338729840534199e+01
-8.935816034279451969e+01
-9.067060184343949913e+01
-9.055139111346956327e+01
-8.984992671791303565e+01
-8.936569355530428993e+01
-8.964279854188181673e+01
-9.087387284677524235e+01
-9.291813265626215923e+01
-9.541015328504460058e+01
-9.792010854359352834e+01
-1.001132199071193583e+02
-1.018572650434014264e+02
-1.032444851641494807e+02
-1.045171415809606970e+02
-1.059120403575078342e+02
-1.074719404978850434e+02
-1.088995249317012792e+02
-1.095280326532839581e+02
-1.084408279907228376e+02
-1.047082229948272243e+02
-9.765726557852518397e+01
-8.707741927856442032e+01
-7.329712910896854794e+01
-5.711662973489571726e+01
-3.962137469298188819e+01
-2.192718204106857982e+01
-4.929872010175484931e+00
1.086367188803321682e+01
2.537110635053841889e+01
3.882808983936084246e+01
5.157587304855540822e+01
6.381881005756012826e+01
7.544839912506068913e+01
8.601194228679760556e+01
9.484301942169346944e+01
1.012969410906318757e+02
1.049895643415648436e+02
1.059436472786735237e+02
1.045914661219379695e+02
1.016412102260093206e+02
9.786640054953190315e+01
9.390169511949244452e+01
9.011601289382927860e+01
8.659903482634378236e+01
8.325570149867303371e+01
7.995763959966856760e+01
7.666601552160243216e+01
7.345515358018072050e+01
7.043676621557824546e+01
6.765262963200351010e+01
6.500926897900606605e+01
6.228073936841317959e+01
5.916053818565942635e+01
5.533600983497716896e+01
5.057603308725918367e+01
4.482858004333407109e+01
3.829875062758696203e+01
3.144825580153186451e+01
2.487971746295829334e+01
1.914718904560856316e+01
1.459112047331093009e+01
1.126894692676169818e+01
8.978364852050999545e+00
7.329928824466126258e+00
