-9.114017922516072900e+00
-1.689499542693016920e+01
-2.420761114927443813e+01
-3.072920537703206634e+01
-3.632855793931786081e+01
-4.108271574266953508e+01
-4.523606960982722569e+01
-4.912246455195177930e+01
-5.307670622212022238e+01
-5.735571724683067885e+01
-6.208041600324862941e+01
-6.720368185168629793e+01
-7.250901188637445216e+01
-7.764546458692214514e+01
-8.220059905208003670e+01
-8.580182334234248742e+01
-8.822348183380763942e+01
-8.946807223511019913e+01
-8.978757056379060941e+01
-8.961985805003206451e+01
-8.944350209379459216e+01
-8.959847535442364119e+01
-9.015370940154019763e+01
-9.089185366335652816e+01
-9.142656817613720932e+01
-9.140120213419291417e+01
-9.067405878854457058e+01
-8.939702759655048681e+01
-8.794942630328256428e+01
-8.677044762013258605e+01
-8.618407465471062778e+01
-8.629674876462723887e+01
-8.699543832252255982e+01
-8.802783172859450644e+01
-8.912296232880041202e+01
-9.010009782513915866e+01
-9.091834720280202475e+01
-9.165060167530194235e+01
-9.240885621607253597e+01
-9.326850963845927822e+01
-9.422432196977081276e+01
-9.518341894107390999e+01
-9.598785491117601509e+01
-9.646207362020656717e+01
-9.648154123115816105e+01
-9.604733300205342061e+01
-9.533582280313083857e+01
-9.468913022897442033e+01
-9.452808518986705622e+01
-9.520005237981987989e+01
-9.680957582403311790e+01
-9.910626480176539133e+01
-1.014986637161951677e+02
-1.032135535482191671e+02
-1.035509926279057993e+02
-1.021378635880775789e+02
-9.907922912553758010e+01
-9.494491769119782987e+01
-9.059535724531491496e+01
-8.692230961546323442e+01
-8.461796356492457960e+01
-8.405751367652993622e+01
-8.530079293176417821e+01
-8.814949954054128511e+01
-9.218766235741364312e+01
-9.677832501600227033e+01
-1.010472710124761733e+02
-1.039138165664295173e+02
-1.042086573424587783e+02
-1.008647558269651512e+02
-9.312363516374395545e+01
-8.069564894328269133e+01
-6.383401448108133280e+01
-4.330115938966334710e+01
-2.022625686834702208e+01
4.109035958154144907e+00
2.848354489711417870e+01
5.187997473820037442e+01
7.353589957460555127e+01
9.292540868619860817e+01
1.097097808390809632e+02
1.236835634596334046e+02
1.347258710045322800e+02
1.427618879037789839e+02
1.477453281866849579e+02
1.496767552394100562e+02
1.486616501073385734e+02
1.449848513286025877e+02
1.391562656166198622e+02
1.318903354849068705e+02
1.240125492018962632e+02
1.163143520898074001e+02
1.093924777858766504e+02
1.035172060762760680e+02
9.857704501192820601e+01
9.413245381565755565e+01
8.957159503966677505e+01
8.431337970333973431e+01
7.798094857335073016e+01
7.048944397715723653e+01
6.203503373105687047e+01
5.300483980892920499e+01
4.384109715034886534e+01
3.490076878329389132e+01
2.635901562165037859e+01
1.819707196209567357e+01
1.028166388419123933e+01
2.498328061647152154e+00
-5.127698018915476830e+00
-1.238358895499685985e+01
-1.891666671275389433e+01
-2.435438405498426206e+01
-2.844594798161782023e+01
-3.117103777271833565e+01
-3.277125792784563174e+01
-3.368448942355585984e+01
-3.440388875667390778e+01
-3.532494345782636458e+01
-3.665362692134138456e+01
-3.841244424261668655e+01
-4.052312760371982847e+01
-4.290481980813844842e+01
-4.552718823155062466e+01
-4.839552716703138913e+01
-5.149522554877489711e+01
-5.475084074718043325e+01
-5.803994956758238288e+01
-6.125710532786425233e+01
-6.438112761513642113e+01
-6.748701009861342470e+01
-7.067391978176685541e+01
-7.394199796916505818e+01
-7.710309026908963403e+01
-7.980507467706370051e+01
-8.167630504243902578e+01
-8.251165065181068314e+01
-8.239634408958762890e+01
-8.170952214248497114e+01
-8.101656061843839041e+01
-8.090231801887307483e+01
-8.180747298266757639e+01
-8.391734309277252635e+01
-8.712659896610888666e+01
-9.107549894093138221e+01
-9.523720216819930329e+01
-9.903416020450272583e+01
-1.019635615410292786e+02
-1.037086670884683315e+02
-1.042086573424587783e+02
-1.036646171918929440e+02
-1.024775027341288620e+02
-1.011351487990935141e+02
-1.000728213142204197e+02
-9.953047905958305819e+01
-9.943037601342949472e+01
-9.930479568974548954e+01
-9.830516220096632196e+01
-9.531084493332902241e+01
-8.913051782586522620e+01
-7.875984383164247049e+01
-6.363475867703482436e+01
-4.380740899643292607e+01
-1.998199276391645185e+01
6.611054146602848292e+00
3.446020262635077103e+01
6.204363806013571292e+01
8.803246041885302020e+01
1.113883150374973070e+02
1.313854993762894878e+02
1.476146837425827698e+02
1.599942367226832118e+02
1.687636768806611940e+02
1.744190698403186843e+02
1.775868742479446212e+02
1.788791350828146278e+02
1.787844362948491153e+02
1.776238710773912146e+02
1.755669898505360322e+02
1.726835904010182503e+02
1.690096374623613542e+02
1.646154658390432814e+02
1.596622472366735508e+02
1.544199303382855248e+02
1.492205695205573761e+02
1.443513595927635436e+02
1.399354924614379456e+02
1.358692819132710952e+02
1.318598007965385932e+02
1.275531950039577680e+02
1.226946054306864085e+02
1.172441628146766419e+02
1.113963174157930354e+02
1.054967803567435567e+02
9.989903409099633791e+01
9.483000466196858724e+01
9.032654968451424793e+01
8.626305592482142970e+01
8.244423127441265819e+01
7.871474424649665025e+01
7.503968014341479886e+01
7.152447965899166604e+01
6.836858354769148605e+01
6.578097774328752223e+01
6.390438841248056434e+01
6.277638962111917920e+01
6.231912867282043322e+01
6.233613087114758144e+01
6.251458889565980570e+01
6.245429998054347465e+01
6.173988037272393825e+01
6.004121150247500083e+01
5.719558953207013019e+01
5.322553441997079915e+01
4.828497964237224238e+01
4.257431226703879190e+01
3.628273029966785401e+01
2.958978656012314445e+01
2.270671964632800766e+01
1.590337202919381809e+01
9.477764699287135386e+00
3.672065869209845346e+00
-1.420342646158122335e+00
-5.906684475967502124e+00
-1.007935846820600290e+01
-1.433430593366949068e+01
-1.904281647505538899e+01
-2.441458893763098814e+01
-3.040821145009154947e+01
-3.674141882171569762e+01
-4.301068572702011750e+01
-4.886892467097071346e+01
-5.417512934689604265e+01
-5.904428463264432025e+01
-6.377659460259114610e+01
-6.870113488611470132e+01
-7.400427145175710564e+01
-7.961610092752009393e+01
-8.520290352172108328e+01
-9.027271584217473333e+01
-9.435657565128298074e+01
-9.719361261510709937e+01
-9.884220364944822279e+01
-9.966850602090430300e+01
-1.002108795803326160e+02
-1.009605378101587121e+02
-1.021256392987259858e+02
-1.034574544234725693e+02
-1.042086573424587783e+02
-1.032600239129941286e+02
-9.939837136649045135e+01
-9.167247028198416103e+01
-7.971778549983280016e+01
-6.394479702668120069e+01
-4.552944564986126608e+01
-2.620582966726578888e+01
-7.917200953600335822e+00
7.579747512943679766e+00
1.905097885436329719e+01
2.598418280104814215e+01
2.863159049219240160e+01
2.792415595303981490e+01
2.529415171484913571e+01
