-9.727357312100949116e+01
-8.496317789319849112e+01
-7.688377616970021222e+01
-7.600654455474673910e+01
-8.327300630261342462e+01
-9.755237996651653987e+01
-1.162524480694626732e+02
-1.362688162789339685e+02
-1.548988321007264517e+02
-1.704433225935398468e+02
-1.823877121218956461e+02
-1.912111982794259575e+02
-1.979690145773937502e+02
-2.038192656198279167e+02
-2.096396154429693581e+02
-2.158251986349431490e+02
-2.222960815726242174e+02
-2.286774586414194346e+02
-2.345596382973878349e+02
-2.397227096186719280e+02
-2.442366931611411474e+02
-2.484065491853685330e+02
-2.525970044790990414e+02
-2.570256477053791855e+02
-2.616323817082706000e+02
-2.660982402384071293e+02
-2.700056707324875447e+02
-2.730535784039087730e+02
-2.752157177583317207e+02
-2.767720685847136792e+02
-2.782139143121822258e+02
-2.800761637030578299e+02
-2.827633991342656259e+02
-2.864225618727359119e+02
-2.908975948166559533e+02
-2.957831419630289247e+02
-3.005666109674875770e+02
-3.048148379362976357e+02
-3.083392136325514343e+02
-3.112707532530408798e+02
-3.139967957567911867e+02
-3.169528508366133224e+02
-3.203113420690288535e+02
-3.236406284143479866e+02
-3.256211530182263800e+02
-3.239158210004614489e+02
-3.152900959302675687e+02
-2.960326702527281668e+02
-2.626323521476656992e+02
-2.125584251515763299e+02
-1.449289923085952978e+02
-6.087071738041460378e+01
3.653975087534686139e+01
1.427467934895766462e+02
2.524776916639790443e+02
3.605851544869297527e+02
4.627403225940790890e+02
5.558167941277530417e+02
6.379342253610245734e+02
7.082494253608283543e+02
7.666430277823802726e+02
8.134373837120494954e+02
8.492190706791099046e+02
8.747689236912422075e+02
8.910563342672166982e+02
8.992429002757787657e+02
9.006546717757134957e+02
8.967035788911153986e+02
8.887556019530535423e+02
8.779624671852456004e+02
8.651018135660976895e+02
8.504907664436743744e+02
8.340219193302368694e+02
8.153169401443902871e+02
7.939330646258888464e+02
7.695302859404609990e+02
7.419324671651830840e+02
7.110819078118355492e+02
6.769502905638746597e+02
6.394878918112060546e+02
5.986641437199793927e+02
5.546001206444605032e+02
5.077418807369430738e+02
4.589934405222280134e+02
4.097331428309855141e+02
3.616775047232993074e+02
3.166198924480595451e+02
2.761294180324092622e+02
2.413119462759663634e+02
2.126990432877299213e+02
1.902693894332815603e+02
1.735556835310404722e+02
1.617701880766697684e+02
1.539052155036764873e+02
1.488182002858006570e+02
1.453468094931643009e+02
1.424756590178505178e+02
1.395080647216024090e+02
1.361489189761909984e+02
1.324332533037470512e+02
1.285307671498708828e+02
1.245431796180061212e+02
1.204077791204051522e+02
1.159285441106638928e+02
1.108652374286888289e+02
1.049981671789384166e+02
9.813917581694109060e+01
9.011376876466233909e+01
8.075531171932188101e+01
6.993354561292358085e+01
5.761016958754635198e+01
4.389527627204482485e+01
2.907856414732839312e+01
1.362245990581268984e+01
-1.884151626106842059e+00
-1.681099426239939021e+01
-3.060814952515909226e+01
-4.294499758708980153e+01
-5.381530082351227406e+01
-6.354228072099348879e+01
-7.265181023277000349e+01
-8.165746323891764291e+01
-9.086304028268602906e+01
-1.002823640525177211e+02
-1.097031082856165085e+02
-1.188350399397414776e+02
-1.274435385051685898e+02
-1.354011180659288129e+02
-1.426646581427933711e+02
-1.492410718589327416e+02
-1.551955062140561949e+02
-1.606974234639569090e+02
-1.660443454267921197e+02
-1.716008544890269718e+02
-1.776509793828461170e+02
-1.842394851810983596e+02
-1.911062399936454312e+02
-1.977710528557884686e+02
-2.037350752613836562e+02
-2.086916182887922560e+02
-2.126378289705701263e+02
-2.158514316588731958e+02
-2.187814846092007883e+02
-2.219259518853530153e+02
-2.257271060508838332e+02
-2.304745685189546975e+02
-2.362159134633438384e+02
-2.427110125249500356e+02
-2.494704547337668146e+02
-2.558771747747339873e+02
-2.613462164466264426e+02
-2.654701749521507850e+02
-2.681207464662542179e+02
-2.694976124438800298e+02
-2.701205176977392171e+02
-2.707598560125341010e+02
-2.723057773645927568e+02
-2.755856291285629709e+02
-2.811542847119487192e+02
-2.890974128909905403e+02
-2.988884317640662971e+02
-3.093190237910581004e+02
-3.184988294499206063e+02
-3.239158210004614489e+02
-3.225680600976901928e+02
-3.112016219143944795e+02
-2.866934606899524169e+02
-2.465675489283091792e+02
-1.895592806368534866e+02
-1.160697435964142130e+02
-2.833520569072882722e+01
6.978960167097122280e+01
1.733965146117401446e+02
2.772673264194993408e+02
3.765778395229926900e+02
4.674024812690914246e+02
5.469694687725930180e+02
6.137029601987560454e+02
6.671175624122677164e+02
7.076204711449788647e+02
7.362587186717055374e+02
7.544398653247767470e+02
7.636599931877174186e+02
7.652882594256507218e+02
7.604578559552037405e+02
7.500778466471701904e+02
7.349288415991291004e+02
7.157797354916161794e+02
6.934703102408925588e+02
6.689204582884833599e+02
6.430452354101445280e+02
6.165896612745109451e+02
5.899382511394082940e+02
5.629715494529206126e+02
5.350281722752642963e+02
5.050046857436304890e+02
4.715956459912538321e+02
4.336363467354669865e+02
3.904677317199675031e+02
3.422163354981224757e+02
2.898896542938287553e+02
2.352393936390624560e+02
1.804283596860798866e+02
1.276095255881645016e+02
7.855321970672291343e+01
3.443364684328182079e+01
-4.182419721492017572e+00
-3.718793086700515715e+01
-6.473124063096038583e+01
-8.705979235313529330e+01
-1.044686233479199871e+02
-1.173446570761149133e+02
-1.262497397992648018e+02
-1.319748627585129839e+02
-1.355190464226401161e+02
-1.379841814140239080e+02
-1.404188097554287822e+02
-1.436674822008496619e+02
-1.482703851744401504e+02
-1.544257530043660722e+02
-1.620073678804803023e+02
-1.706297878942338571e+02
-1.797579482286595294e+02
-1.888513264602134711e+02
-1.975166276561274401e+02
-2.056267532054052936e+02
-2.133619555361110542e+02
-2.211503851602570876e+02
-2.295215963565585184e+02
-2.389197845001389737e+02
-2.495394788240395769e+02
-2.612375738371028433e+02
-2.735443671934520466e+02
-2.857609528965838308e+02
-2.971097313347938211e+02
-3.068991022221019875e+02
-3.146658785645648777e+02
-3.202686682530400049e+02
-3.239158210004614489e+02
-3.261162788937503478e+02
-3.275537698261338164e+02
-3.289144854611636788e+02
-3.307230159533460210e+02
-3.332327973026239647e+02
-3.363858146042862245e+02
-3.398349183573884602e+02
-3.430202720289422018e+02
-3.452900174046257575e+02
-3.460419449613574443e+02
-3.448498733826154421e+02
-3.415423736564216597e+02
-3.362218512145379350e+02
-3.292328494381200699e+02
-3.210954391026864414e+02
-3.124134319363981831e+02
-3.037635707551924042e+02
-2.955836748967112726e+02
-2.880949320813926988e+02
-2.812930752810185027e+02
-2.750164490305884897e+02
-2.690572269426561434e+02
-2.632511455524938810e+02
