-1.218940971535778317e+02
-2.129761234942113219e+02
-2.923579269477959315e+02
-3.515745450045290568e+02
-3.873619099978516260e+02
-4.016856960169716331e+02
-4.001955097887578177e+02
-3.899811160468787534e+02
-3.775187304910505190e+02
-3.673619712316755113e+02
-3.617112569289511725e+02
-3.606813213567878620e+02
-3.629596609469483042e+02
-3.665800019125756535e+02
-3.696325724867162990e+02
-3.708110911873125701e+02
-3.697282154649167296e+02
-3.669480062163481762e+02
-3.637259058458631671e+02
-3.615224528652414620e+02
-3.614365790659716140e+02
-3.637353031383058806e+02
-3.676066596048819406e+02
-3.711630911189978974e+02
-3.716455933272110315e+02
-3.657634852556601572e+02
-3.501269040221471300e+02
-3.217427943899088518e+02
-2.785255126376169414e+02
-2.197306627474503102e+02
-1.461972286815324651e+02
-6.031912851667024711e+01
3.424835959226336968e+01
1.330684913288866937e+02
2.314861871650739999e+02
3.251800226174935347e+02
4.106217803497643217e+02
4.853774852353005826e+02
5.482122160993260422e+02
5.990002157770913982e+02
6.384794117965567466e+02
6.679192553763002707e+02
6.887877574784140506e+02
7.024925010915105759e+02
7.102254710658352224e+02
7.128936124472502343e+02
7.111086548016485267e+02
7.052374127890542468e+02
6.955270037745053742e+02
6.822852432946983754e+02
6.660397083787386237e+02
6.475765132289694748e+02
6.278069630588765904e+02
6.075043065869274415e+02
5.870282691790839635e+02
5.661631182712208101e+02
5.441426694877737873e+02
5.198624591358499174e+02
4.922151259369825311e+02
4.604428569050575675e+02
4.243922128065984793e+02
3.845910421743585630e+02
3.421348484498833500e+02
2.984396453055817915e+02
2.549574148619254288e+02
2.129466858737051211e+02
1.733563724440898000e+02
1.368357430570077042e+02
1.038389481691087752e+02
7.475756752264720717e+01
5.000410939270671662e+01
2.999242662767137091e+01
1.500847366968170959e+01
5.017835152358195216e+00
-5.026608193894261944e-01
-2.611097310243692959e+00
-2.764722343519302683e+00
-2.528443495463541524e+00
-3.238191592137596331e+00
-5.751411119182748166e+00
-1.036756101244736783e+01
-1.692412136667432065e+01
-2.500671289093440208e+01
-3.417454050346537286e+01
-4.410856371714831425e+01
-5.463921728789493670e+01
-6.567812996269458381e+01
-7.712732281880023777e+01
-8.884019216163443389e+01
-1.006610281551384674e+02
-1.125104868771663007e+02
-1.244542157355102745e+02
-1.367032621363877070e+02
-1.495348867253300966e+02
-1.631667314566008429e+02
-1.776421001641104453e+02
-1.927756449858555357e+02
-2.081722393515441922e+02
-2.232976274147218874e+02
-2.375768783859612654e+02
-2.505118450318129817e+02
-2.618045056263657102e+02
-2.714478003492878315e+02
-2.797328739002663838e+02
-2.871432214237595417e+02
-2.941562097637472561e+02
-3.010295703791830988e+02
-3.076831443565498603e+02
-3.137601354380245766e+02
-3.188604533494436168e+02
-3.228289298923647266e+02
-3.259326802186485565e+02
-3.288192354871906673e+02
-3.322740840996573866e+02
-3.369028747824630159e+02
-3.428854908756177338e+02
-3.498959578014848262e+02
-3.572044537315928210e+02
-3.639134950845568142e+02
-3.692437341172526999e+02
-3.727767441730551923e+02
-3.745757452221539552e+02
-3.751367679945269629e+02
-3.751767092696753139e+02
-3.753338634601844319e+02
-3.759081419660510051e+02
-3.767633060568408041e+02
-3.774403939645379182e+02
-3.774256554612844639e+02
-3.764436658738414394e+02
-3.746488439525444392e+02
-3.726483904936374643e+02
-3.713584750610784226e+02
-3.717438292073501884e+02
-3.745129787036197513e+02
-3.798365818326058161e+02
-3.871309826098907365e+02
-3.949257328779009413e+02
-4.008362925168350444e+02
-4.016856960169716331e+02
-3.938255047739733072e+02
-3.736667721765816168e+02
-3.383495084737770640e+02
-2.863909302770793488e+02
-2.181162903682529191e+02
-1.357300050656994586e+02
-4.300650225278279493e+01
5.530000103116127264e+01
1.541640978032019120e+02
2.489544010153855993e+02
3.359376206053069609e+02
4.125633411176221443e+02
4.775250484013147343e+02
5.306310963480323153e+02
5.725433429647800949e+02
6.044552120432049378e+02
6.277813793131811053e+02
6.439124719757123785e+02
6.540578353174847734e+02
6.591742339367845034e+02
6.599649849408324371e+02
6.569278375445060192e+02
6.504280329103962686e+02
6.407762474838650633e+02
6.282968775690651455e+02
6.133747664992595219e+02
5.964678972219662683e+02
5.780772286510507456e+02
5.586756885613879149e+02
5.386070513991375037e+02
5.179685637904334499e+02
4.965040122891312535e+02
4.735603071687467605e+02
4.481686362232613874e+02
4.192715673505408063e+02
3.860477505680432273e+02
3.482317939209780207e+02
3.063204150542905495e+02
2.615985641931110877e+02
2.159820415546487595e+02
1.717205012839681899e+02
1.310301495268300016e+02
9.574187944347923462e+01
6.704944631442852199e+01
4.540309756929505625e+01
3.053301944309740890e+01
2.155496030781255001e+01
1.713055025858601255e+01
1.568815405383383421e+01
1.570325461435459857e+01
1.598692951300133558e+01
1.588407004903150010e+01
1.529072447740911400e+01
1.447318914904413134e+01
1.376649758716522598e+01
1.328383828140028555e+01
1.275611247662200753e+01
1.156529880098297980e+01
8.963312807567788809e+00
4.387318109950594902e+00
-2.281113259378354741e+00
-1.065292852288516201e+01
-1.999519927646927187e+01
-2.951936052565190494e+01
-3.863874471831826440e+01
-4.709445179082764099e+01
-5.494764404627092347e+01
-6.249588535287447399e+01
-7.016234273982279035e+01
-7.837018553255597908e+01
-8.740663563714984718e+01
-9.731159774670888396e+01
-1.078494836878925724e+02
-1.185933219728089227e+02
-1.290800686290272097e+02
-1.389500549341059354e+02
-1.480067052956486577e+02
-1.561996829082872864e+02
-1.635800125344552782e+02
-1.702651784897977336e+02
-1.764143007134346703e+02
-1.821989839711256138e+02
-1.877725817252229206e+02
-1.932523488139906931e+02
-1.987155291948278091e+02
-2.041961005898514827e+02
-2.096760806556918340e+02
-2.150835040432441758e+02
-2.203163348352665878e+02
-2.252957749854568874e+02
-2.300208268166310859e+02
-2.345795619026729071e+02
-2.390991078296922012e+02
-2.436679974547579093e+02
-2.482894817165983170e+02
-2.528981664116837180e+02
-2.574226490746486320e+02
-2.618459794902422573e+02
-2.662216832318115394e+02
-2.706368197333241028e+02
-2.751504135208397201e+02
-2.797492781899291003e+02
-2.843479669670675776e+02
-2.888354318113467798e+02
-2.931572665805372253e+02
-2.974167317366745920e+02
-3.019683247925942737e+02
-3.074619042514087255e+02
-3.147823252065961697e+02
-3.248368032113118602e+02
-3.381865423228202872e+02
-3.545932465329998422e+02
-3.726147504973386617e+02
-3.893966417039183057e+02
-4.007674762701815325e+02
-4.016856960169716331e+02
-3.870276118442148459e+02
-3.526370125982440413e+02
-2.964613360105314541e+02
-2.194935789004989886e+02
-1.261820822204401082e+02
-2.403617865086398098e+01
