4.835750869364456861e+00
1.466144291447760750e+01
2.237760332861401480e+01
2.653338414478187701e+01
2.669306421811545960e+01
2.345773271687183126e+01
1.816344339521889140e+01
1.240349277404661521e+01
7.548804875524940172e+00
4.405928645453219161e+00
3.088278293762375171e+00
3.108650928355238818e+00
3.640572154057384324e+00
3.846411715116126118e+00
3.150404751346616905e+00
1.366559133238226309e+00
-1.338551276172074367e+00
-4.601837694794431499e+00
-8.058127249111947776e+00
-1.149414775877530737e+01
-1.491252879710893176e+01
-1.849749621535860200e+01
-2.251141117483594911e+01
-2.717598513832729168e+01
-3.259353034486363754e+01
-3.873383418559832592e+01
-4.546685568018116186e+01
-5.259757840638994963e+01
-5.987798338209378812e+01
-6.700988565628595950e+01
-7.366839180642961082e+01
-7.955636536359659772e+01
-8.447445532687274294e+01
-8.838379694511888829e+01
-9.144016940385468217e+01
-9.397626653276648767e+01
-9.641747217719876062e+01
-9.915167235771637877e+01
-1.024118256613889031e+02
-1.062285527015792894e+02
-1.104639956417096016e+02
-1.148913274869863557e+02
-1.192744035942199901e+02
-1.234201248514991818e+02
-1.271952135597463496e+02
-1.305139569484911988e+02
-1.333160170243937728e+02
-1.355530400759946872e+02
-1.371877078695408727e+02
-1.381978977964431863e+02
-1.385834797305118684e+02
-1.383810389015939677e+02
-1.376858991870032582e+02
-1.366668597627170811e+02
-1.355574401375395439e+02
-1.346220824688289781e+02
-1.341085973169289787e+02
-1.341984650242795851e+02
-1.349640506172106029e+02
-1.363449399098658432e+02
-1.381576137265064972e+02
-1.401434996192675442e+02
-1.420418240323565158e+02
-1.436592818962583635e+02
-1.449122372837857995e+02
-1.458375023257694636e+02
-1.465844188060490580e+02
-1.473962871957336631e+02
-1.485708133813031964e+02
-1.503808521679584089e+02
-1.529496119435385140e+02
-1.560986360395166912e+02
-1.592080660178911842e+02
-1.611427488444444123e+02
-1.603013363904424295e+02
-1.548246872987420488e+02
-1.429464378058002012e+02
-1.234039799342661468e+02
-9.579116306170037376e+01
-6.074443664710259583e+01
-1.990116578948226689e+01
2.436777013653144053e+01
6.938432800732343253e+01
1.126316781754272682e+02
1.521338783078374206e+02
1.866532032097900924e+02
2.156852816487863436e+02
2.393020499813100344e+02
2.579247606814890332e+02
2.721031694102298388e+02
2.823537123038032064e+02
2.890850298692498654e+02
2.926149190574855083e+02
2.932544485098734413e+02
2.914063253966662614e+02
2.876134926493078297e+02
2.825180355545120960e+02
2.767420510189173228e+02
2.707479895216201840e+02
2.647478093094912310e+02
2.587050406071663247e+02
2.524270658399666161e+02
2.457001712227893222e+02
2.384006573480144198e+02
2.305292629157642352e+02
2.221516491017006274e+02
2.132716536460478096e+02
2.037066408444114813e+02
1.930519304075619687e+02
1.807856208683608941e+02
1.664840237305800201e+02
1.500456343848934466e+02
1.318120205416972794e+02
1.125306364078942494e+02
9.318206839596057023e+01
7.474558462537483194e+01
5.798892737232238659e+01
4.335081930176330189e+01
3.094577546330884132e+01
2.066932286474824565e+01
1.233942539426287688e+01
5.802047425321637419e+00
9.609144611916908829e-01
-2.259829495788606479e+00
-3.980688256582483042e+00
-4.421625509087798278e+00
-3.927459316617228691e+00
-2.960751387859478445e+00
-2.065067710751521179e+00
-1.799458387383160440e+00
-2.644442588968697994e+00
-4.894261379650565402e+00
-8.575226189011896594e+00
-1.343500595034067402e+01
-1.901451435327041040e+01
-2.477002539055251162e+01
-3.019852425880947422e+01
-3.493624295058879170e+01
-3.882006620659223017e+01
-4.190724743048296119e+01
-4.444910965457608398e+01
-4.682296623666501745e+01
-4.944253093128157417e+01
-5.267499861079123491e+01
-5.678228630687090828e+01
-6.188443098320553304e+01
-6.793439315443681892e+01
-7.470209774835095118e+01
-8.177957264009496896e+01
-8.862520005044363813e+01
-9.465917597404755668e+01
-9.940229046013946856e+01
-1.026199477449503519e+02
-1.044132687315213701e+02
-1.052102594742740109e+02
-1.056493990661581535e+02
-1.063928740074016019e+02
-1.079355237313010178e+02
-1.104766254661623179e+02
-1.138936884831640128e+02
-1.178136812806840794e+02
-1.217425854832827383e+02
-1.252066640154178572e+02
-1.278717176499830543e+02
-1.296203572257909400e+02
-1.305757217813687134e+02
-1.310687144537131701e+02
-1.315533432176943052e+02
-1.324801394245875485e+02
-1.341515519257551432e+02
-1.366065978599600896e+02
-1.395906932602883046e+02
-1.426367642284540693e+02
-1.452253337720121635e+02
-1.469472458875027314e+02
-1.476003034639991256e+02
-1.472032804070800012e+02
-1.459615987550770058e+02
-1.442259727391978572e+02
-1.424496133348675926e+02
-1.411175809626751914e+02
-1.406348656475310861e+02
-1.412047792138484681e+02
-1.427587755711261650e+02
-1.449869565164278526e+02
-1.474737798157728719e+02
-1.498857609631637899e+02
-1.521141225717792906e+02
-1.542790934164555381e+02
-1.565639804186569961e+02
-1.589329672366277464e+02
-1.608510755705256372e+02
-1.611427488444444123e+02
-1.580872759255417179e+02
-1.497583181677795494e+02
-1.345078961066232068e+02
-1.114309229840244342e+02
-8.065710768956859056e+01
-4.338769948851401637e+01
-1.685056795872693414e+00
4.190521185233482981e+01
8.478960109029452497e+01
1.247185721616632321e+02
1.600615696039495219e+02
1.899249167441345207e+02
2.141108637901521377e+02
2.329537555496877417e+02
2.470916674962708441e+02
2.572352631108826131e+02
2.639883512195602862e+02
2.677608655164918900e+02
2.687908279696472391e+02
2.672562081211826808e+02
2.634208762871874114e+02
2.577406099676151712e+02
2.508706423123960860e+02
2.435614513042021940e+02
2.364815796895810820e+02
2.300402252947589545e+02
2.242838934759174094e+02
2.189093633579882976e+02
2.133823189160534923e+02
2.071049066486129107e+02
1.995642797365640888e+02
1.904195236245932961e+02
1.795209813211621679e+02
1.668819650126620218e+02
1.526337490816397349e+02
1.369924045384835267e+02
1.202524289681136906e+02
1.028017807980974538e+02
8.513430909099039923e+01
6.783146936072014910e+01
5.150283388160916331e+01
3.670205696711877863e+01
2.384902702742827429e+01
1.318134915610199798e+01
4.740726807675969212e+00
-1.612468521316078096e+00
-6.165573662843939928e+00
-9.306432323266118800e+00
-1.146361165704243490e+01
-1.303558448427789074e+01
-1.431967091554892946e+01
-1.546392299452454466e+01
-1.646611204003205131e+01
-1.722460043467392410e+01
-1.761835733654642411e+01
-1.758141972077636694e+01
-1.714789308474918528e+01
-1.646185852997845700e+01
-1.575591511276437018e+01
-1.530140644129151184e+01
-1.533518705217320388e+01
-1.598185576035925948e+01
-1.720622431378720307e+01
-1.882675244851330376e+01
-2.059086084994624599e+01
-2.227477087387969590e+01
-2.375244258944396591e+01
-2.500095132524720043e+01
-2.605964285785255186e+01
