-8.618557142238476843e+01
-7.608845322099787722e+01
-6.756069069438049723e+01
-6.166052943653741636e+01
-5.836705638861668177e+01
-5.663410503549918218e+01
-5.479264249011911403e+01
-5.108525499885590193e+01
-4.412574292839588708e+01
-3.316519593813571021e+01
-1.814120664892170964e+01
4.421789126020314598e-01
2.171555285739940189e+01
4.463767496367782428e+01
6.813299930435874785e+01
9.117744005765055704e+01
1.128648373803319203e+02
1.324761831901666653e+02
1.495432162701527545e+02
1.638814732462240045e+02
1.755792506510354656e+02
1.849472873112488003e+02
1.924381222561021332e+02
1.985434827545263943e+02
2.036877289690290240e+02
2.081448205003899261e+02
2.119973904357291588e+02
2.151351163033783678e+02
2.172790109280424247e+02
2.180273146737831667e+02
2.169308567633901248e+02
2.136020216659896960e+02
2.078416004027078827e+02
1.997459382596366311e+02
1.897472725974301397e+02
1.785532723121619370e+02
1.669900391624600502e+02
1.558009644562571907e+02
1.454820370568662042e+02
1.362208534155077473e+02
1.279557516499500736e+02
1.205103484718992064e+02
1.137233753336692388e+02
1.075074517806993413e+02
1.018228804430574428e+02
9.660502478091454748e+01
9.170380280434500264e+01
8.687897538463737135e+01
8.186324156866604085e+01
7.647224668558676797e+01
7.071273481246936399e+01
6.482623099436631264e+01
5.922323911939065511e+01
5.431675953557741821e+01
5.032452445215925252e+01
4.713300776298524397e+01
4.428863558245625143e+01
4.112660664684160139e+01
3.699590833054784866e+01
3.150454198334956857e+01
2.469511894190732448e+01
1.707338740248653153e+01
9.458207344282570261e+00
2.695190718728611046e+00
-2.654269366670803265e+00
-6.515925082218572584e+00
-9.313088404013157628e+00
-1.179230731760823403e+01
-1.475364655437837769e+01
-1.880006250128651857e+01
-2.418397787909590591e+01
-3.076951254933595692e+01
-3.809209191541584971e+01
-4.549048798727118026e+01
-5.228019113330465473e+01
-5.791942822020276083e+01
-6.211634162002097526e+01
-6.485543237990883370e+01
-6.635960601283640869e+01
-6.701897185606962637e+01
-6.730918598863827640e+01
-6.771164236586987784e+01
-6.864371284275658525e+01
-7.040486063557362684e+01
-7.314344476178767707e+01
-7.685036694854643713e+01
-8.138315234714549717e+01
-8.651296618149164885e+01
-9.197364607421427252e+01
-9.748791825113958964e+01
-1.027577223812254061e+02
-1.074261764808143909e+02
-1.110335735551657734e+02
-1.129923510459667142e+02
-1.126016014102025196e+02
-1.091168343992381864e+02
-1.018863538165633571e+02
-9.051779319822468040e+01
-7.502076325792741329e+01
-5.586532622692378425e+01
-3.391869063904535153e+01
-1.026951180103245065e+01
1.400167786069818021e+01
3.802223336533398879e+01
6.122586764811029525e+01
8.332396845297540722e+01
1.041850902964234535e+02
1.237018244394280941e+02
1.417198730072718149e+02
1.580531920070358751e+02
1.725491392987829329e+02
1.851418530273704732e+02
1.958545068383225214e+02
2.047549339372036741e+02
2.118951719098944295e+02
2.172641558965846116e+02
2.207748273071708240e+02
2.223024634044079448e+02
2.217730395243854673e+02
2.192613424566772551e+02
2.150301963518566026e+02
2.094645597588477699e+02
2.029230397964392978e+02
1.955922313632627834e+02
1.874341057443685088e+02
1.782585778932726726e+02
1.678770272152197549e+02
1.562516351317443650e+02
1.435707193580634566e+02
1.302315559959141353e+02
1.167599898691515250e+02
1.037108013707382952e+02
9.157573564335422134e+01
8.070497717703456431e+01
7.124422001355452494e+01
6.309890998016127384e+01
5.594384105094954407e+01
4.929070068254142711e+01
4.260783303150762436e+01
3.546197236468015035e+01
2.763263053299688821e+01
1.914954930171974468e+01
1.023200988309343273e+01
1.158955562217066859e+00
-7.861723584482906091e+00
-1.676212510687955515e+01
-2.560475324844113132e+01
-3.452085278287294301e+01
-4.363301973020052316e+01
-5.298658242838438071e+01
-6.250614624485741899e+01
-7.199205714634450715e+01
-8.116132430831656563e+01
-8.971483927730247387e+01
-9.739280822895707956e+01
-1.039827009457633409e+02
-1.092739346102810885e+02
-1.129923510459667142e+02
-1.147681274236256712e+02
-1.141789962303862040e+02
-1.108646828943772107e+02
-1.046711312238391827e+02
-9.574810516515822201e+01
-8.455088742113355238e+01
-7.175994354346910598e+01
-5.816935762129887877e+01
-4.458095624285012093e+01
-3.171000614395878614e+01
-2.009839809112514786e+01
-1.004547133120660618e+01
-1.584330961138888938e+00
5.470195406744707611e+00
1.140451990717632214e+01
1.645997990349543727e+01
2.071379166398716620e+01
2.402981021714597887e+01
2.609031160073455169e+01
2.649122474711406028e+01
2.486972336684877405e+01
2.103320019529405727e+01
1.505948308983467143e+01
7.334317869266286039e+00
-1.504728270793407319e+00
-1.072383549332992914e+01
-1.970658079248239147e+01
-2.813762704243048063e+01
-3.606175782172470434e+01
-4.377953951483677031e+01
-5.163109076972371980e+01
-5.977820866731673277e+01
-6.808260527587924571e+01
-7.611808157435422117e+01
-8.329642119756002216e+01
-8.905291970824323755e+01
-9.302534860007504847e+01
-9.516716324062072374e+01
-9.576066358552833435e+01
-9.533174237755530100e+01
-9.450259460307472636e+01
-9.383820335550714731e+01
-9.373614124485300181e+01
-9.437889514277472358e+01
-9.573453919788184407e+01
-9.758376332091414440e+01
-9.957082286371901603e+01
-1.012902659673677022e+02
-1.024072340145083047e+02
-1.027815250101501476e+02
-1.025477647474828586e+02
-1.021030920002609435e+02
-1.019776890147067547e+02
-1.026204256003268966e+02
-1.041948371254487427e+02
-1.064937834777405072e+02
-1.090213261149699093e+02
-1.111972653029568647e+02
-1.125779688185847931e+02
-1.129923510459667142e+02
-1.125501503374404422e+02
-1.115468867154905581e+02
-1.103281886436039514e+02
-1.091738649714114473e+02
-1.082314244993735457e+02
-1.074962764113547280e+02
-1.068252021608516316e+02
-1.059802046199812082e+02
-1.047072905995353551e+02
-1.028397397576205208e+02
-1.003877044455171443e+02
-9.756633429539319025e+01
-9.473990430230612958e+01
-9.230197606770767038e+01
-9.054111932974545596e+01
-8.954504467280327162e+01
-8.917670918318128770e+01
-8.912401783864530103e+01
-8.899536948328082531e+01
-8.842101571637641655e+01
-8.712894533880421477e+01
-8.498413369091031200e+01
-8.199563920253083893e+01
-7.830089577509230025e+01
-7.413684386054208630e+01
-6.980565140828545623e+01
-6.563497165154613811e+01
-6.192456024702430994e+01
-5.887509899558072846e+01
-5.651290590056024143e+01
-5.464281870832465415e+01
-5.286379994109876890e+01
-5.066155358607183246e+01
-4.756219747423278221e+01
-4.330759234683372938e+01
-3.799928427560770672e+01
-3.215279811500585083e+01
-2.661970112971910751e+01
-2.238353264459115621e+01
-2.029623692712616645e+01
-2.084806310832149023e+01
-2.403790435093974409e+01
-2.936365998052893644e+01
-3.592036214780415548e+01
