1.017451372816013411e+01
-8.321231443877028511e-01
-1.054289747346735950e+01
-1.798799127093733219e+01
-2.277173658775941689e+01
-2.509115864429966791e+01
-2.559429312500499520e+01
-2.516245660579067334e+01
-2.468656461077884501e+01
-2.487535603603440393e+01
-2.611989807189936386e+01
-2.844099690230680011e+01
-3.153819061271679658e+01
-3.492811266779987989e+01
-3.812068186399122283e+01
-4.076308091707718972e+01
-4.270143520867395637e+01
-4.395630356851967946e+01
-4.464989838096498431e+01
-4.493652940210332503e+01
-4.496936585333899217e+01
-4.490351298335249908e+01
-4.491203223684664891e+01
-4.518710874990183868e+01
-4.590784330382440714e+01
-4.717687225801369522e+01
-4.895649939995242761e+01
-5.105154874594599335e+01
-5.316825673238080441e+01
-5.503048768772595167e+01
-5.649091821909007649e+01
-5.757104419916704785e+01
-5.840679321515445110e+01
-5.913845561040774612e+01
-5.982028775817811095e+01
-6.040920397782699069e+01
-6.083536708544096427e+01
-6.109960385475839928e+01
-6.132237896918459796e+01
-6.170245339987778266e+01
-6.240858030785157951e+01
-6.347492905493288617e+01
-6.476397236053402651e+01
-6.601084262765951394e+01
-6.691654930113200805e+01
-6.724614888481646346e+01
-6.690351722067241269e+01
-6.596953197473230546e+01
-6.469515640387866995e+01
-6.344581057994385276e+01
-6.260627444891454729e+01
-6.247054986285183986e+01
-6.314967653822148463e+01
-6.452657984917533440e+01
-6.627003820585616722e+01
-6.789849894957924903e+01
-6.887020433581849943e+01
-6.867286981921773759e+01
-6.689230846739580727e+01
-6.325176770777376589e+01
-5.762580543322096105e+01
-5.003566336954122562e+01
-4.062593246613084119e+01
-2.961784694675519347e+01
-1.724758840463283249e+01
-3.720484937063927688e+00
1.078458204492691941e+01
2.605580834528382894e+01
4.177117900871050438e+01
5.745908378246740256e+01
7.253150449466889427e+01
8.637930514162609086e+01
9.848484343867406210e+01
1.085057561778892108e+02
1.163075578941449209e+02
1.219494422829437497e+02
1.256432094973830687e+02
1.277057748008575402e+02
1.285141137766031534e+02
1.284587690958607311e+02
1.278897280474935627e+02
1.270570622206771674e+02
1.260607132581237408e+02
1.248323912364238168e+02
1.231703713790391532e+02
1.208278088870346778e+02
1.176234297037987062e+02
1.135243384937774493e+02
1.086630976073398216e+02
1.032867063020813845e+02
9.766850810666345239e+01
9.202691850270301188e+01
8.648313886052541477e+01
8.106392131104752252e+01
7.573444240247027892e+01
7.044116418523847756e+01
6.514841844413550120e+01
5.985711395487020070e+01
5.460135198365146891e+01
4.942949005466850565e+01
4.438223428366763557e+01
3.947809180000459151e+01
3.471270767650008793e+01
3.007471954618067045e+01
2.557007131525728738e+01
2.123404700511670029e+01
1.711358731982290493e+01
1.322583199134304976e+01
9.520858801640537550e+00
5.875118455821973562e+00
2.120487335516267891e+00
-1.905144961959518213e+00
-6.302939503375103669e+00
-1.106771291933184997e+01
-1.606825341553483710e+01
-2.107010582153537115e+01
-2.580358904764345240e+01
-3.005666158186078718e+01
-3.375751790290530607e+01
-3.701357741441882609e+01
-4.008702852709105713e+01
-4.330712456405114352e+01
-4.694432458592076074e+01
-5.109273096019739313e+01
-5.560895255439006490e+01
-6.013157821507358847e+01
-6.416950974074100600e+01
-6.721983322859793475e+01
-6.887020433581849943e+01
-6.885743624348050673e+01
-6.707873434796363199e+01
-6.356843832386371673e+01
-5.845729410931656389e+01
-5.193297666875086094e+01
-4.421692005011043847e+01
-3.555874944765324841e+01
-2.623293823461880336e+01
-1.652205271515028784e+01
-6.692574969710221922e+00
3.012346064465929452e+00
1.235009287462022876e+01
2.104320608685700122e+01
2.876651118435055565e+01
3.518226100224591590e+01
4.002158318536593384e+01
4.318051157164440923e+01
4.478236365101018635e+01
4.516903659567694973e+01
4.481675080307638837e+01
4.420365047545580950e+01
4.367094835974290845e+01
4.331843511087500787e+01
4.296790591278246296e+01
4.221421058591838715e+01
4.055652130780472220e+01
3.756752703940082228e+01
3.303945904388437782e+01
2.705976330124372708e+01
2.000293179348369677e+01
1.245234999097307238e+01
5.075967278052832654e+00
-1.519628352311243269e+00
-6.927888756726124697e+00
-1.103587653600514962e+01
-1.403465482023909416e+01
-1.633144247643830482e+01
-1.839183722901591622e+01
-2.057852346305998381e+01
-2.305424733942929905e+01
-2.577667020625973748e+01
-2.856412519643734171e+01
-3.118962859654559239e+01
-3.346670229682784026e+01
-3.530568095871957013e+01
-3.673429031966652758e+01
-3.788802004319394001e+01
-3.897718987711105854e+01
-4.023336264486623293e+01
-4.184413028476359386e+01
-4.390077215208338401e+01
-4.638396902924552734e+01
-4.918814508365285576e+01
-5.215901823288027117e+01
-5.512140639108463347e+01
-5.790028704508602431e+01
-6.035230520597440318e+01
-6.240805419798827813e+01
-6.409830185767869182e+01
-6.553221872742923892e+01
-6.681951762595340938e+01
-6.796338585498403972e+01
-6.877620734820129655e+01
-6.887020433581849943e+01
-6.774376061010283934e+01
-6.493358061093721290e+01
-6.016480518124328114e+01
-5.343676545204089479e+01
-4.501968770185197855e+01
-3.537808226831120351e+01
-2.505660180700697026e+01
-1.456719392738122387e+01
-4.311215187395953663e+00
5.443833098476769550e+00
1.453608144316035222e+01
2.285645174432406890e+01
3.031083902747371184e+01
3.682639348817238556e+01
4.239584517216010084e+01
4.711694607027514792e+01
5.117913793498522068e+01
5.478666576915927067e+01
5.805730283301702599e+01
6.095566157324247314e+01
6.329606419460907318e+01
6.480761867369631091e+01
6.522559212821641950e+01
6.436903387263143372e+01
6.217901039591222911e+01
5.871561116066838082e+01
5.413285513846709307e+01
4.865490936346230200e+01
4.256195374775246165e+01
3.617503114793629493e+01
2.982525589758466111e+01
2.380561354484173364e+01
1.831829825038401793e+01
1.343533597805853574e+01
9.087556113381417333e+00
5.092569549775738835e+00
1.224097610975203310e+00
-2.691504346109743651e+00
-6.686331242667706398e+00
-1.061569664946918934e+01
-1.420932400588156419e+01
-1.720181501169530947e+01
-1.948917670564082982e+01
-2.123493670757279617e+01
-2.286476646806992363e+01
-2.493793130248442225e+01
-2.794499175285476511e+01
-3.212130443515005851e+01
-3.735972816957497855e+01
-4.325555700672344273e+01
-4.925270263800070580e+01
-5.481881555959883201e+01
-5.957559073657604642e+01
-6.334319733692425558e+01
-6.610483138033680461e+01
-6.793380476783882216e+01
-6.893237770552751442e+01
-6.920730412132451193e+01
-6.887020433581849943e+01
-6.802855568803730080e+01
-6.674124896979601829e+01
-6.494394521133705211e+01
-6.238264986841389259e+01
-5.860997562551391837e+01
-5.308433999932703529e+01
-4.536491079997269082e+01
-3.533501527441603685e+01
-2.335275971368542258e+01
-1.024614953123538896e+01
