-1.527236272456809019e+01
-4.481570261263732391e+01
-7.084358750655640335e+01
-9.082669305660515136e+01
-1.038547891593585462e+02
-1.106279487070003427e+02
-1.129571680148513622e+02
-1.130584779410869629e+02
-1.129148928475437117e+02
-1.138651670616075080e+02
-1.164560575266185367e+02
-1.205191425304359427e+02
-1.254019072477260863e+02
-1.302717333563792295e+02
-1.344078756702651276e+02
-1.374035150212321241e+02
-1.392258946575095138e+02
-1.401311038998954075e+02
-1.404892144110101242e+02
-1.406142330870040951e+02
-1.406820830301759599e+02
-1.407599278842792501e+02
-1.409004354662907588e+02
-1.412229642790304638e+02
-1.419268006630027514e+02
-1.432329408043571846e+02
-1.452913391150871973e+02
-1.481024917202512654e+02
-1.514900033172138762e+02
-1.551343337818045143e+02
-1.586498412638732134e+02
-1.616729327367917222e+02
-1.639339162405763375e+02
-1.652970071304836210e+02
-1.657591052077322331e+02
-1.654020875565042559e+02
-1.643054746694891435e+02
-1.624422183722131763e+02
-1.595844679659591918e+02
-1.552359067474059202e+02
-1.486020382025122615e+02
-1.386233175406907492e+02
-1.241068543981647849e+02
-1.039662998694043665e+02
-7.752170077275853544e+01
-4.476823012127568546e+01
-6.527640750681062087e+00
3.556301817744584071e+01
7.922595400083140760e+01
1.218501204554200967e+02
1.608816662913231710e+02
1.942264785780085390e+02
2.205733464800674142e+02
2.395504166072787484e+02
2.516743634386486690e+02
2.581205046436667772e+02
2.603908561855756147e+02
2.599667706485486178e+02
2.580187029494770741e+02
2.552283198677000939e+02
2.517589033112713537e+02
2.473769068471804076e+02
2.416779352513942172e+02
2.343263091031821546e+02
2.252130929530770516e+02
2.144830656572295879e+02
2.024467729146285251e+02
1.894402047266475506e+02
1.757055982571388597e+02
1.613466466147077085e+02
1.463718702904447184e+02
1.308001303848249961e+02
1.147819269793319421e+02
9.869236994798173157e+01
8.316146652358513336e+01
6.901352863080795430e+01
5.710157283880947432e+01
4.806371261264270345e+01
4.208592606079041332e+01
3.878237517540913615e+01
3.726560531959384548e+01
3.639362534386290093e+01
3.510136468319471703e+01
3.268820165534026501e+01
2.895322834387462407e+01
2.413986807227435705e+01
1.873947821194288110e+01
1.325774672436484281e+01
8.038904330398654707e+00
3.191849419415524913e+00
-1.388338119087597633e+00
-5.937616901153710103e+00
-1.071892910625818729e+01
-1.592981115365164868e+01
-2.164409732644215367e+01
-2.780183845579552582e+01
-3.425210049092356712e+01
-4.083585735984078724e+01
-4.747163198160125575e+01
-5.419083062879176538e+01
-6.108767091668953952e+01
-6.820516593479263179e+01
-7.543577768937252870e+01
-8.251811716659280194e+01
-8.914681190538800593e+01
-9.513140110825536055e+01
-1.005050591482140021e+02
-1.055146649526695057e+02
-1.104929540980355682e+02
-1.156768503521952738e+02
-1.210602226664905743e+02
-1.263497346082347832e+02
-1.310465513495756227e+02
-1.346236549610392785e+02
-1.367269272807515392e+02
-1.373172027888325033e+02
-1.366982169553796780e+02
-1.354297408158053031e+02
-1.341753287293083474e+02
-1.335490898625618570e+02
-1.340049035391086250e+02
-1.357803972075798526e+02
-1.388857606135032654e+02
-1.431184862573211660e+02
-1.480917653596766570e+02
-1.532810834900784016e+02
-1.581013813873286722e+02
-1.620124568685253337e+02
-1.646241393969622777e+02
-1.657591052077322331e+02
-1.654406549802006055e+02
-1.637975719496437250e+02
-1.609078328145006651e+02
-1.566321637925239258e+02
-1.505052765902762815e+02
-1.417427545945966187e+02
-1.293792405904531790e+02
-1.124983077555735633e+02
-9.048134811209274631e+01
-6.320859063479397122e+01
-3.117125102135177883e+01
4.526715369130188904e+00
4.228532837778549691e+01
8.022664939124821615e+01
1.164635863417227597e+02
1.493535612074074095e+02
1.776841314869925270e+02
2.007600566331080358e+02
2.183798128751831484e+02
2.307145837057272217e+02
2.381401338843569420e+02
2.410975389956978177e+02
2.400417175547156035e+02
2.354813233055011494e+02
2.280578958651498738e+02
2.185900549424030999e+02
2.080274345681415014e+02
1.973056674572399913e+02
1.871453650596537841e+02
1.778726390925142198e+02
1.693415562405425305e+02
1.610050334690959914e+02
1.521194060507724828e+02
1.420074528758528345e+02
1.302815508085950569e+02
1.169575240136924350e+02
1.024444029169894748e+02
8.743537634839249506e+01
7.273980610543011949e+01
5.910241682705684241e+01
4.706164825165767951e+01
3.689119361324161162e+01
2.863588407002146852e+01
2.220684835862104478e+01
1.747089065977201017e+01
1.428063416979520284e+01
1.243983509582904290e+01
1.164470905269705625e+01
1.145358096705917106e+01
1.131566821995754779e+01
1.065896623501690499e+01
9.011178834905564372e+00
6.108985157308380209e+00
1.948657770917028742e+00
-3.243586197086020917e+00
-9.101939170619610664e+00
-1.522866642694842554e+01
-2.128536742138609128e+01
-2.705756232771880931e+01
-3.249296588852836720e+01
-3.770902636270460562e+01
-4.295954073116023864e+01
-4.855526184656653044e+01
-5.475265539424369621e+01
-6.164910433126213718e+01
-6.913025278014856667e+01
-7.689366056395671478e+01
-8.453819561557322970e+01
-9.168488118889970906e+01
-9.808757935960903751e+01
-1.036941275331141412e+02
-1.086325629965140251e+02
-1.131288343960319338e+02
-1.173980976675782841e+02
-1.215612588917520043e+02
-1.256129559047163298e+02
-1.294339512237567078e+02
-1.328288424333119622e+02
-1.355785420493210722e+02
-1.375068643891900422e+02
-1.385568241229442776e+02
-1.388539411976854296e+02
-1.387172617243552679e+02
-1.385891663692307247e+02
-1.388984444844905966e+02
-1.399185911390112835e+02
-1.416951766772857013e+02
-1.440782670576292048e+02
-1.468322426128942482e+02
-1.497523564226406165e+02
-1.527252941826639585e+02
-1.557151100945259543e+02
-1.586954081469357902e+02
-1.615611619449813929e+02
-1.640482974254045985e+02
-1.656811060734270598e+02
-1.657591052077322331e+02
-1.633867708311082936e+02
-1.575472732174200416e+02
-1.472225439324387253e+02
-1.315557565207049038e+02
-1.100361594829328311e+02
-8.266927821553088052e+01
-5.008656844235837013e+01
-1.355138286815443571e+01
2.516487551288570756e+01
6.402866045719814281e+01
1.010584392940793492e+02
1.346178692820698757e+02
1.636033949901215294e+02
1.874872118849835942e+02
2.062306316869490388e+02
2.201188532983667301e+02
2.295821320456047374e+02
2.350601206080850147e+02
2.369369081342751997e+02
2.355408765637857869e+02
2.311873696880196292e+02
2.242424877729727655e+02
2.151833680352328599e+02
2.046198469518839147e+02
1.932449471246723363e+02
1.817103796663188859e+02
1.704649177713631047e+02
1.596226435854171939e+02
1.489248756893052246e+02
1.378233453305381602e+02
1.256644129933686571e+02
1.119182299986460976e+02
9.638095792676112694e+01
7.928349843069116787e+01
6.126838697562233449e+01
