-2.343224457858984522e+01
-2.261053729179736393e+01
-2.223058830368749028e+01
-2.263257713944785365e+01
-2.398452741728698356e+01
-2.625698709523881647e+01
-2.925039253113290627e+01
-3.266125037502527562e+01
-3.616279175705267335e+01
-3.947889952634798760e+01
-4.243701139214668672e+01
-4.498828960070795091e+01
-4.718959056933593388e+01
-4.915818763557127369e+01
-5.102397603670443971e+01
-5.290046702287652636e+01
-5.487888435075466020e+01
-5.703198115259605316e+01
-5.940735113602390527e+01
-6.200242240335554555e+01
-6.473760824602857156e+01
-6.745482815405371468e+01
-6.995234079660500015e+01
-7.204171520110458005e+01
-7.360334682507388493e+01
-7.462289594173338969e+01
-7.519693299901501859e+01
-7.550082575074567615e+01
-7.572698431479196302e+01
-7.602285178803121823e+01
-7.646146325050813175e+01
-7.705128189151709250e+01
-7.775953542704799304e+01
-7.851871300986789493e+01
-7.921384366003329092e+01
-7.967874769469737828e+01
-7.973152562710787095e+01
-7.925044506937214805e+01
-7.825460580280373790e+01
-7.693729939549432117e+01
-7.561917245437309987e+01
-7.463472612340662238e+01
-7.420758533510178268e+01
-7.437801245376425641e+01
-7.501783192453808624e+01
-7.592122667980163442e+01
-7.691771596421077106e+01
-7.793722090931018442e+01
-7.897727158667134972e+01
-7.997270251141131325e+01
-8.062626080412510987e+01
-8.029227943764077224e+01
-7.799155122587170297e+01
-7.257993336379574600e+01
-6.302536727596131527e+01
-4.869845988249010560e+01
-2.957326533632883070e+01
-6.274230987075107180e+00
2.002915940412295370e+01
4.782649383442095825e+01
7.550259799354458323e+01
1.015563906271202228e+02
1.247747317709747250e+02
1.443455011248860558e+02
1.599003124289440052e+02
1.714855940566476420e+02
1.794756000663276723e+02
1.844584029726045458e+02
1.871302634151135464e+02
1.882146311069362810e+02
1.883959625249678140e+02
1.882526319015110516e+02
1.881897560919813372e+02
1.883900239962688943e+02
1.888031695686143507e+02
1.891851551104889495e+02
1.891849525322118097e+02
1.884634735052341057e+02
1.868142664406637437e+02
1.842423216550434972e+02
1.809593372561278102e+02
1.772816592448273241e+02
1.734621873831947596e+02
1.695276839010161609e+02
1.652061689117784908e+02
1.599991003402859633e+02
1.533821714344734914e+02
1.450444385200738964e+02
1.350519868130614896e+02
1.238676566383668529e+02
1.122340976619831139e+02
1.009798057102223794e+02
9.081784562933572147e+01
8.219230296411600989e+01
7.520896657245069150e+01
6.966662915131132650e+01
6.517626748550486582e+01
6.132181172369570277e+01
5.779917658051571294e+01
5.448540646542242882e+01
5.142734643633358615e+01
4.877217238550406364e+01
4.667361934722599415e+01
4.520404115081123564e+01
4.429655011896191752e+01
4.373436713103075135e+01
4.319083162009464871e+01
4.230659682153233092e+01
4.077856504839158447e+01
3.843015495361334644e+01
3.523569041605509966e+01
3.129009432506154553e+01
2.674736835898056952e+01
2.177405728102392857e+01
1.655030051889333720e+01
1.130621576209925649e+01
6.344794107893122259e+00
2.008671255698260438e+00
-1.408623273361847339e+00
-3.763043951950315602e+00
-5.117855171976984252e+00
-5.732321763681134996e+00
-5.995892415040493972e+00
-6.344002502070047456e+00
-7.181716241322718020e+00
-8.820254654189490395e+00
-1.142355564651768418e+01
-1.496903322330596353e+01
-1.923589419543449708e+01
-2.383667245461487028e+01
-2.829838559634082173e+01
-3.217927748434360069e+01
-3.518609330077383390e+01
-3.724913627130453619e+01
-3.852465231466557327e+01
-3.932395953268472510e+01
-4.000222756217216613e+01
-4.085421030213147731e+01
-4.204938785744248264e+01
-4.361150567936812195e+01
-4.543103898345280811e+01
-4.729969945037957757e+01
-4.896558642987385213e+01
-5.021362207558745183e+01
-5.096367550777272015e+01
-5.134826403223952695e+01
-5.171327583610754175e+01
-5.250973056008379558e+01
-5.410398456332913497e+01
-5.658925197282118802e+01
-5.969700582235219599e+01
-6.286807598159295196e+01
-6.546485306381632086e+01
-6.703094195579141967e+01
-6.747939367830799995e+01
-6.712968343091341694e+01
-6.658779052814639954e+01
-6.652732748625558656e+01
-6.745663785366157583e+01
-6.954848401651047141e+01
-7.257614456010900028e+01
-7.595452911547407382e+01
-7.884738476737453539e+01
-8.029227943764077224e+01
-7.931449585886707609e+01
-7.502906282757926704e+01
-6.674493515816192257e+01
-5.407388107230907792e+01
-3.702809816433305912e+01
-1.607952909751396930e+01
7.841125328713069109e+00
3.341602065465699667e+01
5.908447108148597238e+01
8.325281721043553773e+01
1.045425480642328182e+02
1.220202357046729560e+02
1.353351599558312444e+02
1.447095830868080384e+02
1.507833443312501913e+02
1.543733103835593283e+02
1.562323803775329907e+02
1.568809789733070659e+02
1.565549960935813942e+02
1.552754796821390073e+02
1.530005730519386304e+02
1.497865649483235870e+02
1.458832840928088501e+02
1.417227986663718298e+02
1.378104349868816030e+02
1.345661725365390566e+02
1.321785177445439672e+02
1.305248498578595786e+02
1.291868642703142314e+02
1.275535721156401365e+02
1.249737376010844656e+02
1.209094191051001701e+02
1.150510310040050683e+02
1.073707525061843455e+02
9.810710758315835278e+01
8.768854791979138952e+01
7.662075057747662754e+01
6.537773186259674674e+01
5.433653125542979723e+01
4.377012312466425925e+01
3.387929017300552204e+01
2.482782647887404082e+01
1.675288207813408192e+01
9.742616186998720451e+00
3.798332390317883167e+00
-1.183426474561755981e+00
-5.381915330976684508e+00
-8.986848051144711746e+00
-1.213972517116340555e+01
-1.491825226163162732e+01
-1.736321245756758103e+01
-1.952023078330927319e+01
-2.147414067624534084e+01
-2.337196571054343508e+01
-2.543237299026271003e+01
-2.792612008404156043e+01
-3.111157459577838935e+01
-3.513611639127899622e+01
-3.994823570152204439e+01
-4.527311853079268644e+01
-5.067383719196917724e+01
-5.567335938881591062e+01
-5.988548007824297770e+01
-6.310872687629434097e+01
-6.536039372941439751e+01
-6.684988963021814357e+01
-6.790672182750350316e+01
-6.888703549256179315e+01
-7.008136043430377526e+01
-7.164135374556464342e+01
-7.354350933766140486e+01
-7.560704763185366062e+01
-7.756734680883771205e+01
-7.917752566351501287e+01
-8.029227943764077224e+01
-8.089903964841943207e+01
-8.109382905917254902e+01
-8.102546499573247729e+01
-8.083605438639921204e+01
-8.061675575571665320e+01
-8.039027577380288392e+01
-8.012651622630619386e+01
-7.978688706881571591e+01
-7.937442128633672667e+01
-7.895387189405850847e+01
-7.861665271111840525e+01
-7.840189468428084751e+01
-7.822396798239111604e+01
-7.786676476521010670e+01
-7.707072341320149178e+01
-7.567739678213696664e+01
-7.375134019692237075e+01
-7.160527158437932371e+01
-6.970686718473761800e+01
-6.850624201956657089e+01
-6.825790808147812072e+01
-6.891051541175642114e+01
-7.010955211517308783e+01
