-4.466464959142032853e+01
-1.707770550541000532e+01
6.953599639602877858e+00
2.482292862928621702e+01
3.546879148781859215e+01
3.940844870485115337e+01
3.830748285820834553e+01
3.431844645802735272e+01
2.943638052495409596e+01
2.504799383079141251e+01
2.175096287505287052e+01
1.942802501554017169e+01
1.749585995456096299e+01
1.521962691021571601e+01
1.199307208995793417e+01
7.519183094787685206e+00
1.865440061803482763e+00
-4.599029725431332594e+00
-1.134797982460706933e+01
-1.786911045334910142e+01
-2.380775377333165821e+01
-2.904543455028616705e+01
-3.369475753867683920e+01
-3.801398781194467347e+01
-4.227330952480694037e+01
-4.662860683269620665e+01
-5.105639839388238954e+01
-5.537068078398564097e+01
-5.930077766093770464e+01
-6.258699884854135576e+01
-6.505728436577712159e+01
-6.666924139884355327e+01
-6.751812695908947148e+01
-6.781511776134055935e+01
-6.783851848163479303e+01
-6.786229679442379847e+01
-6.807573677445583371e+01
-6.852208243084672290e+01
-6.908747667886299837e+01
-6.954895936477659291e+01
-6.965474082198018380e+01
-6.919744546458568379e+01
-6.806327785716706558e+01
-6.626432443616566559e+01
-6.395434211450393747e+01
-6.140442904784791267e+01
-5.891810716652358337e+01
-5.670992638858535173e+01
-5.481645002936166122e+01
-5.310072722249498156e+01
-5.135045159744939269e+01
-4.941025102823839887e+01
-4.727752653781743675e+01
-4.512343005520133943e+01
-4.323981284830654914e+01
-4.193937060112042303e+01
-4.145011003422494866e+01
-4.184300336977629087e+01
-4.300803496408415327e+01
-4.466329266496737205e+01
-4.637154665020901945e+01
-4.755678752053265868e+01
-4.753669404360490347e+01
-4.558828265351596798e+01
-4.104230333198454161e+01
-3.338220249092312031e+01
-2.232327407279748499e+01
-7.859551964364243304e+00
9.723354405612322893e+00
2.986487747022183115e+01
5.176909829625441972e+01
7.446499372064982936e+01
9.689046478121544226e+01
1.180020470434379547e+02
1.369015998882214262e+02
1.529565552842620662e+02
1.658810815939174290e+02
1.757485084998542391e+02
1.829210155850013280e+02
1.879094749006376617e+02
1.912085207384453440e+02
1.931711373261768756e+02
1.939737433667865503e+02
1.936783516102773319e+02
1.923479638450233438e+02
1.901451988336884256e+02
1.873576948083225773e+02
1.843375313394564046e+02
1.813875954910499502e+02
1.786495709651443633e+02
1.760402844026607170e+02
1.732593773954679648e+02
1.698677700030166591e+02
1.654163120196848240e+02
1.595855136196556145e+02
1.522882408425523977e+02
1.436974787920600249e+02
1.341883901713570424e+02
1.242171241322272408e+02
1.141837018298154476e+02
1.043293402517820283e+02
9.470107739727180274e+01
8.519274171397935902e+01
7.564777660463391840e+01
6.598451452869147715e+01
5.628680584123399910e+01
4.681119982807060609e+01
3.790294438625075912e+01
2.986644564811937741e+01
2.286357068940881021e+01
1.689090373621783669e+01
1.183050073369361499e+01
7.523321118554406439e+00
3.812419521157323743e+00
5.364033428531271852e-01
-2.507239777396826241e+00
-5.588484063811748115e+00
-9.027077367824837495e+00
-1.312472507568610780e+01
-1.806942502269449591e+01
-2.384810812938175673e+01
-3.020333347813107139e+01
-3.665809099262332893e+01
-4.261052844720666144e+01
-4.747652784358172084e+01
-5.084409853646705812e+01
-5.259987996963266710e+01
-5.298857240047871642e+01
-5.257205591217190488e+01
-5.207830541276483416e+01
-5.217785085582707438e+01
-5.327372226942928535e+01
-5.539559601209558082e+01
-5.823776315434467676e+01
-6.131058423864331530e+01
-6.413052732167481906e+01
-6.636985745648237867e+01
-6.791413552071523441e+01
-6.881838066165973089e+01
-6.919744546458568379e+01
-6.911582410633027962e+01
-6.853747796744195853e+01
-6.735613565254222124e+01
-6.547459987475092191e+01
-6.287881221718562585e+01
-5.966835023302256502e+01
-5.604153854942850899e+01
-5.225802454219468984e+01
-4.859840372074944526e+01
-4.532289944179608199e+01
-4.262416729287791384e+01
-4.058172101650012564e+01
-3.914134562519896576e+01
-3.813916404862429488e+01
-3.736404100366813452e+01
-3.662720590378387442e+01
-3.580744052893695084e+01
-3.486140412705589142e+01
-3.381147692677204475e+01
-3.273347345865076363e+01
-3.176114653557431211e+01
-3.110614189360516946e+01
-3.106906623091860808e+01
-3.200494164836149480e+01
-3.421869694431788389e+01
-3.780300855428237128e+01
-4.247160953058275368e+01
-4.746085962355944332e+01
-5.156071016997086076e+01
-5.329819294809051655e+01
-5.124264494829945704e+01
-4.434981631002621327e+01
-3.223737599355204253e+01
-1.530423725259332457e+01
5.338192423618416171e+00
2.809330639918315953e+01
5.119568548180630785e+01
7.303598588620366172e+01
9.242275631799620328e+01
1.087281518339498945e+02
1.218895200891978305e+02
1.322734340252453933e+02
1.404502967747844195e+02
1.469594526065765194e+02
1.521462154300312193e+02
1.561184959427228307e+02
1.588177239453953860e+02
1.601506028858136119e+02
1.601064060403635096e+02
1.588021408787611790e+02
1.564467293986097616e+02
1.532632445471858205e+02
1.494248040151456109e+02
1.450411076715226670e+02
1.401977544115868568e+02
1.350207134493145418e+02
1.297238640783393180e+02
1.246018503924179868e+02
1.199560949071568814e+02
1.159787568765966483e+02
1.126431414374941937e+02
1.096461900829207536e+02
1.064306475839248947e+02
1.022949957741555380e+02
9.657484832574820643e+01
8.884529685905356189e+01
7.906742601659070147e+01
6.761396157430598919e+01
5.516349121159166913e+01
4.251560611977075865e+01
3.040771448720683878e+01
1.939424355243250631e+01
9.803165113972839961e+00
1.748378153116577849e+00
-4.832745427798412763e+00
-1.013591168797653452e+01
-1.444495044559819164e+01
-1.808410861684600235e+01
-2.136857718963002029e+01
-2.455587149305338102e+01
-2.780249473299637231e+01
-3.113722232942975410e+01
-3.446746767658137856e+01
-3.762736044810417013e+01
-4.045606047353246026e+01
-4.287520715372484403e+01
-4.493015090935715250e+01
-4.677514975742694503e+01
-4.860781378612433912e+01
-5.058011405094399748e+01
-5.272645567989066251e+01
-5.494764389528947390e+01
-5.706499749373909935e+01
-5.891775418309956791e+01
-6.044742043390929354e+01
-6.172082300663883814e+01
-6.288420606261119161e+01
-6.408136447410353753e+01
-6.538206521075750288e+01
-6.675254235883113552e+01
-6.807447651193702143e+01
-6.919744546458568379e+01
-6.999998960311752683e+01
-7.043603204155543551e+01
-7.055043121329022426e+01
-7.045697968709913539e+01
-7.028530110009779719e+01
-7.011688847472250075e+01
-6.993786653318861113e+01
-6.963190490041989733e+01
-6.902141432601180782e+01
-6.794432323725888523e+01
-6.633527083701548577e+01
-6.427279994557851239e+01
-6.196637121852470642e+01
-5.968754508220344235e+01
-5.768094961373070362e+01
-5.609927379487238852e+01
-5.498520551295882797e+01
-5.429088792161461186e+01
-5.390947054570384012e+01
-5.370128158897941972e+01
