-2.137093398664624644e+01
-3.176513615211895569e+01
-4.035701801092614005e+01
-4.580006754500476518e+01
-4.749623795857981179e+01
-4.564702739160075140e+01
-4.109053647927447628e+01
-3.501217069516719249e+01
-2.862497928185626250e+01
-2.290264424959400458e+01
-1.842863620103534572e+01
-1.538700067689322815e+01
-1.366444008359381179e+01
-1.299369289257048088e+01
-1.307565907997619092e+01
-1.365983889710500776e+01
-1.459602383766929812e+01
-1.586778220025708208e+01
-1.759491372059933667e+01
-1.998412616779164352e+01
-2.323095862751359064e+01
-2.741012214627972554e+01
-3.240355606091388552e+01
-3.789742364320016321e+01
-4.344838644335875699e+01
-4.859407902381538946e+01
-5.296961370801967206e+01
-5.639288739097032988e+01
-5.889395461846282132e+01
-6.067970417277680184e+01
-6.204120347492409593e+01
-6.323116571288112908e+01
-6.435882506508927747e+01
-6.535204644350736203e+01
-6.600933420412795272e+01
-6.611772661715484389e+01
-6.557640548760451793e+01
-6.446580601736707195e+01
-6.303583477815047331e+01
-6.162729651095435912e+01
-6.056186095821973936e+01
-6.003463989612886564e+01
-6.003461494845681301e+01
-6.031219111815974543e+01
-6.040573811489285561e+01
-5.972468280152639153e+01
-5.766922058456373179e+01
-5.375204509875452175e+01
-4.768245810761103343e+01
-3.938854661739062379e+01
-2.898806402836257590e+01
-1.674772183544801862e+01
-3.066030270597481788e+00
1.152068331957083736e+01
2.634302901278304887e+01
4.064854909854343390e+01
5.370006632907801958e+01
6.489192342817651138e+01
7.384259440989164602e+01
8.043472535758267838e+01
8.479802719627301144e+01
8.725337870801561735e+01
8.824586228241227559e+01
8.828514373698538975e+01
8.789219117060117981e+01
8.753968495958581286e+01
8.758106326993934942e+01
8.818211041953649953e+01
8.928121029517080842e+01
9.060219264595087907e+01
9.173022980623591138e+01
9.223864626458761506e+01
9.182792030659847171e+01
9.042196197700042148e+01
8.817581386775560759e+01
8.538661664912062577e+01
8.235017746658841986e+01
7.923632166604697602e+01
7.604230542050559905e+01
7.263396709581233779e+01
6.883600500309657377e+01
6.451720629003824570e+01
5.963689535011950227e+01
5.425316464605577238e+01
4.851375977322744149e+01
4.264674105122980308e+01
3.695141697638337774e+01
3.177629611969890533e+01
2.746976626009276856e+01
2.430271258874775242e+01
2.238206056504876784e+01
2.158746782909432937e+01
2.156263890725031018e+01
2.177808970341923711e+01
2.165809877349180113e+01
2.073833230335469935e+01
1.880259652410973104e+01
1.594759747663697169e+01
1.254650564768074972e+01
9.118422659796399543e+00
6.147380700793068087e+00
3.915678538782223050e+00
2.412405737974296471e+00
1.349910717262751803e+00
2.798033940919868456e-01
-1.237891737003518955e+00
-3.479140962813696447e+00
-6.474121354884267987e+00
-1.002546273865888438e+01
-1.380702749412600738e+01
-1.749415279990334682e+01
-2.087570804073624231e+01
-2.391461228771367331e+01
-2.674176791677110288e+01
-2.958717988692146150e+01
-3.267259407159599505e+01
-3.610524023050792408e+01
-3.981323140348941081e+01
-4.354930372832157559e+01
-4.696669548863197008e+01
-4.974353280471890315e+01
-5.170679518665926366e+01
-5.289914750265234034e+01
-5.355414415605973488e+01
-5.398985968777307676e+01
-5.447279600055415472e+01
-5.511876140316033457e+01
-5.587736693528027843e+01
-5.660314183058815729e+01
-5.717112230655062888e+01
-5.757178418556517840e+01
-5.793456320211812738e+01
-5.847227732070611239e+01
-5.937969008473052668e+01
-6.073390432910305492e+01
-6.243342331136591383e+01
-6.419177020079246176e+01
-6.558233698132127643e+01
-6.611772661715484389e+01
-6.534045488191719642e+01
-6.290387689744322586e+01
-5.862884906660518425e+01
-5.252372382121514249e+01
-4.475880250126864723e+01
-3.560344669909583359e+01
-2.535820077219170088e+01
-1.431807070895430556e+01
-2.777410304857692580e+00
8.943664154236042663e+00
2.048054682905743817e+01
3.143081314679217542e+01
4.138828727296322540e+01
4.999436503517345898e+01
5.698746084486121077e+01
6.223100654153846278e+01
6.571428969237020112e+01
6.753883647227786469e+01
6.790757771392952691e+01
6.712081922658424560e+01
6.556726523977889087e+01
6.369470295169919893e+01
6.195351136039231932e+01
6.071983302087178203e+01
6.021992726798549000e+01
6.048638994419798109e+01
6.136867124350712288e+01
6.259354203435113817e+01
6.384518559293105966e+01
6.483105333169949347e+01
6.531971749253884241e+01
6.516070270102066786e+01
6.430183162294352428e+01
6.280381349699974436e+01
6.083294469409926819e+01
5.861299387091680302e+01
5.634196588492214630e+01
5.411193850345887313e+01
5.188346790521020324e+01
4.954143898691726378e+01
4.700522160886575307e+01
4.432089692696191463e+01
4.166704650173887359e+01
3.926228593078644025e+01
3.723251174280390075e+01
3.552525569257507243e+01
3.392511160789774749e+01
3.215577539563656728e+01
3.000368546205671194e+01
2.739802757697086122e+01
2.442029750460882198e+01
2.125563000185110951e+01
1.811410608709460490e+01
1.515142893886202380e+01
1.241890196475056918e+01
9.866902891252664176e+00
7.402968671005185186e+00
4.974648931646137306e+00
2.630773121666829084e+00
5.227308018435412595e-01
-1.165164501636413386e+00
-2.329804428676881312e+00
-3.050399529740548399e+00
-3.615853628121605823e+00
-4.451454977388754841e+00
-5.972154346740659925e+00
-8.431517761959199220e+00
-1.183833725034636508e+01
-1.597404119032893810e+01
-2.048778168219709883e+01
-2.501082611142447831e+01
-2.924015500131066503e+01
-3.297650803941630215e+01
-3.612879163034537555e+01
-3.870135706207551607e+01
-4.077600762411493207e+01
-4.249518167614116493e+01
-4.404348327058733048e+01
-4.561761951310516139e+01
-4.738309648281603614e+01
-4.943413758239373834e+01
-5.177789113590574743e+01
-5.434630297404779498e+01
-5.701858921312078365e+01
-5.963724031060439046e+01
-6.201909899489700706e+01
-6.397737073934085572e+01
-6.536371940016914550e+01
-6.611772661715484389e+01
-6.629536494590563223e+01
-6.605462148599147554e+01
-6.559845300587603845e+01
-6.509249931071877882e+01
-6.457974288099582338e+01
-6.391564044608605855e+01
-6.274711020743330891e+01
-6.054748089528966659e+01
-5.669970613941453053e+01
-5.060888778736158145e+01
-4.182774730923888740e+01
-3.018071909569218292e+01
-1.586224055589211090e+01
5.258705038647963903e-01
1.802278410017706989e+01
3.543790889122121257e+01
5.153154310113306025e+01
6.520935088816253256e+01
7.569090525397778890e+01
8.261184257500967476e+01
8.603075707564013896e+01
8.634035423261695996e+01
8.411605261226361563e+01
7.995807071770587982e+01
7.438348629652952582e+01
6.779979827678428705e+01
6.055155913174938576e+01
5.299621430426996227e+01
4.555104915472748672e+01
3.866763932357277866e+01
3.272883159425086319e+01
2.790835446804127429e+01
2.406273279498874729e+01
2.072281389294805365e+01
