-1.815024376054291899e+00
-3.873876510926712058e+01
-7.059441887800643656e+01
-9.375858068733565176e+01
-1.068632962628860099e+02
-1.108243702032825269e+02
-1.081894007986258117e+02
-1.021707168926523650e+02
-9.574217061993577715e+01
-9.105141932360774604e+01
-8.922367824840409867e+01
-9.047778204841529259e+01
-9.438881340670451436e+01
-1.001362176109290942e+02
-1.066528360869878895e+02
-1.126829718495939403e+02
-1.168152738629953689e+02
-1.175650701299439760e+02
-1.135510961371230820e+02
-1.037549153341757062e+02
-8.779018490534798502e+01
-6.608058227762505510e+01
-3.986813198340311715e+01
-1.102876860980033058e+01
1.826926832767770037e+01
4.597962679328608004e+01
7.055112127180133541e+01
9.115574269754469583e+01
1.077189624409541437e+02
1.207670013849124473e+02
1.311518118559939126e+02
1.397318494160754199e+02
1.470915527591384091e+02
1.533800729411522070e+02
1.583248367048065006e+02
1.614189074411938236e+02
1.622116238932784995e+02
1.605852363794859343e+02
1.569024125003984693e+02
1.519612109989719784e+02
1.467713052392153941e+02
1.422348302742287842e+02
1.388527375622605575e+02
1.365706936993701390e+02
1.348265618693216084e+02
1.327810459955622946e+02
1.296375480393987516e+02
1.249219048064146875e+02
1.186158023763750577e+02
1.111067266684939341e+02
1.029941240864534251e+02
9.484250828814700185e+01
8.698632833564327882e+01
7.946501333160760794e+01
7.210259532553058648e+01
6.467477678394482155e+01
5.707173703958093824e+01
4.938419132153887858e+01
4.189039858553842777e+01
3.496545208895258128e+01
2.895220391077933897e+01
2.403711481490307378e+01
2.017770976966821905e+01
1.711775099346844087e+01
1.448615098531822909e+01
1.192787902142554302e+01
9.202085871354050539e+00
6.214152988546723932e+00
2.989932013238046693e+00
-3.803969605396826381e-01
-3.801326755015978165e+00
-7.210778935797037548e+00
-1.058640209940891452e+01
-1.392506000595151150e+01
-1.721228829739093058e+01
-2.039821296442778831e+01
-2.339395701955135110e+01
-2.609873089157131432e+01
-2.845493246049553449e+01
-3.050927771684791878e+01
-3.244643975898316057e+01
-3.456876374196328783e+01
-3.721865012834329178e+01
-4.066608035779783847e+01
-4.500033601862023858e+01
-5.006830956687226575e+01
-5.549225289229008240e+01
-6.077503437112423512e+01
-6.546230129914795270e+01
-6.929576146204328779e+01
-7.228673847160627020e+01
-7.467596294349452535e+01
-7.680570260564235241e+01
-7.897418610263730443e+01
-8.134032439240358769e+01
-8.390596746973022846e+01
-8.655837798421235618e+01
-8.913687977313416866e+01
-9.149571428401137041e+01
-9.354927783421392462e+01
-9.529148427079098838e+01
-9.678332128838613357e+01
-9.811120181999785927e+01
-9.933159564010689735e+01
-1.004266735577625695e+02
-1.012950584615417569e+02
-1.017882258991825921e+02
-1.017815549626593565e+02
-1.012534147043313624e+02
-1.003443808558761532e+02
-9.937386487494956100e+01
-9.879529689378271939e+01
-9.908272029343163467e+01
-1.005703164031071424e+02
-1.032996268678370058e+02
-1.069445166442106370e+02
-1.108667938283382455e+02
-1.143044889112666311e+02
-1.166290725554286638e+02
-1.175650701299439760e+02
-1.172748004413047909e+02
-1.162698990263749721e+02
-1.151901082609236227e+02
-1.145467319620154427e+02
-1.145318465870599027e+02
-1.149463829164708812e+02
-1.152378048570992064e+02
-1.146009760394463228e+02
-1.120963827019041190e+02
-1.067648962657855094e+02
-9.774466355100628334e+01
-8.440294152474626799e+01
-6.647847716895942938e+01
-4.420446686673786729e+01
-1.836930403204663875e+01
9.720918525105219032e+00
3.839206225280668860e+01
6.584684206381440674e+01
9.045871012854654225e+01
1.110490807655795749e+02
1.270744044161162805e+02
1.386608293392698101e+02
1.464690460954160471e+02
1.514403882264593904e+02
1.545224481088337143e+02
1.564638337210921861e+02
1.577194994431010571e+02
1.584627699409875277e+02
1.586760909847113794e+02
1.582797617682658995e+02
1.572496654408068082e+02
1.556785667221438985e+02
1.537575056925827539e+02
1.516886525794678278e+02
1.495730181213156698e+02
1.473301349967460965e+02
1.446951951976516284e+02
1.413058408970820210e+02
1.368493224829809947e+02
1.312076091979897114e+02
1.245282883909055158e+02
1.171774192295054178e+02
1.095946883016474231e+02
1.021312989146907171e+02
9.495793311494445277e+01
8.807941573130193547e+01
8.142669476827019537e+01
7.496085244750574361e+01
6.873380706085542613e+01
6.288688749636320097e+01
5.759905573390810929e+01
5.300944505973922816e+01
4.914532256438978663e+01
4.589090751772336318e+01
4.302239532622513707e+01
4.030310287180424922e+01
3.759453868096593254e+01
3.492215589790054509e+01
3.245537703627182680e+01
3.040830305093493990e+01
2.890973779823433887e+01
2.790610518708955823e+01
2.714451274043466000e+01
2.624479064542665796e+01
2.482754405163214528e+01
2.264182204274004206e+01
1.964165422675608497e+01
1.598821000843321727e+01
1.198627931147127512e+01
7.986021563855663530e+00
4.287777463419701007e+00
1.077959867886451484e+00
-1.597001758699830631e+00
-3.827378242599853042e+00
-5.813308767591787607e+00
-7.809114331462780889e+00
-1.003796875012234047e+01
-1.260062873522290161e+01
-1.542145311545312758e+01
-1.826465142888729076e+01
-2.081909900013917536e+01
-2.281719402103878735e+01
-2.413923894674110571e+01
-2.486112400384911325e+01
-2.522545104614354727e+01
-2.554819677366648634e+01
-2.610329961972283641e+01
-2.704017862020440788e+01
-2.837098007868763005e+01
-3.002000439226675610e+01
-3.188817224733899991e+01
-3.388574373007367058e+01
-3.592581681942482419e+01
-3.790891656058856540e+01
-3.973183891520606181e+01
-4.132730907395240649e+01
-4.271088595106042618e+01
-4.399832571326861341e+01
-4.537052682397179382e+01
-4.699844085479839606e+01
-4.896975005427923833e+01
-5.125745286070758056e+01
-5.374300045551883898e+01
-5.627772440455689917e+01
-5.875123625174934716e+01
-6.113688765116824442e+01
-6.350008716014556143e+01
-6.597608282434278237e+01
-6.873470132789097420e+01
-7.194405355363011267e+01
-7.573503890743134548e+01
-8.016853749393419548e+01
-8.521363557537473810e+01
-9.074263804959909407e+01
-9.653746369882745171e+01
-1.022997838017723922e+02
-1.076683938833435263e+02
-1.122516874230627906e+02
-1.156672947030053109e+02
-1.175650701299439760e+02
-1.176210359726103292e+02
-1.155203080295189011e+02
-1.109620073643848031e+02
-1.037041304337208771e+02
-9.363849065750348188e+01
-8.086743519390316237e+01
-6.575354932018555587e+01
-4.892591886986217276e+01
-3.124093910967871679e+01
-1.370513337880264260e+01
2.629300965318581262e+00
1.678646988937049755e+01
2.799508638133995930e+01
3.580250023791663949e+01
4.014347344260255568e+01
4.133633084762931986e+01
4.000086492790091341e+01
3.691776484271688474e+01
3.286092376132614845e+01
2.843381644152487553e+01
2.394762837731561689e+01
1.939233959816968422e+01
