6.324765055707443651e+01
-1.114248731253667728e+02
-2.519330745861573746e+02
-3.331566047102357402e+02
-3.447568501510845067e+02
-2.919711756041338049e+02
-1.919401678680426073e+02
-6.753242431323808148e+01
5.899780988909995472e+01
1.707116093934032222e+02
2.581895003033184821e+02
3.193225018821605090e+02
3.574192111148602180e+02
3.786098304596201274e+02
3.894303600688303959e+02
3.951550681534947671e+02
3.990640660800203250e+02
4.025071239028078480e+02
4.054365004412791222e+02
4.070605384028642106e+02
4.063760733725009686e+02
4.024872430482325285e+02
3.947406479441349347e+02
3.827679866928143610e+02
3.665191968844293910e+02
3.463090426154965940e+02
3.228333209692682431e+02
2.970884149327650334e+02
2.701683051388689023e+02
2.429871895442623213e+02
2.160320585988581001e+02
1.892536675427721491e+02
1.621566026645873535e+02
1.340726836917652349e+02
1.045254825283056590e+02
7.354729606894737515e+01
4.181980541221663117e+01
1.057748543856193635e+01
-1.869478495556456110e+01
-4.466409748988702688e+01
-6.651270389913511849e+01
-8.413698442781047504e+01
-9.811855652056824795e+01
-1.094951924317381184e+02
-1.194390234295398869e+02
-1.289735723178575029e+02
-1.388161369202125286e+02
-1.493500081939321262e+02
-1.606681781951788537e+02
-1.726244040587935160e+02
-1.848703953105724054e+02
-1.969043537644091373e+02
-2.081628410048496960e+02
-2.181522033728070085e+02
-2.265763027210319080e+02
-2.334120722737532390e+02
-2.389137082188576926e+02
-2.435601909689285947e+02
-2.479720826517777255e+02
-2.528100862999912692e+02
-2.586509662446349580e+02
-2.658409757242429805e+02
-2.743580837207222771e+02
-2.837468571186524287e+02
-2.931872331749945033e+02
-3.017103111239093778e+02
-3.085072389869330323e+02
-3.132280217977665870e+02
-3.161573612871471823e+02
-3.181846086974308605e+02
-3.205402089378883375e+02
-3.243374255527731407e+02
-3.300257218285328804e+02
-3.369142780343273103e+02
-3.429340166149562492e+02
-3.447568501510845067e+02
-3.382950725516083708e+02
-3.194961439796102809e+02
-2.852579473530803966e+02
-2.342338676052783626e+02
-1.673071500563957272e+02
-8.759614991941452899e+01
1.628143329125242289e-02
8.970611853197866026e+01
1.756774896929665317e+02
2.530489656452589884e+02
3.184635978048871152e+02
3.703158895636609600e+02
4.086028879178331294e+02
4.345072447575246883e+02
4.498738889695756598e+02
4.567391726546147765e+02
4.570182116010497566e+02
4.523731514902272011e+02
4.442089882938858523e+02
4.337073366088020521e+02
4.218205583430664092e+02
4.091974544282874717e+02
3.960755470020644111e+02
3.822206849719021307e+02
3.669885634236843543e+02
3.495202277765628196e+02
3.290054803521258577e+02
3.049133803798051190e+02
2.771202772630393838e+02
2.459271476962422867e+02
2.119986505966174377e+02
1.762615004182718792e+02
1.397867570698299176e+02
1.036673566466188703e+02
6.889687018440915267e+01
3.626064921004735453e+01
6.260705036372730348e+00
-2.090277782084022817e+01
-4.528516220019496785e+01
-6.710089304995594262e+01
-8.660941834953463569e+01
-1.040244119824417339e+02
-1.194822882735073222e+02
-1.330818924834460972e+02
-1.449690266170880761e+02
-1.554110941261054393e+02
-1.648121427456319168e+02
-1.736529755918896285e+02
-1.823796576984682360e+02
-1.912887430632326300e+02
-2.004622244378866469e+02
-2.097841908457553473e+02
-2.190298582616580063e+02
-2.279801421847759570e+02
-2.365057298743613217e+02
-2.445872407410587925e+02
-2.522752920014641802e+02
-2.596231266967061515e+02
-2.666312369969976999e+02
-2.732289575764357323e+02
-2.792939838162391197e+02
-2.846934349890069029e+02
-2.893289796798544558e+02
-2.931768009456919799e+02
-2.963168144186637960e+02
-2.989419765009640741e+02
-3.013384488055282873e+02
-3.038400971845418894e+02
-3.067792335096109468e+02
-3.104566348940023204e+02
-3.151237393620216380e+02
-3.209297015857624729e+02
-3.277784350488310565e+02
-3.350863053486119156e+02
-3.415074117796300470e+02
-3.447568501510845067e+02
-3.416760277084625272e+02
-3.286265646892982204e+02
-3.021764780861884674e+02
-2.599123432036159329e+02
-2.011397158094091537e+02
-1.272639383144732790e+02
-4.174284736906579951e+01
5.038242492305256803e+01
1.432711830496085952e+02
2.312003361990139183e+02
3.094079333010299138e+02
3.746866572096762980e+02
4.256228747056645147e+02
4.624687194811582458e+02
4.867263258146416547e+02
5.005888875267245339e+02
5.063997742373846904e+02
5.062538353568814387e+02
5.017912706940944076e+02
4.941583455521714541e+02
4.840667079115823981e+02
4.718870210310969924e+02
4.577456637847619163e+02
4.416234561228323514e+02
4.234576865172150519e+02
4.032260712048702089e+02
3.809770322389307466e+02
3.567930799193260327e+02
3.307208994583353956e+02
3.027329908235864195e+02
2.727725687380545310e+02
2.408798880051047604e+02
2.073385034344965163e+02
1.727563329535961714e+02
1.380261899010695004e+02
1.041727175999242974e+02
7.214730282083350232e+01
4.264979097246733630e+01
1.603161055684706682e+01
-7.708557057558410364e+00
-2.885536109309881780e+01
-4.785800886420457090e+01
-6.518909013919756035e+01
-8.122030802005670580e+01
-9.615476291483994942e+01
-1.100287995781428236e+02
-1.227663487405119014e+02
-1.342588196491687995e+02
-1.444461195885361064e+02
-1.533766474881319084e+02
-1.612298497339409664e+02
-1.682963280975867235e+02
-1.749205770442648316e+02
-1.814210884080635253e+02
-1.880170590671268371e+02
-1.947981171477892701e+02
-2.017554473306234399e+02
-2.088582665874772601e+02
-2.161370838482250747e+02
-2.237363408307287500e+02
-2.319121488964565856e+02
-2.409637369961574791e+02
-2.511018782999024666e+02
-2.622834469395289716e+02
-2.740767646358305569e+02
-2.856424637782162108e+02
-2.958874497576943554e+02
-3.037746516619641284e+02
-3.086911595292947936e+02
-3.107399770690917649e+02
-3.108378603975839383e+02
-3.105546378266676015e+02
-3.116967405236929380e+02
-3.157057099867420220e+02
-3.230031729473028008e+02
-3.324601776459723510e+02
-3.411824294006051446e+02
-3.447568501510845067e+02
-3.379920043153653069e+02
-3.160323138672085861e+02
-2.755804583517455058e+02
-2.158801378070189969e+02
-1.391447851350030191e+02
-5.027781253162108044e+01
4.403982605719209431e+01
1.366195125344260077e+02
2.210340362380792385e+02
2.925783099362259918e+02
3.487490294682626200e+02
3.892236337210236456e+02
4.154442737075326590e+02
4.299823695643020756e+02
4.358605443595589009e+02
4.359572796027075583e+02
4.325594353591737331e+02
4.270924906230761735e+02
4.200433540839536590e+02
4.110733210979516343e+02
3.992913906807643798e+02
3.836316295816077400e+02
3.632651656356006811e+02
3.379774042524547326e+02
3.084425118533780505e+02
2.763209326810710422e+02
2.440992780559783171e+02
2.146163615704878964e+02
1.903118935402691250e+02
1.723909649255398051e+02
1.602375242957645582e+02
1.514125550044127806e+02
