-6.490421207286155436e+01
-8.686607553935269266e+01
-1.064864939151130301e+02
-1.220439906841288433e+02
-1.328449296165971418e+02
-1.392608087848388436e+02
-1.424578696966502491e+02
-1.439705919363844941e+02
-1.452796180865244082e+02
-1.474974517453373153e+02
-1.511987110116822350e+02
-1.563910406532814648e+02
-1.626061359433851976e+02
-1.690823993782889545e+02
-1.749989034136706323e+02
-1.797020178578960952e+02
-1.828590858666732686e+02
-1.844997582356948556e+02
-1.849544650596384372e+02
-1.847325951853983099e+02
-1.843826899470614080e+02
-1.843636859693268661e+02
-1.849503701509281655e+02
-1.861918198751191937e+02
-1.879276289206246986e+02
-1.898507441913660898e+02
-1.915996673876878162e+02
-1.928605223722582878e+02
-1.934513443588854500e+02
-1.933578985840974269e+02
-1.927087262753367725e+02
-1.917087125441965441e+02
-1.905698350153379295e+02
-1.894723424026486498e+02
-1.885681710202227919e+02
-1.880148989385290861e+02
-1.880085567133883160e+02
-1.887716547391070776e+02
-1.904647214307970842e+02
-1.930347209545824683e+02
-1.960649607053809689e+02
-1.987039739903495956e+02
-1.997154652450260528e+02
-1.976423165436305567e+02
-1.910478929792935503e+02
-1.787841805728023417e+02
-1.602230880704989033e+02
-1.353841783449780110e+02
-1.049207080069863736e+02
-6.998045471782285176e+01
-3.200297847119486505e+01
7.479258627735273279e+00
4.699656018183912920e+01
8.524548190838702055e+01
1.211452936888484828e+02
1.538584482520950871e+02
1.827924138964756082e+02
2.076015235479408716e+02
2.281967808223078293e+02
2.447524766312307634e+02
2.576858515499418445e+02
2.675916586364638761e+02
2.751306804649609603e+02
2.808896970541240989e+02
2.852519857451884491e+02
2.883341095460938845e+02
2.900301546104785757e+02
2.901526653929712438e+02
2.886037519188134866e+02
2.854908459103349969e+02
2.811331426176682271e+02
2.759673726764310686e+02
2.704139538805505367e+02
2.647704572943480343e+02
2.591596946842917646e+02
2.535158456145081232e+02
2.475837679597214276e+02
2.409316993425044018e+02
2.330000305449830194e+02
2.232009733086547385e+02
2.110530097278598021e+02
1.963100069079317791e+02
1.790461133069743482e+02
1.596760689922188590e+02
1.389100808844697497e+02
1.176556705381668593e+02
9.688592003569900157e+01
7.749611140222360461e+01
6.017231539555482556e+01
4.529876564310034581e+01
3.292996652384105971e+01
2.283635456456612900e+01
1.460126680687458389e+01
7.725571266611240162e+00
1.703433485041338624e+00
-3.939692086223035794e+00
-9.630451925728674922e+00
-1.572678471595445515e+01
-2.247488403157912273e+01
-2.994695128462080902e+01
-3.798950164777124883e+01
-4.622633906912722068e+01
-5.414454400164850512e+01
-6.124932838935529844e+01
-6.723218007128899387e+01
-7.208481197789713235e+01
-7.611318264063287131e+01
-7.984440947594970339e+01
-8.385865736055669117e+01
-8.860750888199413566e+01
-9.428627290402381789e+01
-1.008031829585513179e+02
-1.078468701657229474e+02
-1.150166998432853944e+02
-1.219621161804265626e+02
-1.284806225035034970e+02
-1.345443051098073681e+02
-1.402528830176882479e+02
-1.457407980839632557e+02
-1.510871958447498002e+02
-1.562753684080003609e+02
-1.612188028700240636e+02
-1.658317142148260359e+02
-1.700946976850201509e+02
-1.740654362215556148e+02
-1.778176874074077034e+02
-1.813461964910178779e+02
-1.845088528671840891e+02
-1.870559829820975608e+02
-1.887376018989226623e+02
-1.894326559820640341e+02
-1.892361837318859159e+02
-1.884615406040556707e+02
-1.875496123938883386e+02
-1.869171155191028220e+02
-1.868099194726642622e+02
-1.872333810226452329e+02
-1.879956571527931146e+02
-1.888384082524144674e+02
-1.895831253840068484e+02
-1.902191936239614449e+02
-1.908971040454836441e+02
-1.918403299929413208e+02
-1.932226481191855498e+02
-1.950576570805100971e+02
-1.971237127450648075e+02
-1.989283251087166775e+02
-1.997154652450260528e+02
-1.985215673370917955e+02
-1.942732828251389492e+02
-1.859041619628637250e+02
-1.724715135053627648e+02
-1.532766929330246342e+02
-1.279995486067253410e+02
-9.683506937592200359e+01
-6.058703515740801038e+01
-2.066130550720031067e+01
2.107686691847993998e+01
6.257205430234814969e+01
1.019146523882550923e+02
1.376462094154732654e+02
1.689330464442697917e+02
1.955524092106363128e+02
2.177159869710658029e+02
2.358290290429461038e+02
2.503037666553398424e+02
2.614971143853607600e+02
2.697570235750807797e+02
2.755014773626496094e+02
2.792563932167249732e+02
2.816246426566917194e+02
2.832032326628107626e+02
2.844858797827515104e+02
2.857865331080103601e+02
2.872046307297982821e+02
2.886346931135811360e+02
2.898125307427726511e+02
2.903885415861342949e+02
2.900138640690087186e+02
2.884150626960316686e+02
2.854307112289849897e+02
2.809957419702258221e+02
2.750791304102683625e+02
2.676020303778193465e+02
2.583848670792308440e+02
2.471762783732777962e+02
2.337808168826443307e+02
2.182343471612615247e+02
2.009275880056891879e+02
1.825967965694208317e+02
1.641762969210075198e+02
1.465827656116425715e+02
1.305258087186301736e+02
1.164067191306013740e+02
1.043113949116088577e+02
9.406847646437141464e+01
8.534374425590537783e+01
7.775218950758720382e+01
7.096630100889325377e+01
6.479064424143639656e+01
5.917807750332350025e+01
5.418334455976369668e+01
4.987211966575497257e+01
4.621914443072513734e+01
4.303648404760338053e+01
3.996810860161066614e+01
3.656449599059590128e+01
3.241617565318544791e+01
2.729456647128970559e+01
2.123808770229875265e+01
1.454145324129889971e+01
7.652871032889764003e+00
1.029414370816112978e+00
-4.988646905392585040e+00
-1.024939820798210022e+01
-1.480446751352412349e+01
-1.888252606955412460e+01
-2.283305519268523653e+01
-2.704168075676440708e+01
-3.182083845644423548e+01
-3.730323316363879371e+01
-4.338776873072901452e+01
-4.977691098745487608e+01
-5.609871038993829018e+01
-6.205854400628759038e+01
-6.755001387411986968e+01
-7.267669288499735103e+01
-7.767653397654439118e+01
-8.278088936617898241e+01
-8.807161053133219752e+01
-9.340894675020059879e+01
-9.847427698368909432e+01
-1.029117504979804494e+02
-1.064967998554852358e+02
-1.092441428162778578e+02
-1.114034225332251253e+02
-1.133545541076032208e+02
-1.154661836696651989e+02
-1.179884360484765580e+02
-1.210189742154307453e+02
-1.245384472753378589e+02
-1.284821501778232289e+02
-1.328079922022307358e+02
-1.375345332318320573e+02
-1.427440471295575435e+02
-1.485576775331899171e+02
-1.550893522866188619e+02
-1.623834121348066333e+02
-1.703439768571008699e+02
-1.786657872428467329e+02
-1.867754243487754593e+02
-1.937967403919262495e+02
-1.985648114832185058e+02
-1.997154652450260528e+02
-1.958607878774466258e+02
-1.858254601133809842e+02
-1.688813333122275253e+02
-1.449070562531624944e+02
-1.144315616414215526e+02
-7.857418762946305435e+01
-3.892676784034074444e+01
2.586686067657931076e+00
