-8.059366922533477862e+00
-7.594745245234918229e+01
-1.345634292078782437e+02
-1.772543955974138044e+02
-2.015882755543956364e+02
-2.093707956801733019e+02
-2.053762470920584917e+02
-1.954920231021509096e+02
-1.849920469954449231e+02
-1.774101575426730335e+02
-1.741722077573313641e+02
-1.748844496620992572e+02
-1.780197663077918833e+02
-1.817076361163712477e+02
-1.843946254866752952e+02
-1.852459289544722765e+02
-1.842561885485983453e+02
-1.821059707771096043e+02
-1.798381998005860112e+02
-1.784511277989084590e+02
-1.785201405081050154e+02
-1.799557402687350134e+02
-1.819616006349627071e+02
-1.831865213359729978e+02
-1.820043676608859471e+02
-1.768309894083068059e+02
-1.663942193024206802e+02
-1.499050680524397592e+02
-1.271280913609616618e+02
-9.838932837211262949e+01
-6.455670570061310798e+01
-2.698541286877352263e+01
1.260983747956497325e+01
5.237229418518741397e+01
9.057087787693585312e+01
1.258399897784249788e+02
1.573207471119998218e+02
1.846723295743405515e+02
2.079658580784616788e+02
2.275068016103359980e+02
2.436512153206776361e+02
2.566801119100017559e+02
2.667682957955664165e+02
2.740367026364709773e+02
2.786384701233568535e+02
2.808248892524699727e+02
2.809634658487807997e+02
2.795067144724631589e+02
2.769210593019176940e+02
2.735938646966187662e+02
2.697536140537995379e+02
2.654450820538421567e+02
2.605758051442298893e+02
2.550031253281959494e+02
2.486018832848694728e+02
2.412714055947800489e+02
2.328951723642310867e+02
2.233097659241930160e+02
2.123328172186570839e+02
1.998505823684629661e+02
1.859164652393235144e+02
1.707990233669110296e+02
1.549476946616020712e+02
1.388910729746182255e+02
1.231132713057412360e+02
1.079584669449834564e+02
9.360057106178197728e+01
8.008741314342995565e+01
6.743191898086610081e+01
5.569924184987644367e+01
4.504550548633505969e+01
3.568934012597186722e+01
2.782455174660123376e+01
2.150688661951780389e+01
1.656451789363460492e+01
1.257767287305326676e+01
8.944225678279792646e+00
5.011470112276597888e+00
2.314880345958130192e-01
-5.706926111737416818e+00
-1.281200390671143552e+01
-2.081522725200353463e+01
-2.928255994631197012e+01
-3.776276342275021136e+01
-4.590917837614404817e+01
-5.353255998354867984e+01
-6.058221391050051352e+01
-6.708705897680511043e+01
-7.310235562543094545e+01
-7.869241479781594251e+01
-8.394318986743127198e+01
-8.897359188809853947e+01
-9.392447023926982297e+01
-9.893368766564046268e+01
-1.041189550834637600e+02
-1.095763094295261766e+02
-1.153834591712392665e+02
-1.215944853398324881e+02
-1.282210129263935698e+02
-1.352004758826337536e+02
-1.423551994221813857e+02
-1.493582962381755124e+02
-1.557403706445230114e+02
-1.609711981443078059e+02
-1.646169996912514932e+02
-1.665224170965143458e+02
-1.669329903144280252e+02
-1.664844644818390975e+02
-1.660384849475303781e+02
-1.664150053453013811e+02
-1.681222641166494327e+02
-1.711884060810093899e+02
-1.751580687456843464e+02
-1.792558754177890989e+02
-1.826586660707389740e+02
-1.847792778827293603e+02
-1.854652216706281820e+02
-1.850534101450114406e+02
-1.842706252188899896e+02
-1.840094798785907528e+02
-1.850446805364341571e+02
-1.877819341322042703e+02
-1.921256621243265101e+02
-1.974956769056846042e+02
-2.029488548137647399e+02
-2.073262791869863975e+02
-2.093707956801733019e+02
-2.078137555651123876e+02
-2.014687495496031318e+02
-1.893700178645466110e+02
-1.709554311938717888e+02
-1.462408268755953884e+02
-1.159055242654316231e+02
-8.123375748091586956e+01
-4.391788083951151833e+01
-5.784406709141777014e+00
3.147601104891433010e+01
6.650796171478137353e+01
9.838447155583564552e+01
1.265914596938774821e+02
1.509316014759691313e+02
1.714001035919062019e+02
1.880903386439989333e+02
2.011650912288010034e+02
2.108889576730392434e+02
2.176795597123980599e+02
2.221180118631924074e+02
2.248768560591343828e+02
2.265753226570749632e+02
2.276249489910736941e+02
2.281409821067853443e+02
2.279599704639087747e+02
2.267547207291484881e+02
2.242038427407096890e+02
2.201561626309390078e+02
2.147271958374386145e+02
2.082845442916991487e+02
2.013225717068314680e+02
1.942736856819833235e+02
1.873302420230171776e+02
1.803461659760441194e+02
1.728535094382275759e+02
1.641852534191412190e+02
1.536666108453481741e+02
1.408282613218906931e+02
1.255910279188748575e+02
1.083661539501729862e+02
9.002452303456681193e+01
7.172644000337902526e+01
5.465826775858454312e+01
3.976130502090802565e+01
2.754084797884752334e+01
1.801157629025711060e+01
1.078239069948324413e+01
5.229200696431931306e+00
6.771918689377045553e-01
-3.465867046342786750e+00
-7.635846517605337169e+00
-1.207824557237497842e+01
-1.684283472823756966e+01
-2.181697192480078940e+01
-2.680332607578668203e+01
-3.161741925389686614e+01
-3.615795729799577174e+01
-4.041550300975062981e+01
-4.442684316551112289e+01
-4.821935214823571414e+01
-5.178999837389045524e+01
-5.513215492070692392e+01
-5.829146500346713111e+01
-6.141678834576456580e+01
-6.477070044030079998e+01
-6.867572277686187476e+01
-7.340129938837458212e+01
-7.903453623990226617e+01
-8.540059019394104212e+01
-9.208359030593359762e+01
-9.854958366077667620e+01
-1.043207766508177627e+02
-1.091284638515793119e+02
-1.129875237659855003e+02
-1.161689483480635516e+02
-1.190797530031663740e+02
-1.220901419203750322e+02
-1.253757489143260102e+02
-1.288505167804029554e+02
-1.322303805774110401e+02
-1.351953495672995018e+02
-1.375561594239464966e+02
-1.393330557563308503e+02
-1.407182473725947602e+02
-1.419671760946259269e+02
-1.432940120111224473e+02
-1.448218140260421478e+02
-1.465863181077153854e+02
-1.485579412019958454e+02
-1.506532354831072098e+02
-1.527389471749821439e+02
-1.546531509201694803e+02
-1.562604217486714901e+02
-1.575319686004569917e+02
-1.586181529003219737e+02
-1.598743402036919861e+02
-1.618137769032741460e+02
-1.649861711877431958e+02
-1.698082549920469546e+02
-1.763924030682324826e+02
-1.844216842097820575e+02
-1.931033030102683767e+02
-2.012083872152235244e+02
-2.071902006368291040e+02
-2.093707956801733019e+02
-2.061837783130795287e+02
-1.964411766534819890e+02
-1.795671915731326749e+02
-1.557416966413849195e+02
-1.259240249310099387e+02
-9.175323888338115808e+01
-5.533281809465940171e+01
-1.892486632798607360e+01
1.539084266340027796e+01
4.601619385741092572e+01
7.202133256540101058e+01
9.317737711851614790e+01
1.098385171523744646e+02
1.227213609970808363e+02
1.326499748208850917e+02
1.403198036634028654e+02
1.461059198625116835e+02
1.499370046261091431e+02
1.512797033425507891e+02
1.492887528831948032e+02
1.431356740619372943e+02
1.324415458363772018e+02
1.176624974427317341e+02
1.002594133888379133e+02
8.253567596318434596e+01
6.712900357755148661e+01
5.626744156740073777e+01
5.101348260028024129e+01
5.078205529341849456e+01
5.337633728646217435e+01
