-2.467160048528985072e+01
-6.879157298010608201e+01
-1.071975381063293753e+02
-1.357348495606543963e+02
-1.527908727762431909e+02
-1.593625006692718955e+02
-1.583410185964391417e+02
-1.533866536841876211e+02
-1.478208954288799362e+02
-1.438689501975699159e+02
-1.424071223878642911e+02
-1.431765979759496474e+02
-1.452756924252915951e+02
-1.476856382220106525e+02
-1.496377592249222630e+02
-1.507522978386851662e+02
-1.509927192240449756e+02
-1.505304618445895528e+02
-1.496070294876990090e+02
-1.484439196546937296e+02
-1.472095556388560169e+02
-1.460204435019660139e+02
-1.449449133016846929e+02
-1.439958857564769232e+02
-1.431260853094789525e+02
-1.422471378264045825e+02
-1.412740346352632912e+02
-1.401690161312853604e+02
-1.389526815549076844e+02
-1.376736793773465024e+02
-1.363636681407588753e+02
-1.350216311647738507e+02
-1.336520765214200708e+02
-1.323343076670325615e+02
-1.312598833780267000e+02
-1.306783976783376602e+02
-1.307431591792195036e+02
-1.313123891048291227e+02
-1.317912685537889388e+02
-1.310855544360080955e+02
-1.277067776555779233e+02
-1.200373239962689667e+02
-1.067139378040996149e+02
-8.702003798860113193e+01
-6.113884639470147420e+01
-3.016148805299965829e+01
4.143389347708235526e+00
3.968412005889484107e+01
7.438450124213588310e+01
1.064299990821822064e+02
1.344282430207296670e+02
1.575176879490642534e+02
1.754278798070810694e+02
1.884635999043220522e+02
1.973935052106608907e+02
2.032583127999688770e+02
2.071429869029697954e+02
2.099704670873467762e+02
2.123701773841715124e+02
2.146472764671625839e+02
2.168349591344925784e+02
2.187821528132046751e+02
2.202357632039298494e+02
2.209056406591848258e+02
2.205195860964171573e+02
2.188739573885286234e+02
2.158740124508199187e+02
2.115494248868030240e+02
2.060313758352494062e+02
1.994910485437752072e+02
1.920600554964907190e+02
1.837680023669271066e+02
1.745295487022495990e+02
1.641943353895374571e+02
1.526483430204574177e+02
1.399307603697223783e+02
1.263114441477047194e+02
1.122774849987456491e+02
9.841976782491114761e+01
8.527477722442709762e+01
7.321037396173286993e+01
6.241027739023049037e+01
5.293763257114846965e+01
4.480746127877736029e+01
3.800563856730502721e+01
3.244237136142395173e+01
2.788344393726563553e+01
2.392811781975091634e+01
2.007810237883600735e+01
1.587852930687272845e+01
1.105470899364174819e+01
5.563740849658234566e+00
-4.652469316294993718e-01
-6.853900996145966928e+00
-1.347387042738709440e+01
-2.026212532380609588e+01
-2.716057548112083708e+01
-3.404506177261465893e+01
-4.071199376855032170e+01
-4.694248876530335934e+01
-5.260521736222072775e+01
-5.773302053881485563e+01
-6.252526155607797875e+01
-6.727022027071862453e+01
-7.222608753958353134e+01
-7.752320748176560983e+01
-8.313815020721058602e+01
-8.894633661180004935e+01
-9.481119467331053841e+01
-1.006456195094404649e+02
-1.064013423153701723e+02
-1.119937136847024988e+02
-1.172214144988815576e+02
-1.217556952261557228e+02
-1.252367681106925943e+02
-1.274471021367321271e+02
-1.284733783060382848e+02
-1.287551734945491830e+02
-1.289639430475503730e+02
-1.297464010305949671e+02
-1.314545700403851640e+02
-1.340101334134506317e+02
-1.369828696890610047e+02
-1.398362455779474374e+02
-1.421934232594641685e+02
-1.439754986511905486e+02
-1.453554428199673225e+02
-1.465816593604102991e+02
-1.477844409429325481e+02
-1.488733917318562021e+02
-1.495839128234768225e+02
-1.496543087173109825e+02
-1.490404456081784303e+02
-1.480465382391146534e+02
-1.472884599092941471e+02
-1.474833525087390740e+02
-1.491337694017206843e+02
-1.522179976237386541e+02
-1.559991920287456537e+02
-1.590286450676717038e+02
-1.593625006692718955e+02
-1.549557973839090437e+02
-1.441455159718686616e+02
-1.260887998548490430e+02
-1.010137922556262993e+02
-7.019897677032908234e+01
-3.569850532820506572e+01
8.670325505879628025e-02
3.486603256217901503e+01
6.683715674103892468e+01
9.491324563114757495e+01
1.187631413587889995e+02
1.386671613437054305e+02
1.552421254757925055e+02
1.691351342522747245e+02
1.807910019001184310e+02
1.903579927073546685e+02
1.977430062066007110e+02
2.027830433035189230e+02
2.054618014832076369e+02
2.060742695453674571e+02
2.052541952597750310e+02
2.038408381959976339e+02
2.026421706883930938e+02
2.022001565645599328e+02
2.026512154409444406e+02
2.037167065777025243e+02
2.047969581614312062e+02
2.051142772707478628e+02
2.038632040903212328e+02
2.003570651757889607e+02
1.941706439367486041e+02
1.852538072425174107e+02
1.739639671572368229e+02
1.609838675935112917e+02
1.471509455196485590e+02
1.332698860735603432e+02
1.199737304228926291e+02
1.076598318606903888e+02
9.649486316681546327e+01
8.647335690859652857e+01
7.751382024646089519e+01
6.956681531448987243e+01
6.269051884464369806e+01
5.704648088458387178e+01
5.280446014347699446e+01
5.000128234306064456e+01
4.842611020687791523e+01
4.758601775862695860e+01
4.677089791305196087e+01
4.521013652154363172e+01
4.228852354587724705e+01
3.775903344982140908e+01
3.187055522448736156e+01
2.534105721223927077e+01
1.915785026696142168e+01
1.425852273474287024e+01
1.120353304046911447e+01
9.965203672924863199e+00
9.920271247138924053e+00
1.005546441359467202e+01
9.306888817679535464e+00
6.899310847948054715e+00
2.562159391105629069e+00
-3.439122093482228859e+00
-1.044511434305363906e+01
-1.764801153138468948e+01
-2.433847666632860651e+01
-3.006266543969896077e+01
-3.465572936771102519e+01
-3.818468993390344224e+01
-4.086122476886249899e+01
-4.296765325558632043e+01
-4.481012716923657990e+01
-4.669169483570594537e+01
-4.888278978832484967e+01
-5.156812326315374406e+01
-5.477914328700662594e+01
-5.835537099508348291e+01
-6.197614195540607795e+01
-6.526691705791454012e+01
-6.794523706617337666e+01
-6.995095477639603132e+01
-7.150397998546891642e+01
-7.305237313044796110e+01
-7.511617325579521776e+01
-7.808350446806211664e+01
-8.204664720933743638e+01
-8.675538361357331496e+01
-9.171513940170441970e+01
-9.639173212639578026e+01
-1.004364712519927849e+02
-1.038414266092135705e+02
-1.069703080923276985e+02
-1.104536072339706578e+02
-1.149712226443080993e+02
-1.209837381329791697e+02
-1.285091747590317368e+02
-1.370367799446818822e+02
-1.456065959016732734e+02
-1.530029432611124207e+02
-1.579681242718562544e+02
-1.593625006692718955e+02
-1.562584214684887343e+02
-1.480114347154322161e+02
-1.343602860582997209e+02
-1.155631611992118621e+02
-9.251780464764638623e+01
-6.678223404528230844e+01
-4.043231711059470967e+01
-1.575119441125597497e+01
5.186569125922552814e+00
2.092267373207643288e+01
3.088761248888488353e+01
3.545035347605116272e+01
3.574072843229455287e+01
3.331949398498353077e+01
2.979967151033290662e+01
2.650235387950071697e+01
2.420007401062996166e+01
2.299035114452952655e+01
2.234219140125561864e+01
