7.533396580786412500e+00
-5.324874404291564645e+01
-1.064473999426617183e+02
-1.464904443922740995e+02
-1.711472787613797095e+02
-1.816313081778097001e+02
-1.816778340509101497e+02
-1.760943977752814078e+02
-1.693468137772186708e+02
-1.645911771681016091e+02
-1.633110676499875638e+02
-1.654865152212659041e+02
-1.700840290716428171e+02
-1.756341368589856984e+02
-1.807242761752341664e+02
-1.843268648009190827e+02
-1.859556129417328805e+02
-1.856759702946921777e+02
-1.839991774226251664e+02
-1.816887336924650072e+02
-1.795191718709641009e+02
-1.780481171067742707e+02
-1.774744698140608250e+02
-1.776314523138834147e+02
-1.781013669618555468e+02
-1.783825904237679083e+02
-1.780352891918709872e+02
-1.767748112298338867e+02
-1.745237144915415683e+02
-1.714399261165760038e+02
-1.679152393981499358e+02
-1.645198946917126079e+02
-1.618805457470122349e+02
-1.605125116683405224e+02
-1.606589900171871932e+02
-1.621981688405590774e+02
-1.646482188310837387e+02
-1.672429580918540353e+02
-1.690171624081492610e+02
-1.688636158254262511e+02
-1.655772745292224215e+02
-1.579327771097665618e+02
-1.448285724901897424e+02
-1.254894181876812809e+02
-9.967490594908056778e+01
-6.781914793291848298e+01
-3.104143856648312294e+01
8.987588329009987831e+00
5.029168597810544838e+01
9.088303002546263087e+01
1.290323759988615393e+02
1.634578572628016104e+02
1.934078295294880832e+02
2.186451438140976791e+02
2.393560276466948835e+02
2.560144731119944481e+02
2.692425740095440005e+02
2.797036076161029996e+02
2.880332994155465371e+02
2.947795970373899763e+02
3.003246230662039125e+02
3.048085286389345470e+02
3.081147680435158236e+02
3.099586201427281367e+02
3.100537837694582208e+02
3.082770748776105165e+02
3.047523545572155399e+02
2.998182940431222505e+02
2.938956886596737377e+02
2.873108668235187793e+02
2.801524765051941586e+02
2.722267380712669365e+02
2.631318696890797355e+02
2.524206570693673370e+02
2.397895216318595999e+02
2.252294198308811133e+02
2.090869313786876376e+02
1.920086981376508675e+02
1.747850258497296636e+02
1.581564302062913612e+02
1.426634223615368740e+02
1.285866210489399180e+02
1.159689759594657801e+02
1.046789441773065761e+02
9.448085842526943168e+01
8.510420781579996685e+01
7.631120916139644805e+01
6.794783475551977858e+01
5.995785372802671986e+01
5.235621598023151080e+01
4.517504575036485903e+01
3.839754379126290473e+01
3.189652897272652154e+01
2.540573410012969191e+01
1.855544628924826256e+01
1.097674473340974188e+01
2.431408660925770349e+00
-7.099009274729599639e+00
-1.740592972469358912e+01
-2.811989202275729127e+01
-3.881082965651925321e+01
-4.908250868305813697e+01
-5.863526636679712567e+01
-6.729003525599343050e+01
-7.498672981020867212e+01
-8.177777506615234415e+01
-8.782320272271077499e+01
-9.337507366323907831e+01
-9.874054544995422589e+01
-1.042294317252910929e+02
-1.101004301904151390e+02
-1.165159282780935541e+02
-1.235103056539420834e+02
-1.309745896012273647e+02
-1.386587073069393057e+02
-1.461931964135027613e+02
-1.531333650582563166e+02
-1.590250728413053025e+02
-1.634843010948698634e+02
-1.662763794315706036e+02
-1.673753478144335816e+02
-1.669843125924826950e+02
-1.655089413866230075e+02
-1.634914816274068698e+02
-1.615212903022124067e+02
-1.601392107855147344e+02
-1.597518254125030808e+02
-1.605684615257236203e+02
-1.625686649861556816e+02
-1.655048223603483279e+02
-1.689464622415812585e+02
-1.723730590642845755e+02
-1.753105648485402241e+02
-1.774804091985521666e+02
-1.789011551912792015e+02
-1.798799806067207214e+02
-1.808698683654081378e+02
-1.822289440833109211e+02
-1.839649565480152944e+02
-1.855609974347473496e+02
-1.859556129417328805e+02
-1.836985009772462547e+02
-1.772410061883568915e+02
-1.652754420640352464e+02
-1.470305058366372748e+02
-1.224602018104092593e+02
-9.230197907482984476e+01
-5.799976540541851477e+01
-2.149807983154638791e+01
1.506109923670850748e+01
4.967268195099771333e+01
8.075704362961629101e+01
1.073471378308915689e+02
1.291473467749855786e+02
1.464587286951312990e+02
1.599907103359282132e+02
1.706130130007695698e+02
1.791241251874259035e+02
1.861034951922943605e+02
1.918738375409614036e+02
1.965499438294881145e+02
2.001236304138583932e+02
2.025460590489944650e+02
2.037970591253333907e+02
2.039402130433796856e+02
2.031472079929896211e+02
2.016671574528664337e+02
1.997386531550813231e+02
1.974767135248311547e+02
1.947837091576408000e+02
1.913255013055426446e+02
1.865917958837275137e+02
1.800318793000568292e+02
1.712289355800357953e+02
1.600564439402451171e+02
1.467590045324549521e+02
1.319233226831044306e+02
1.163474043131107578e+02
1.008571202862031555e+02
8.613722692548481064e+01
7.263297662536346877e+01
6.054698028503389651e+01
4.991534270984767829e+01
4.071283950814427754e+01
3.292602892417664151e+01
2.655240305602156070e+01
2.152770278432701900e+01
1.763492287522222313e+01
1.447365125354015447e+01
1.153772202686585047e+01
8.377297402909736235e+00
4.765750012637916200e+00
7.926060746866490092e-01
-3.154011369269216658e+00
-6.507139060700879440e+00
-8.706531101701511233e+00
-9.400953207837257963e+00
-8.611831727218266508e+00
-6.800992189677032229e+00
-4.802148632646737525e+00
-3.619653437570796939e+00
-4.149961638612332138e+00
-6.915665013269450156e+00
-1.190519680220331011e+01
-1.857798447498608851e+01
-2.603476912993220083e+01
-3.329460324137301086e+01
-3.958653667068256965e+01
-4.455987622896809341e+01
-4.834345282166199809e+01
-5.143876286866574787e+01
-5.449467075407619632e+01
-5.805639889499398976e+01
-6.238922525094137939e+01
-6.743693524409123086e+01
-7.290210458690572182e+01
-7.837914633526131070e+01
-8.347080510724212843e+01
-8.786067185232178645e+01
-9.135420673423256233e+01
-9.390918683403305067e+01
-9.565479761727947050e+01
-9.687505112229953852e+01
-9.793919636578733900e+01
-9.919909106508094965e+01
-1.009046548456099544e+02
-1.031820805757432993e+02
-1.060797085372147563e+02
-1.096420596672232364e+02
-1.139528357033302512e+02
-1.191079692503650165e+02
-1.251303854186178199e+02
-1.318854263752739371e+02
-1.390645253986266425e+02
-1.462655920879499547e+02
-1.531369726640503188e+02
-1.595068367644823013e+02
-1.654165924975132498e+02
-1.710180208652257363e+02
-1.763634910869274108e+02
-1.811829194071146389e+02
-1.847575320207373011e+02
-1.859556129417328805e+02
-1.834282203471533705e+02
-1.759192648908025092e+02
-1.626222297709838642e+02
-1.434909190435040500e+02
-1.193944174167402537e+02
-9.203411555980329695e+01
-6.362615307166342404e+01
-3.645820037743293796e+01
-1.248493210643476559e+01
6.914370203852399754e+00
2.100044402279669953e+01
2.963253178051225234e+01
3.319543206409954905e+01
3.250860843741186557e+01
2.868171208843678954e+01
2.289447109885518472e+01
1.613830131236658616e+01
9.011019760533287126e+00
1.663718997986947556e+00
