-1.297993989072446936e+02
-1.317444163193530358e+02
-1.357943026103421573e+02
-1.435802788406810464e+02
-1.557371457136543995e+02
-1.718456366041441186e+02
-1.906471835600411282e+02
-2.103928490274891487e+02
-2.291808772854523681e+02
-2.451727110070224569e+02
-2.566454952485899526e+02
-2.619343142642322277e+02
-2.593908040259491941e+02
-2.474751568140783604e+02
-2.250067699665801797e+02
-1.914954497213115587e+02
-1.474276995825499057e+02
-9.439999835779265425e+01
-3.504217124623089319e+01
2.726831011691010076e+01
8.885012849425882564e+01
1.462361363783462309e+02
1.966670849827501115e+02
2.384610950819598827e+02
2.711739674750057247e+02
2.955055075255478414e+02
3.129722821989320778e+02
3.254430023292900955e+02
3.346826497986689901e+02
3.420384727661911484e+02
3.483318656436775882e+02
3.539401248093776076e+02
3.589948578624324114e+02
3.635949806742878536e+02
3.679311549331698075e+02
3.722540430290667928e+02
3.766959611524140428e+02
3.810458032926460419e+02
3.846191611588072305e+02
3.863191494600477540e+02
3.848791452454254340e+02
3.791944904520136674e+02
3.686306638482143399e+02
3.532133660958104429e+02
3.336249589309718431e+02
3.109734147466353420e+02
2.863981335419089191e+02
2.606865221926835261e+02
2.340970364396542323e+02
2.064823505675581430e+02
1.776458881360237569e+02
1.477432124984024142e+02
1.175184557486514620e+02
8.825187513239811210e+01
6.144117748070146945e+01
3.836613087313790516e+01
1.972312656511422446e+01
5.453027108134390843e+00
-5.217975970099981708e+00
-1.357293619444827470e+01
-2.109721670364174884e+01
-2.913282592903256329e+01
-3.856909195756803399e+01
-4.965395269809401668e+01
-6.199104850262773425e+01
-7.473565378925231073e+01
-8.693296645203579942e+01
-9.788549570953585999e+01
-1.074211948081138246e+02
-1.159673894374523968e+02
-1.244020648783844365e+02
-1.337299221568584358e+02
-1.446927792919931619e+02
-1.574546543394387186e+02
-1.714869365431424910e+02
-1.857092728558243380e+02
-1.988333177027603256e+02
-2.097637186731853376e+02
-2.178955389217374545e+02
-2.232209921734839213e+02
-2.262596995839117540e+02
-2.278788969652258629e+02
-2.290612317675212353e+02
-2.306598452225293840e+02
-2.331886284452778568e+02
-2.367066426101527554e+02
-2.408346348445026592e+02
-2.448941832901410294e+02
-2.481223563387301283e+02
-2.499085539697693434e+02
-2.500091200007773864e+02
-2.486887379210135123e+02
-2.467202398000937364e+02
-2.451923407546411795e+02
-2.451542042778713153e+02
-2.472223107129376558e+02
-2.513066553381012227e+02
-2.565454750323441431e+02
-2.614227488168630202e+02
-2.639665584296807879e+02
-2.619343142642322277e+02
-2.529657362718990044e+02
-2.347664923801931423e+02
-2.054045611613092888e+02
-1.637241859752034543e+02
-1.097599471206776229e+02
-4.496953935029085869e+01
2.784235772689169153e+01
1.049094311844550447e+02
1.820888994501932530e+02
2.554947444723092644e+02
3.220399360294514963e+02
3.797847268428047300e+02
4.280358445696946319e+02
4.671995674175786917e+02
4.984474640539076518e+02
5.232922179710699311e+02
5.431905307400395486e+02
5.592857982342411560e+02
5.723566455508215540e+02
5.829478102873350736e+02
5.915724268867284081e+02
5.988501098617434764e+02
6.055008944622239824e+02
6.122067851881641900e+02
6.194146210886983681e+02
6.271596141957279542e+02
6.349669674836145532e+02
6.418715836452978465e+02
6.465721381630514770e+02
6.476857280649546738e+02
6.440202862553555860e+02
6.347817447719069150e+02
6.196783497424592042e+02
5.989291344389598635e+02
5.732035399112256755e+02
5.435228721412416917e+02
5.111483491389559504e+02
4.774679653753192952e+02
4.438861375366088282e+02
4.117234392421407847e+02
3.821391316701655683e+02
3.560785096859051464e+02
3.342211323386565596e+02
3.168976082010094046e+02
3.039772558835378504e+02
2.947788256634108848e+02
2.880726426335600650e+02
2.822187730608704896e+02
2.754453373690101330e+02
2.662204278493998117e+02
2.536154818775414981e+02
2.375308915695020175e+02
2.186900445963746051e+02
1.983969771018141728e+02
1.781458191324188647e+02
1.592160171143360969e+02
1.423698077448099184e+02
1.277135156321785558e+02
1.147305846567739991e+02
1.024603173616416143e+02
8.978046081181074101e+01
7.574450178082133789e+01
5.990856505484549643e+01
4.255004372171177351e+01
2.466328336924507880e+01
7.671648921202859128e+00
-7.076305649409476928e+00
-1.883277471174960738e+01
-2.777185344861501903e+01
-3.496358960735997812e+01
-4.201144715013003861e+01
-5.050582251635813691e+01
-6.151198071207335261e+01
-7.527577892228572409e+01
-9.122328222049384294e+01
-1.082100302599906740e+02
-1.248944163692345910e+02
-1.400965566821202515e+02
-1.530555499319905834e+02
-1.635662032335270624e+02
-1.720050735777656996e+02
-1.792437189666094923e+02
-1.864426049996831125e+02
-1.947508383048790392e+02
-2.049775069061227555e+02
-2.173063177351944546e+02
-2.310982022458761094e+02
-2.448104612777441389e+02
-2.560703831295135160e+02
-2.619343142642322277e+02
-2.593116815703221505e+02
-2.454761781972572976e+02
-2.185756808478943185e+02
-1.780604608458066309e+02
-1.249614376993300198e+02
-6.193550497965679824e+01
7.001395484777688694e+00
7.706312189507195853e+01
1.434911893474644273e+02
2.023505437655098262e+02
2.511076273656713056e+02
2.888604648909411026e+02
3.162070597655937831e+02
3.348332241919512171e+02
3.469553173037385250e+02
3.547679079068253714e+02
3.600260182579950197e+02
3.638454298126148387e+02
3.667390742184521173e+02
3.688305172163929910e+02
3.701261480918908546e+02
3.707202001872370261e+02
3.708528190829192113e+02
3.708142792564833599e+02
3.707564931709199527e+02
3.705089544620882407e+02
3.694884783597742057e+02
3.667505344184502860e+02
3.611752536603897852e+02
3.517329166219764147e+02
3.377442603839892286e+02
3.190453231063848989e+02
2.959921515297931478e+02
2.693023670438313388e+02
2.398060148464591066e+02
2.082232431813905293e+02
1.750745288485192646e+02
1.407643747108895980e+02
1.057837701286024128e+02
7.089535648430376114e+01
3.715954367901440492e+01
5.752822120777551618e+00
-2.233431342627741145e+01
-4.655010565736812822e+01
-6.684771895693572219e+01
-8.355253741990534877e+01
-9.714582129345512840e+01
-1.081184480080815007e+02
-1.169722569889446220e+02
-1.243180251697011158e+02
-1.309388778937012319e+02
-1.377118373997170693e+02
-1.453851200987047889e+02
-1.543222482458807576e+02
-1.643686258450297828e+02
-1.749348261375196500e+02
-1.852634099038824615e+02
-1.947454573723252054e+02
-2.031415836188115236e+02
-2.106250127945267820e+02
-2.176493889105262838e+02
-2.247162320753135702e+02
-2.321528136295270315e+02
-2.399871076648276471e+02
-2.479359648412640240e+02
-2.554706467396512721e+02
-2.619343142642322277e+02
-2.667180971656990778e+02
-2.694844283777682676e+02
-2.703588228151190833e+02
-2.699716677298313243e+02
