-7.589511831391870089e+01
-9.409808445351590933e+01
-1.104967073098631261e+02
-1.237985334470046439e+02
-1.335848939445224914e+02
-1.402883637164197239e+02
-1.449146994692042369e+02
-1.486882990425328899e+02
-1.527636159070069937e+02
-1.580377621378092385e+02
-1.650305344480433405e+02
-1.738158961406073217e+02
-1.840378381861839614e+02
-1.950340705106921178e+02
-2.060178389004162227e+02
-2.162226886609772123e+02
-2.249620431593541809e+02
-2.316479293044896224e+02
-2.358537474568331049e+02
-2.374527531747568219e+02
-2.367647946491026403e+02
-2.345915869199447741e+02
-2.320694551453797203e+02
-2.303812332974736705e+02
-2.304544735104970528e+02
-2.327708287431647136e+02
-2.373325050689824423e+02
-2.437343643355680456e+02
-2.512396054385282582e+02
-2.587844042671200668e+02
-2.649119952767105133e+02
-2.676977209994250302e+02
-2.647471950143322488e+02
-2.533466917271823604e+02
-2.308234150654969028e+02
-1.951086439584858283e+02
-1.453865187842577313e+02
-8.261131433986396644e+01
-9.658225464320182141e+00
6.903237107630366154e+01
1.482730787787067470e+02
2.231683543590818886e+02
2.900284961619046840e+02
3.468696506110688915e+02
3.933918158288576592e+02
4.305244058201426469e+02
4.597529037585496212e+02
4.824724215374007485e+02
4.995790690489574217e+02
5.114157744341684975e+02
5.180358095497271051e+02
5.195890697583986366e+02
5.165762385098402092e+02
5.098119772753034340e+02
5.001341121356650774e+02
4.880590051806042311e+02
4.736044150218694995e+02
4.563737435537479428e+02
4.358237535411019508e+02
4.115506919505014594e+02
3.834695720296360264e+02
3.518597341106446379e+02
3.173110400777927680e+02
2.806066965091935117e+02
2.425753550680059334e+02
2.039683761568620071e+02
1.654226838488199576e+02
1.275144261119534121e+02
9.083808527665199506e+01
5.603699985077708590e+01
2.376966858237508617e+01
-5.350747130805519447e+00
-3.081687511689212045e+01
-5.231037786579604898e+01
-6.984031879423885414e+01
-8.389935927089251777e+01
-9.551565670508423977e+01
-1.060842502311687952e+02
-1.169802812677596506e+02
-1.290985942658839747e+02
-1.425274151828900528e+02
-1.565149509749847994e+02
-1.697617621166985202e+02
-1.809294440868051197e+02
-1.891547796223913167e+02
-1.943462745617802625e+02
-1.971409016178786544e+02
-1.985748718484418021e+02
-1.996698004648404776e+02
-2.011538127582633990e+02
-2.034157649498191063e+02
-2.066291255289623336e+02
-2.109006889580298605e+02
-2.163322243149778785e+02
-2.229730055382030969e+02
-2.307156446596628427e+02
-2.392107032043749655e+02
-2.478517019356385163e+02
-2.558433897170546061e+02
-2.623419204733295373e+02
-2.666449077354863562e+02
-2.683908805466245440e+02
-2.676977209994250302e+02
-2.651624792423054942e+02
-2.616961263919088765e+02
-2.582498969417478065e+02
-2.555454323255289637e+02
-2.538990049269805809e+02
-2.531803466050204179e+02
-2.529067223010466137e+02
-2.524452914424659298e+02
-2.512702696269001876e+02
-2.491942912918353272e+02
-2.464766917245798368e+02
-2.437265485441606643e+02
-2.415828177859004882e+02
-2.402496039429522625e+02
-2.390399118847014392e+02
-2.361044082318708206e+02
-2.284934912898344237e+02
-2.126152078037912929e+02
-1.850127943346390111e+02
-1.432535406387140711e+02
-8.666458655070570671e+01
-1.668442922480046775e+01
6.329561627906328170e+01
1.485652262170060567e+02
2.340075936868460076e+02
3.150156412920698585e+02
3.881786172829908423e+02
4.516198185032510537e+02
5.049699927080165480e+02
5.490222947418365038e+02
5.851718049131618500e+02
6.148132084967429591e+02
6.388926783916567729e+02
6.577333825434714072e+02
6.711267446487565849e+02
6.785939574980877751e+02
6.797035586835547747e+02
6.743468292585139352e+02
6.628964667995702484e+02
6.462083037014760976e+02
6.254700086556551923e+02
6.019434702562560915e+02
5.766818255652824519e+02
5.503187608154669306e+02
5.230115885095997328e+02
4.945634180612963746e+02
4.646687746235592158e+02
4.331645251518067425e+02
4.001741822189615618e+02
3.661138350164055737e+02
3.316168330092602901e+02
2.974545434916096838e+02
2.644791218512356181e+02
2.335603769523790447e+02
2.054846192210459321e+02
1.808166946601055827e+02
1.597623884971201562e+02
1.420890412359585753e+02
1.271574360989315977e+02
1.140799944177035599e+02
1.019605437635999436e+02
9.012521735402890499e+01
7.825589996417637906e+01
6.638173520128118810e+01
5.473550164063583168e+01
4.352549103230546734e+01
3.271730502195484291e+01
2.194267747143486247e+01
1.060844318828009136e+01
-1.832007782087288206e+00
-1.558662142135202089e+01
-3.036663810396649410e+01
-4.542891870712412583e+01
-5.977427146500127719e+01
-7.240970629185400753e+01
-8.260226834562780596e+01
-9.008182755653351137e+01
-9.515392464156030883e+01
-9.867663879855660980e+01
-1.018729175300881309e+02
-1.060087627109114408e+02
-1.120368490646126247e+02
-1.203241479186484355e+02
-1.305366396969889706e+02
-1.417008633367171910e+02
-1.524445055082292697e+02
-1.613990180975415001e+02
-1.676722796392908776e+02
-1.712038566620295228e+02
-1.728090052281356748e+02
-1.738547822842332380e+02
-1.757121318791872113e+02
-1.792471193087662868e+02
-1.845787658624149685e+02
-1.911830488974890727e+02
-1.982591624579712857e+02
-2.051715168496328943e+02
-2.117693707906846043e+02
-2.184523887075665129e+02
-2.259524559355046449e+02
-2.348947674577954103e+02
-2.452654692535429035e+02
-2.559572520812822631e+02
-2.645830399018332741e+02
-2.676977209994250302e+02
-2.614268899079223161e+02
-2.423390102682739098e+02
-2.083176030822722851e+02
-1.591818837884043205e+02
-9.687667866237740100e+01
-2.515549758070964970e+01
5.117158011022972630e+01
1.271954292534673527e+02
1.987602581925277150e+02
2.629601473441935582e+02
3.182019149321213831e+02
3.639396072081833040e+02
4.002850267598525988e+02
4.276867952417454148e+02
4.467747497694069807e+02
4.583432270791536212e+02
4.633710303808607591e+02
4.629904401118339479e+02
4.583818502459880619e+02
4.506152288113733562e+02
4.404748725133324569e+02
4.283176365951495086e+02
4.140223528241588156e+02
3.970642363922249274e+02
3.766976118780602292e+02
3.521860756103239964e+02
3.230086442067582198e+02
2.889994555324294652e+02
2.504258994416815085e+02
2.080310349986675931e+02
1.630346396492018357e+02
1.170430177541241790e+02
7.183041843318426345e+01
2.902943555881878979e+01
-1.016617938809767452e+01
-4.518060940021683791e+01
-7.606197158733374408e+01
-1.033235696795798191e+02
-1.276787167379455639e+02
-1.497589350643704051e+02
-1.699186998050067245e+02
-1.882100526709063217e+02
-2.045356149341310754e+02
-2.188786335315130316e+02
-2.314421532429132640e+02
-2.425771194949380458e+02
-2.525229182475381720e+02
-2.611212047569731567e+02
-2.676977209994250302e+02
-2.712209958496248987e+02
-2.707023237985306423e+02
-2.656779540040674306e+02
-2.565612295240558751e+02
-2.446848219866971021e+02
