-1.063103435750832091e+02
-1.269975817440903256e+02
-1.461340668543569450e+02
-1.624248866158986857e+02
-1.749374790892073008e+02
-1.832761726397981192e+02
-1.877286563469813530e+02
-1.893071734651685460e+02
-1.895931326759975946e+02
-1.903656611509000527e+02
-1.931135244981909125e+02
-1.986173526192856968e+02
-2.067827918823983282e+02
-2.167970851456060473e+02
-2.275280828524591925e+02
-2.379662533259196948e+02
-2.474815192931298498e+02
-2.557450167260222145e+02
-2.623306175409359184e+02
-2.661931986902501421e+02
-2.653196465446320644e+02
-2.567969666055881817e+02
-2.373634072195983435e+02
-2.042969648494489832e+02
-1.563398799968115043e+02
-9.431127761707205082e+01
-2.115265513330685465e+01
5.863368135952576665e+01
1.399486011672234724e+02
2.181138628630486380e+02
2.896201760375028016e+02
3.524371880496587437e+02
4.058990033296726097e+02
4.503045323154846074e+02
4.864163077365178651e+02
5.150186257633197329e+02
5.366335130832776485e+02
5.514283457706490026e+02
5.593110418894234499e+02
5.601834939334113415e+02
5.542720085123705758e+02
5.423843676113234551e+02
5.259320439094574340e+02
5.066555346158602333e+02
4.861489576861789601e+02
4.653852215992707215e+02
4.444365816186738130e+02
4.224960023930694888e+02
3.981896984733919567e+02
3.700721026985016238e+02
3.371398864455485977e+02
2.992036892749574122e+02
2.570055255487499153e+02
2.120551835578559405e+02
1.662651993806717883e+02
1.215427349689166334e+02
7.949073594788119124e+01
4.128175837156004491e+01
7.664487976678103998e+00
-2.098290126711313874e+01
-4.461246632564822789e+01
-6.348782295089942806e+01
-7.816978747378212233e+01
-8.948935767113295014e+01
-9.848679647529473868e+01
-1.062878616563405245e+02
-1.139118720330237835e+02
-1.220649401464158359e+02
-1.310133536994595715e+02
-1.406094601144002638e+02
-1.504680821018808672e+02
-1.602123904634968881e+02
-1.696626543498052229e+02
-1.788620476729639108e+02
-1.879315373564095353e+02
-1.968619980964751335e+02
-2.053922568372023534e+02
-2.130615170412403074e+02
-2.194209635463554093e+02
-2.243040050018344118e+02
-2.280181680228395180e+02
-2.313471134891786392e+02
-2.353275302528925295e+02
-2.408586343762191859e+02
-2.482825875956630739e+02
-2.571177888811342882e+02
-2.660938240511473509e+02
-2.735081168807673748e+02
-2.777647414609883185e+02
-2.778792782846490468e+02
-2.737827872781941778e+02
-2.663661640161436139e+02
-2.572890778738572521e+02
-2.486121164495211815e+02
-2.423209922074543670e+02
-2.398294061651210995e+02
-2.415813822021098076e+02
-2.468900742533264179e+02
-2.540982343309469798e+02
-2.610268126431716951e+02
-2.655619078384865475e+02
-2.661931986902501421e+02
-2.623695831845583371e+02
-2.546166615472135959e+02
-2.444039150879589215e+02
-2.337688344824520641e+02
-2.247355759335492280e+02
-2.186271887175481652e+02
-2.154407567823834029e+02
-2.134952973801172789e+02
-2.095300783351531777e+02
-1.993084360796131591e+02
-1.786039020440303489e+02
-1.442827064713408731e+02
-9.512632889888880072e+01
-3.211428165029390414e+01
4.190204392138518585e+01
1.229593762593687529e+02
2.068541065069430260e+02
2.898232207760694905e+02
3.688862159435695958e+02
4.418804592503182107e+02
5.073284336684257596e+02
5.642736346042785271e+02
6.121569694341610557e+02
6.507458984012414476e+02
6.801045849436402477e+02
7.005918921454808697e+02
7.128736053862760400e+02
7.179243983837063752e+02
7.169808478108969894e+02
7.114148695041383235e+02
7.025364112263945344e+02
6.913751372430454012e+02
6.785052806890025749e+02
6.639714274411073802e+02
6.473525887161874834e+02
6.279590702815514760e+02
6.051019274694235719e+02
5.783443071008709921e+02
5.476569911626065732e+02
5.134414362716388496e+02
4.764336861892277852e+02
4.375545048750238379e+02
3.977993813300448096e+02
3.582261303771372241e+02
3.200065055965677630e+02
2.844355441652835452e+02
2.528013630990342335e+02
2.261040744723007379e+02
2.047215995329706857e+02
1.881878926666324787e+02
1.752294716826567083e+02
1.640977351435481637e+02
1.530880930782214477e+02
1.410321876758534927e+02
1.275500406348097897e+02
1.129647621301340337e+02
9.795800650920193675e+01
8.317290039449937922e+01
6.896075588197631134e+01
5.533705593866346817e+01
4.208317557874613613e+01
2.889510886663848055e+01
1.551967051457674529e+01
1.859853864217740238e+00
-1.196485714812277479e+01
-2.563069147117116131e+01
-3.871025152815593628e+01
-5.083251878453864947e+01
-6.182773936907861412e+01
-7.177723222356021893e+01
-8.093923483466707580e+01
-8.960192018353441767e+01
-9.796131093179548088e+01
-1.060932498298890891e+02
-1.140066309000986848e+02
-1.217006296091861941e+02
-1.291617696780006668e+02
-1.363116718460254901e+02
-1.429705463831273846e+02
-1.488835320839756378e+02
-1.538036222983188850e+02
-1.575951697027113596e+02
-1.603244610723920687e+02
-1.623126669404182962e+02
-1.641238325272331053e+02
-1.664579787242877842e+02
-1.699519707680969987e+02
-1.749613311447366755e+02
-1.814397906390962021e+02
-1.889936023743921965e+02
-1.970925425468388426e+02
-2.053349925258333997e+02
-2.136280135462128555e+02
-2.221741120911945018e+02
-2.312575352694969979e+02
-2.409381729709653541e+02
-2.507943273660887371e+02
-2.597821064009861516e+02
-2.661931986902501421e+02
-2.676912464706853712e+02
-2.614701756181757446e+02
-2.446121086898525050e+02
-2.146511136844436578e+02
-1.702385692440451521e+02
-1.117057646342806549e+02
-4.129733005485131514e+01
3.706573147194838214e+01
1.184664030353334283e+02
1.979112095200759427e+02
2.711914998937355676e+02
3.354349417907331485e+02
3.892507437658063623e+02
4.325352823250798906e+02
4.660864465626874562e+02
4.911653606770146325e+02
5.090973109423886740e+02
5.209659184995539363e+02
5.274299348043589362e+02
5.286751154072717327e+02
5.245096913587079825e+02
5.146035266602743832e+02
4.988210530627839603e+02
4.775222020832737257e+02
4.516810242005203122e+02
4.227396867434352998e+02
3.922334701334802958e+02
3.613255151147270112e+02
3.304408969758510466e+02
2.991671968260253607e+02
2.664886428977006290e+02
2.312803727322621796e+02
1.928781316437703595e+02
1.515052628661439371e+02
1.083850516466426370e+02
6.547715368933754121e+01
2.492813396146854643e+01
-1.154556004561581517e+01
-4.309718889755976079e+01
-6.985512042424880974e+01
-9.268120533956169993e+01
-1.127049416314101364e+02
-1.308397663640083124e+02
-1.474826250496128068e+02
-1.625009522054013189e+02
-1.754767169672484783e+02
-1.860727460752255524e+02
-1.943457234379227430e+02
-2.008658469408985070e+02
-2.066059995178571285e+02
-2.126705433466511863e+02
-2.199719646607101708e+02
-2.289367882959686540e+02
-2.392988253950492776e+02
-2.500481644289045846e+02
-2.596011270571159457e+02
-2.661931986902501421e+02
-2.684018177646145773e+02
-2.656393024375939262e+02
-2.584415999400607689e+02
-2.484198916415147664e+02
