-1.125652094267140235e+01
-2.850463314484405686e+01
-4.663458764402133738e+01
-6.610827819965001595e+01
-8.683075609229544511e+01
-1.081875156330758188e+02
-1.292598977907612152e+02
-1.491094541899650210e+02
-1.670268392266966941e+02
-1.826654854668802841e+02
-1.960168822513218458e+02
-2.072490678827030592e+02
-2.165026328308279631e+02
-2.237613036277380445e+02
-2.288646053550856436e+02
-2.316529484144430739e+02
-2.321826042275002635e+02
-2.309231885630737224e+02
-2.288382367385301563e+02
-2.272659100045140121e+02
-2.275892868177474213e+02
-2.307957871172006037e+02
-2.371030198876978830e+02
-2.458131640385043397e+02
-2.554603029890002688e+02
-2.642040747809102186e+02
-2.703505579146275295e+02
-2.728475861236427704e+02
-2.716008364081276909e+02
-2.675037211944296587e+02
-2.621642534079733764e+02
-2.574090846575242040e+02
-2.547186717428807015e+02
-2.547825584974885373e+02
-2.573368961523364078e+02
-2.613458891304752569e+02
-2.654498667217584966e+02
-2.684915534421721759e+02
-2.699037324124633415e+02
-2.698111689691550623e+02
-2.688316592477900713e+02
-2.676883159025938994e+02
-2.668164088809443228e+02
-2.661455591237344152e+02
-2.651594961723541246e+02
-2.632009613078817551e+02
-2.598644846095066328e+02
-2.552825883130044815e+02
-2.501791827471296585e+02
-2.456787405187046431e+02
-2.429455056466069891e+02
-2.427566783841975564e+02
-2.451127855196456267e+02
-2.489830417059635579e+02
-2.522681670356926134e+02
-2.520231299758451655e+02
-2.449179712674460063e+02
-2.278434441419148868e+02
-1.985200783324422389e+02
-1.559729102765020059e+02
-1.007848982915337501e+02
-3.509799232417545767e+01
3.763944497873193029e+01
1.131592585292576985e+02
1.870287785937572096e+02
2.553446028791550759e+02
3.152958004129222900e+02
3.654488759809107705e+02
4.056835073965639822e+02
4.368136065666069499e+02
4.600345671189017480e+02
4.764046439316876445e+02
4.865494660049824915e+02
4.906654372317869957e+02
4.887508613348821882e+02
4.809043724862306135e+02
4.675384592671878181e+02
4.494232225961390554e+02
4.275530899321332754e+02
4.029021210059452187e+02
3.761827826119904898e+02
3.477183488809617984e+02
3.174848595960450552e+02
2.853065077235727358e+02
2.511223208237540803e+02
2.152096616384157244e+02
1.782774605695402101e+02
1.414113790325081652e+02
1.059096195574543628e+02
7.305807991238337706e+01
4.387934520899096924e+01
1.890113360006020571e+01
-1.972988909281397696e+00
-1.941046260730065143e+01
-3.441426382606409362e+01
-4.800449736190653027e+01
-6.095061458521875863e+01
-7.364278482405620707e+01
-8.611609811787384672e+01
-9.818359361541422459e+01
-1.096046178797897426e+02
-1.202122317966616691e+02
-1.299580225841600623e+02
-1.388965149666202024e+02
-1.471700931286211471e+02
-1.550229497374602943e+02
-1.628019757550784448e+02
-1.708821187341394534e+02
-1.795204551403813298e+02
-1.887264071467917290e+02
-1.982413706900186980e+02
-2.076448942281206769e+02
-2.165217466377658582e+02
-2.246009115049447473e+02
-2.318180884292497694e+02
-2.383069968932031770e+02
-2.443376139342652493e+02
-2.501991716689352359e+02
-2.560338789297318272e+02
-2.616840288547856517e+02
-2.666555249605949030e+02
-2.702573851416545381e+02
-2.718684278479187242e+02
-2.711983820872521846e+02
-2.684202609775648511e+02
-2.641378585670838675e+02
-2.592386893674649286e+02
-2.547069386128823396e+02
-2.514380134107858566e+02
-2.500624587587219025e+02
-2.507976379283272763e+02
-2.533834993136631795e+02
-2.571644895310814150e+02
-2.613217504476771182e+02
-2.651664658400362100e+02
-2.683379816479191504e+02
-2.707700479939500156e+02
-2.724123827589775146e+02
-2.728475861236427704e+02
-2.710040158828554695e+02
-2.650968773382884933e+02
-2.528137190898502240e+02
-2.316935567216054039e+02
-1.996341933299298717e+02
-1.554542547082633064e+02
-9.939397040446696963e+01
-3.338390421706345990e+01
3.908320929016073819e+01
1.135271700347459785e+02
1.853652894232462245e+02
2.508182081669068282e+02
3.075208281549288358e+02
3.546487814921457584e+02
3.925860694156536965e+02
4.223438083490725603e+02
4.449970927503145504e+02
4.613286439479468299e+02
4.717260379405739741e+02
4.762639213206598470e+02
4.748637420358446093e+02
4.674542075326683062e+02
4.541122577877035837e+02
4.351931499524503124e+02
4.114293772288560831e+02
3.839289482224805852e+02
3.540153575646561421e+02
3.229427810626787050e+02
2.916118155401695162e+02
2.604277496063035642e+02
2.293835958301179971e+02
1.983470837014548636e+02
1.674180969105584893e+02
1.371580159588305605e+02
1.085396973084022534e+02
8.262193504799490995e+01
6.011951228973023831e+01
4.110491800265214124e+01
2.499445958272532664e+01
1.079971022115486257e+01
-2.509653948479025232e+00
-1.570126328726016141e+01
-2.912909955712302690e+01
-4.274841921621698759e+01
-5.625517517505936382e+01
-6.927845474824120231e+01
-8.154443815421849706e+01
-9.294814069622937325e+01
-1.035197294806863653e+02
-1.133379360158424021e+02
-1.224705170199858344e+02
-1.309766484873030947e+02
-1.389392531909663546e+02
-1.464813783709719246e+02
-1.537554395869203461e+02
-1.609190643560777687e+02
-1.681046061143601662e+02
-1.753756938598943975e+02
-1.826670482996731550e+02
-1.897286718182193113e+02
-1.961313228941089903e+02
-2.013969292341237747e+02
-2.052508090905090512e+02
-2.078775254159008057e+02
-2.100025021153655871e+02
-2.126944417795566551e+02
-2.169506788828454091e+02
-2.232673310233518578e+02
-2.314121394353651908e+02
-2.405124640728761847e+02
-2.494175274306450660e+02
-2.571627434139971911e+02
-2.633052818431278865e+02
-2.679586157553491148e+02
-2.715243256394024343e+02
-2.743061790922177465e+02
-2.762652809313946136e+02
-2.770781910015626863e+02
-2.764565536217518797e+02
-2.745144393774820628e+02
-2.719342962686174587e+02
-2.697924618404501871e+02
-2.690833454775559517e+02
-2.701263297056100896e+02
-2.720922384688237230e+02
-2.728475861236427704e+02
-2.692092649929425079e+02
-2.575609507488632062e+02
-2.346575104760905219e+02
-1.983911783015449828e+02
-1.483261041809398364e+02
-8.588562609493436639e+01
-1.415352774330438024e+01
6.267618568356776620e+01
1.400783822064734636e+02
2.140005812107795578e+02
2.814698058625299382e+02
3.408533826044660486e+02
3.917528693056879092e+02
4.346343546498349610e+02
4.703644299064611687e+02
4.998062854103285986e+02
5.235620130440681805e+02
5.418780140697522256e+02
5.546923087093912272e+02
5.617921395212842981e+02
5.630397244632556522e+02
5.585929399427910766e+02
5.490224302477438414e+02
5.352582350605563306e+02
5.183846705042635676e+02
4.993739573093033641e+02
4.788621984684936592e+02
4.570456747653186653e+02
4.337331048511765630e+02
4.085270421254796247e+02
3.810448576313427793e+02
3.510761885008762420e+02
3.186298913701681386e+02
2.839067626195957814e+02
2.472723063427578438e+02
2.092662412282160744e+02
1.706168067918820270e+02
