-2.767798424906360921e+01
-4.064734183261872857e+01
-5.198033850171479742e+01
-6.047100440501628782e+01
-6.562987471364534997e+01
-6.774644381861234876e+01
-6.773245805796400987e+01
-6.681082034151313565e+01
-6.615042003553773498e+01
-6.655739573028176892e+01
-6.831214911720964267e+01
-7.118944771274661321e+01
-7.463330880022047609e+01
-7.800811920992127568e+01
-8.083258162028161564e+01
-8.292092019228655886e+01
-8.439399012155757873e+01
-8.557205489841295787e+01
-8.680664150780488342e+01
-8.832917540695024172e+01
-9.017661153371470562e+01
-9.220988505863670071e+01
-9.419754854322229676e+01
-9.591799080040624403e+01
-9.724107925290184085e+01
-9.816923832055861965e+01
-9.883513456136489594e+01
-9.946240451465287435e+01
-1.002979439626772233e+02
-1.015266462822946067e+02
-1.031889363376068900e+02
-1.051322366632345222e+02
-1.070258214851744896e+02
-1.084483021275421351e+02
-1.090252182087379822e+02
-1.085672257126058042e+02
-1.071549874435739582e+02
-1.051391157735644839e+02
-1.030571348497316535e+02
-1.014962219068832496e+02
-1.009439512693786156e+02
-1.016698342917869127e+02
-1.036674630713981315e+02
-1.066630473573327293e+02
-1.101730331127899234e+02
-1.135845923509857300e+02
-1.162380522424597018e+02
-1.174984491586626945e+02
-1.168083105860818449e+02
-1.137192673903194589e+02
-1.079080376083515063e+02
-9.918742402826241289e+01
-8.752129050345857308e+01
-7.304650945643578552e+01
-5.609743249312924007e+01
-3.721991926309299004e+01
-1.715598328501187453e+01
3.217128959881467409e+00
2.299613050831882788e+01
4.139128626936766153e+01
5.785937701108147735e+01
7.218624791680615260e+01
8.448673177765195419e+01
9.511659492992427545e+01
1.045234605822091254e+02
1.130884919372251147e+02
1.210159878967891274e+02
1.283068440882551897e+02
1.348103616114811985e+02
1.403125220714322268e+02
1.446136705107554121e+02
1.475732787366693231e+02
1.491267931311382995e+02
1.492870834424870168e+02
1.481351390292935548e+02
1.457997673599173254e+02
1.424297659190430636e+02
1.381660171779938082e+02
1.331209999130695678e+02
1.273720906116955263e+02
1.209721621680086656e+02
1.139732635975900337e+02
1.064500520244469612e+02
9.850863954843927672e+01
9.027765310188978276e+01
8.189273380375561828e+01
7.348934261557923264e+01
6.520746860437077430e+01
5.719745701797776860e+01
4.961490012847464470e+01
4.260514470642467444e+01
3.628699178701141648e+01
3.073852403376432818e+01
2.597792011277323354e+01
2.193873165856773255e+01
1.845823141697888659e+01
1.530084109104147316e+01
1.221384602434665823e+01
8.986054968776350904e+00
5.483019072180137954e+00
1.656858434478457376e+00
-2.458454742837496987e+00
-6.763228978261658142e+00
-1.112333237643503558e+01
-1.541349491293675023e+01
-1.955925152302680203e+01
-2.356101075447162785e+01
-2.748756859857272516e+01
-3.143685990215319848e+01
-3.547870364071851412e+01
-3.960937160676802193e+01
-4.374839803864190912e+01
-4.778820001678070639e+01
-5.167367240921782212e+01
-5.546284753213653573e+01
-5.932436322730094247e+01
-6.346526874466792378e+01
-6.802658052069459416e+01
-7.300084359032040027e+01
-7.820798598260644496e+01
-8.333383538121546508e+01
-8.801313619316425729e+01
-9.193078154030959581e+01
-9.491313263591545990e+01
-9.698096422089146529e+01
-9.834212220246898539e+01
-9.932157310714022458e+01
-1.002530557726365856e+02
-1.013740953601656543e+02
-1.027643977877344668e+02
-1.043488706676525339e+02
-1.059586072390210205e+02
-1.074157416085201078e+02
-1.085964309066817890e+02
-1.094439625573176187e+02
-1.099436496040439550e+02
-1.101012412200841908e+02
-1.099574166641412489e+02
-1.096278085067233832e+02
-1.093224509599775160e+02
-1.093065360248882172e+02
-1.098087792025620217e+02
-1.109246009642569817e+02
-1.125644455201091034e+02
-1.144634471091653722e+02
-1.162306172702598133e+02
-1.174047671459894531e+02
-1.174984491586626945e+02
-1.160269804252910433e+02
-1.125268623761125468e+02
-1.065752951311568353e+02
-9.782942927030831015e+01
-8.609612083272558891e+01
-7.141572479935605600e+01
-5.411936092372252460e+01
-3.481987125740549516e+01
-1.432227422728812627e+01
6.523556424834105805e+00
2.697434429425704749e+01
4.648979634638222080e+01
6.474332702892110092e+01
8.156319300366426717e+01
9.685351310357951604e+01
1.105447921292898741e+02
1.225939553328895641e+02
1.330143922173629107e+02
1.418943505462318626e+02
1.493759932119654081e+02
1.556047022500554249e+02
1.606823661133610130e+02
1.646510880931444376e+02
1.675108096615236377e+02
1.692587456000451311e+02
1.699353648564199943e+02
1.696613598552028179e+02
1.686476283450301139e+02
1.671636367213184826e+02
1.654654596838718135e+02
1.637060009016196886e+02
1.618628907715745413e+02
1.597177063065999505e+02
1.569039144282850202e+02
1.530142644581293894e+02
1.477324889901873917e+02
1.409457777996702248e+02
1.328081998612042298e+02
1.237444886283982299e+02
1.143911621553265547e+02
1.054736886312589235e+02
9.763339686749235113e+01
9.124883577223010889e+01
8.632095689035499220e+01
8.248243162498043546e+01
7.914262139403852814e+01
7.571535231897452434e+01
7.183402480456786066e+01
6.746272170608055774e+01
6.286163630853543793e+01
5.843328491648197343e+01
5.452601733000735607e+01
5.128080504481992108e+01
4.857687595959750126e+01
4.608168979897266126e+01
4.337147900025775726e+01
4.007666470434630668e+01
3.601023525937620207e+01
3.124134123341693936e+01
2.608491154048553184e+01
2.100080999710702656e+01
1.643147167701613753e+01
1.264096396034741332e+01
9.627379817473304513e+00
7.148743650063364541e+00
4.845432486298538066e+00
2.396053851743689123e+00
-3.662173341282723982e-01
-3.423719356776977918e+00
-6.632266481420394655e+00
-9.826431707522669257e+00
-1.291178803699401101e+01
-1.589548753317371421e+01
-1.884659824529481753e+01
-2.182329457234556713e+01
-2.482141782115733264e+01
-2.777614566992623679e+01
-3.060927429666534749e+01
-3.328826693183007990e+01
-3.585888315185910358e+01
-3.842871652533750648e+01
-4.110990595371235656e+01
-4.395941069588860017e+01
-4.695993044520660931e+01
-5.005730506073396668e+01
-5.323247939313742449e+01
-5.656275356292999845e+01
-6.022698323141847254e+01
-6.443423176011668829e+01
-6.930183230356379909e+01
-7.475155856177251223e+01
-8.049285312530565761e+01
-8.611143903150178858e+01
-9.121843059498021944e+01
-9.558610222628206543e+01
-9.921403898620420136e+01
-1.023082596501762964e+02
-1.051854952469559805e+02
-1.081279687032467365e+02
-1.112237341980586507e+02
-1.142428910046044734e+02
-1.166085226669313641e+02
-1.174984491586626945e+02
-1.160572726635876535e+02
-1.116432418088198233e+02
-1.040185208324004975e+02
-9.341634691090557396e+01
-8.046411011822240766e+01
-6.599192234309508365e+01
-5.079979403733334919e+01
-3.547543009036355244e+01
-2.032942885179681625e+01
-5.447699769160212924e+00
9.203609547391042867e+00
