-8.565207540137745212e+00
-1.628756446437379424e+01
-2.334489528107392431e+01
-2.915583738440249206e+01
-3.321984706849916336e+01
-3.510761472676469452e+01
-3.447611832638158091e+01
-3.113968077921980537e+01
-2.517105901920861655e+01
-1.696893942024201607e+01
-7.238953171659503028e+00
3.119906138152238384e+00
1.318905514933374334e+01
2.221221370221435976e+01
2.973645378074581913e+01
3.567484973342278209e+01
4.027022764772733865e+01
4.396671770971299509e+01
4.723102261225417919e+01
5.039066016484324706e+01
5.354875366296640493e+01
5.659427213988823269e+01
5.928378819270014333e+01
6.135262993040885959e+01
6.261534110565343525e+01
6.302193848300025536e+01
6.264864186150109049e+01
6.162976951638192702e+01
6.007263293640554025e+01
5.800891994177916899e+01
5.540849685148881321e+01
5.223922460311347038e+01
4.853345283696785373e+01
4.442470635278891677e+01
4.013511221521221017e+01
3.591771353189467675e+01
3.198035277225877593e+01
2.842685069868945646e+01
2.524046457037223590e+01
2.231149680989136996e+01
1.949108876679254010e+01
1.664808193553097126e+01
1.371286511916245132e+01
1.069963173201736772e+01
7.700917604993549048e+00
4.852136011424687645e+00
2.275739850979019430e+00
2.883323060034026497e-02
-1.919082832769668512e+00
-3.665666344320327230e+00
-5.322857950041552932e+00
-6.959228909464684421e+00
-8.567074860351597820e+00
-1.006948101112088700e+01
-1.136113739844940973e+01
-1.236141343169635043e+01
-1.305755665455760806e+01
-1.352559145998215229e+01
-1.392420998035932200e+01
-1.445894457288558144e+01
-1.531961251807637581e+01
-1.660845934876563490e+01
-1.828895516929922849e+01
-2.018325274967692096e+01
-2.202986624666310789e+01
-2.358820528753535584e+01
-2.474896777846403850e+01
-2.559432123200981835e+01
-2.636936822767000166e+01
-2.737281508645318695e+01
-2.881723794868922539e+01
-3.071955416821744222e+01
-3.286231435012099666e+01
-3.483835980904894569e+01
-3.616939006744726015e+01
-3.646837965291430805e+01
-3.559284521905775733e+01
-3.372563175366814647e+01
-3.133979304702486957e+01
-2.905014141893344970e+01
-2.740330885117935367e+01
-2.668768765052829650e+01
-2.684045512492974694e+01
-2.749012442019532898e+01
-2.811559542690500280e+01
-2.825366108133449217e+01
-2.767027778109305558e+01
-2.643308783360778591e+01
-2.486791422579486266e+01
-2.342595551875525928e+01
-2.251753034602482728e+01
-2.237840643519410833e+01
-2.302023870921640025e+01
-2.427590584188287437e+01
-2.590219280945977687e+01
-2.767931104941163767e+01
-2.946325499927455382e+01
-3.118051700683407290e+01
-3.277705893428964856e+01
-3.414354264783781190e+01
-3.504750185644407878e+01
-3.510761472676469452e+01
-3.383574551021101229e+01
-3.074730851110857799e+01
-2.550722944441136519e+01
-1.805244341906717409e+01
-8.633759113052420275e+00
2.241886654402328816e+00
1.393443340556114407e+01
2.579583929886621974e+01
3.725074164503637064e+01
4.782792307449052061e+01
5.716748965849571107e+01
6.502851393350995579e+01
7.130266085477296656e+01
7.602020961800462828e+01
7.932969156538283073e+01
8.144777643749085883e+01
8.260366367190603398e+01
8.301383415913078068e+01
8.289823411775222439e+01
8.250874393664730633e+01
8.212846553818873474e+01
8.202846946487444768e+01
8.240501216931590989e+01
8.332931816933512437e+01
8.472452446495833556e+01
8.636735622586181194e+01
8.791083665476654119e+01
8.893064791390804658e+01
8.899900602866651411e+01
8.778161915719898900e+01
8.513767627147777262e+01
8.118771515371861369e+01
7.631210747672544414e+01
7.106278804314106878e+01
6.600739384531652831e+01
6.155934209988328121e+01
5.786061723237672538e+01
5.476690693586607495e+01
5.194218541204455164e+01
4.902216127787468736e+01
4.577727951643188931e+01
4.220847801544753963e+01
3.854028018736631367e+01
3.512236309356738673e+01
3.229014086657144134e+01
3.024679074215103824e+01
2.900918402884444447e+01
2.842279688645120572e+01
2.821972097527555690e+01
2.808629905050802478e+01
2.771948571626632329e+01
2.686753041760063709e+01
2.536013926236238802e+01
2.313363761563564935e+01
2.024927165978703769e+01
1.689521075114463144e+01
1.336310773888832593e+01
9.996091345509741544e+00
7.112406844732676703e+00
4.920538137572179949e+00
3.455743381655764779e+00
2.569870445651698532e+00
1.986187391224738974e+00
1.399797271360249340e+00
5.822892377854671508e-01
-5.530091266756116397e-01
-1.950714793656068480e+00
-3.470281614646580692e+00
-4.962344714155275227e+00
-6.322997898278600815e+00
-7.508366417583932417e+00
-8.520359719464725146e+00
-9.386389275418402178e+00
-1.014871856137762407e+01
-1.086368177491031872e+01
-1.159985233943685401e+01
-1.242547763663584348e+01
-1.338701664748511888e+01
-1.448958013215128915e+01
-1.568788181583399677e+01
-1.689139538414634245e+01
-1.798948779444518919e+01
-1.890112466690080595e+01
-1.963526570851985298e+01
-2.032541661696463819e+01
-2.120406314571614814e+01
-2.251517211863828294e+01
-2.440024835775497536e+01
-2.681007881926172587e+01
-2.948527084204627613e+01
-3.202132032352960067e+01
-3.399653599066156318e+01
-3.510761472676469452e+01
-3.524875978007394650e+01
-3.449628454651190168e+01
-3.300963193577409527e+01
-3.090426934191804520e+01
-2.816848870813919348e+01
-2.466901074364813695e+01
-2.023458446604049854e+01
-1.476311095640295790e+01
-8.295391870692675695e+00
-1.029336928857111033e+00
6.715237486346078200e+00
1.455041944662194453e+01
2.206603526599178622e+01
2.886419022292512793e+01
3.459877814772913496e+01
3.903142530956136369e+01
4.209056925438948582e+01
4.389996015731671264e+01
4.474759805323849093e+01
4.499795445331114507e+01
4.498757650290281873e+01
4.495330768398395804e+01
4.501328005252076281e+01
4.518446525200245389e+01
4.541164104374535526e+01
4.559671488601122746e+01
4.562628242525552480e+01
4.539137197167345050e+01
4.479348173199333161e+01
4.374346165282607046e+01
4.216869845846522935e+01
4.003309724383613144e+01
3.735354249007799154e+01
3.419327802383075010e+01
3.063564794795588853e+01
2.676557613678304648e+01
2.268090362038859098e+01
1.852300522458398646e+01
1.448841800197881113e+01
1.079023274301538393e+01
7.577523280284873763e+00
4.859989514094506191e+00
2.489861212338473351e+00
2.200504526297439867e-01
-2.188231172272948832e+00
-4.862759126961320177e+00
-7.771570577375420896e+00
-1.074750082970914988e+01
-1.357151127534850410e+01
-1.607771214501490675e+01
-1.823559812206268305e+01
-2.017332477846314376e+01
-2.212776837696004151e+01
-2.433436212550692801e+01
-2.689427905839946575e+01
-2.967471858630782577e+01
-3.229981274920612577e+01
-3.425968006951391942e+01
-3.510761472676469452e+01
-3.466338229185035402e+01
-3.312822920448118680e+01
-3.105180443536431767e+01
-2.915536764494734712e+01
-2.808036324408016071e+01
-2.816432255324181710e+01
-2.932908160025791489e+01
-3.111378108467782511e+01
