2.374093616708746968e+00
7.848039668171491456e-02
-2.716833866283871579e+00
-6.298957909140048272e+00
-1.062309862056744691e+01
-1.531803195399228557e+01
-1.981866884815115171e+01
-2.356655730743487709e+01
-2.619816044843576819e+01
-2.765982984495811792e+01
-2.822366572284920494e+01
-2.840678685011059201e+01
-2.881622739897722596e+01
-2.996166613595874395e+01
-3.209517789820790767e+01
-3.513534724958494593e+01
-3.870537111279993070e+01
-4.227136712332265489e+01
-4.532552398805093219e+01
-4.753936756516937123e+01
-4.883168302206108535e+01
-4.934454989834927119e+01
-4.936343832249776398e+01
-4.922528227492620800e+01
-4.923885132067622550e+01
-4.962300430047549327e+01
-5.046674860366648829e+01
-5.171986164965800015e+01
-5.321845464345735621e+01
-5.473893276685572573e+01
-5.606555683447972172e+01
-5.705134092384800226e+01
-5.765050163679977402e+01
-5.790923168747052330e+01
-5.791924141888354427e+01
-5.775723518268256385e+01
-5.744420485617160921e+01
-5.695092544790445288e+01
-5.624800117071868044e+01
-5.536818771034496933e+01
-5.444109242300540075e+01
-5.367988607425176895e+01
-5.332572587896532923e+01
-5.357081430710626080e+01
-5.448718436137292542e+01
-5.599105346225749713e+01
-5.786656045858222797e+01
-5.984916426529778732e+01
-6.173241101616913795e+01
-6.343570448990607247e+01
-6.498133100921779715e+01
-6.637594693927488265e+01
-6.744384625394309296e+01
-6.768585254478931290e+01
-6.623220878764223585e+01
-6.192997647617652035e+01
-5.356549867315239055e+01
-4.018017311517182577e+01
-2.140345307361622673e+01
2.294692937663153742e+00
2.953342090166657385e+01
5.820018163322536253e+01
8.586201942929376685e+01
1.102897104423793877e+02
1.299212272283759830e+02
1.441201634181855127e+02
1.531745939407003902e+02
1.580763581456608904e+02
1.601759626573882542e+02
1.608183820402213939e+02
1.610487828188564663e+02
1.614471068137778502e+02
1.621085492722679362e+02
1.627438040529392538e+02
1.628485705621688453e+02
1.618949740913662936e+02
1.595135860217517347e+02
1.556389212313868313e+02
1.505788108909367793e+02
1.449654667917410507e+02
1.395792003892244679e+02
1.350931125194459810e+02
1.318311638316023391e+02
1.296364864343682370e+02
1.279087106248570649e+02
1.258028621589895835e+02
1.225163347906146356e+02
1.175552299995314058e+02
1.108816094476114671e+02
1.028934585138339770e+02
9.425972062277509167e+01
8.569240610235473810e+01
7.775513421253447177e+01
7.077465287054074849e+01
6.486302522030592854e+01
6.000897200934633702e+01
5.617876544020336382e+01
5.337888516775440451e+01
5.165892166914230188e+01
5.105927116343222849e+01
5.152893067847164588e+01
5.285330627575106632e+01
5.463296679066566952e+01
5.633216462994653284e+01
5.738037891235164523e+01
5.728983234322730311e+01
5.575805316081481067e+01
5.273676861464753074e+01
4.845091346041436964e+01
4.335467139170735607e+01
3.802726566284099619e+01
3.303277532404320738e+01
2.878258018931825646e+01
2.544243370216780420e+01
2.291773555954170405e+01
2.092575783610058693e+01
1.912629098144195083e+01
1.725221345579160825e+01
1.517968683563506715e+01
1.290861739253779916e+01
1.047382457583683646e+01
7.849926730833768573e+00
4.919362196576436475e+00
1.531987259181590844e+00
-2.378108158114045523e+00
-6.692538747444856995e+00
-1.109215023018838764e+01
-1.514566405047137465e+01
-1.846557303783356474e+01
-2.085315604263358580e+01
-2.236313183526092985e+01
-2.326979758986444580e+01
-2.396628802698332805e+01
-2.484208591834135404e+01
-2.616966647852436978e+01
-2.801929713625354168e+01
-3.022357307198168996e+01
-3.241620273518304884e+01
-3.415423533252580057e+01
-3.509649190291669640e+01
-3.517142318428854253e+01
-3.465395821809330812e+01
-3.410083451280277700e+01
-3.415641715071588180e+01
-3.530446557888103598e+01
-3.767414554720740227e+01
-4.099034665087314977e+01
-4.469070180941731962e+01
-4.814934825577884681e+01
-5.089982420157926413e+01
-5.276236045588099444e+01
-5.384036441880149937e+01
-5.441720391035613602e+01
-5.482051970157267817e+01
-5.531882597999593543e+01
-5.608719497810074017e+01
-5.723548642668545483e+01
-5.884738092554464117e+01
-6.096330383779948647e+01
-6.347761863850020347e+01
-6.598822754771407517e+01
-6.768585254478931290e+01
-6.737023563048086316e+01
-6.363636840800991479e+01
-5.520903096088117934e+01
-4.133827188267520114e+01
-2.213066875634130781e+01
1.306453638863587230e+00
2.698492026014944756e+01
5.241648412493844944e+01
7.515732766632672224e+01
9.334961698632747584e+01
1.060885405844228728e+02
1.135096954922954495e+02
1.165922974333827256e+02
1.167621369372748745e+02
1.154310645297253757e+02
1.136204522554159979e+02
1.117798972025143627e+02
1.098342789268618276e+02
1.074017584841968613e+02
1.040687156008057173e+02
9.961239465066326204e+01
9.411180604547347173e+01
8.794161055008967764e+01
8.167568219596196855e+01
7.593682270983471483e+01
7.122935408376604016e+01
6.779138470661958138e+01
6.550400956443461098e+01
6.388884338391161322e+01
6.220568072514356572e+01
5.963177196534085311e+01
5.547728915700452035e+01
4.937899047351382364e+01
4.141666850377799136e+01
3.211283647029908650e+01
2.230675265839945354e+01
1.293799650661319234e+01
4.815037474099739256e+00
-1.549809861279728196e+00
-5.997171282604446318e+00
-8.682516520346297284e+00
-9.985964366263061720e+00
-1.040667947130133086e+01
-1.045968861066728550e+01
-1.058384975345190959e+01
-1.107262535656689373e+01
-1.204213299632829681e+01
-1.344462060122670266e+01
-1.512197392038880572e+01
-1.687893444214228111e+01
-1.854706033125117060e+01
-2.001950867348564600e+01
-2.126147295678470428e+01
-2.231561894981811633e+01
-2.330761722026284488e+01
-2.443341774795434418e+01
-2.591028161559465914e+01
-2.790002226860063317e+01
-3.043786211904912875e+01
-3.340236792903932184e+01
-3.654296071509469357e+01
-3.955540870742921555e+01
-4.217607558935691969e+01
-4.426101076486844477e+01
-4.582515625286704619e+01
-4.703139198608053562e+01
-4.813404575650883999e+01
-4.939698663295361314e+01
-5.101723327303677280e+01
-5.308195190521902163e+01
-5.556731336663538912e+01
-5.836105155961752189e+01
-6.127712133502639347e+01
-6.404815136341628090e+01
-6.631907096157901549e+01
-6.768585254478931290e+01
-6.780005635533976260e+01
-6.650837748345007583e+01
-6.395951390329813790e+01
-6.061509054606175084e+01
-5.713998815835812195e+01
-5.419995762026764652e+01
-5.224200078315244866e+01
-5.135191961776691016e+01
-5.125389019745751540e+01
-5.144816560820773788e+01
-5.141615615547637219e+01
-5.080147443960652254e+01
-4.950939364975025825e+01
-4.771706676653807477e+01
-4.581176437358371345e+01
-4.427585515367614732e+01
-4.354042850910249740e+01
-4.384307131130746171e+01
-4.513977155734886537e+01
-4.711914811650946433e+01
-4.933138287210432793e+01
-5.138152508811645447e+01
-5.309180605093460770e+01
-5.455004318059202717e+01
