3.283794465147464336e+01
-2.160832531263979206e+01
-6.949564157529991348e+01
-1.059644927581788068e+02
-1.287826255413373815e+02
-1.383080264940896598e+02
-1.366761227318225451e+02
-1.267048032580008226e+02
-1.109768990243437230e+02
-9.134722316430274702e+01
-6.889205503667911046e+01
-4.416705141633097753e+01
-1.758157087751074243e+01
1.028739729676224712e+01
3.855235906093254528e+01
6.606225699279640651e+01
9.157906042118368362e+01
1.139920484892963515e+02
1.324947479217316300e+02
1.466867042691512211e+02
1.565927934936618158e+02
1.626109817162669344e+02
1.654104252565016111e+02
1.658059184775827362e+02
1.646300439731558640e+02
1.626167672124114745e+02
1.603103062378264099e+02
1.580205032623487114e+02
1.558436520494948070e+02
1.537420742631682913e+02
1.516403202865886612e+02
1.494849199361310070e+02
1.472438005289670855e+02
1.448639320603384704e+02
1.422225256933980404e+02
1.390952811529467397e+02
1.351536586193815310e+02
1.300044838292636769e+02
1.232795136448611402e+02
1.147546639835737494e+02
1.044483054760590619e+02
9.265029868882818676e+01
7.987325141221951696e+01
6.675961989777576377e+01
5.398846131020065542e+01
4.220563046757205683e+01
3.197524057644993789e+01
2.373705705837095792e+01
1.775863559788914969e+01
1.408385688892706789e+01
1.248967526687084728e+01
1.247076845872870976e+01
1.328035941163699540e+01
1.405083767274969375e+01
1.398390272734698847e+01
1.255098885897019834e+01
9.620480804719104384e+00
5.454173770263587073e+00
5.768478048481551212e-01
-4.421140534936973232e+00
-9.069926126286926404e+00
-1.313690242523423990e+01
-1.665167972814532149e+01
-1.984562933506952831e+01
-2.303362722752303782e+01
-2.648587994423020575e+01
-3.034720166510713568e+01
-3.463841846729528129e+01
-3.932214581641830620e+01
-4.437255752751662641e+01
-4.979314791994154632e+01
-5.557107232636226257e+01
-6.160303640548084303e+01
-6.764616652458688861e+01
-7.333358530428994015e+01
-7.826168721291956842e+01
-8.212064018946065858e+01
-8.481327894875312268e+01
-8.650363174369920216e+01
-8.756744738862009569e+01
-8.847056131612710317e+01
-8.963575224694625376e+01
-9.134919701802664349e+01
-9.372270746415715337e+01
-9.670235272018796024e+01
-1.001080921949036053e+02
-1.036891361382487844e+02
-1.071777617994431893e+02
-1.103292508940751731e+02
-1.129504535551210722e+02
-1.149258791978849956e+02
-1.162361909351035791e+02
-1.169486954191812060e+02
-1.171694796517823818e+02
-1.169798414110609457e+02
-1.164034706268280104e+02
-1.154368242938082858e+02
-1.141294364559335293e+02
-1.126596159551605041e+02
-1.113465927848769468e+02
-1.105771267307516865e+02
-1.106780654718509140e+02
-1.117993771531040323e+02
-1.138645105916313440e+02
-1.166063971797610748e+02
-1.196630508431826314e+02
-1.226808561266094557e+02
-1.253817559344734178e+02
-1.275855630595806502e+02
-1.292105306766735566e+02
-1.302794319247020951e+02
-1.309363869032195566e+02
-1.314505487576362839e+02
-1.321676481343342857e+02
-1.333837148131095773e+02
-1.351549875575679209e+02
-1.371038755029220226e+02
-1.383080264940896598e+02
-1.373515653771738130e+02
-1.325693357135739348e+02
-1.224383487540500255e+02
-1.060001454922567063e+02
-8.317229525388385980e+01
-5.484331816804269977e+01
-2.272357300524033263e+01
1.099376149445316386e+01
4.405561630839090981e+01
7.454016159344038783e+01
1.011262719379447930e+02
1.231961321647360421e+02
1.407729389585917943e+02
1.543363930898681815e+02
1.645857415248463269e+02
1.722227464036858748e+02
1.778037206916093567e+02
1.816765437989297425e+02
1.839924099953432233e+02
1.847680484688715694e+02
1.839709492410102030e+02
1.816049625971749037e+02
1.777807639922474152e+02
1.727593383447470785e+02
1.669568187645932937e+02
1.609000206474860875e+02
1.551277520412242836e+02
1.500487031447343611e+02
1.457943967823508160e+02
1.421290282661952347e+02
1.384715346604849060e+02
1.340448509035115876e+02
1.281137502068229708e+02
1.202313676530148427e+02
1.104057495516361058e+02
9.912808835109161976e+01
8.725722689397986187e+01
7.580290510493490785e+01
6.567652040172367833e+01
5.748256068851138423e+01
5.141008599964222725e+01
4.725158512937120037e+01
4.453197360691893891e+01
4.269316937409697488e+01
4.126724764755997654e+01
3.998214169040824117e+01
3.876942702701686727e+01
3.768155255024819894e+01
3.676610713508451056e+01
3.596308846094469658e+01
3.507407020724085100e+01
3.381188654588945752e+01
3.189833383161192160e+01
2.915493453352251407e+01
2.554175554145430027e+01
2.113717644298954212e+01
1.608937380774235137e+01
1.057921080716578643e+01
4.811270126258358815e+00
-9.812986460915809062e-01
-6.545130511211327828e+00
-1.164347301772811250e+01
-1.611429206053364638e+01
-1.992529144710391620e+01
-2.319801564181927489e+01
-2.618460728877972699e+01
-2.920138725642963351e+01
-3.254112886289051687e+01
-3.639098815929249042e+01
-4.077824735553804203e+01
-4.555849246414494047e+01
-5.044931623918247965e+01
-5.509720712069388071e+01
-5.915728021046571428e+01
-6.237076746431871754e+01
-6.463240316383271988e+01
-6.603719380339630618e+01
-6.688660060999555412e+01
-6.763137790940891136e+01
-6.874517299288091010e+01
-7.055938151276004078e+01
-7.312362216799184012e+01
-7.615916892483238598e+01
-7.913905638381203289e+01
-8.147618876804294530e+01
-8.275039981951800883e+01
-8.287783180433505947e+01
-8.214351645773518840e+01
-8.108224705036705870e+01
-8.026832621897058573e+01
-8.011383670511045807e+01
-8.075867476362854802e+01
-8.208230400837850027e+01
-8.380904076323527363e+01
-8.564248654993633636e+01
-8.736669204968889346e+01
-8.888660086547989181e+01
-9.021977402859877770e+01
-9.146730344703084370e+01
-9.278093442188752249e+01
-9.432653524395657030e+01
-9.624403600781464263e+01
-9.861965272837690577e+01
-1.014913225783109851e+02
-1.048855223258140796e+02
-1.088509339167824521e+02
-1.134460309456367924e+02
-1.186656957714568819e+02
-1.243331936051615685e+02
-1.300055086985058495e+02
-1.349333279229655034e+02
-1.380958120976767134e+02
-1.383080264940896598e+02
-1.343815419873639883e+02
-1.253115183145706766e+02
-1.104668355967364590e+02
-8.976162544935505139e+01
-6.377484050696068607e+01
-3.376944393205204165e+01
-1.570750181101566056e+00
3.069615670053443779e+01
6.095548767035218418e+01
8.752011844978927968e+01
1.093189617038383119e+02
1.259511816861901536e+02
1.375780131321240276e+02
1.447232236757477040e+02
1.480700476467845306e+02
1.483179984648855054e+02
1.461176774895203039e+02
1.420576451533053728e+02
1.366585185996113978e+02
1.303475844444273548e+02
1.234233979725093775e+02
1.160414376881271039e+02
1.082473248539740780e+02
1.000619148298320340e+02
9.159004227221225847e+01
8.309440583503302946e+01
7.497523758157429086e+01
6.764076642333417055e+01
6.132093832681611900e+01
5.592155003709138583e+01
5.100583575007102155e+01
