4.315293496552718544e+00
1.429968766707583683e+01
2.293051911799206266e+01
2.919840872019700839e+01
3.262242663757609762e+01
3.323567968497874148e+01
3.141649861324322046e+01
2.767798930019099402e+01
2.251771208536743174e+01
1.636628352242285800e+01
9.606587844071174942e+00
2.606157277615860579e+00
-4.278158430433321335e+00
-1.072755538243061935e+01
-1.650054481078672453e+01
-2.146291525192222593e+01
-2.559697040928465128e+01
-2.898560125013208122e+01
-3.177183173719662079e+01
-3.410314215106954805e+01
-3.607918595647412019e+01
-3.772293304162495531e+01
-3.898472744715318328e+01
-3.977368516955405653e+01
-4.000420448954984920e+01
-3.964779919121443186e+01
-3.877918629536350892e+01
-3.759715219989345059e+01
-3.640028540987326977e+01
-3.551675094361907270e+01
-3.521488906567976329e+01
-3.563447713054764421e+01
-3.676587025440961298e+01
-3.847729137486660278e+01
-4.057027223554229778e+01
-4.283903864009921847e+01
-4.511601657737952564e+01
-4.729522633173898072e+01
-4.933384030989093105e+01
-5.123698045311822824e+01
-5.303381947624296089e+01
-5.475612908374650090e+01
-5.642749104051637232e+01
-5.805939152039645990e+01
-5.964265036754758142e+01
-6.113248803252297137e+01
-6.244305013914386393e+01
-6.346945611476520099e+01
-6.413683446300322544e+01
-6.445352915899633217e+01
-6.453709611744281460e+01
-6.459084823272831954e+01
-6.483156143182688425e+01
-6.539645145353540556e+01
-6.627463928131155058e+01
-6.730160167619177969e+01
-6.822370793535228017e+01
-6.880076860050982646e+01
-6.889398584469024911e+01
-6.849762655854911486e+01
-6.770177892003229658e+01
-6.660019606312523877e+01
-6.517595384092399513e+01
-6.321028373073232132e+01
-6.025947687408514497e+01
-5.572297123497118321e+01
-4.898950360533981296e+01
-3.961592944417100881e+01
-2.747929351543658782e+01
-1.285114744767147954e+01
3.628824286820853118e+00
2.106541474372455625e+01
3.846483074252110868e+01
5.489111680146402961e+01
6.959192630370039012e+01
8.207780470386246918e+01
9.214709864688948926e+01
9.985555272045586150e+01
1.054390479358707182e+02
1.092099771056654589e+02
1.114589886125425551e+02
1.123942405536113398e+02
1.121335494001591826e+02
1.107395886538787408e+02
1.082697418398128519e+02
1.048092677983679977e+02
1.004716176313963416e+02
9.537613289325855703e+01
8.963028701487672834e+01
8.333430904617428325e+01
7.660043305750124887e+01
6.956487729452457813e+01
6.238132674236884156e+01
5.520429192840441601e+01
4.817466992319659624e+01
4.140670617845778168e+01
3.496802383751021637e+01
2.885683880697193615e+01
2.299891893336222282e+01
1.728615444253696509e+01
1.165142892420384513e+01
6.140819167242668186e+00
9.349629558498326887e-01
-3.701114204331706681e+00
-7.516793931424574637e+00
-1.037351825999997956e+01
-1.229699880274639234e+01
-1.346794248405232786e+01
-1.416459666758830949e+01
-1.468444545970072213e+01
-1.527169910523791430e+01
-1.607208079500843212e+01
-1.712816060489320336e+01
-1.841126052617659781e+01
-1.986609803348616055e+01
-2.143954216380146249e+01
-2.308168153299489234e+01
-2.473166277801899327e+01
-2.631217868815400251e+01
-2.774783346544056784e+01
-2.900311275339414507e+01
-3.011937761469997454e+01
-3.122583167546902416e+01
-3.250837158986350772e+01
-3.413881995462102736e+01
-3.618878449837913536e+01
-3.856853021983012297e+01
-4.102953433367669334e+01
-4.324310021133604209e+01
-4.492821690098093512e+01
-4.597395744425583786e+01
-4.650150452660130895e+01
-4.683623622436178380e+01
-4.739694192055520006e+01
-4.854277731340086177e+01
-5.043869880704772157e+01
-5.299753216361133212e+01
-5.592577213860819541e+01
-5.885051763198696761e+01
-6.146512094267283999e+01
-6.362656075753136520e+01
-6.536541904230539046e+01
-6.680550099204195647e+01
-6.801897490974211280e+01
-6.886690176052991319e+01
-6.889398584469024911e+01
-6.734314967849709888e+01
-6.331433240121180006e+01
-5.602631296029413477e+01
-4.508948499537017796e+01
-3.068925772773011573e+01
-1.361216591617400873e+01
4.898408143053239350e+00
2.341061467701611676e+01
4.060680231987049638e+01
5.552430765576274041e+01
6.767260207532021354e+01
7.701817775413080369e+01
8.387181974115071625e+01
8.873115479391881877e+01
9.212582262266840871e+01
9.449626898446565804e+01
9.612416006400543722e+01
9.712304369248586511e+01
9.748257692398131269e+01
9.713980236489116749e+01
9.604060172703313469e+01
9.416238431882796078e+01
9.149212629520907569e+01
8.798171897074637116e+01
8.352024161395985402e+01
7.795761844603227075e+01
7.118643687185571878e+01
6.325153364823378155e+01
5.442962998954668308e+01
4.522398966009707522e+01
3.625847123856010512e+01
2.810991089629770201e+01
2.115122247920873022e+01
1.547152103820972080e+01
1.090253285449345455e+01
7.131820723422826802e+00
3.845065911184658347e+00
8.337644541369875206e-01
-1.965629938001477228e+00
-4.495128903206513371e+00
-6.633971284170399940e+00
-8.266879444332511540e+00
-9.344068715638034206e+00
-9.920010114349624430e+00
-1.016210763424784957e+01
-1.032662481718185177e+01
-1.070598207408650460e+01
-1.155951553358719508e+01
-1.304759334419035000e+01
-1.518988621041421894e+01
-1.786042548425970367e+01
-2.082166646847613833e+01
-2.379150953338574226e+01
-2.652733128350210734e+01
-2.889890827707285581e+01
-3.091884464108689201e+01
-3.271609900637940882e+01
-3.446867567502781071e+01
-3.633210857363603452e+01
-3.839505885580541644e+01
-4.067097690029931556e+01
-4.311617700862954905e+01
-4.565893219998778818e+01
-4.822623805565921629e+01
-5.075932931237465340e+01
-5.321479826660585388e+01
-5.555401974911176666e+01
-5.772844581896195848e+01
-5.967155638087398017e+01
-6.130598553208137957e+01
-6.256446156993216334e+01
-6.341345223098922190e+01
-6.386879142640643181e+01
-6.400169151779850552e+01
-6.394006533105904566e+01
-6.386552718900657055e+01
-6.399446730565506414e+01
-6.452586167845245768e+01
-6.555058260385574442e+01
-6.694449011084576284e+01
-6.829270664057436591e+01
-6.889398584469024911e+01
-6.786532676197414560e+01
-6.432392240855223520e+01
-5.759254648739842253e+01
-4.736987383015132025e+01
-3.382249318232431534e+01
-1.757710910116933434e+01
3.853942333141491261e-01
1.890679254221065975e+01
3.684918240558866387e+01
5.325811203588423126e+01
6.745774278904161747e+01
7.907955292487756083e+01
8.804624794059778026e+01
9.452795297020605858e+01
9.887504942794977580e+01
1.015303731326760186e+02
1.029336362813613022e+02
1.034395037628888332e+02
1.032677374482665442e+02
1.024923109144560698e+02
1.010659747084508524e+02
9.887048123906878061e+01
9.577757200522447079e+01
9.170437306137029054e+01
8.665321435462807642e+01
8.073247057200268273e+01
7.415363867498443540e+01
6.719987105160930696e+01
6.017216788284144968e+01
5.333042323973865706e+01
4.684539920630733434e+01
4.077120531992690644e+01
3.504454753094884722e+01
2.951227881735012204e+01
