-2.165445476604897124e+01
-3.116357915898283082e+01
-3.978102821496108277e+01
-4.670861285609154834e+01
-5.138006500697302670e+01
-5.359110948062735957e+01
-5.360850179273305827e+01
-5.219025282545619149e+01
-5.045076004155025373e+01
-4.956709801158982032e+01
-5.041438317099782296e+01
-5.327651572017938975e+01
-5.776167379753818665e+01
-6.296674105222871276e+01
-6.782682966604212993e+01
-7.150779906706186750e+01
-7.368577045297654138e+01
-7.461258985800010635e+01
-7.496154242544594126e+01
-7.553660829621944117e+01
-7.697293973248615373e+01
-7.954247048509719775e+01
-8.311947396791497056e+01
-8.728780960368045783e+01
-9.151890991740545189e+01
-9.533911449551274586e+01
-9.843377070758336345e+01
-1.006773009334387723e+02
-1.021073240979945354e+02
-1.028710461908235345e+02
-1.031702164494074339e+02
-1.032213408682961528e+02
-1.032325830609547523e+02
-1.033857177859190699e+02
-1.038114076901041614e+02
-1.045581548424195262e+02
-1.055664919805808779e+02
-1.066644336942785429e+02
-1.076008734925307522e+02
-1.081212587384371631e+02
-1.080544846400648709e+02
-1.073481971910345720e+02
-1.060062926404596766e+02
-1.039455969964632374e+02
-1.008455023149197700e+02
-9.607412508296633291e+01
-8.874316727411208205e+01
-7.789483559655486999e+01
-6.277231839398351099e+01
-4.308599296607570039e+01
-1.918324160726377414e+01
7.935495389613986816e+00
3.676172935649763218e+01
6.554770559121710960e+01
9.262478559162046565e+01
1.166758751446436975e+02
1.368820807949446419e+02
1.529198009370720683e+02
1.648488900798404302e+02
1.729674134912302748e+02
1.776996424078094208e+02
1.795420055818591436e+02
1.790438969490253385e+02
1.767789654010993559e+02
1.732818922059939268e+02
1.689650259467484261e+02
1.640517048917558043e+02
1.585542072343394295e+02
1.523029827018369247e+02
1.450216810236618414e+02
1.364356884306296820e+02
1.263858506989226669e+02
1.149025858965477767e+02
1.022075410813580731e+02
8.865335142090935960e+01
7.464769916822098139e+01
6.060301260170891169e+01
4.692071639789661219e+01
3.399170295231471783e+01
2.218707836831261915e+01
1.182183792375166220e+01
3.094256124642193129e+00
-3.971021968230611598e+00
-9.534943866182153727e+00
-1.388557747432103184e+01
-1.732400719115392107e+01
-2.004864429775054901e+01
-2.210378079221885628e+01
-2.343080506359944692e+01
-2.400287331051079320e+01
-2.396670370143574402e+01
-2.369930887869664815e+01
-2.373229154044435418e+01
-2.457565530315469715e+01
-2.653383470139072031e+01
-2.961028799082814089e+01
-3.354319411126267170e+01
-3.794017919271250605e+01
-4.243373941095028101e+01
-4.678527349713561989e+01
-5.090811195736100103e+01
-5.482408091167567221e+01
-5.859123055915383560e+01
-6.224002750123456451e+01
-6.574055464994012254e+01
-6.900478908058299510e+01
-7.191404549118877298e+01
-7.435685919237853625e+01
-7.626627554447300383e+01
-7.765070985793461489e+01
-7.861213871327554159e+01
-7.934118086697320393e+01
-8.008060189888288960e+01
-8.106312184478757388e+01
-8.244813283076959465e+01
-8.428811103730626542e+01
-8.654011460784245457e+01
-8.910872820145037565e+01
-9.188459667259047592e+01
-9.474866037634630800e+01
-9.754760021256660707e+01
-1.000796105930317026e+02
-1.021272374827151168e+02
-1.035378742509522709e+02
-1.043116979488680443e+02
-1.046367679926354270e+02
-1.048296112746145923e+02
-1.051975325671372161e+02
-1.058946294083943371e+02
-1.068421179855324965e+02
-1.077281059469091389e+02
-1.080544846400648709e+02
-1.072008200812967829e+02
-1.045042200627166693e+02
-9.936193817884839063e+01
-9.133708011347303568e+01
-8.022083550844814681e+01
-6.601940419660556358e+01
-4.888403165888195900e+01
-2.904175301088054439e+01
-6.779113209743995228e+00
1.751055282496895416e+01
4.325074778484953697e+01
6.963098197047168014e+01
9.562477127858095116e+01
1.200886098356081675e+02
1.419189338607126274e+02
1.602183169687973532e+02
1.744178134284197199e+02
1.843241973081294418e+02
1.900956057971137625e+02
1.921714683966773123e+02
1.911802266291114165e+02
1.878354615889140007e+02
1.828274710455714853e+02
1.767226719123158318e+02
1.698869172587041021e+02
1.624511631319013532e+02
1.543392225216736051e+02
1.453643118137785564e+02
1.353671119026025451e+02
1.243350703113691367e+02
1.124445541666333810e+02
1.000109262028857557e+02
8.738479311070837241e+01
7.485933564233894799e+01
6.264276893694898263e+01
5.090790179584066522e+01
3.987666545647911676e+01
2.986878274873364347e+01
2.126603920695851002e+01
1.439831341545955112e+01
9.405467377055863665e+00
6.146882754172653840e+00
4.210709585442094394e+00
3.024889316542454409e+00
2.021472061731019565e+00
7.882575724186322574e-01
-8.416438874056018093e-01
-2.786548850119103804e+00
-4.799334213670704230e+00
-6.604876653315843171e+00
-8.029660775989725607e+00
-9.065164138546057515e+00
-9.851579994284877628e+00
-1.061785212112610566e+01
-1.162608341700001446e+01
-1.313990715041731150e+01
-1.539994841773074086e+01
-1.858020538909908836e+01
-2.272507498889786248e+01
-2.770079406923962750e+01
-3.320113715719563174e+01
-3.881888206093834270e+01
-4.415811042252248342e+01
-4.894396365520083236e+01
-5.309096359797489129e+01
-5.670843156596610868e+01
-6.004087224543981449e+01
-6.336055829389790972e+01
-6.685202362093991724e+01
-7.054273318724239061e+01
-7.431655853830453395e+01
-7.799588931389348545e+01
-8.143499773582078660e+01
-8.457076560026285961e+01
-8.741693772622237191e+01
-9.002451660470786976e+01
-9.244213848175797921e+01
-9.470013203999617701e+01
-9.682022939196129130e+01
-9.883203118007673993e+01
-1.007726931668251495e+02
-1.026620459991946603e+02
-1.044680285224006582e+02
-1.060892694621380912e+02
-1.073743817843809012e+02
-1.081746654445157532e+02
-1.084021808699877454e+02
-1.080544846400648709e+02
-1.071780703552041984e+02
-1.057700231339582047e+02
-1.036496166607457639e+02
-1.003555885376944303e+02
-9.512964311024265385e+01
-8.702561327538185765e+01
-7.513940002412969932e+01
-5.890193741518638149e+01
-3.833734738385346930e+01
-1.418271815773532296e+01
1.219278514902477539e+01
3.905595418541746966e+01
6.467881669782937593e+01
8.768882361603860431e+01
1.072922786450589143e+02
1.233130485407496906e+02
1.360545316938382996e+02
1.460494367601651220e+02
1.537916415581301521e+02
1.595429449544199656e+02
1.632774005548388345e+02
1.647745569826866188e+02
1.638152096048003727e+02
1.603905642852702726e+02
1.548290008423423956e+02
1.477804218522423980e+02
1.400587481965927736e+02
1.323990724075865160e+02
1.252194838955888088e+02
1.184844216608560430e+02
1.117408113408180981e+02
1.043347217950867787e+02
9.573082064735069707e+01
8.579433194926032513e+01
7.490298808055877089e+01
6.384129543613121172e+01
5.353977795460392741e+01
4.478587471566874001e+01
3.801842692822920355e+01
3.325167910176420349e+01
3.011213809375349371e+01
2.794609203206343295e+01
