-1.251199702256853996e+01
3.529314405787063436e+01
7.266963042248272586e+01
9.232744917943693963e+01
9.206320194603586060e+01
7.472518011122285486e+01
4.657943469152387195e+01
1.496180122009835145e+01
-1.384968735967959574e+01
-3.593011693589214417e+01
-5.000553946834970986e+01
-5.695484162035672426e+01
-5.890310439084386473e+01
-5.829428008375851533e+01
-5.720281972974238727e+01
-5.697631787631894440e+01
-5.817704211807373582e+01
-6.074016440603182332e+01
-6.426067134512463497e+01
-6.831520887178916723e+01
-7.271354844404314122e+01
-7.758763066070980585e+01
-8.328621273628823474e+01
-9.013275969153670530e+01
-9.817568523239825140e+01
-1.070670564386319512e+02
-1.161393155886613897e+02
-1.246487274112800350e+02
-1.320744186153102078e+02
-1.383355463249429249e+02
-1.438235291707183592e+02
-1.492320423957716571e+02
-1.552682555006705627e+02
-1.623859374838727945e+02
-1.706571552339827349e+02
-1.798132171491894269e+02
-1.893969064289901780e+02
-1.989299185443400688e+02
-2.080208948882212496e+02
-2.163897398537799290e+02
-2.238301861421597607e+02
-2.301599747528597106e+02
-2.352066117143386919e+02
-2.388431127337669864e+02
-2.410451305499661885e+02
-2.419233893082209761e+02
-2.417045652255728783e+02
-2.406716876111112811e+02
-2.391040703640815650e+02
-2.372537091832944043e+02
-2.353590957496020337e+02
-2.336602542866376950e+02
-2.323769882491857288e+02
-2.316466593654048438e+02
-2.314556252984388607e+02
-2.316095057134367892e+02
-2.317659422449558519e+02
-2.315174843175582566e+02
-2.304916591624102296e+02
-2.284444658689341736e+02
-2.253412524790873590e+02
-2.214164547374631127e+02
-2.171862705033242946e+02
-2.133846268822647119e+02
-2.108135369541239754e+02
-2.101292609559756670e+02
-2.116086951891972205e+02
-2.149505320593662816e+02
-2.191618865301928452e+02
-2.225610708059026592e+02
-2.228963324468302005e+02
-2.175578593013333659e+02
-2.038614360365836262e+02
-1.793938431263244979e+02
-1.424026720340067982e+02
-9.217893447055510592e+01
-2.934425672099197868e+01
4.405457785652063762e+01
1.247076926292844803e+02
2.084542139718527665e+02
2.908605703458044900e+02
3.678373547274075008e+02
4.361672230234049721e+02
4.938401856652614015e+02
5.401329153333650765e+02
5.754353219692047787e+02
6.009044004256812741e+02
6.180675692183631327e+02
6.284844426448839840e+02
6.335298039067200762e+02
6.343122554081558064e+02
6.317058273579053775e+02
6.264480346024232631e+02
6.192464237712655404e+02
6.108354301773736097e+02
6.019416844330805816e+02
5.931547553043114931e+02
5.847517730832857978e+02
5.765619011343742386e+02
5.679542325496356625e+02
5.579818077919322832e+02
5.456360672337181086e+02
5.301081891307136402e+02
5.109576765767307052e+02
4.881491954313632959e+02
4.619889395011095985e+02
4.330268787047042451e+02
4.019790596248548127e+02
3.696814921584259537e+02
3.370470658672837772e+02
3.049931827500184909e+02
2.743462159652031005e+02
2.457711975546091026e+02
2.197716028076534371e+02
1.967504219218559740e+02
1.770691645355071842e+02
1.610349733006978283e+02
1.487929230256440576e+02
1.401706142234342849e+02
1.345722829787364105e+02
1.310112978445754095e+02
1.282970912781657660e+02
1.253018519976288303e+02
1.211918491378123122e+02
1.155422880029961874e+02
1.083234626873662023e+02
9.979753183756329804e+01
9.038193827933808677e+01
8.052597932486241916e+01
7.062232407181245719e+01
6.094779903758826833e+01
5.161695235439708540e+01
4.255046842893483472e+01
3.349029873610398056e+01
2.409292742911944174e+01
1.408659443487886165e+01
3.425343620202198736e+00
-7.640336399504263909e+00
-1.862174175236373230e+01
-2.896448470250174978e+01
-3.826292604411574416e+01
-4.641747148421578117e+01
-5.366176046180606818e+01
-6.045650964093724156e+01
-6.731626475009235833e+01
-7.465489768767113787e+01
-8.269607111198061489e+01
-9.144154088791034951e+01
-1.006734655479441756e+02
-1.099869781308155154e+02
-1.188667881135327491e+02
-1.268074580776136315e+02
-1.334406400097336416e+02
-1.386117116951640185e+02
-1.423709144528768604e+02
-1.448965829063246531e+02
-1.464080271792102224e+02
-1.471245874287412505e+02
-1.472904454690767295e+02
-1.472357287409739968e+02
-1.474112317179950935e+02
-1.483426529162514669e+02
-1.505018800543210489e+02
-1.541501562608579832e+02
-1.592290229265952064e+02
-1.653525844401925440e+02
-1.719102009130340605e+02
-1.782471997809509787e+02
-1.838681306937387205e+02
-1.886024633217589610e+02
-1.926768266391437407e+02
-1.966491671400169423e+02
-2.011881560468217174e+02
-2.067293403929849944e+02
-2.130931752333858924e+02
-2.191849719569517276e+02
-2.228963324468302005e+02
-2.212878683539310884e+02
-2.110588309951164376e+02
-1.892191891778232673e+02
-1.537888181707802744e+02
-1.043335728581101876e+02
-4.219787771893169293e+01
2.962094265059762677e+01
1.069244033281538293e+02
1.849840404354763734e+02
2.592735378673943387e+02
3.260919718461499315e+02
3.829487987794701667e+02
4.286622594218616769e+02
4.632098080581366730e+02
4.874240125703436206e+02
5.026373117941072906e+02
5.103602156650100596e+02
5.120502692111351735e+02
5.089977098642782494e+02
5.023146643755397918e+02
4.929771599046355277e+02
4.818553052979822269e+02
4.696895941989099583e+02
4.570188516472143192e+02
4.441084997481340224e+02
4.309385664396021411e+02
4.172801466105723875e+02
4.028328539620645188e+02
3.873490049961747559e+02
3.706684224994527312e+02
3.526417208390114411e+02
3.330002058379221808e+02
3.112800048856742023e+02
2.868846176941414114e+02
2.592869450668044919e+02
2.282890116136211702e+02
1.942258185405337940e+02
1.580233887859341735e+02
1.210771723700056555e+02
8.498363943298070922e+01
5.121303939730623256e+01
2.083110320617886657e+01
-5.646773472082877277e+00
-2.823810796886697361e+01
-4.733871595899087481e+01
-6.350109091358785207e+01
-7.723395732206955699e+01
-8.888971882809782699e+01
-9.865477648394386279e+01
-1.066126372552371038e+02
-1.128374232838629325e+02
-1.174856164053851160e+02
-1.208631662218738256e+02
-1.234467713490669496e+02
-1.258448433623586453e+02
-1.287053774830904445e+02
-1.326018867169989051e+02
-1.379324436955132001e+02
-1.448497001966555047e+02
-1.532239361485281108e+02
-1.626453549868078028e+02
-1.724867970237373811e+02
-1.820418287466180800e+02
-1.907107326952624931e+02
-1.981609173248987190e+02
-2.043875406871939617e+02
-2.096500849050769375e+02
-2.143195121421673548e+02
-2.187010909579068993e+02
-2.228963324468302289e+02
-2.267462181944844701e+02
-2.298667945657076075e+02
-2.317580291347226762e+02
-2.319513536690456021e+02
-2.301633370670136287e+02
-2.264299939962484416e+02
-2.211992062044286342e+02
-2.153600094952956567e+02
-2.101881638369155212e+02
-2.071875442185643692e+02
-2.078167872199794886e+02
-2.131230023413396850e+02
-2.233596010094420024e+02
-2.377261706366383009e+02
-2.543904703878497742e+02
