-4.776305211127612438e+01
-3.767813757669013341e+01
-2.971804687585609983e+01
-2.539392839932387602e+01
-2.523266323450448922e+01
-2.875800565199079273e+01
-3.476847269096487025e+01
-4.176326003885579752e+01
-4.836739203734026660e+01
-5.365357149997856112e+01
-5.730412266028419310e+01
-5.959501337881835070e+01
-6.122417643673058762e+01
-6.304211558413190630e+01
-6.576350239390374952e+01
-6.974415203687522080e+01
-7.489345486188145173e+01
-8.074530926299757994e+01
-8.664351153570130748e+01
-9.195512727834487521e+01
-9.623567388937787825e+01
-9.931181867862379420e+01
-1.012816561980290260e+02
-1.024473614939843458e+02
-1.032049826436670941e+02
-1.039285120738213521e+02
-1.048845247080539167e+02
-1.061903428727786292e+02
-1.078047933952724691e+02
-1.095412242296085878e+02
-1.111086193619526199e+02
-1.121894075251528164e+02
-1.125420031725381449e+02
-1.120918977555373175e+02
-1.109729167939404846e+02
-1.095030066474568429e+02
-1.081052930665782554e+02
-1.071976271039866333e+02
-1.070769498150735615e+02
-1.078293726141758100e+02
-1.092971614078836495e+02
-1.111156504198377633e+02
-1.128033931342362735e+02
-1.138743367429425746e+02
-1.139495892678451270e+02
-1.128560555860036629e+02
-1.106923244203175187e+02
-1.078305214244657009e+02
-1.048299288077131166e+02
-1.022694188476751833e+02
-1.005408963330488916e+02
-9.966078154853670412e+01
-9.914851354833632513e+01
-9.800504854345201977e+01
-9.480797258623233859e+01
-8.791829825015572908e+01
-7.576727669291493328e+01
-5.716934012086848327e+01
-3.159660555592082432e+01
6.476474869713069182e-01
3.840231199203565637e+01
7.978182694739636815e+01
1.224426068883926177e+02
1.639235151178084493e+02
2.019897452124548067e+02
2.349171910455701777e+02
2.616726430500045240e+02
2.819693117901140340e+02
2.962031640647190898e+02
3.052935038033309638e+02
3.104574944267656633e+02
3.129534838454191004e+02
3.138409953676232362e+02
3.138171745550830565e+02
3.131787732963546773e+02
3.119140999503314333e+02
3.098718002343227909e+02
3.069248793292860000e+02
3.030673273417698397e+02
2.984224057129160315e+02
2.931742718862647052e+02
2.874548583419086754e+02
2.812350985775830168e+02
2.742744408089978947e+02
2.661585101091097272e+02
2.564107074698397355e+02
2.446313206684653210e+02
2.306165704696078365e+02
2.144286820562095954e+02
1.964055635359707708e+02
1.771095266462834275e+02
1.572259724260956375e+02
1.374376819047811296e+02
1.183116782796513888e+02
1.002354120847072778e+02
8.342229242620018681e+01
6.797493571313682992e+01
5.396337328766089314e+01
4.146932323972671952e+01
3.057513774617231661e+01
2.131543203690439370e+01
1.362963265033467763e+01
7.344846495594715918e+00
2.194395281288763044e+00
-2.142805426360318677e+00
-6.003008458655621382e+00
-9.711901314820742925e+00
-1.356920572726151875e+01
-1.782536383452692519e+01
-2.263467469026163315e+01
-2.799344373362661997e+01
-3.369793451524867578e+01
-3.936337236502760106e+01
-4.452524116044523339e+01
-4.880099595404666957e+01
-5.204309974654488258e+01
-5.440178603212160624e+01
-5.626088290487022903e+01
-5.808335292340447609e+01
-6.024883458198932829e+01
-6.295572721576701269e+01
-6.621329453409333610e+01
-6.990042905397342565e+01
-7.384133006719984849e+01
-7.785329229113158078e+01
-8.175407824677627389e+01
-8.535413524145938879e+01
-8.847107589745577627e+01
-9.097917003324671725e+01
-9.286774070187074415e+01
-9.426397028637545361e+01
-9.539475363722640111e+01
-9.650484233445321536e+01
-9.777809510037612029e+01
-9.929968465558395962e+01
-1.010625206278457853e+02
-1.029954217320767356e+02
-1.049913568549008716e+02
-1.069303477196645105e+02
-1.087022911401848120e+02
-1.102309580771738098e+02
-1.114905015897532365e+02
-1.125030641395724018e+02
-1.133135156777229469e+02
-1.139495892678451270e+02
-1.143856505567695052e+02
-1.145297887495589322e+02
-1.142473951249526891e+02
-1.134204610834757005e+02
-1.120300556685443922e+02
-1.102290158509941733e+02
-1.083567603371062233e+02
-1.068644280457610733e+02
-1.061619165692825533e+02
-1.064313023750001008e+02
-1.074564778777712064e+02
-1.085163211235112470e+02
-1.083877455804308028e+02
-1.054872375378792668e+02
-9.813814934015452707e+01
-8.490739365256895610e+01
-6.493045340667156040e+01
-3.814318831306923130e+01
-5.361138281124496530e+00
3.181475555379856957e+01
7.124554102663029198e+01
1.105995412093820391e+02
1.477162524160221153e+02
1.809025731179093555e+02
2.090961375669522795e+02
2.318777330677210102e+02
2.493631019100163257e+02
2.620288605301493021e+02
2.705277904131623927e+02
2.755386115137897605e+02
2.776784863535304453e+02
2.774816377033783397e+02
2.754217978937126645e+02
2.719420420231429034e+02
2.674602384579866339e+02
2.623399846909667303e+02
2.568424921551433613e+02
2.510873558355353907e+02
2.450436066197102036e+02
2.385550649270091412e+02
2.313876196844118454e+02
2.232798482709296763e+02
2.139844911310236739e+02
2.032982061568166614e+02
1.910815150662934911e+02
1.772704947898204182e+02
1.618818897141592288e+02
1.450166678532374931e+02
1.268706341727351798e+02
1.077558520762178205e+02
8.812098740604558600e+01
6.854604374521809973e+01
4.969218326716210044e+01
3.220703164791871131e+01
1.660609471727075004e+01
3.164981657805860493e+00
-8.138949672555154891e+00
-1.761079065713718705e+01
-2.575042012867211483e+01
-3.311734717233350977e+01
-4.018317479304818107e+01
-4.721265094007497964e+01
-5.421189731381781485e+01
-6.096168717219442357e+01
-6.711945573804700871e+01
-7.234692555527453806e+01
-7.641653676456598987e+01
-7.926633567337478325e+01
-8.099783600291632979e+01
-8.183539107679915503e+01
-8.207598887086874129e+01
-8.204428120206426911e+01
-8.204607221956557339e+01
-8.231750260923685403e+01
-8.299349525249691339e+01
-8.412457384797960458e+01
-8.573614989965132338e+01
-8.788367639706970635e+01
-9.065407570559156625e+01
-9.410081768866625396e+01
-9.814660815164791074e+01
-1.025150649207833311e+02
-1.067463838903553182e+02
-1.103105837643705911e+02
-1.127750941475793667e+02
-1.139495892678451270e+02
-1.139451303188868962e+02
-1.131320986120135501e+02
-1.120255065074707375e+02
-1.111436543555144283e+02
-1.108781975427083495e+02
-1.113976587159226312e+02
-1.125984502098644100e+02
-1.141177890133704125e+02
-1.154179836113276565e+02
-1.159328845576741571e+02
-1.152415867179910265e+02
-1.132147356310913437e+02
-1.100749344131685632e+02
-1.063335337713116076e+02
-1.026144151343692386e+02
-9.943257146699164650e+01
-9.702358463395501076e+01
-9.529415172267920298e+01
-9.389851755625241481e+01
-9.238750384506158753e+01
-9.036294275923823704e+01
-8.759482739378090344e+01
-8.408548340462266424e+01
-8.007443136735852818e+01
-7.598235751661037796e+01
-7.230721405011819058e+01
-6.950069499080687763e+01
-6.785600137897810669e+01
-6.743211904907296628e+01
-6.803311701360205177e+01
-6.925004076262692365e+01
