-4.792605208909837700e+01
-4.721043481460361591e+01
-4.723129599101062581e+01
-4.842954856240243089e+01
-5.079908482213929233e+01
-5.392914714511540808e+01
-5.721042776575654898e+01
-6.009886380163646180e+01
-6.232391955521404014e+01
-6.396980629742426316e+01
-6.541510740333225726e+01
-6.716934965958651560e+01
-6.968142909773584392e+01
-7.319669878515944106e+01
-7.770222479485187250e+01
-8.295038431799791567e+01
-8.852693128132659695e+01
-9.393654306581895241e+01
-9.869188085172768865e+01
-1.023959026210433763e+02
-1.048071782221189210e+02
-1.058798728357577232e+02
-1.057718345321120097e+02
-1.048151384582208152e+02
-1.034480606592514391e+02
-1.021191586972435488e+02
-1.011871205944198948e+02
-1.008444253394694101e+02
-1.010865852940831502e+02
-1.017359660561788814e+02
-1.025129107608337478e+02
-1.031311982882298963e+02
-1.033858166974350468e+02
-1.032018593852085644e+02
-1.026264487622106145e+02
-1.017723657308016527e+02
-1.007492233864318223e+02
-9.962051729600356964e+01
-9.839905380831520176e+01
-9.706752475028503113e+01
-9.560732997526525878e+01
-9.402526814641679209e+01
-9.236683449424245396e+01
-9.070555305387959777e+01
-8.911477932980768912e+01
-8.764726143075040454e+01
-8.634062337387824471e+01
-8.523459531486257390e+01
-8.435954344196389343e+01
-8.366267112547463114e+01
-8.287767929416133939e+01
-8.139041937042270547e+01
-7.817525557840524186e+01
-7.186083177752021811e+01
-6.094236223990455414e+01
-4.410916822442396779e+01
-2.061137893146986499e+01
9.439521780880838264e+00
4.493818606761650614e+01
8.388057932218873702e+01
1.236801503645512810e+02
1.616321605816090141e+02
1.954064445603433455e+02
2.234352879031335419e+02
2.450954810739992240e+02
2.606578536112642723e+02
2.710574763230660551e+02
2.775785516994491218e+02
2.815409377465251737e+02
2.840494354791046590e+02
2.858454075694664311e+02
2.872767404631047157e+02
2.883687488668745686e+02
2.889500835613908407e+02
2.887827645799816310e+02
2.876614453406408529e+02
2.854661920459058706e+02
2.821656494301956855e+02
2.777783957880563435e+02
2.723144384146827974e+02
2.657288496232293369e+02
2.579137437849953471e+02
2.487323975750761633e+02
2.380745777493521018e+02
2.259022717173453429e+02
2.122642617110615788e+02
1.972763145904121984e+02
1.810807866405746154e+02
1.638125178356513914e+02
1.456023303726574341e+02
1.266326455819382488e+02
1.072209047793721339e+02
8.787259189179775376e+01
6.924914701429754871e+01
5.204184219606698036e+01
3.680197570424343922e+01
2.380803306726931723e+01
1.303027628538836069e+01
4.201573043548279429e+00
-3.044811159141993073e+00
-9.035352416576870382e+00
-1.397664400247212058e+01
-1.796572853500804712e+01
-2.107076282217022367e+01
-2.342605128283966565e+01
-2.528372117372975936e+01
-2.699242713583002740e+01
-2.891271506065184838e+01
-3.131248541882749237e+01
-3.429768889241040597e+01
-3.781059229720887060e+01
-4.168392724534687943e+01
-4.571040369657416136e+01
-4.969449099710530504e+01
-5.348011914875283423e+01
-5.696447419471435580e+01
-6.010595124470687267e+01
-6.292649663146738703e+01
-6.550764606272883839e+01
-6.798380788627582660e+01
-7.053419263993514221e+01
-7.336344729732142866e+01
-7.665659012007947126e+01
-8.051086660374471649e+01
-8.487231765290668761e+01
-8.951060593332867654e+01
-9.404651419090571096e+01
-9.802222147242203221e+01
-1.009935175318813521e+02
-1.026264487622106145e+02
-1.027850469592574854e+02
-1.015918112376591722e+02
-9.943739267880813770e+01
-9.692153463879041908e+01
-9.473023551860610780e+01
-9.347653779974835686e+01
-9.354533364460358769e+01
-9.498600840096482045e+01
-9.749038671137255108e+01
-1.004718243276985135e+02
-1.032251398392551636e+02
-1.051152289470794443e+02
-1.057368278761587277e+02
-1.050076568580923464e+02
-1.031800017976956241e+02
-1.007691690853059896e+02
-9.841010412230970417e+01
-9.667561179636577151e+01
-9.591283054396843966e+01
-9.615918406648869166e+01
-9.717295528943445504e+01
-9.856328132203630332e+01
-9.995346553400800360e+01
-1.010904496485537578e+02
-1.018378289110195141e+02
-1.020475735796041050e+02
-1.013688588143953240e+02
-9.909411183938145484e+01
-9.413992717818786105e+01
-8.520796849486222868e+01
-7.109352065625043338e+01
-5.104667352928484547e+01
-2.506702408624795453e+01
5.970381892332429885e+00
4.040942913107152634e+01
7.610806055504681922e+01
1.108478745300062940e+02
1.427371794971167560e+02
1.704935983352188487e+02
1.935333817418185447e+02
2.118614066707419283e+02
2.258343885429849820e+02
2.359221423915503806e+02
2.425750493318755048e+02
2.462224670195220710e+02
2.473380688670787890e+02
2.464805449051232245e+02
2.442590355917400871e+02
2.412345897393877294e+02
2.378080900157142139e+02
2.341515669553602947e+02
2.302195009273926303e+02
2.258368769065483548e+02
2.208180795248121058e+02
2.150515628493342604e+02
2.085066954972658664e+02
2.011706548717155840e+02
1.929692154327151457e+02
1.837318477559149414e+02
1.732255218248653819e+02
1.612341614949789914e+02
1.476390710215133595e+02
1.324693684142815755e+02
1.159177812158923899e+02
9.832856779964230043e+01
8.015840562515259649e+01
6.191024066946209814e+01
4.405643407106892795e+01
2.698041565991661628e+01
1.095369393513272627e+01
-3.858457450959091872e+00
-1.737600037680032017e+01
-2.957109264692425654e+01
-4.042208292831990946e+01
-4.986543053484464849e+01
-5.777122591522463324e+01
-6.396783842971128564e+01
-6.832002392147899172e+01
-7.083170595179475981e+01
-7.172139317339116360e+01
-7.142562652557097636e+01
-7.052209617283077137e+01
-6.960379112726309359e+01
-6.915465567261561830e+01
-6.947074257432558397e+01
-7.064765161926924009e+01
-7.262579229930807401e+01
-7.526076422794719178e+01
-7.838031103753434081e+01
-8.180751418974713829e+01
-8.535938014160832665e+01
-8.884798616388027881e+01
-9.210356126282371747e+01
-9.501077627090546684e+01
-9.752598905443154820e+01
-9.965036378428376906e+01
-1.013718692629988993e+02
-1.026264487622106145e+02
-1.033270152978509628e+02
-1.034589288445787929e+02
-1.031758332566728171e+02
-1.028051149820007595e+02
-1.027204893103831012e+02
-1.031353586464187373e+02
-1.039402115830802131e+02
-1.046906070480021214e+02
-1.047632785545855825e+02
-1.036064017780221889e+02
-1.009717159588298330e+02
-9.703518898159913419e+01
-9.236367113068993717e+01
-8.774453278964188030e+01
-8.394577460030313887e+01
-8.149536705498024958e+01
-8.055032797414972379e+01
-8.088225372905412769e+01
-8.196481609727430850e+01
-8.312791232038514977e+01
-8.373928962518823482e+01
-8.337376169941049397e+01
-8.192590014795163711e+01
-7.962404520998843793e+01
-7.692843866466759550e+01
-7.434209141316031833e+01
-7.220244666070969686e+01
-7.053331141273820037e+01
-6.901977062153548559e+01
-6.712687214789019663e+01
-6.432225700568938009e+01
-6.031186118889372949e+01
-5.518911161922714825e+01
-4.943599246842534001e+01
