-6.156189197921844425e+01
-8.671066663256297602e+01
-1.086930513357139176e+02
-1.252372360079497184e+02
-1.355096685318842447e+02
-1.401293929361205528e+02
-1.407483031789811889e+02
-1.394365617935293926e+02
-1.381139926475066773e+02
-1.381727043919241851e+02
-1.403219319420003330e+02
-1.446094244463232030e+02
-1.505530349725459303e+02
-1.573338330319602960e+02
-1.640224570124830166e+02
-1.698099004916730337e+02
-1.741985424008931602e+02
-1.771037753973739086e+02
-1.788367069813728847e+02
-1.799753704297988293e+02
-1.811654209963130882e+02
-1.829104823677812419e+02
-1.854163866570527262e+02
-1.885392024489370613e+02
-1.918512779018946333e+02
-1.947959061519620718e+02
-1.968735560008034327e+02
-1.977997673391370199e+02
-1.975869770653556259e+02
-1.965238794896819456e+02
-1.950607334634753727e+02
-1.936500364095941791e+02
-1.926120819477359305e+02
-1.920749187634127395e+02
-1.919929847655043886e+02
-1.922119386275028887e+02
-1.925387875434753084e+02
-1.927935866614339773e+02
-1.928442152045965656e+02
-1.926366954199963573e+02
-1.922229276256426544e+02
-1.917715172699043933e+02
-1.915438918151127723e+02
-1.918301152107721066e+02
-1.928576463137592896e+02
-1.946988996215624184e+02
-1.972014216443616590e+02
-1.999508661148221620e+02
-2.022638109264107129e+02
-2.032048570196856474e+02
-2.016299381777642452e+02
-1.962671629876500958e+02
-1.858500942892108583e+02
-1.693101745260606776e+02
-1.460096459690045094e+02
-1.159592424859920783e+02
-7.994146475955278675e+01
-3.947650458294896225e+01
3.379382979819752109e+00
4.635438203013895020e+01
8.731548760463222436e+01
1.245681762589497623e+02
1.570371076707305633e+02
1.843042319753231197e+02
2.065230184764774037e+02
2.242556644157797905e+02
2.382851361193122841e+02
2.494411643089611346e+02
2.584626409507406493e+02
2.659071549121532030e+02
2.721116278786986982e+02
2.772032343798111924e+02
2.811534385691159628e+02
2.838561581469200519e+02
2.851991030100048192e+02
2.851002315939988421e+02
2.835024670814292449e+02
2.803431173519511503e+02
2.755244090175241922e+02
2.689063909739597307e+02
2.603287435523860154e+02
2.496535035537267504e+02
2.368163347382537154e+02
2.218777497759723474e+02
2.050666220095376104e+02
1.868039061378922270e+02
1.676918279894622970e+02
1.484575124290051349e+02
1.298506937199305185e+02
1.125127807857936943e+02
9.685467003284973941e+01
8.299112125458131572e+01
7.076588011598556704e+01
5.986153647063576244e+01
4.994244978503545696e+01
4.076169947726229736e+01
3.218915278753760134e+01
2.416780634668016248e+01
1.664279022774980632e+01
9.509042763750592542e+00
2.597369828987145635e+00
-4.307885757973331842e+00
-1.143352669449575920e+01
-1.897201476026908651e+01
-2.703129933051985034e+01
-3.559418188056056209e+01
-4.450827674327227612e+01
-5.351907336929951242e+01
-6.233884230554049566e+01
-7.072755675354495963e+01
-7.855613042243368227e+01
-8.582827644494879848e+01
-9.265408693981682120e+01
-9.918799218820332442e+01
-1.055562498109622567e+02
-1.118030979481069949e+02
-1.178799429055152359e+02
-1.236826715206659628e+02
-1.291132425283315115e+02
-1.341268569939944371e+02
-1.387414454634814831e+02
-1.430166387145415285e+02
-1.470252347020542913e+02
-1.508323350207620877e+02
-1.544831088268267933e+02
-1.579962944325400258e+02
-1.613637867482365209e+02
-1.645571197011077516e+02
-1.675398609684547750e+02
-1.702838211792797836e+02
-1.727837053683570616e+02
-1.750611888076718969e+02
-1.771530852752861733e+02
-1.790879024689269841e+02
-1.808607384328582839e+02
-1.824162182812725632e+02
-1.836490642235152109e+02
-1.844315976918752824e+02
-1.846701719007796498e+02
-1.843774325511418510e+02
-1.837324002907186298e+02
-1.830952976261232266e+02
-1.829547072058101378e+02
-1.838088261807565402e+02
-1.860074273192154806e+02
-1.895931146321814538e+02
-1.941797397871887370e+02
-1.989004272799423063e+02
-2.024470722519332924e+02
-2.032048570196856474e+02
-1.994675145755043673e+02
-1.897073347938643337e+02
-1.728596489608414970e+02
-1.485594016803159718e+02
-1.172607610150528785e+02
-8.019570992060506853e+01
-3.917578195412610853e+01
3.713805871262934488e+00
4.645126690170702943e+01
8.736235274619997426e+01
1.252841695796593910e+02
1.595863161770205352e+02
1.900797069472725127e+02
2.168732102593715183e+02
2.402339919759535007e+02
2.604819677218809488e+02
2.779219670027773077e+02
2.928036740432821148e+02
3.053013154072468183e+02
3.155131156887401289e+02
3.234843783919349107e+02
3.292533871517787247e+02
3.329082022553741353e+02
3.346317769536906894e+02
3.347100857626645052e+02
3.334874499870666114e+02
3.312753009644679310e+02
3.282469552605941772e+02
3.243643363703117757e+02
3.193716702793446984e+02
3.128635183474341375e+02
3.044076814951408778e+02
2.936877864699245038e+02
2.806259483863652804e+02
2.654516734024462039e+02
2.486978091463836336e+02
2.311224063284312820e+02
2.135724493874124903e+02
1.968224598505629501e+02
1.814350400750329584e+02
1.676893616342503890e+02
1.555978811292465025e+02
1.449896022744772779e+02
1.356069887453467686e+02
1.271678806263452515e+02
1.193803393092348415e+02
1.119372440008643537e+02
1.045292409798072555e+02
9.689299219719966061e+01
8.887594798044345623e+01
8.047990854471575517e+01
7.185897545590333380e+01
6.327585369797838410e+01
5.503491321374049505e+01
4.740741078587696222e+01
4.056173969506451016e+01
3.451552630531169541e+01
2.912698178029640772e+01
2.413396101489017909e+01
1.923234737058092847e+01
1.416690428230130117e+01
8.798805522209029562e+00
3.123594585100018861e+00
-2.761551178453654387e+00
-8.717063747259373940e+00
-1.461572668911308881e+01
-2.037691944917643383e+01
-2.598159913203214444e+01
-3.147069130973174822e+01
-3.692403825080529600e+01
-4.242252920282018636e+01
-4.800778113883826848e+01
-5.365480804145511229e+01
-5.926490637838874420e+01
-6.468188188020280904e+01
-6.973356310881992215e+01
-7.429046729223044565e+01
-7.831752125704481671e+01
-8.189258962869728009e+01
-8.518552104069711106e+01
-8.841402722581528906e+01
-9.179524494347025154e+01
-9.549989611655458077e+01
-9.961182656788017198e+01
-1.041034311911729304e+02
-1.088417511911060984e+02
-1.136316487976324652e+02
-1.182857352876879133e+02
-1.226945658356907813e+02
-1.268655955857937556e+02
-1.309139772857762125e+02
-1.350163289126118684e+02
-1.393582062571724123e+02
-1.441022622216597995e+02
-1.493847836425322555e+02
-1.553280863710650692e+02
-1.620405340803375793e+02
-1.695708764323759681e+02
-1.778019054143523476e+02
-1.863103168556668265e+02
-1.942595583647906778e+02
-2.003985632938301649e+02
-2.032048570196856474e+02
-2.011558634624206832e+02
-1.930593923206185423e+02
-1.783385238589004018e+02
-1.571665984713727084e+02
-1.303977703931390124e+02
-9.932174842043782803e+01
-6.534663750130623328e+01
-2.974118910407259619e+01
6.467017635232405581e+00
