-3.797269024571823337e+01
-3.342242797172857394e+01
-2.969901524932723547e+01
-2.743619807994989657e+01
-2.693942036407736396e+01
-2.814976933123870850e+01
-3.071121204640971314e+01
-3.410554625663848327e+01
-3.779974967446450762e+01
-4.135679812088642393e+01
-4.448322343977010007e+01
-4.701525757429838848e+01
-4.887169548880052616e+01
-5.001381684274195294e+01
-5.044360591831725316e+01
-5.024388491560379322e+01
-4.963037732273443936e+01
-4.896645371432146021e+01
-4.870377452289517350e+01
-4.925414321132553397e+01
-5.084277475631161280e+01
-5.340861955300923825e+01
-5.659650948133331383e+01
-5.984975677582788478e+01
-6.257825635053723090e+01
-6.434779487422038358e+01
-6.501907749115363799e+01
-6.477970612583092702e+01
-6.406084994139905575e+01
-6.338263513276118033e+01
-6.319448606152923276e+01
-6.376179304337642861e+01
-6.511591025218349671e+01
-6.705204984291775361e+01
-6.914386492592514344e+01
-7.075069457635325421e+01
-7.101766046826263334e+01
-6.889415474360768599e+01
-6.320919915558914681e+01
-5.283637812149798663e+01
-3.695066831905037219e+01
-1.532385477893324222e+01
1.145065482053232842e+01
4.192073543433852478e+01
7.397832279648400799e+01
1.052517423871713618e+02
1.335621577631679884e+02
1.573057535327079677e+02
1.756633289291323763e+02
1.886046408461821784e+02
1.967197661564986220e+02
2.009541278685560997e+02
2.023370975042045643e+02
2.017773266717044294e+02
1.999629737682162158e+02
1.973666918898776430e+02
1.943223460294515803e+02
1.911172156900503580e+02
1.880402650017011865e+02
1.853562265596126508e+02
1.832273478464128971e+02
1.816423265205681901e+02
1.804049669967325258e+02
1.791938019234057720e+02
1.776625948222302611e+02
1.755320272968488666e+02
1.726297885862925057e+02
1.688668761023277227e+02
1.641756265798629784e+02
1.584541810563844706e+02
1.515525187264096303e+02
1.433079003345714568e+02
1.336093326647983019e+02
1.224582284271245101e+02
1.100051126597839328e+02
9.656439655432647839e+01
8.261327592068717252e+01
6.876577800950497021e+01
5.570460834278394202e+01
4.406702675154767945e+01
3.430809811290523470e+01
2.658893078742204352e+01
2.074314442499854039e+01
1.634927696407980591e+01
1.288633290007325627e+01
9.906150313926445961e+00
7.149748080264382466e+00
4.565020230324591921e+00
2.229601242235727199e+00
2.245506648383788217e-01
-1.476603295718216913e+00
-3.051501522352211282e+00
-4.788029783832428166e+00
-6.980967382892707462e+00
-9.815951691533346235e+00
-1.329274342805269526e+01
-1.721722019789373093e+01
-2.126263194466113049e+01
-2.508002974773141602e+01
-2.842264040331208008e+01
-3.123755349600053677e+01
-3.368327564690316933e+01
-3.606163859065265598e+01
-3.869215855603773946e+01
-4.178108872791442963e+01
-4.533460465099625480e+01
-4.914343789799535500e+01
-5.283891972097636369e+01
-5.599726816344126235e+01
-5.825651117164072446e+01
-5.941363930010672334e+01
-5.948412246835086137e+01
-5.871730748511266995e+01
-5.756110077796365943e+01
-5.656894919200433947e+01
-5.625840277300778780e+01
-5.696018907969819622e+01
-5.871571037262043546e+01
-6.126933293875323727e+01
-6.416196873737573014e+01
-6.688618028288075834e+01
-6.903803404073036631e+01
-7.041168067399640051e+01
-7.101766046826263334e+01
-7.103796585134293196e+01
-7.074368183001067223e+01
-7.040098230403928881e+01
-7.019001791214655839e+01
-7.016191408566783139e+01
-7.024864685104276418e+01
-7.031815050794205035e+01
-7.024959154409793882e+01
-7.000199239957379405e+01
-6.965278461743571370e+01
-6.938384927624427689e+01
-6.940555723520888876e+01
-6.984479444511626411e+01
-7.065787917153996034e+01
-7.162558898305442767e+01
-7.243977372007350368e+01
-7.283799884045926376e+01
-7.272286636867251275e+01
-7.221654083730120988e+01
-7.162860034609433058e+01
-7.134618150379220936e+01
-7.168534881235122214e+01
-7.276110500814313298e+01
-7.442869283742460595e+01
-7.632110051759917724e+01
-7.797121962356422387e+01
-7.897805005292123326e+01
-7.916163171195672987e+01
-7.864889330430770542e+01
-7.784057815192926455e+01
-7.723695637735055186e+01
-7.715703794263745863e+01
-7.745306379188913581e+01
-7.735189022497135625e+01
-7.551787507840411706e+01
-7.034398985462560461e+01
-6.038427284480987112e+01
-4.478652539626803986e+01
-2.358960771824778035e+01
2.199027030410509731e+00
3.076226770210110573e+01
5.982323960583605071e+01
8.709467627392298539e+01
1.107132609210369907e+02
1.295500671847268279e+02
1.433237580500744741e+02
1.525000001727065921e+02
1.580221063498062222e+02
1.609665446793726460e+02
1.622371264659751944e+02
1.623932504227934714e+02
1.616517643684910581e+02
1.600272039846198311e+02
1.575175787606078757e+02
1.542374286526863614e+02
1.504463121647049775e+02
1.464816771897748708e+02
1.426451374193006245e+02
1.391014550857708514e+02
1.358346135965633152e+02
1.326736843336075253e+02
1.293669693709495050e+02
1.256630230793076919e+02
1.213616123384587837e+02
1.163212580625024941e+02
1.104357242375978245e+02
1.036053717534417586e+02
9.572707082376126664e+01
8.671292918115932480e+01
7.653240289806812768e+01
6.526199998956873571e+01
5.312289898285963829e+01
4.048890197987332584e+01
2.785682357616687455e+01
1.578458531960218636e+01
4.809537392537365008e+00
-4.639480495305525309e+00
-1.231932450763496867e+01
-1.821568253022089579e+01
-2.253192440608301439e+01
-2.562298807897591502e+01
-2.789929589180971092e+01
-2.973804658578550431e+01
-3.142840901924829211e+01
-3.315290375052319405e+01
-3.499120040116156360e+01
-3.693665739853621233e+01
-3.892842322270128363e+01
-4.090156937579664032e+01
-4.284059124535610863e+01
-4.480567690412260617e+01
-4.690696395520669171e+01
-4.923184559119576420e+01
-5.176369226228525378e+01
-5.434181262493473241e+01
-5.669395716311174738e+01
-5.853554595996276078e+01
-5.969421341416485660e+01
-6.020267997856754505e+01
-6.031515794480469594e+01
-6.043562320156425471e+01
-6.098253675072187008e+01
-6.223620915892695393e+01
-6.421820619576419631e+01
-6.664537394027463790e+01
-6.898591694512157346e+01
-7.061406110396976032e+01
-7.101766046826263334e+01
-6.998326508948267133e+01
-6.768692751605343005e+01
-6.465488385972003016e+01
-6.160661746587193477e+01
-5.923488846229773230e+01
-5.800161140816175731e+01
-5.802366961921408972e+01
-5.908342494583328630e+01
-6.074248761000301045e+01
-6.249796480078901340e+01
-6.391768375372031841e+01
-6.471747302558839010e+01
-6.477748169804945633e+01
-6.411640895227327519e+01
-6.284671137306749245e+01
-6.112708084002820641e+01
-5.911956157221767683e+01
-5.695350527390623085e+01
-5.470014688386085311e+01
-5.236639609290861586e+01
-4.991524379385998600e+01
-4.730849130148956760e+01
-4.455295990088723102e+01
-4.172735387848724287e+01
-3.897738208381026936e+01
-3.648089936784317189e+01
-3.439342743337660835e+01
-3.279058488336151100e+01
-3.162980495138300796e+01
-3.075140663985471079e+01
