-3.565107247908431276e+01
-1.335697067959723370e+02
-2.191300750767512682e+02
-2.834831216520141197e+02
-3.234082669650512116e+02
-3.412798370376403341e+02
-3.433018564701041555e+02
-3.369989622511946550e+02
-3.289753243032640739e+02
-3.235777231514451842e+02
-3.226084910507499330e+02
-3.258526268362949736e+02
-3.319979051038583862e+02
-3.395214064928622406e+02
-3.472483698124538023e+02
-3.545011251640171963e+02
-3.609554288104359330e+02
-3.664166288679892887e+02
-3.706846946561773848e+02
-3.735507075325886035e+02
-3.748660346158047787e+02
-3.746098915864094465e+02
-3.729157134867127752e+02
-3.700443603003863586e+02
-3.663111878653546682e+02
-3.620030385184165311e+02
-3.573379803315639833e+02
-3.524904792700786516e+02
-3.476458851198848947e+02
-3.430219389923147446e+02
-3.388284235732083403e+02
-3.351898998539876402e+02
-3.320817041488268728e+02
-3.293204130730646852e+02
-3.266283620605548208e+02
-3.237679011616417597e+02
-3.207101768583990520e+02
-3.177663907991197334e+02
-3.155843276120452856e+02
-3.149290397677210649e+02
-3.162489415478801220e+02
-3.191580430878420316e+02
-3.220591297536046227e+02
-3.221114214838007683e+02
-3.156164816868960088e+02
-2.987374514667787366e+02
-2.683535410496469353e+02
-2.228159116897322747e+02
-1.624085887679035238e+02
-8.940329210128390969e+01
-7.702835658773956595e+00
7.782657740706372351e+01
1.621576348575251814e+02
2.408495137834628963e+02
3.106017619648240498e+02
3.695443508025441020e+02
4.172461799277051568e+02
4.544698756791372602e+02
4.827552684397594476e+02
5.039579821760090113e+02
5.198703342552137201e+02
5.320013428887115197e+02
5.415150798383298252e+02
5.492633567249577027e+02
5.558326357475186796e+02
5.615580838578083558e+02
5.665122216479401231e+02
5.705106272965787184e+02
5.731657897973936997e+02
5.739799996544827536e+02
5.724436292673401567e+02
5.681103909456282963e+02
5.606333254324163136e+02
5.497523225408992857e+02
5.352380895803211160e+02
5.168264205194747092e+02
4.942059242082909236e+02
4.671193227425088708e+02
4.355796052682944719e+02
4.001136575815795027e+02
3.618959356699166960e+02
3.226684086956370265e+02
2.844390699708501415e+02
2.490499514737103368e+02
2.177592673471789340e+02
1.909778435286571607e+02
1.682494860170867241e+02
1.484863046142535268e+02
1.303793424014842799e+02
1.128297736429328779e+02
9.523124219962228665e+01
7.750619639861561438e+01
5.992421988069054350e+01
4.283051962617363273e+01
2.643011990437091541e+01
1.070947510430001159e+01
-4.517632121482620278e+00
-1.951640954186599686e+01
-3.456306373559102951e+01
-4.992265164523990961e+01
-6.583985587444369969e+01
-8.249754005065845774e+01
-9.993199663277192712e+01
-1.179479395111997064e+02
-1.361045515335507901e+02
-1.538110689952851260e+02
-1.704948715754394186e+02
-1.857530296440885138e+02
-1.994147459226601029e+02
-2.115051690259764428e+02
-2.221577422320046367e+02
-2.315411194828274120e+02
-2.398433166313431570e+02
-2.473061245711487004e+02
-2.542622679640693377e+02
-2.611253154158969778e+02
-2.683134887759827052e+02
-2.761278292045817011e+02
-2.846322682466291099e+02
-2.935889113953277842e+02
-3.024843790546698870e+02
-3.106479477985470226e+02
-3.174247872569630999e+02
-3.223474574389484815e+02
-3.252549735438155381e+02
-3.263314373718567936e+02
-3.260606970491242578e+02
-3.251167964447612349e+02
-3.242312125376627137e+02
-3.240814827401757157e+02
-3.252231295076809943e+02
-3.280588448646576012e+02
-3.328240076955310087e+02
-3.395564589993699656e+02
-3.480098140852243205e+02
-3.574885252144617311e+02
-3.666413447242425150e+02
-3.733170860608211115e+02
-3.746098915864094465e+02
-3.671715678901761635e+02
-3.477684654648555238e+02
-3.139635365814378360e+02
-2.647474513044993500e+02
-2.009429775866861121e+02
-1.252593822612556380e+02
-4.196361386574069741e+01
4.376905049015328331e+01
1.266870284579955808e+02
2.022924827807846384e+02
2.674749293410037012e+02
3.208016412130693311e+02
3.624270928246327230e+02
3.937101332532255356e+02
4.167015476581191251e+02
4.336535365009202678e+02
4.466395270595455713e+02
4.573131332858840778e+02
4.668024739500187366e+02
4.757203112540234997e+02
4.842586660894058355e+02
4.923266313577997266e+02
4.996861965692213516e+02
5.060489425966578665e+02
5.111157792761547398e+02
5.145598923492852919e+02
5.159629402045782172e+02
5.147311038639800245e+02
5.100495239581741203e+02
5.009479728318996195e+02
4.865045916165652216e+02
4.661258779354817534e+02
4.397848087195978906e+02
4.081226687674403593e+02
3.723937974741016887e+02
3.342917464430146310e+02
2.957104249439204864e+02
2.584829186798148157e+02
2.241326422522665780e+02
1.936740776925766454e+02
1.675039613162179535e+02
1.454176091982171783e+02
1.267588446060507863e+02
1.106614163790083438e+02
9.628880218020947268e+01
8.297482245905973741e+01
7.022920552500718827e+01
5.765997544921259532e+01
4.490966667388534717e+01
3.167142759667193985e+01
1.777626324408036851e+01
3.284676403905647746e+00
-1.149395116837698083e+01
-2.609698269079348876e+01
-4.009769947896302256e+01
-5.329841780225312675e+01
-6.581364205012420143e+01
-7.798206087169252498e+01
-9.015172244272501700e+01
-1.024681325900301800e+02
-1.147924258985520822e+02
-1.267832011143853634e+02
-1.380654817278256132e+02
-1.483704431734670095e+02
-1.575807611586092776e+02
-1.657037685438996846e+02
-1.728413283458008323e+02
-1.791974047116257793e+02
-1.850987443657347740e+02
-1.909706959574121754e+02
-1.972405564756076899e+02
-2.042022744885552186e+02
-2.119114191794992053e+02
-2.201597264038454966e+02
-2.285268847728765707e+02
-2.364734683211671040e+02
-2.434485341694149838e+02
-2.490130703387129643e+02
-2.529815395392314485e+02
-2.555446159703819262e+02
-2.572934298438325413e+02
-2.590783289783413466e+02
-2.617238115427122125e+02
-2.657296518980833753e+02
-2.711243730944998447e+02
-2.775610097839160062e+02
-2.846077642125645184e+02
-2.920781495799858476e+02
-3.002185405735870063e+02
-3.096275030487115600e+02
-3.209018882285541281e+02
-3.341416216281961624e+02
-3.485200824197098086e+02
-3.620969442313631248e+02
-3.719513232635270015e+02
-3.746098915864094465e+02
-3.666715196723284294e+02
-3.454928137294450607e+02
-3.097944010263103110e+02
-2.600634570349917567e+02
-1.986511732373395489e+02
-1.295047865141866623e+02
-5.755411227822817466e+01
1.211889706971969360e+01
7.511602855066067264e+01
1.283463883277095192e+02
1.702976117683626285e+02
2.009390650191848522e+02
2.213550983053754067e+02
2.332610333741651516e+02
2.385392810345812791e+02
2.388795775298476656e+02
2.355592607728343637e+02
2.293739031042617853e+02
2.207130537127992511e+02
2.097539608076702393e+02
1.967116389870318471e+02
1.820430742898753635e+02
1.664889829417759870e+02
1.508935995532954735e+02
1.358681872120164655e+02
1.214783523182894101e+02
1.071500037995377284e+02
