-3.465674922286764570e+01
-9.019088944023374665e+01
-1.390724628625179093e+02
-1.764513195407085391e+02
-2.004199918186496632e+02
-2.120544901177165968e+02
-2.145652105872327695e+02
-2.120182195643539558e+02
-2.081097600492886386e+02
-2.053371072357979301e+02
-2.047138394413236142e+02
-2.059897271982126199e+02
-2.081940905687829684e+02
-2.102567262440878721e+02
-2.114831426294694552e+02
-2.117538470719410952e+02
-2.114414287895756104e+02
-2.111443394646828722e+02
-2.113818558300688721e+02
-2.123728542202248377e+02
-2.139606241442936891e+02
-2.156856149351590659e+02
-2.169658642749973581e+02
-2.173172765749260691e+02
-2.165309588169555468e+02
-2.147359452658130863e+02
-2.123228046025579943e+02
-2.097677024511839363e+02
-2.074397600966706534e+02
-2.054747119277144236e+02
-2.037612814423576992e+02
-2.020353513069803455e+02
-2.000326503328201966e+02
-1.976293099680819410e+02
-1.949107627805934442e+02
-1.921485571686121432e+02
-1.897087250104866030e+02
-1.879393655024271652e+02
-1.870813831793865916e+02
-1.872210056433984562e+02
-1.882678711218250669e+02
-1.899204800054060627e+02
-1.915956356339007414e+02
-1.923458756393340821e+02
-1.908297336582387231e+02
-1.853995949337668208e+02
-1.743338916881002376e+02
-1.561859797244445929e+02
-1.301660898631782288e+02
-9.643471763992920387e+01
-5.619457631860839797e+01
-1.153243068529503645e+01
3.494691451645318381e+01
8.058051482599074689e+01
1.230681431903595637e+02
1.607565193130903083e+02
1.927509710301934831e+02
2.188732968697190415e+02
2.395153920502594360e+02
2.554440215470061162e+02
2.676006315157396784e+02
2.769249249390931595e+02
2.842218008698368976e+02
2.900843716918436144e+02
2.948748827505170880e+02
2.987537914637093763e+02
3.017387703379654340e+02
3.037690526296968301e+02
3.047512248488718001e+02
3.045769638588289467e+02
3.031230379337961267e+02
3.002516034658611943e+02
2.958189621988478279e+02
2.896842788781007698e+02
2.817030317240911472e+02
2.717044634127027507e+02
2.594790176026544941e+02
2.448117480971646387e+02
2.275741626136726836e+02
2.078468467824975789e+02
1.860171194467602618e+02
1.627955293046629208e+02
1.391256280448888845e+02
1.160118914957767799e+02
9.432952152089580977e+01
7.467963002095794423e+01
5.732238036017331240e+01
4.219088580421924206e+01
2.897377709812849389e+01
1.724275584287405394e+01
6.586622921506698702e+00
-3.293718144284380145e+00
-1.256310585002256630e+01
-2.130588447047776768e+01
-2.961766979795637411e+01
-3.767022382567853356e+01
-4.570074654071002840e+01
-5.393217252584038590e+01
-6.247947504799972052e+01
-7.129904107860787121e+01
-8.020131812538923555e+01
-8.890938591189822660e+01
-9.713571948119012234e+01
-1.046601426367726475e+02
-1.113966332602952463e+02
-1.174266459658010291e+02
-1.229752124452176503e+02
-1.283299948202584915e+02
-1.337349267996550566e+02
-1.393021614925365839e+02
-1.449741265804912302e+02
-1.505453576992005083e+02
-1.557347979780460889e+02
-1.602868533127963531e+02
-1.640713837834238404e+02
-1.671514258336912917e+02
-1.697961688013670027e+02
-1.724292864944512189e+02
-1.755149499274635332e+02
-1.794044577295311740e+02
-1.841953869499483574e+02
-1.896676109238216270e+02
-1.953328408762854167e+02
-2.005785149231265621e+02
-2.048434356924397548e+02
-2.077588832729748276e+02
-2.092170897696067300e+02
-2.093639288698191194e+02
-2.085356549972421192e+02
-2.071663200067683590e+02
-2.056907632572112163e+02
-2.044638773801026446e+02
-2.037088025656133823e+02
-2.034981547204856156e+02
-2.037709198406280962e+02
-2.043875919450929359e+02
-2.052142516466799975e+02
-2.062055124903673686e+02
-2.074438281112396396e+02
-2.090985027420796882e+02
-2.112906991982873137e+02
-2.138877005506159890e+02
-2.162919432743364041e+02
-2.173172765749260691e+02
-2.152361754567842240e+02
-2.080336962201718904e+02
-1.938319524745368199e+02
-1.713788281045378028e+02
-1.404524073287287251e+02
-1.020400714384605152e+02
-5.821793452517680123e+01
-1.176213762698843190e+01
3.438408657681033276e+01
7.763178294589843631e+01
1.161312600953539942e+02
1.489560023433347737e+02
1.760774554264268090e+02
1.981641487998158766e+02
2.162676651963291476e+02
2.314773338995702261e+02
2.446322676933266109e+02
2.561660990071775359e+02
2.661195373643187168e+02
2.742955880746522439e+02
2.804811154201805152e+02
2.846452255521146526e+02
2.870468210905036130e+02
2.882161330961499175e+02
2.888090975335072699e+02
2.893773340999443917e+02
2.901409039723686192e+02
2.908632564146371351e+02
2.908892592778460653e+02
2.893362375056231031e+02
2.853621525808466117e+02
2.784058817165103505e+02
2.683142934656904686e+02
2.553287197225629939e+02
2.399693444469400561e+02
2.228939720884929443e+02
2.047973762287963666e+02
1.863709131089337632e+02
1.682959068167985492e+02
1.512288657198860733e+02
1.357530042687961327e+02
1.222998367987616888e+02
1.110690200815038935e+02
1.019837781577126208e+02
9.470943213522072313e+01
8.873875038125444803e+01
8.351980564589624123e+01
7.858047975743151881e+01
7.360316528170000083e+01
6.843178378166072662e+01
6.303302540207607763e+01
5.745148491492103915e+01
5.178306763638140353e+01
4.616344514737011906e+01
4.075369408456568721e+01
3.571011583411370793e+01
3.113914646127600250e+01
2.704904605569840470e+01
2.331541932254357619e+01
1.968088723612005708e+01
1.580582115551796818e+01
1.136652812195720230e+01
6.165818830020189267e+00
2.069653377786853099e-01
-6.297224446933315178e+00
-1.297415663781316297e+01
-1.937821379095145247e+01
-2.509661940705800731e+01
-2.985728509045613777e+01
-3.361277605601078733e+01
-3.657249248168016464e+01
-3.916781795896520890e+01
-4.195205387155058219e+01
-4.545343651161797283e+01
-5.002141950119597880e+01
-5.572406473231002622e+01
-6.234017305150575794e+01
-6.944113934202317751e+01
-7.651468520404505114e+01
-8.308024319445480899e+01
-8.877212073185521035e+01
-9.338997243509896862e+01
-9.692421022226335481e+01
-9.956104618071226753e+01
-1.016626722035167347e+02
-1.037102396542104401e+02
-1.062044138608376187e+02
-1.095448990426852305e+02
-1.139366779721647731e+02
-1.193685854655988976e+02
-1.256769507085659541e+02
-1.326683860344152492e+02
-1.402507222585556974e+02
-1.485113035442143712e+02
-1.576893921843006865e+02
-1.680216212768459059e+02
-1.794939425200528831e+02
-1.915892936308362948e+02
-2.031452153035617698e+02
-2.124098232666271713e+02
-2.173172765749260691e+02
-2.159241489007462746e+02
-2.068868437293864702e+02
-1.898421958412582171e+02
-1.655841612671790415e+02
-1.359892787738173467e+02
-1.037073772216098746e+02
-7.168763973026231895e+01
-4.264482119622255851e+01
-1.858013614593239282e+01
-4.577400508135234247e-01
1.189276611293400876e+01
1.962007109492815005e+01
2.446651945798565109e+01
2.824125519008005369e+01
3.229359867703779940e+01
3.715634044549484827e+01
4.249891644203108143e+01
