-3.779991297788339466e+01
-9.107177394318033237e+01
-1.373252600865264981e+02
-1.715301825193588456e+02
-1.918734502802785755e+02
-1.997619159869067289e+02
-1.988250585336952270e+02
-1.934679965143238576e+02
-1.875558401927831085e+02
-1.836065596250257670e+02
-1.825902362756253581e+02
-1.842098358905537907e+02
-1.874333827185793098e+02
-1.910487174067195895e+02
-1.940761424944487885e+02
-1.959641071375195907e+02
-1.965832494177188892e+02
-1.960980631886618824e+02
-1.948106997690595392e+02
-1.930409404385137577e+02
-1.910604680901381016e+02
-1.890680178512115504e+02
-1.871830711556744404e+02
-1.854437923040780447e+02
-1.838112007796548539e+02
-1.821925641184116103e+02
-1.804904334784186801e+02
-1.786649773605666951e+02
-1.767842195763014388e+02
-1.750375686991551731e+02
-1.736995804194186519e+02
-1.730508053964292685e+02
-1.732826260727872238e+02
-1.744148378105181791e+02
-1.762326355131357047e+02
-1.782274222966627519e+02
-1.795338845430985941e+02
-1.788928256758047723e+02
-1.746991075936047366e+02
-1.651845498141476298e+02
-1.487383558984854801e+02
-1.243050339080976130e+02
-9.174665559525649883e+01
-5.204039032185892211e+01
-7.222202262089243874e+00
3.993006273416627039e+01
8.639402402435925410e+01
1.294426613056286328e+02
1.670796901210921988e+02
1.982662720037592408e+02
2.229108915731050899e+02
2.416671003274598206e+02
2.556255581160916961e+02
2.659938120917341280e+02
2.738396358553432606e+02
2.799410680646653873e+02
2.847490303861400207e+02
2.884390706981693029e+02
2.910143902023453393e+02
2.924214123492564568e+02
2.926459198021481143e+02
2.917670616414237656e+02
2.899568792701682014e+02
2.874260054742214265e+02
2.843322271718684533e+02
2.806830242851091839e+02
2.762683690990760397e+02
2.706520962358437146e+02
2.632328246246614185e+02
2.533669495241949505e+02
2.405306417709190896e+02
2.244823998375883320e+02
2.053753750020969449e+02
1.837750153819574166e+02
1.605713387779399852e+02
1.368184576914461843e+02
1.135578673318367038e+02
9.167602795918074321e+01
7.182156321164983126e+01
5.437786310226010045e+01
3.946649550494412750e+01
2.695923513635830204e+01
1.650222166393552214e+01
7.578497973714894087e+00
-3.764333535044273038e-01
-7.833885013073231818e+00
-1.506695059513810264e+01
-2.213178074936796946e+01
-2.894049047314936374e+01
-3.538713859840770937e+01
-4.147042069353862104e+01
-4.736286660113721325e+01
-5.339634299229116010e+01
-5.996442540798705778e+01
-6.737842418672254041e+01
-7.573792661505861190e+01
-8.487146456282823692e+01
-9.437159159587585577e+01
-1.037110955466047102e+02
-1.123984117605879476e+02
-1.201159133749823269e+02
-1.267899345977963605e+02
-1.325690292058468174e+02
-1.377274741577677162e+02
-1.425434126477555026e+02
-1.472056294794448092e+02
-1.517777949130772583e+02
-1.562152886984574991e+02
-1.604127171076547711e+02
-1.642632591961488799e+02
-1.677164348587597260e+02
-1.708175044904887159e+02
-1.737088595561866953e+02
-1.765841412373779349e+02
-1.796059523463339076e+02
-1.828151109287614133e+02
-1.860675774424970825e+02
-1.890338353357571464e+02
-1.912796071417964470e+02
-1.924134771090743925e+02
-1.922495620871374058e+02
-1.909155394392017229e+02
-1.888514070331158052e+02
-1.866884899354480751e+02
-1.850550678959474169e+02
-1.843942077734511713e+02
-1.848699012290119867e+02
-1.863821298078769360e+02
-1.886508195154748080e+02
-1.913013658809256583e+02
-1.938971898420568323e+02
-1.959006549169597804e+02
-1.965832494177188892e+02
-1.949383488421333084e+02
-1.896668074741678538e+02
-1.792940741582065698e+02
-1.624319131035790349e+02
-1.381342251858260965e+02
-1.062457587187734731e+02
-6.762542545803880500e+01
-2.414746841300339852e+01
2.155676127694340494e+01
6.656707229640153400e+01
1.082226950482575063e+02
1.445854235778672603e+02
1.746830342518911721e+02
1.984851225508612345e+02
2.166665386582293991e+02
2.302775000129345528e+02
2.404360731939909215e+02
2.481109913346834333e+02
2.540142959835133922e+02
2.585943222942739794e+02
2.621019003213645533e+02
2.646882013276762109e+02
2.664883048067645746e+02
2.676567532948138251e+02
2.683446253956081478e+02
2.686335841984822537e+02
2.684641212555990251e+02
2.676015442761186023e+02
2.656647983881762798e+02
2.622083763966896299e+02
2.568198887488766786e+02
2.491934907904677061e+02
2.391611792968049315e+02
2.266915124497708121e+02
2.118788076349114533e+02
1.949418193202506586e+02
1.762389758588153938e+02
1.562932132373341290e+02
1.358035176704271692e+02
1.156107026346129487e+02
9.659730349773928992e+01
7.953717528386489732e+01
6.494559641556234908e+01
5.298753250824416483e+01
4.347596529905310092e+01
3.595319974928116125e+01
2.981834375207824905e+01
2.445666991496545961e+01
1.934182108657576293e+01
1.410458048369864770e+01
8.569698165719888294e+00
2.751468707440865913e+00
-3.205656159663088367e+00
-9.132178842278094066e+00
-1.494178355621573751e+01
-2.069260966890711373e+01
-2.657885686084338062e+01
-3.286591268813839406e+01
-3.980000390357346163e+01
-4.752149527381641292e+01
-5.600357950593627265e+01
-6.503278589884986616e+01
-7.424035630879778580e+01
-8.318037189228071782e+01
-9.143462273128221796e+01
-9.871195032138533065e+01
-1.049076470955353813e+02
-1.101005210250796864e+02
-1.144901917368706847e+02
-1.183062590362698074e+02
-1.217367470846649695e+02
-1.249093280377351363e+02
-1.279211113568342029e+02
-1.308822003063308443e+02
-1.339380638411881250e+02
-1.372565534184535068e+02
-1.409855032528456604e+02
-1.451990351609428842e+02
-1.498550433999458846e+02
-1.547805319438081142e+02
-1.596896878837399072e+02
-1.642316994069077225e+02
-1.680617008255162261e+02
-1.709213914965366712e+02
-1.727077675139227892e+02
-1.735098312004494119e+02
-1.736059577449606195e+02
-1.734273916921943623e+02
-1.734964487350010813e+02
-1.743432826196782059e+02
-1.763996664905016303e+02
-1.798682481566520153e+02
-1.845765849073492291e+02
-1.898468830633919993e+02
-1.944333874844087120e+02
-1.965832494177188892e+02
-1.942530280410963144e+02
-1.854645581763953714e+02
-1.687296178361465593e+02
-1.434386885000600387e+02
-1.101090902409433028e+02
-7.041710866737533081e+01
-2.698662062855287047e+01
1.703388823814584896e+01
5.851346210543746196e+01
9.486762358969505726e+01
1.244448496749786273e+02
1.466879601645077003e+02
1.620547474136013193e+02
1.717433160913517156e+02
1.773083774049046326e+02
1.802691970765961003e+02
1.817984924805734295e+02
1.825517283037805214e+02
1.826567948051328756e+02
1.818420637823143977e+02
1.796463958140807620e+02
1.756396432722111740e+02
1.695901779691267564e+02
1.615410509437501503e+02
1.517907463579900309e+02
1.408076722267622074e+02
1.291238413309203565e+02
1.172441459875852274e+02
1.055832171497687568e+02
9.442114436770089014e+01
8.386607925595239976e+01
7.382888520491924567e+01
6.403825559156187808e+01
