-4.127765633394684386e+01
-3.621371684313710659e+01
-3.280229902440752454e+01
-3.218298604260530027e+01
-3.468823420178897265e+01
-3.983969916741968831e+01
-4.661322073699214030e+01
-5.384132111826657052e+01
-6.059421245747634543e+01
-6.642013891811015469e+01
-7.139551179803285663e+01
-7.599871635419300731e+01
-8.086916731220408394e+01
-8.654006177388060905e+01
-9.322800152304013466e+01
-1.007330106732386810e+02
-1.084709676034245405e+02
-1.156311464062626158e+02
-1.214156536796204762e+02
-1.252834896623574537e+02
-1.271124589825764417e+02
-1.272211046467221252e+02
-1.262524504141829027e+02
-1.249789050488036821e+02
-1.241061268310464811e+02
-1.241292835680749533e+02
-1.252595755855460027e+02
-1.274196945423269085e+02
-1.303029136315381891e+02
-1.334857549356604522e+02
-1.365715059043718611e+02
-1.393267316411238994e+02
-1.417629868216179716e+02
-1.441187795937459555e+02
-1.467231999467949208e+02
-1.497743846633981661e+02
-1.531178054724707351e+02
-1.561194599973552499e+02
-1.576826483286561995e+02
-1.563906895382433788e+02
-1.507235511557785799e+02
-1.393043245527577199e+02
-1.211485908334080079e+02
-9.588821700595860875e+01
-6.392544973420763199e+01
-2.646490691062695788e+01
1.461075124568417394e+01
5.700966006557240462e+01
9.838301489688663537e+01
1.366762002542545247e+02
1.703998299001245300e+02
1.987646818442833023e+02
2.216635346252662657e+02
2.395325535376600499e+02
2.531568235393264956e+02
2.634773838562182391e+02
2.714265384075139309e+02
2.777974435605551093e+02
2.831571950555382386e+02
2.878244421244246496e+02
2.919251162292636081e+02
2.955056521329157135e+02
2.986487981041684634e+02
3.015334191441381790e+02
3.044089113187550311e+02
3.074988251250595113e+02
3.108853781564720862e+02
3.144346645512030136e+02
3.177932133480385346e+02
3.204423050502346655e+02
3.217747719059875635e+02
3.211751481203916114e+02
3.181123731193932826e+02
3.122548265005636949e+02
3.035830390520476385e+02
2.924422672140094051e+02
2.794849291570570813e+02
2.655032694533065865e+02
2.512124171508619952e+02
2.370768155183540955e+02
2.232579868566068910e+02
2.097017244729379115e+02
1.963105465322159091e+02
1.831068135579770342e+02
1.703060459711232113e+02
1.582765350168716338e+02
1.474235752131469894e+02
1.380665330497434695e+02
1.303627928727541700e+02
1.242935823557260591e+02
1.196892970656370494e+02
1.162555619253745078e+02
1.135780292342973183e+02
1.111247922766678471e+02
1.082920209978407229e+02
1.045180620138492884e+02
9.943769484854965413e+01
9.300844867092054358e+01
8.554303972837139725e+01
7.761747075976724375e+01
6.987382608614750268e+01
6.278578804690815218e+01
5.648381696715952671e+01
5.072234165295618880e+01
4.500868571199691814e+01
3.883313004132386936e+01
3.189018478576112159e+01
2.419193746729334293e+01
1.603463008674570744e+01
7.852425582510605295e+00
3.933063046837048660e-02
-7.179920401998714397e+00
-1.378947776537827963e+01
-1.993987807500755594e+01
-2.585652904525554163e+01
-3.173499570526709590e+01
-3.765561971579994349e+01
-4.354610316150967719e+01
-4.920765437528635289e+01
-5.439415226602659459e+01
-5.890702672029874520e+01
-6.266478132008921875e+01
-6.573070382511025400e+01
-6.830524652409101805e+01
-7.068721816583789064e+01
-7.320203418231156434e+01
-7.611201377339142482e+01
-7.954514571024017755e+01
-8.347170998341530890e+01
-8.772658336461148565e+01
-9.205416005348484987e+01
-9.616040016665240842e+01
-9.977373820091025891e+01
-1.027183909509753050e+02
-1.049869961195021233e+02
-1.067807114271170121e+02
-1.084856060701466163e+02
-1.105815778289055515e+02
-1.135117315945893495e+02
-1.175495725192066345e+02
-1.226958295014210307e+02
-1.286394914758265884e+02
-1.348198951382155144e+02
-1.405956526821892965e+02
-1.454629543656704982e+02
-1.492216047613514434e+02
-1.520062350715638502e+02
-1.541662968095554618e+02
-1.560386514335897061e+02
-1.576826483286561995e+02
-1.586524166697722649e+02
-1.578855249194672012e+02
-1.537880457536118968e+02
-1.445553285404463111e+02
-1.286779985874740646e+02
-1.054708233809021465e+02
-7.540804038300740331e+01
-4.010946988894305321e+01
-1.975602710117676963e+00
3.637395775564178280e+01
7.263749488550561750e+01
1.051702094861525580e+02
1.330665414246873297e+02
1.560380597388736419e+02
1.742024773763147323e+02
1.879025478751943581e+02
1.976203110652942030e+02
2.039689397072052088e+02
2.076872743405646986e+02
2.095750205485608717e+02
2.103726528399965332e+02
2.106470825412888246e+02
2.107463872618922096e+02
2.108405098403393936e+02
2.110105910507336375e+02
2.113247403925704759e+02
2.118546476653300203e+02
2.126338275726450320e+02
2.136041473987870063e+02
2.146032468422071133e+02
2.153996452517754108e+02
2.157294333166583442e+02
2.152875659911891262e+02
2.136795892498458898e+02
2.103905326729281171e+02
2.048295351491374561e+02
1.964633970081684708e+02
1.849948916847582154e+02
1.705086675112882517e+02
1.535168781679950030e+02
1.348816815921422005e+02
1.156460524643258623e+02
9.683722740334874857e+01
7.930362227022031618e+01
6.361771031395832665e+01
5.004941925678977555e+01
3.859967382512824940e+01
2.907358476855003460e+01
2.116093585637992192e+01
1.449141672740029918e+01
8.657677239788341694e+00
3.234539565417371421e+00
-2.170446179250575369e+00
-7.835021846516383448e+00
-1.385187041550991793e+01
-2.011966047206858121e+01
-2.641221833982885414e+01
-3.250328499849989328e+01
-3.830093051445722807e+01
-4.393539315953640312e+01
-4.974822945873651747e+01
-5.616254957595761965e+01
-6.347453424083273887e+01
-7.166636347197007240e+01
-8.035249183939424711e+01
-8.890817240385875664e+01
-9.672301005114540828e+01
-1.034475752392197592e+02
-1.091100237122883243e+02
-1.140583232524367077e+02
-1.187742417505118198e+02
-1.236589814853261942e+02
-1.288888446108153403e+02
-1.343876167650620346e+02
-1.398937224436071460e+02
-1.450652018470723590e+02
-1.495798354691517886e+02
-1.532140903009181443e+02
-1.558905490346912757e+02
-1.576826483286561995e+02
-1.587798922656139666e+02
-1.594342231203205529e+02
-1.599059025123065396e+02
-1.604122094509075396e+02
-1.610801926663240238e+02
-1.619178566878839831e+02
-1.628221481590308599e+02
-1.636242838693758586e+02
-1.641510125030409313e+02
-1.642774264396116735e+02
-1.639620056010679150e+02
-1.632648549287661695e+02
-1.623418377358131011e+02
-1.613988892103065496e+02
-1.606088705229680897e+02
-1.600277140426416054e+02
-1.595577701401250579e+02
-1.589805496291340603e+02
-1.580446146054580367e+02
-1.565715108284856001e+02
-1.545365118660251369e+02
-1.520901138960709034e+02
-1.495079378058485133e+02
-1.470821837756937498e+02
-1.449901825101182453e+02
-1.431906345000250269e+02
-1.413972014057318916e+02
-1.391557126987577533e+02
-1.360106307865141844e+02
-1.317032545677448070e+02
-1.263177855027953882e+02
-1.203012754756153413e+02
