-2.462038579430782903e+01
-5.312129268162301088e+01
-7.906239024226033507e+01
-1.005053320021796992e+02
-1.165284402034386062e+02
-1.273109135390439803e+02
-1.339275395521217433e+02
-1.379628023145093891e+02
-1.410668239743111485e+02
-1.445552277706941595e+02
-1.491319697286107271e+02
-1.547901447270981521e+02
-1.609086094273007177e+02
-1.665118205776166747e+02
-1.706110394540264110e+02
-1.725177282573586410e+02
-1.720342511161391315e+02
-1.694820816723656947e+02
-1.655892649236587602e+02
-1.612901109565153490e+02
-1.574929188210077200e+02
-1.548701551930219580e+02
-1.537221659390098694e+02
-1.539458382505093823e+02
-1.551065887371887584e+02
-1.565842570579810626e+02
-1.577516814987598650e+02
-1.581437406727821724e+02
-1.575751219361405049e+02
-1.561714096604634676e+02
-1.543024223202907024e+02
-1.524435601906315014e+02
-1.510198097612301922e+02
-1.502939653845830037e+02
-1.503383470290218611e+02
-1.510814354201942820e+02
-1.523788268773508321e+02
-1.540589922491701316e+02
-1.559332221613607317e+02
-1.577933425631292153e+02
-1.594246477755302180e+02
-1.606453081976112003e+02
-1.613658275203684127e+02
-1.616497989285848575e+02
-1.617477687334132099e+02
-1.620705479412706040e+02
-1.630808025973994404e+02
-1.651221131959573825e+02
-1.682540232375070843e+02
-1.721808372655139578e+02
-1.763265280810199158e+02
-1.800345217723750579e+02
-1.828083497932758235e+02
-1.844939458285949456e+02
-1.853300295741140644e+02
-1.858342657061500347e+02
-1.865432614316583795e+02
-1.876836392318280957e+02
-1.888947615952562842e+02
-1.891192888077805492e+02
-1.867221156895568583e+02
-1.798170586978160088e+02
-1.667097581265175847e+02
-1.463292397652676868e+02
-1.185197102442312911e+02
-8.409601990150774498e+01
-4.464265224732364601e+01
-2.142195085172907909e+00
4.141130745896464305e+01
8.428005850143728139e+01
1.250874952300265761e+02
1.628045800376052910e+02
1.966936397318986280e+02
2.262620454565604575e+02
2.512363522006540393e+02
2.715452176987645316e+02
2.873008868698170772e+02
2.987746674396923368e+02
3.063612186462328282e+02
3.105272925039240590e+02
3.117475239755427765e+02
3.104375037471016299e+02
3.069003846203966077e+02
3.013081235280633337e+02
2.937335722483917948e+02
2.842257287184095276e+02
2.728906072240531557e+02
2.599350333758533225e+02
2.456594141541023646e+02
2.304205503095228664e+02
2.145969755567994071e+02
1.985730211382288815e+02
1.827281793486255310e+02
1.674004402195989769e+02
1.528101427997222288e+02
1.389756105685929697e+02
1.256804961911934413e+02
1.125367147711054372e+02
9.913860366342996144e+01
8.525392129729434032e+01
7.097001904060493871e+01
5.672402668984808827e+01
4.319404866512847008e+01
3.109112656975237599e+01
2.093438613357513489e+01
1.289411821074631703e+01
6.755032355906690711e+00
2.003799498170472759e+00
-1.998884805037526746e+00
-5.825852682567294494e+00
-9.834330962674140864e+00
-1.410451654115714248e+01
-1.848083974880405123e+01
-2.269716531309466490e+01
-2.653663614201429510e+01
-2.996165194087512162e+01
-3.315976916504254035e+01
-3.648766058990482009e+01
-4.034395455482446380e+01
-4.503478560387378593e+01
-5.068838468304828382e+01
-5.723453105147333986e+01
-6.442974091973208317e+01
-7.190600575201465006e+01
-7.923731924343394439e+01
-8.602670512131500402e+01
-9.200527254458825155e+01
-9.711373574371042139e+01
-1.015268397124989690e+02
-1.055964697016966340e+02
-1.097257685016893163e+02
-1.142259180308202247e+02
-1.192224488151335038e+02
-1.246496445990237589e+02
-1.303181486217675911e+02
-1.360076834248439468e+02
-1.415403270860627174e+02
-1.468083716613006118e+02
-1.517525950967324775e+02
-1.563160589175206212e+02
-1.604188889113973744e+02
-1.639843963177238777e+02
-1.670036036203769072e+02
-1.695916799954098337e+02
-1.719920620847950659e+02
-1.745137384297524079e+02
-1.774173160394275328e+02
-1.807788732409090073e+02
-1.843596248562192557e+02
-1.875070652238933633e+02
-1.891192888077805492e+02
-1.877116975017838172e+02
-1.816128944627131148e+02
-1.692747457371470432e+02
-1.496270200145532669e+02
-1.223767932835158376e+02
-8.815846027995975476e+01
-4.847836354761894029e+01
-5.459214537305605575e+00
3.854315464680401249e+01
8.133460185861649450e+01
1.211783085793529295e+02
1.569296454659633184e+02
1.880124059366531810e+02
2.142880283001582882e+02
2.358887551095840820e+02
2.530756015817350146e+02
2.661557515570709711e+02
2.754639878665452670e+02
2.813854131791999862e+02
2.843786700737457522e+02
2.849591395795717403e+02
2.836249037252080143e+02
2.807474847098501414e+02
2.764839775789120040e+02
2.707709797687538185e+02
2.634220974472135595e+02
2.542912704910571051e+02
2.434258632480159577e+02
2.311412846748375216e+02
2.179892740496378565e+02
2.046324170873638764e+02
1.916632812046974266e+02
1.794261950163309791e+02
1.679121912316777525e+02
1.567811274938971167e+02
1.455121479724764129e+02
1.336248714693767852e+02
1.208855539810777202e+02
1.074208690882846042e+02
9.369446360601112644e+01
8.035298582202521800e+01
6.800783469607458187e+01
5.705161679768440308e+01
4.758512537931541431e+01
3.946821046212543393e+01
3.245264408209006035e+01
2.633242082427105757e+01
2.104962303259679146e+01
1.671307133549879609e+01
1.352252322107110771e+01
1.163274876559708204e+01
1.101740196542438888e+01
1.138964794968496008e+01
1.221036826179107670e+01
1.278215140787417070e+01
1.240412451014540096e+01
1.055016022660622177e+01
7.020779273555437072e+00
2.009479943307157512e+00
-3.959776584155559220e+00
-1.021279160986065193e+01
-1.614793178803021334e+01
-2.140441539351044398e+01
-2.591926317495382648e+01
-2.988330195350606289e+01
-3.364551594156463921e+01
-3.760719416411004090e+01
-4.212427493944856849e+01
-4.743085325025450771e+01
-5.360033548830858763e+01
-6.054884241501183340e+01
-6.806349482599682688e+01
-7.583307705498070561e+01
-8.347911706904424989e+01
-9.060957753984541796e+01
-9.691398157258089441e+01
-1.022809130828490112e+02
-1.068792114596668483e+02
-1.111464273375313354e+02
-1.156768650198090853e+02
-1.210567232449700583e+02
-1.277141635238195079e+02
-1.358288670750044673e+02
-1.453008302528023705e+02
-1.557456012160943715e+02
-1.664845524894384710e+02
-1.765279849417492528e+02
-1.845813592346527514e+02
-1.891192888077805492e+02
-1.885586799285999859e+02
-1.815242822415791579e+02
-1.671536907267726804e+02
-1.453591640927572541e+02
-1.169639398594137134e+02
-8.365590815220352283e+01
-4.774422683428386449e+01
-1.176335231870064746e+01
2.196980305033466152e+01
5.171129060638500619e+01
7.645449635113953946e+01
9.587603876072464004e+01
1.101151737676718767e+02
1.194882695556200645e+02
1.242499367075336352e+02
1.244828948190982203e+02
1.201376772209835622e+02
1.111791397605999236e+02
9.776398706431317009e+01
8.037946822270797043e+01
5.989712093363974077e+01
3.752003022878223248e+01
