-2.486463817923351627e+01
-6.270182967036276978e+01
-9.548908259286676525e+01
-1.196132605658553985e+02
-1.337757152398775702e+02
-1.390050964220093022e+02
-1.379556418116920611e+02
-1.338703896160068609e+02
-1.296105342071140285e+02
-1.270237794105651261e+02
-1.267491148032704871e+02
-1.284053723352217560e+02
-1.310158764403606426e+02
-1.334898637837072215e+02
-1.350097028929946532e+02
-1.352370522431777715e+02
-1.343194489186222143e+02
-1.327370310762374856e+02
-1.310708574556734050e+02
-1.297852946707613455e+02
-1.290924398653168055e+02
-1.289249697509416137e+02
-1.290051856799948951e+02
-1.289696167390778783e+02
-1.284968882699741926e+02
-1.273980480483910469e+02
-1.256552654005520253e+02
-1.234174962776802431e+02
-1.209670657878049411e+02
-1.186619014025652064e+02
-1.168495095481368367e+02
-1.157549643520854090e+02
-1.153664518987111620e+02
-1.153612780703956133e+02
-1.151100770881136270e+02
-1.137631953350604306e+02
-1.103860499147291847e+02
-1.040999390306788399e+02
-9.420396348115454543e+01
-8.027628301693523838e+01
-6.225479545306104256e+01
-4.048390016985580786e+01
-1.570961903321065023e+01
1.098297675695432574e+01
3.828431810496682886e+01
6.481617092131386926e+01
8.930893143427222469e+01
1.107659646625729835e+02
1.285764315564256322e+02
1.425528490208157564e+02
1.528915275783754169e+02
1.600681972802273947e+02
1.646888488441492200e+02
1.673273488205130946e+02
1.683944768084395491e+02
1.680819122866506348e+02
1.663998529216679572e+02
1.632862321568266566e+02
1.587308453443216081e+02
1.528536180746858975e+02
1.459088221175253466e+02
1.382324290547830969e+02
1.301740439694966085e+02
1.220450488397435151e+02
1.140874506202348755e+02
1.064515359317210539e+02
9.917679584223272116e+01
9.218490870182316144e+01
8.529601654797752985e+01
7.827185129113253481e+01
7.088422110097489792e+01
6.300196132988399711e+01
5.467261084989628728e+01
4.615560011841138532e+01
3.786876211830571748e+01
3.025135728544120184e+01
2.359903867268857169e+01
1.794791312653261883e+01
1.306010320632994492e+01
8.512544476872847099e+00
3.847536848305914248e+00
-1.271893450804746806e+00
-6.949391852332748698e+00
-1.301547307374734785e+01
-1.907322380527646999e+01
-2.461952826479002709e+01
-2.920437318389814862e+01
-3.257462092842163770e+01
-3.475599100552688014e+01
-3.605112523218319609e+01
-3.695815942503703866e+01
-3.803599206856177517e+01
-3.975692251991010551e+01
-4.239033398583218570e+01
-4.595074222101739281e+01
-5.022439210313764590e+01
-5.486609081194472282e+01
-5.953411250404600707e+01
-6.401100931712221609e+01
-6.825605721936341297e+01
-7.236369511630564944e+01
-7.645397841391339000e+01
-8.056292900944905000e+01
-8.459917544758052088e+01
-8.838696892859513810e+01
-9.176022717818281649e+01
-9.464889391200561874e+01
-9.711678949562885066e+01
-9.934426096117536531e+01
-1.015725191669173313e+02
-1.040332293763329545e+02
-1.068829734001139826e+02
-1.101550890022520690e+02
-1.137379770740646734e+02
-1.173899894624484403e+02
-1.207966262973187952e+02
-1.236587595310816710e+02
-1.257824341766109910e+02
-1.271392696518099541e+02
-1.278795453446239208e+02
-1.282934253131531648e+02
-1.287291277994723941e+02
-1.294935956721197385e+02
-1.307677070712040575e+02
-1.325546804618684860e+02
-1.346643787150680964e+02
-1.367373648098125045e+02
-1.383215777753766247e+02
-1.390050964220093022e+02
-1.385736484760809049e+02
-1.371267399774615683e+02
-1.350852613439617187e+02
-1.330670606764061574e+02
-1.316714638407768234e+02
-1.312607519403309482e+02
-1.318253416212428988e+02
-1.329704646622124642e+02
-1.340003848782361899e+02
-1.340424639934392985e+02
-1.321624549996508904e+02
-1.274588056661661994e+02
-1.191566619362644559e+02
-1.067234581222255940e+02
-8.999439928936632782e+01
-6.925960758566020559e+01
-4.526392069586913891e+01
-1.910829027884427944e+01
7.916646209402024681e+00
3.451842683496563069e+01
5.957081646620156334e+01
8.223035519684430028e+01
1.019827599255206820e+02
1.186217765363959700e+02
1.321848400339980856e+02
1.428781448602773025e+02
1.510134395121395414e+02
1.569588003882853116e+02
1.610913873152251483e+02
1.637421847407115933e+02
1.651384920612585461e+02
1.653668915833731035e+02
1.643842333678267948e+02
1.620892355476310627e+02
1.584354913708078243e+02
1.535350114040923586e+02
1.476939440884116834e+02
1.413517672494180601e+02
1.349493123669743113e+02
1.287945229110727894e+02
1.229962859256932006e+02
1.174945126268654292e+02
1.121575792759077501e+02
1.068829173412062090e+02
1.016438003317958589e+02
9.646755910190282179e+01
9.137681829260658617e+01
8.634301134609533790e+01
8.128096083924215520e+01
7.607864414743640680e+01
7.063942867446552043e+01
6.492052135366809296e+01
5.896320627860180252e+01
5.291390743905286342e+01
4.702982343605167159e+01
4.165624193662054608e+01
3.716595247807303792e+01
3.386900604814215399e+01
3.192176956141487665e+01
3.127104456581506753e+01
3.165698587593993096e+01
3.267600271256753786e+01
3.388457382633127679e+01
3.491328414661901292e+01
3.555455335027081532e+01
3.578861858142852270e+01
3.573109184659006843e+01
3.552249885230458659e+01
3.521303961359897272e+01
3.469976692937596141e+01
3.374754356956842116e+01
3.208681908110177972e+01
2.954654938135387710e+01
2.616130197045421113e+01
2.219838410402748252e+01
1.808467098607140144e+01
1.425925161186257029e+01
1.101556993603579571e+01
8.406423597630499955e+00
6.257223207465665737e+00
4.277062632009055676e+00
2.204552196355286320e+00
-9.123999073059874121e-02
-2.604955866311044588e+00
-5.275926890252133461e+00
-8.093610708432542822e+00
-1.115028944213120354e+01
-1.460029928906002539e+01
-1.854870181164405452e+01
-2.294057818668459348e+01
-2.752346574102622867e+01
-3.190931237666369213e+01
-3.570325890293900528e+01
-3.863711532389353209e+01
-4.065585265000706983e+01
-4.193332316479796162e+01
-4.281947385020860253e+01
-4.374311866164541840e+01
-4.510828428692312286e+01
-4.721780020578955828e+01
-5.023486213333288219e+01
-5.417015484967510019e+01
-5.887966724192754953e+01
-6.407631688083310451e+01
-6.937444878014218830e+01
-7.437980545827259959e+01
-7.880990311797749825e+01
-8.260075728094990666e+01
-8.594861046389068804e+01
-8.925953101716405058e+01
-9.302294051399026387e+01
-9.765917623584739715e+01
-1.033934007939694482e+02
-1.101807621782023716e+02
-1.176775782259386176e+02
-1.252471916431264560e+02
-1.320058703870580530e+02
-1.369266071446173498e+02
-1.390050964220093022e+02
-1.374591552627498174e+02
-1.319058170029619248e+02
-1.224580801834937063e+02
-1.097068903628702401e+02
-9.459256924960969570e+01
-7.820686724370419540e+01
-6.158502946322715843e+01
-4.554084317860747433e+01
-3.057594533180951402e+01
-1.687086596483929668e+01
-4.345887790993618438e+00
7.234389260227265694e+00
1.814922565957036227e+01
2.864398573702768402e+01
