-9.095131460493428222e+01
-1.470965761072580449e+02
-1.961677223686740774e+02
-2.329833274390958309e+02
-2.555235104521879919e+02
-2.649873712663783181e+02
-2.649219942634056792e+02
-2.598980146305096923e+02
-2.542092405738315222e+02
-2.509369809437480683e+02
-2.515393758451096460e+02
-2.559485161561285054e+02
-2.630245338383737135e+02
-2.711581351449506769e+02
-2.788307443091485993e+02
-2.850034556922451543e+02
-2.892781761398580898e+02
-2.918393705493992911e+02
-2.932389777056634443e+02
-2.941265421267325451e+02
-2.950360878637702058e+02
-2.963020896720342421e+02
-2.980982159643435807e+02
-3.005236287130290975e+02
-3.036511814740142086e+02
-3.074975951083985137e+02
-3.119371508075082602e+02
-3.166258679701596179e+02
-3.210123078718895613e+02
-3.244685588873568349e+02
-3.265019258660701666e+02
-3.269611756329455829e+02
-3.261587779455304030e+02
-3.248644107741393441e+02
-3.241520639941460331e+02
-3.251055492008274541e+02
-3.284199126242933744e+02
-3.339782859863912563e+02
-3.405229500069695519e+02
-3.455532274533674126e+02
-3.455396207658807839e+02
-3.364463788898157190e+02
-3.144636157356813442e+02
-2.768096140157986724e+02
-2.224459973966409905e+02
-1.525259308657787187e+02
-7.041295176894328733e+01
1.878793276809151536e+01
1.090914165205539916e+02
1.946683112720212137e+02
2.707986433154170527e+02
3.345225163474560190e+02
3.848688773905809057e+02
4.226639900582893006e+02
4.500227655873711115e+02
4.696776973857056419e+02
4.842986651512511571e+02
4.959275930354498314e+02
5.056283953252095102e+02
5.134327086138785035e+02
5.186044898705897594e+02
5.201358426253542575e+02
5.172795310692822568e+02
5.099057730117655183e+02
4.985634106901075597e+02
4.842640391499909356e+02
4.681139228590635071e+02
4.509578869877881289e+02
4.331710365506551739e+02
4.146555391755592836e+02
3.950065988200771585e+02
3.737452388117837359e+02
3.505033585757294077e+02
3.250962261572654484e+02
2.975064927044449519e+02
2.678688181989167560e+02
2.365217292529082442e+02
2.040998164524543483e+02
1.715689605821034434e+02
1.401230545364079205e+02
1.109367739693471719e+02
8.484997198688519404e+01
6.211416497931730873e+01
4.233468594806610241e+01
2.466597673864519891e+01
8.184963278475223092e+00
-7.730417974559486538e+00
-2.318071121190290995e+01
-3.775419291394536003e+01
-5.074221253526219755e+01
-6.147523792660940956e+01
-6.965972270835410995e+01
-7.558748959632336550e+01
-8.012475212215089471e+01
-8.447388978513691882e+01
-8.980462746140469221e+01
-9.691268693251970490e+01
-1.060428391727392494e+02
-1.169216246584203702e+02
-1.289434916863640979e+02
-1.414068020168822954e+02
-1.537136073754228676e+02
-1.654874948104993564e+02
-1.765935105152006770e+02
-1.870695648077794715e+02
-1.970126844212568074e+02
-2.064870939904596980e+02
-2.155042843257400307e+02
-2.240766089248086530e+02
-2.323032868827418724e+02
-2.404277157190403500e+02
-2.488079244021847387e+02
-2.577801481317690673e+02
-2.674657295752070922e+02
-2.776235321305453567e+02
-2.876329041740498837e+02
-2.966232508222069555e+02
-3.037089186676391250e+02
-3.082673445727936610e+02
-3.101868221136201669e+02
-3.099961346341154353e+02
-3.088031651876182195e+02
-3.080324138662660403e+02
-3.090293568398759589e+02
-3.126492103645214797e+02
-3.189579320678565182e+02
-3.271433583047519846e+02
-3.356561772140736366e+02
-3.425002402859102517e+02
-3.455396207658807839e+02
-3.427255713938335475e+02
-3.322330939990335992e+02
-3.125676163809248465e+02
-2.827149926871164212e+02
-2.423535196560075917e+02
-1.920654265525367350e+02
-1.334437158382459643e+02
-6.901662459249801884e+01
-1.976419831164678786e+00
6.423763117594340599e+01
1.264111389106872991e+02
1.819813233245912443e+02
2.293359071494896853e+02
2.679270401470054708e+02
2.981765931123674136e+02
3.212052414763841739e+02
3.384816372574755974e+02
3.515080257830062465e+02
3.616080770152104265e+02
3.698065342448862225e+02
3.767593257991409246e+02
3.827210413626740433e+02
3.875747483510342022e+02
3.909502824611807341e+02
3.924182754458610702e+02
3.916940626726706114e+02
3.887557399414154702e+02
3.838089820873446456e+02
3.771117338614974983e+02
3.687485999066595923e+02
3.584690964417584382e+02
3.456741265469718769e+02
3.295734907217607201e+02
3.094689404574994569e+02
2.850679868800742156e+02
2.567170340780493234e+02
2.254587381330140943e+02
1.928735926876762790e+02
1.607553740155919400e+02
1.307465347913494611e+02
1.040642620914306349e+02
8.137947816301971216e+01
6.282771524838621957e+01
4.809131056530759452e+01
3.650958506895432265e+01
2.721232275620905483e+01
1.928597540829009205e+01
1.195745016814042039e+01
4.741754359702103017e+00
-2.514389887870672524e+00
-9.726849852728253865e+00
-1.676928284289319393e+01
-2.367034629777209176e+01
-3.070748540251716463e+01
-3.834687327375105070e+01
-4.705975600478797816e+01
-5.710527980109034729e+01
-6.838256296857318262e+01
-8.042369108431014979e+01
-9.254198411496413712e+01
-1.040823342344855575e+02
-1.146655896530464815e+02
-1.243124057060957455e+02
-1.333918809595035384e+02
-1.424322609141999010e+02
-1.518886819203547134e+02
-1.619580883617836378e+02
-1.724987354212092043e+02
-1.830867588590928960e+02
-1.932114467075416258e+02
-2.025494095526362912e+02
-2.111906897981959048e+02
-2.196815055828406003e+02
-2.288312356935003891e+02
-2.393606053244551504e+02
-2.515587183229596349e+02
-2.651133891215071685e+02
-2.791897546084418877e+02
-2.927151499522180416e+02
-3.047480541522482440e+02
-3.147849324553807264e+02
-3.228772100556997771e+02
-3.294953119849261611e+02
-3.351876113135963351e+02
-3.401767963850988394e+02
-3.440389259540256148e+02
-3.455396207658807839e+02
-3.426512700858934295e+02
-3.327813320718956334e+02
-3.132373344452948345e+02
-2.818755868701884424e+02
-2.377665642885979764e+02
-1.816560690311327733e+02
-1.160537329678028868e+02
-4.490544312042183606e+01
2.706050618725011248e+01
9.513176270537681489e+01
1.553492596732641573e+02
2.050269769722991100e+02
2.429914657107179323e+02
2.695629476848193917e+02
2.863303773909547090e+02
2.957587509887748638e+02
3.006660315626575652e+02
3.036538301576561594e+02
3.066293351613143159e+02
3.105488147792475502e+02
3.154339132133713406e+02
3.206110346219503526e+02
3.250587827724949079e+02
3.277414883468211428e+02
3.278437116501724518e+02
3.248733527043268055e+02
3.186488684536278697e+02
3.092157787032242027e+02
2.967419041365386079e+02
2.814273593250084105e+02
2.634549299894015348e+02
2.430047072407563746e+02
2.203388135393274752e+02
1.959140458039313444e+02
1.704421439937655123e+02
1.448408618328640785e+02
1.200955932080189257e+02
9.711515744946855477e+01
7.665785989867148942e+01
5.932862513321146736e+01
4.557517405449986825e+01
3.561428937638037695e+01
2.929495977338932633e+01
2.598267031430009055e+01
2.456917784370597602e+01
