-2.716919133377963647e+01
-4.191777333301980946e+01
-5.504316051904898188e+01
-6.536176556019084671e+01
-7.246287704158493170e+01
-7.677806872773679459e+01
-7.938808674956875677e+01
-8.163272883528898660e+01
-8.465728270060331795e+01
-8.905616921535724373e+01
-9.474013001444016879e+01
-1.010620638238839746e+02
-1.071290483862667315e+02
-1.121579310906044924e+02
-1.157322138512771659e+02
-1.178840089612257600e+02
-1.190151069114546942e+02
-1.197309099253708240e+02
-1.206627187563844217e+02
-1.223186417220142772e+02
-1.249739501652777420e+02
-1.286083879772184559e+02
-1.329088389786118682e+02
-1.373579511763763321e+02
-1.414070972371319499e+02
-1.446861535247319637e+02
-1.471580109798177602e+02
-1.491264483223946513e+02
-1.510771541863239520e+02
-1.534343660590897400e+02
-1.563663977937177094e+02
-1.597314390571626177e+02
-1.631656807449113273e+02
-1.662504329593571128e+02
-1.686772616767980537e+02
-1.703406348450658925e+02
-1.713124303243116344e+02
-1.716981858202057083e+02
-1.714337063435962136e+02
-1.701153614213255878e+02
-1.669425864565520214e+02
-1.608053563596133415e+02
-1.505016503914715713e+02
-1.350277252381110316e+02
-1.138560276624986898e+02
-8.712046143829117284e+01
-5.566341012204143368e+01
-2.093842095667928049e+01
1.520535191240274742e+01
5.080459156756954542e+01
8.406277749232032193e+01
1.135703072638247733e+02
1.384269539990051783e+02
1.582628794678001043e+02
1.731861412364681314e+02
1.836987738122207929e+02
1.906063122166851542e+02
1.949073106317280235e+02
1.976322027303330344e+02
1.996386874299770398e+02
2.014359812909596030e+02
2.031304647712933331e+02
2.045255401012645962e+02
2.053135596131635623e+02
2.052454006872102639e+02
2.041927284452998776e+02
2.021023014534838467e+02
1.989146008287883944e+02
1.945265677093256897e+02
1.888226704648525072e+02
1.817370564243517777e+02
1.732936120682157650e+02
1.635963042585922835e+02
1.527765266053899893e+02
1.409312331221401280e+02
1.280979862385669605e+02
1.142959711847786792e+02
9.961742444946462172e+01
8.431490653476028285e+01
6.882827969092181775e+01
5.372882302165177038e+01
3.960009173907591418e+01
2.690459642270347729e+01
1.589421413076452438e+01
6.605393054734259195e+00
-1.062338900122358432e+00
-7.235294402766937694e+00
-1.199593566243102138e+01
-1.540519200420419743e+01
-1.760663337624599478e+01
-1.894106325392755963e+01
-1.998300863942628069e+01
-2.145371093997155754e+01
-2.403694591561638561e+01
-2.817607923621315891e+01
-3.393925136559121114e+01
-4.100738739317345249e+01
-4.878437003896261359e+01
-5.657875510150496723e+01
-6.378755002095801530e+01
-7.002862785703443649e+01
-7.520138101638713124e+01
-7.948150759703950996e+01
-8.326257495742190429e+01
-8.705098545450586300e+01
-9.132212414686337354e+01
-9.636561649405452101e+01
-1.021730745347184808e+02
-1.084238184396181879e+02
-1.145880349642054199e+02
-1.201079204124104081e+02
-1.245747449650063885e+02
-1.278289862033595909e+02
-1.299660642051883883e+02
-1.312827629519146058e+02
-1.322075476942418675e+02
-1.332299422512013223e+02
-1.348200372735817325e+02
-1.373333108390312702e+02
-1.409169401970345916e+02
-1.454483645113679984e+02
-1.505369469157927824e+02
-1.556068748519457188e+02
-1.600529747558666145e+02
-1.634261256184468607e+02
-1.655802843837167586e+02
-1.667184149900610066e+02
-1.673108305061792009e+02
-1.679063761900273164e+02
-1.688925215250117446e+02
-1.702760600021010191e+02
-1.715512157279789278e+02
-1.716981858202057083e+02
-1.693185709387235249e+02
-1.628764856121749460e+02
-1.509908581828259173e+02
-1.327239778827148768e+02
-1.078199316073959437e+02
-7.684614385875188702e+01
-4.119057272690882598e+01
-2.888945604036087467e+00
3.569886512171731852e+01
7.229485592340645894e+01
1.050854455809310366e+02
1.329684763836829404e+02
1.555970499991196618e+02
1.732370558502229017e+02
1.865280320645776442e+02
1.962511717733023886e+02
2.031690595156584607e+02
2.079504631417825351e+02
2.111587755535702797e+02
2.132656961267522036e+02
2.146492243874680241e+02
2.155556652464896388e+02
2.160505978546540575e+02
2.160191861896670673e+02
2.152543923010320839e+02
2.135980635437353499e+02
2.110441807551955833e+02
2.077341761365534865e+02
2.038529560110930277e+02
1.995018082339533692e+02
1.946307517258536564e+02
1.890603120017190122e+02
1.825550795819856091e+02
1.748843962299292230e+02
1.658407068051303952e+02
1.552454091646031884e+02
1.429944534789398460e+02
1.291588274308499535e+02
1.140911727417214081e+02
9.845502519379208195e+01
8.312255288173410861e+01
6.896596827815770325e+01
5.663979338467274260e+01
4.645944767549776344e+01
3.841809332677282640e+01
3.229642097911224852e+01
2.777425203378108876e+01
2.447869315095141118e+01
2.197355045077556923e+01
1.974724553637406643e+01
1.725152009807005626e+01
1.399642869879857088e+01
9.662675848786374644e+00
4.178114603245019154e+00
-2.276344410815189789e+00
-9.330811293288761021e+00
-1.653352847787783020e+01
-2.347027715641311829e+01
-2.987213914100278345e+01
-3.568708226037062303e+01
-4.108477888778736542e+01
-4.637475713092531748e+01
-5.185847194072164257e+01
-5.768210155137732897e+01
-6.376559338097750640e+01
-6.984088839091546674e+01
-7.557014621042121405e+01
-8.067844523281681290e+01
-8.504423821786490123e+01
-8.872806225331675023e+01
-9.195158690838280791e+01
-9.504358362763521484e+01
-9.835951567905267723e+01
-1.021875888249454221e+02
-1.066763734895364593e+02
-1.118205847042732728e+02
-1.175035387845677803e+02
-1.235500555549375292e+02
-1.297404835289439120e+02
-1.357837494722089673e+02
-1.413006420935092819e+02
-1.458735311535771473e+02
-1.491693189013473670e+02
-1.510860542124249832e+02
-1.518532317083892735e+02
-1.520306306753260799e+02
-1.523834510106826770e+02
-1.536559605904308796e+02
-1.563096539251537820e+02
-1.603113363754656575e+02
-1.650401508663686343e+02
-1.693402250253096497e+02
-1.716981858202057083e+02
-1.704937789248350271e+02
-1.642672950513656076e+02
-1.519610310403284359e+02
-1.331066485705679838e+02
-1.079366511454996385e+02
-7.740018138006391268e+01
-4.307133166670157465e+01
-6.957228831640048128e+00
2.876278342663295717e+01
6.201846840259169369e+01
9.110138949172355183e+01
1.148557918631335042e+02
1.327944887179584157e+02
1.451325781691740247e+02
1.527215078535792543e+02
1.568618117493061845e+02
1.590003411560753648e+02
1.603741142824817416e+02
1.617110568758247098e+02
1.630973016211441973e+02
1.640643890689952684e+02
1.638675775195451365e+02
1.618541363250567713e+02
1.577790768458193327e+02
1.519330737846426302e+02
1.450191284832023086e+02
1.378337398164671015e+02
1.309116366626309400e+02
1.243111133754958360e+02
1.176323491957904679e+02
1.102294298383499864e+02
1.014875205875360393e+02
9.104043303436935730e+01
7.887371973654744295e+01
6.532486979432246699e+01
5.101328653694286430e+01
