2.591588004893833386e+01
-2.824301325227477122e+01
-7.486763617567126516e+01
-1.083715927203424201e+02
-1.262416153750694718e+02
-1.290625286418616895e+02
-1.196142911512381204e+02
-1.015696174771049414e+02
-7.834115485046042693e+01
-5.242771133209587475e+01
-2.533610585363099688e+01
2.075763522642906977e+00
2.911094250667572325e+01
5.486978105518646487e+01
7.816801070593069767e+01
9.773436655071465395e+01
1.125524466703386537e+02
1.221659474926721032e+02
1.268158885612399160e+02
1.273733847333894857e+02
1.251134788120978243e+02
1.214183771929235718e+02
1.175044032308366297e+02
1.142432447974270815e+02
1.121025445609227802e+02
1.111843628723356403e+02
1.113179987674234752e+02
1.121706348028395865e+02
1.133568254912501629e+02
1.145374436124487545e+02
1.154961455878936789e+02
1.161735056125562693e+02
1.166379936574356435e+02
1.169912485510189555e+02
1.172402853725054541e+02
1.171973827087785622e+02
1.164646002176658612e+02
1.145223971447478277e+02
1.108904239489210681e+02
1.052911884579385031e+02
9.774768284391687700e+01
8.858686825029167267e+01
7.837414720860451212e+01
6.782813495655895508e+01
5.774228684824891644e+01
4.889775741987635627e+01
4.193885000137390051e+01
3.721733219640540824e+01
3.466418321749733877e+01
3.376795604531632478e+01
3.370263113146124567e+01
3.357222497205668788e+01
3.267405890499124155e+01
3.067254720607387242e+01
2.762515500686746961e+01
2.387529149297684938e+01
1.987856846757141227e+01
1.603728570912547724e+01
1.259129878340715614e+01
9.576495197134361703e+00
6.838313668887340491e+00
4.084706609302727998e+00
9.702029553020299346e-01
-2.796194900076436340e+00
-7.339957170878426140e+00
-1.254847007943425297e+01
-1.808368177696888779e+01
-2.349269490116042647e+01
-2.836924427906916435e+01
-3.248439126550140799e+01
-3.582840338392640689e+01
-3.856482463027146679e+01
-4.094326657319410856e+01
-4.322096591102341989e+01
-4.561389206581983302e+01
-4.826954738854461624e+01
-5.124830685623337700e+01
-5.451105642295394205e+01
-5.792046917984076515e+01
-6.126454057884163262e+01
-6.430445264469059907e+01
-6.683708492652031907e+01
-6.875184362111627934e+01
-7.005906336246120247e+01
-7.087739900034281959e+01
-7.138899523141839154e+01
-7.178993536622050442e+01
-7.226068552680781920e+01
-7.295828309210445184e+01
-7.401255374448274438e+01
-7.550970259586902955e+01
-7.746324825647729995e+01
-7.978931127686951186e+01
-8.230823700996732839e+01
-8.478373176532369371e+01
-8.699214927993887159e+01
-8.879977825302856331e+01
-9.021814336709347515e+01
-9.140811920676127045e+01
-9.262260765646196603e+01
-9.411317385143007641e+01
-9.604974583293359558e+01
-9.848821559895387168e+01
-1.013817127491899015e+02
-1.046051882704037297e+02
-1.079697601333665915e+02
-1.112305833618166844e+02
-1.141113422013408893e+02
-1.163599300959920555e+02
-1.178203677647738488e+02
-1.184854298436342219e+02
-1.185053725718953501e+02
-1.181576832624695328e+02
-1.177973572960102473e+02
-1.177973917132834174e+02
-1.184774475368316189e+02
-1.200204283668968230e+02
-1.223834699129906909e+02
-1.252146744670274074e+02
-1.277976954084446675e+02
-1.290625286418616895e+02
-1.276999598550588075e+02
-1.223822453220134321e+02
-1.120429397124106430e+02
-9.613993783607500632e+01
-7.482978962794084055e+01
-4.900648192826563587e+01
-2.019395406454568942e+01
9.678628305564943801e+00
3.856184171510086856e+01
6.457208993231776617e+01
8.623796811946800744e+01
1.026828003418525554e+02
1.137197896520357432e+02
1.198327712632650162e+02
1.220338525570391113e+02
1.216297058933779027e+02
1.199590162050962903e+02
1.181621205989788024e+02
1.170214981230764977e+02
1.168898735979293662e+02
1.177092284582656418e+02
1.191145048901307746e+02
1.206025306047459082e+02
1.217269969045926530e+02
1.222615411565838173e+02
1.222698771350790281e+02
1.220470568507953573e+02
1.219488195877436993e+02
1.221846398912243643e+02
1.226750656249496529e+02
1.230388717018700362e+02
1.227017370719819382e+02
1.210626899052328724e+02
1.176534757231412556e+02
1.122579461623085137e+02
1.049779401513552131e+02
9.623048593042685184e+01
8.666953201655370265e+01
7.705619577272301512e+01
6.812396744719404751e+01
6.047205083381707880e+01
5.448854126247298524e+01
5.029376014221482905e+01
4.771293039042527084e+01
4.630932840754817192e+01
4.550201161331624888e+01
4.475104068519674883e+01
4.374311817625019927e+01
4.248836251704148026e+01
4.126797770573391233e+01
4.044408459365475039e+01
4.021711841171103430e+01
4.045018376788560488e+01
4.065526333753926025e+01
4.016331311965418394e+01
3.841059026028366929e+01
3.520970084812440604e+01
3.087076837210283742e+01
2.610442490881278133e+01
2.174668617229709611e+01
1.843729146743128666e+01
1.640054229763230254e+01
1.541292723317055291e+01
1.494336329710632683e+01
1.438050199979466015e+01
1.324702751677593326e+01
1.133434573535347667e+01
8.739250654023777543e+00
5.814258380021158246e+00
3.050348798734276556e+00
9.161296335863315932e-01
-3.054720997276625383e-01
-6.257551609285689764e-01
-3.541353019023354420e-01
1.282920127777309460e-02
-2.767611151735493991e-02
-8.129467535152556934e-01
-2.419212291048387975e+00
-4.665237550547312928e+00
-7.196124419196403110e+00
-9.608560552891194817e+00
-1.157879745798374671e+01
-1.296250455129514911e+01
-1.384118311366855636e+01
-1.449654621650148556e+01
-1.531403006848440107e+01
-1.664633011145107844e+01
-1.868818372555219298e+01
-2.141129397258229261e+01
-2.458322048741495180e+01
-2.785467610272408834e+01
-3.086695820451214800e+01
-3.332998911385691088e+01
-3.505310595501745752e+01
-3.594839312467149739e+01
-3.604085934685929260e+01
-3.550184318320600596e+01
-3.468527209449675297e+01
-3.411950967396275303e+01
-3.441546382383681646e+01
-3.609501103091594842e+01
-3.939784767541317478e+01
-4.415582789311240930e+01
-4.980813276622512120e+01
-5.557167874926477680e+01
-6.070965158185826738e+01
-6.479298505877883940e+01
-6.784786257573483681e+01
-7.032958882297819514e+01
-7.293589884131009171e+01
-7.633418559218921473e+01
-8.090657877778403417e+01
-8.661122148225011586e+01
-9.301602265469382758e+01
-9.949037305402812592e+01
-1.054684479543191742e+02
-1.106599607507607175e+02
-1.151044244509534877e+02
-1.190416948919696978e+02
-1.226688050352575488e+02
-1.259105317474921577e+02
-1.283091082136737100e+02
-1.290625286418616895e+02
-1.271787455140885754e+02
-1.217002591831300862e+02
-1.119638406203997647e+02
-9.785186375808902426e+01
-7.996445994861826989e+01
-5.963501061748977605e+01
-3.875166682520379879e+01
-1.941381773897574092e+01
-3.505611364279133113e+00
7.708065916712705246e+00
1.386002919168896597e+01
1.555296453226128151e+01
1.418701679133563687e+01
1.156699269662617269e+01
9.385338276715884831e+00
8.732093752319332935e+00
9.794401677315374144e+00
1.186358284234615112e+01
