2.566125501328233582e+01
4.288467849079698624e+01
5.797972077787512291e+01
6.940236044337665078e+01
7.647534068343959746e+01
7.936224008229018523e+01
7.879732072879727411e+01
7.573750933072803093e+01
7.107373744973918406e+01
6.547082180365497095e+01
5.934239671947337769e+01
5.292130767441683759e+01
4.636276474417389437e+01
3.982460170038135772e+01
3.349944838884349707e+01
2.760589809711607856e+01
2.235987448008689427e+01
1.793956974364259693e+01
1.444254431339120082e+01
1.183289861448062474e+01
9.893951290855483194e+00
8.219049325137838480e+00
6.270664402164435103e+00
3.512274107357344910e+00
-4.225805614238902219e-01
-5.593480333948473771e+00
-1.171546568556754941e+01
-1.824031597544308170e+01
-2.452021233922811305e+01
-2.999267910183431241e+01
-3.433227168787262684e+01
-3.752805272923779256e+01
-3.986184809394994488e+01
-4.179088683804979354e+01
-4.377649419975112721e+01
-4.612746990916956236e+01
-4.892171231443604995e+01
-5.203055929369723032e+01
-5.521950054531310315e+01
-5.826617638272911393e+01
-6.103952943633546369e+01
-6.351909147717139348e+01
-6.577376992288164104e+01
-6.793157103299537880e+01
-7.015091790416843764e+01
-7.258349018541561293e+01
-7.532675187129463268e+01
-7.838933528288805519e+01
-8.169864087230237715e+01
-8.515314912783246371e+01
-8.868496855691795133e+01
-9.228661558886794580e+01
-9.598194873435380714e+01
-9.976178193876411626e+01
-1.035275149583833070e+02
-1.070792711412717750e+02
-1.101592817927915888e+02
-1.125333524419868496e+02
-1.140760992821978448e+02
-1.148258322448789954e+02
-1.149903378546053716e+02
-1.149064168562252775e+02
-1.149720573998700672e+02
-1.155701844431272605e+02
-1.169902166911085715e+02
-1.193488065165202698e+02
-1.225276032350311795e+02
-1.261668773323019650e+02
-1.297480508077001957e+02
-1.327567644109773823e+02
-1.348684609740154201e+02
-1.360779855337579534e+02
-1.367139598506085747e+02
-1.373184043947910027e+02
-1.384132611126465804e+02
-1.402158570666032631e+02
-1.424014921490753238e+02
-1.440194510686230842e+02
-1.436233181312389320e+02
-1.395902793776382111e+02
-1.305263749186249527e+02
-1.156236055056415637e+02
-9.485623418801928608e+01
-6.896771732218334705e+01
-3.928233211164860705e+01
-7.434957595688537424e+00
2.488176970970500790e+01
5.609439232710381162e+01
8.484670371232519415e+01
1.100552779833791135e+02
1.309635766415860303e+02
1.472083404667767468e+02
1.588738717513410279e+02
1.664872556403544479e+02
1.709182823550661112e+02
1.731924227546082022e+02
1.742776150286449877e+02
1.749244331177287677e+02
1.756061677705508259e+02
1.765461219487677056e+02
1.777812308942393713e+02
1.792208782343568600e+02
1.806974378927569660e+02
1.820242889231013805e+02
1.830599777334432190e+02
1.837520567117207975e+02
1.841329886263919491e+02
1.842630483181515331e+02
1.841413473787646637e+02
1.836237816250590242e+02
1.823927946635375861e+02
1.800104000961277109e+02
1.760473650717701162e+02
1.702365390928023317e+02
1.625818910604067185e+02
1.533808978442146440e+02
1.431639932588588522e+02
1.325867255441680470e+02
1.223136673421283263e+02
1.129177466865198767e+02
1.048028079640820494e+02
9.815272528320767265e+01
9.291488973891247838e+01
8.882659826726076346e+01
8.548232426957832786e+01
8.242535540694834140e+01
7.924127615178755946e+01
7.563527147663070593e+01
7.148089982753243987e+01
6.682885029215556472e+01
6.186720449732069937e+01
5.683885809478345408e+01
5.194218496957782349e+01
4.725317033750435058e+01
4.270289863664953600e+01
3.812402229893714889e+01
3.334819718393587351e+01
2.830775682669033699e+01
2.308955688196501299e+01
1.791070197566485334e+01
1.301971893853161966e+01
8.561624187186446022e+00
4.472726479601127458e+00
4.691170769387756900e-01
-3.852004779361596576e+00
-8.841370862320644619e+00
-1.463564364486648373e+01
-2.107312558937698910e+01
-2.771676155153237175e+01
-3.397053703992531126e+01
-3.924511714175631738e+01
-4.311930579455251689e+01
-4.545306783938444539e+01
-4.642683552795205060e+01
-4.650263957689101346e+01
-4.631877788805738305e+01
-4.653949051697168926e+01
-4.769104539560593992e+01
-5.002806191986194051e+01
-5.347570359703138365e+01
-5.767224548692557562e+01
-6.209898398851277079e+01
-6.624891032779615330e+01
-6.976989392872030749e+01
-7.253424194878360254e+01
-7.462781070684992812e+01
-7.628776909506923687e+01
-7.782280011948206777e+01
-7.953197601123683569e+01
-8.162764200667825776e+01
-8.417654393359441656e+01
-8.708757007340101097e+01
-9.016669279698150774e+01
-9.322012837505300809e+01
-9.614433208685458965e+01
-9.894357360230631571e+01
-1.016724062000180879e+02
-1.043600115224630116e+02
-1.069778703652630298e+02
-1.094645972910207377e+02
-1.117759030024740952e+02
-1.139205171717014764e+02
-1.159637839687790404e+02
-1.180012664292097497e+02
-1.201162791186704055e+02
-1.223444720961890226e+02
-1.246699234184888070e+02
-1.270564002717651562e+02
-1.294842491683250216e+02
-1.319522143754693104e+02
-1.344318669836538902e+02
-1.368087579833693894e+02
-1.388713345110602404e+02
-1.403898912874208520e+02
-1.412628906189904114e+02
-1.416353206061142487e+02
-1.418769587365192422e+02
-1.423789245364265810e+02
-1.432431617511948616e+02
-1.440194510686230842e+02
-1.436352426126859427e+02
-1.405735815662395964e+02
-1.332391714137481813e+02
-1.203800162570518069e+02
-1.014341948064705576e+02
-7.671954363686295153e+01
-4.743253173585643623e+01
-1.546183089691556312e+01
1.693773005373200036e+01
4.753332136821530440e+01
7.447932574308761389e+01
9.658606139067742902e+01
1.134374721024545210e+02
1.253339428465733363e+02
1.330841667145330121e+02
1.377185770680238477e+02
1.402168127054453350e+02
1.413213411833980615e+02
1.414685409241574234e+02
1.408331829110101978e+02
1.394553337952083041e+02
1.373935707505251855e+02
1.348373351091404970e+02
1.321315326042582967e+02
1.297084124015894417e+02
1.279593439102384025e+02
1.270996345775086382e+02
1.270812017338929252e+02
1.275877851039865618e+02
1.281092075011181919e+02
1.280540099782689936e+02
1.268494791600951430e+02
1.240045928672856235e+02
1.191504054447419207e+02
1.120845754047148688e+02
1.028251386861506376e+02
9.165465959860199519e+01
7.913032782203022464e+01
6.603873583795305535e+01
5.328246219706689146e+01
4.171197344487192993e+01
3.195242267218115373e+01
2.428725418069822695e+01
1.863523022374501537e+01
1.461734722125016539e+01
1.168229147342442964e+01
9.250523749961560682e+00
6.842039392141781029e+00
4.164481115729672389e+00
1.150587284162442048e+00
-2.057451259292640167e+00
-5.174702443750919478e+00
-7.883464788556774572e+00
-9.964377617594694314e+00
-1.140797030204532625e+01
-1.246189538674371633e+01
-1.358986506829038454e+01
-1.534895205607638147e+01
-1.821428409445246999e+01
-2.239707840784827297e+01
-2.771964221748760338e+01
-3.361257698266258132e+01
