-1.449429214240802821e+01
3.689062242641728062e+01
7.867969634612624930e+01
1.041028012165171788e+02
1.109513642933324604e+02
1.015398529355091739e+02
8.124932083228290480e+01
5.645190919838263710e+01
3.264224829740980738e+01
1.330814356090117911e+01
-3.236979046390473513e-01
-8.854515555711131469e+00
-1.393856325179428524e+01
-1.750388583603275805e+01
-2.119027999096541137e+01
-2.607643569636984182e+01
-3.264877363578683145e+01
-4.091041698947393002e+01
-5.053829836733354597e+01
-6.103831002225886238e+01
-7.188367590295115406e+01
-8.262991553259740840e+01
-9.299073294110027632e+01
-1.028570831586955592e+02
-1.122587175128331864e+02
-1.212923683980076390e+02
-1.300506346227978725e+02
-1.385730857171492971e+02
-1.468242810671536063e+02
-1.546999777444963229e+02
-1.620635813026455594e+02
-1.688017518817866289e+02
-1.748690085476762874e+02
-1.802933601646027739e+02
-1.851444767924345740e+02
-1.894947228385283609e+02
-1.934021091212717636e+02
-1.969172062541972252e+02
-2.000955019185848300e+02
-2.030020035268501317e+02
-2.057102513053374651e+02
-2.082992681794166856e+02
-2.108413740751880425e+02
-2.133720472242717108e+02
-2.158494327764482534e+02
-2.181315517405093658e+02
-2.200001732417094331e+02
-2.212338316438593893e+02
-2.216980948565195604e+02
-2.214061734374624280e+02
-2.205154900729127121e+02
-2.192563228222091425e+02
-2.178247632646344982e+02
-2.162975772833750625e+02
-2.146198525762746669e+02
-2.126734258424547761e+02
-2.103827756722100730e+02
-2.077923388462143066e+02
-2.050686613391531523e+02
-2.024268359163258140e+02
-2.000242451617725976e+02
-1.978824393657919529e+02
-1.958849758850478224e+02
-1.938638933752676223e+02
-1.917407281623331983e+02
-1.896439539393452378e+02
-1.879085285360844182e+02
-1.868991272554753493e+02
-1.866841916133674033e+02
-1.866821978148526853e+02
-1.854476399449120834e+02
-1.807310616065136344e+02
-1.698501975666426347e+02
-1.502915518687002248e+02
-1.203687897641497102e+02
-7.973163551036896024e+01
-2.956299893785765676e+01
2.759415048780172341e+01
8.832075764962696951e+01
1.489703688329427678e+02
2.063037950099643183e+02
2.579547295064707555e+02
3.026387206802872925e+02
3.401022048471515404e+02
3.708772574289313297e+02
3.959420331983667438e+02
4.163877052442068134e+02
4.331702655286069898e+02
4.469874512858381195e+02
4.582763716396568157e+02
4.672923324942039471e+02
4.742160649102443131e+02
4.792414806123364315e+02
4.826110020779947263e+02
4.845898216392086510e+02
4.853999208040931990e+02
4.851531245494090285e+02
4.838175659677029330e+02
4.812295253967120061e+02
4.771385806575843844e+02
4.712608709037274366e+02
4.633193377031119553e+02
4.530688379761554643e+02
4.403223576147952372e+02
4.249940198751053231e+02
4.071558495333939618e+02
3.870869459382030300e+02
3.652902397642573078e+02
3.424620816852993812e+02
3.194138712637310960e+02
2.969574852752481320e+02
2.757805116315917076e+02
2.563510719252896024e+02
2.388879240475951633e+02
2.233994299716435989e+02
2.097575072794580819e+02
1.977634715950609916e+02
1.871839562020599317e+02
1.777607150690923277e+02
1.692103894478111101e+02
1.612306190002302060e+02
1.535206106353100211e+02
1.458096770772461070e+02
1.378777190712392837e+02
1.295589885893093367e+02
1.207376518982495668e+02
1.113513341677242892e+02
1.014096052969728419e+02
9.101805299761694812e+01
8.038820376135821277e+01
6.981545988554645987e+01
5.962063681900691847e+01
5.006926575245380207e+01
4.129680715499459609e+01
3.326920214115942542e+01
2.579578702450129413e+01
1.859221388940048314e+01
1.137366415727680646e+01
3.947815918850949402e+00
-3.726780724807895240e+00
-1.154370212752334623e+01
-1.931457780622909581e+01
-2.686499968332392996e+01
-3.410951481290388188e+01
-4.106966590171870735e+01
-4.783295905408729709e+01
-5.447818977260976681e+01
-6.100413628931184462e+01
-6.729726919693064247e+01
-7.315874307164267520e+01
-7.838122178441682308e+01
-8.283749776750127580e+01
-8.653697449085657922e+01
-8.962532059913854710e+01
-9.233012456842021720e+01
-9.487793500653131673e+01
-9.742142622996729528e+01
-1.000124129159126483e+02
-1.026315617040440316e+02
-1.052512996071514237e+02
-1.078908181316195112e+02
-1.106350055839201616e+02
-1.136161550727965448e+02
-1.169709665248234671e+02
-1.207839406672268581e+02
-1.250327220941771031e+02
-1.295642325752860700e+02
-1.341283824137899785e+02
-1.384666608271342341e+02
-1.424192639096624191e+02
-1.460062114520644911e+02
-1.494542742740016763e+02
-1.531585495167491047e+02
-1.575728240936290661e+02
-1.630280794556491912e+02
-1.695001962500374759e+02
-1.763845776220756818e+02
-1.823636663481518383e+02
-1.854476399449120834e+02
-1.832241787934185879e+02
-1.732891221180929904e+02
-1.537723018322037944e+02
-1.238200231839776961e+02
-8.389396699737454810e+01
-3.578962205444460665e+01
1.764001857495492231e+01
7.298141114323013312e+01
1.268451808702957919e+02
1.763919924404107746e+02
2.196832818628311088e+02
2.558031617085134428e+02
2.847684926774953738e+02
3.072931573733949904e+02
3.244859441446711230e+02
3.375510543512203867e+02
3.475453018419887030e+02
3.552308601568747690e+02
3.610398041306065124e+02
3.651354020570169041e+02
3.675265438441435322e+02
3.681829104303479880e+02
3.671157540106016768e+02
3.644163706706468133e+02
3.602581994087344128e+02
3.548661351801209776e+02
3.484553346277510855e+02
3.411518287893728711e+02
3.329193796857596226e+02
3.235181819979670763e+02
3.125120759927096401e+02
2.993320879917725392e+02
2.833967418451238700e+02
2.642744834406657901e+02
2.418501648589635522e+02
2.164404562690676812e+02
1.888059126303065511e+02
1.600357136007231702e+02
1.313330458757011741e+02
1.037810078385180788e+02
7.817852936763623006e+01
5.498920099475144241e+01
3.438252955171694225e+01
1.631610355053968675e+01
6.158860241303898420e-01
-1.296713386039917992e+01
-2.473189955767848147e+01
-3.503016626552965818e+01
-4.427743058974621704e+01
-5.294114146340695015e+01
-6.148473256239525853e+01
-7.027705928655217349e+01
-7.951034358408837477e+01
-8.917600457977800943e+01
-9.911561171699176498e+01
-1.091177223899712914e+02
-1.190064634552230984e+02
-1.286785699355348243e+02
-1.380800242648278697e+02
-1.471482382220096383e+02
-1.557609763941501342e+02
-1.637235823160383461e+02
-1.708036104853505890e+02
-1.768028546476186591e+02
-1.816450653560196429e+02
-1.854476399449120834e+02
-1.885384051736247102e+02
-1.913868121470605388e+02
-1.944503588432345964e+02
-1.979817119676717141e+02
-2.018758169578764523e+02
-2.056362946113564476e+02
-2.085008646337047367e+02
-2.097034587617054342e+02
-2.087938806969894188e+02
-2.059062194967595758e+02
-2.018730222541732360e+02
-1.981191294130962888e+02
-1.963272888434502192e+02
-1.979394775439602370e+02
-2.036334990599694947e+02
-2.129685780670621682e+02
-2.243824723298346839e+02
