-1.672750886828663397e+02
-2.292604033302910977e+02
-2.847018125795998458e+02
-3.287656998486843918e+02
-3.593719257580250996e+02
-3.771868722183472187e+02
-3.848362415898130848e+02
-3.858305915191771760e+02
-3.836314908404578432e+02
-3.810628347167019569e+02
-3.800579428052454887e+02
-3.816183405764098779e+02
-3.858655637855192140e+02
-3.921504016870808869e+02
-3.992569880412361840e+02
-4.057336854027209370e+02
-4.103043529211728924e+02
-4.122322030860976270e+02
-4.115001098474416494e+02
-4.087519393480342842e+02
-4.050464427764225661e+02
-4.015312232162463033e+02
-3.991348353908848026e+02
-3.983416641254591468e+02
-3.990903173853741919e+02
-4.008185221300225862e+02
-4.026493765378978651e+02
-4.036755340462794379e+02
-4.032666616589897899e+02
-4.013129585621983324e+02
-3.983234351138922875e+02
-3.953246357462579113e+02
-3.935566603589032866e+02
-3.940250041042631892e+02
-3.970142462361741309e+02
-4.016886650280402478e+02
-4.058944280472059063e+02
-4.062430233155012615e+02
-3.985058736491498053e+02
-3.782920975193652566e+02
-3.419103768841291071e+02
-2.872370201482930270e+02
-2.143643314544553675e+02
-1.258319571852488963e+02
-2.634989191047949930e+01
7.793955835131819754e+01
1.804882880325645829e+02
2.754044979555600889e+02
3.582930658138841409e+02
4.266991305253501992e+02
4.801116595661700330e+02
5.196058777141174687e+02
5.472782745639871109e+02
5.656445203367147769e+02
5.771336826260352382e+02
5.837443094794953140e+02
5.868679915021833722e+02
5.872619656314402619e+02
5.851517962278106779e+02
5.804326610617722508e+02
5.729068245937210122e+02
5.624787956239113100e+02
5.492548822439737251e+02
5.335434858981383286e+02
5.157862326350152671e+02
4.964503999739611118e+02
4.758996067657798790e+02
4.542619801931642769e+02
4.313401135875300838e+02
4.066291518964637248e+02
3.794893987805783695e+02
3.494461826868682692e+02
3.165024703676034505e+02
2.813178393185737036e+02
2.451666764785723558e+02
2.097003996907704675e+02
1.766226732868572640e+02
1.473931689735025259e+02
1.230208224110604363e+02
1.039488725041570234e+02
9.001388651477006420e+01
8.047310124269857567e+01
7.410596634800268134e+01
6.939295078098460579e+01
6.476263734263663707e+01
5.887399295943242805e+01
5.086494695303284885e+01
4.048013259766040051e+01
2.802207902922932448e+01
1.414277751038664732e+01
-4.365180952809826209e-01
-1.516046954523559087e+01
-2.974308489269417777e+01
-4.412677574969211491e+01
-5.835772523752757479e+01
-7.246489083016027166e+01
-8.640102295168681223e+01
-1.000538360223557817e+02
-1.133043357395542472e+02
-1.261029474891452651e+02
-1.385298850728133004e+02
-1.507981354423074833e+02
-1.631713633841881688e+02
-1.758205108884118602e+02
-1.886994015881720088e+02
-2.015268256299015093e+02
-2.139032803050886002e+02
-2.255056664096264285e+02
-2.362534937056806257e+02
-2.463556370970255216e+02
-2.562120997388819887e+02
-2.662179792996405467e+02
-2.765567169677119637e+02
-2.870668408597207986e+02
-2.972396811194279849e+02
-3.063675564940363074e+02
-3.138066345250026075e+02
-3.192551576288997808e+02
-3.229171756415105392e+02
-3.254598417181341574e+02
-3.277679168650229826e+02
-3.306010778034190025e+02
-3.343116505055841117e+02
-3.387517705829896499e+02
-3.434020408169021152e+02
-3.476426149139010136e+02
-3.510266164724527584e+02
-3.534356587811068948e+02
-3.550757843596528005e+02
-3.563532885829339421e+02
-3.577058797329357844e+02
-3.594514786844125069e+02
-3.616903569462180599e+02
-3.642842256716335783e+02
-3.669247734065747863e+02
-3.692726270206665617e+02
-3.711137309948712755e+02
-3.724759719014517714e+02
-3.736706745509275152e+02
-3.752466489730110197e+02
-3.778602698375174214e+02
-3.820719717440052250e+02
-3.880744162004461941e+02
-3.953585513901577997e+02
-4.023642522971592825e+02
-4.062430233155012615e+02
-4.029229174123424286e+02
-3.876288626205468404e+02
-3.558475306119072457e+02
-3.045027759223200405e+02
-2.329594620566962249e+02
-1.434927321225315211e+02
-4.104284776009744462e+01
6.767507398245645334e+01
1.754390569920144003e+02
2.758138814424910379e+02
3.641450339738904063e+02
4.380372765539665920e+02
4.972630499300277620e+02
5.432186544192675228e+02
5.781709079019861974e+02
6.045547275857086333e+02
6.244882180352158230e+02
6.395377654138681009e+02
6.506795221979000416e+02
6.583882035574465590e+02
6.627969222564572647e+02
6.638799430070287144e+02
6.616196703336039491e+02
6.561337560254330583e+02
6.477449627757141570e+02
6.369765379700309040e+02
6.244668721661817017e+02
6.108209757467802774e+02
5.964355084833356386e+02
5.813432411740537873e+02
5.651335080855312754e+02
5.470102048072492380e+02
5.260150543397991214e+02
5.013648484308563411e+02
4.727784336561798000e+02
4.406627942376613305e+02
4.060923479469078075e+02
3.706006536875680126e+02
3.358620742213405492e+02
3.033674708767380821e+02
2.741995520229393719e+02
2.489741780473840151e+02
2.279281019298307740e+02
2.110507881545302666e+02
1.981482807684926115e+02
1.888032193131700183e+02
1.822942980091245317e+02
1.775819319081888921e+02
1.734272784213199543e+02
1.686282480682440337e+02
1.622888374467464132e+02
1.540171495109609623e+02
1.439727528381334309e+02
1.327438195239695347e+02
1.211022541236061727e+02
1.097277178846803167e+02
9.899424071726122065e+01
8.888168057620822538e+01
7.902415025711466967e+01
6.886058780616279762e+01
5.782734514300435791e+01
4.553256233225880578e+01
3.186917239336448660e+01
1.704628697718160524e+01
1.538296466580199251e+00
-1.403235400271393729e+01
-2.904376024666736100e+01
-4.300634218971113398e+01
-5.563938183120285430e+01
-6.688376231933068539e+01
-7.686755517081390110e+01
-8.584761336781184582e+01
-9.414732331696832546e+01
-1.021050826383265075e+02
-1.100332183753239406e+02
-1.181700269757827471e+02
-1.266163847073473221e+02
-1.352863341800186276e+02
-1.439239551301786832e+02
-1.522069283832666997e+02
-1.598902648413057364e+02
-1.669036118156402324e+02
-1.733442058167399580e+02
-1.793833306076117253e+02
-1.851583932600054538e+02
-1.907117415003245640e+02
-1.959889730003047532e+02
-2.008793705393163123e+02
-2.052835639011386490e+02
-2.091988591328334053e+02
-2.127971759479870002e+02
-2.164499987033901505e+02
-2.206636381053911293e+02
-2.259319651934507078e+02
-2.325611747484541354e+02
-2.405410868416875019e+02
-2.495234069879172125e+02
-2.589293833319113105e+02
-2.681623706326747083e+02
-2.768599451591864522e+02
-2.850997632688248018e+02
-2.934814454216598278e+02
-3.030356082181518218e+02
-3.149457051690595790e+02
-3.301065381109278292e+02
-3.485908972205273244e+02
-3.691446576824649810e+02
-3.888591622115877726e+02
-4.031635273155430355e+02
-4.062430233155012615e+02
-3.919277085380642802e+02
-3.549896866320227673e+02
-2.926220654623903101e+02
-2.056956152484468134e+02
-9.931645205558176315e+01
1.765782022658451211e+01
