-5.132832755225805954e+00
-7.215837952371578012e+01
-1.303945673247203842e+02
-1.730059934188788588e+02
-1.962387317185616951e+02
-1.995777671923619891e+02
-1.850608169641283212e+02
-1.562096899083101675e+02
-1.170315601847617444e+02
-7.135305112281567119e+01
-2.252886838858031027e+01
2.658613075568588613e+01
7.356727584626494831e+01
1.163883915680611949e+02
1.534800688212129387e+02
1.838401623519804389e+02
2.071126495925843187e+02
2.235694069761099172e+02
2.339875145282387905e+02
2.394638213528250787e+02
2.412191770554229890e+02
2.404269224721610669e+02
2.380820667144868139e+02
2.349209496730784963e+02
2.313975563262041817e+02
2.277154830485681600e+02
2.239064746405063602e+02
2.199362486343559056e+02
2.158037518780387529e+02
2.115935565566148284e+02
2.074591659148752854e+02
2.035496805707873591e+02
1.999169959242458674e+02
1.964438799488924303e+02
1.928232492453871600e+02
1.886001472917456567e+02
1.832609440522880107e+02
1.763341503103095533e+02
1.674716642677294658e+02
1.565014624870694320e+02
1.434579480240199132e+02
1.285921329088226059e+02
1.123520181370430180e+02
9.532336234200560909e+01
7.813830609291657936e+01
6.137911436555810951e+01
4.550776890799993168e+01
3.083816219067208664e+01
1.754925871438010176e+01
5.723038854102316719e+00
-4.618506046022217149e+00
-1.350250704336730401e+01
-2.102821198381288426e+01
-2.740373501165520054e+01
-3.295979848863493089e+01
-3.811434485041388598e+01
-4.329228628781437749e+01
-4.883157561144904690e+01
-5.491389597102791953e+01
-6.154549907159362476e+01
-6.859042188594793288e+01
-7.583598455819587514e+01
-8.305919966624276185e+01
-9.006867691811626742e+01
-9.671833814723835587e+01
-1.029115634565544184e+02
-1.086157663792598811e+02
-1.138856937089813073e+02
-1.188724143399600592e+02
-1.237950782913438132e+02
-1.288733159113390343e+02
-1.342452560039202467e+02
-1.399114807123597757e+02
-1.457349751376657423e+02
-1.514958555921972732e+02
-1.569692599302348412e+02
-1.619847918673413574e+02
-1.664422540273344566e+02
-1.702918344298354327e+02
-1.735126994454062412e+02
-1.761182714543799079e+02
-1.781839235075769352e+02
-1.798657689617489268e+02
-1.813827441273154193e+02
-1.829610171647001664e+02
-1.847640479119462213e+02
-1.868374870179494565e+02
-1.890885213595988148e+02
-1.913046954468096601e+02
-1.932050893208330251e+02
-1.945109432005593817e+02
-1.950233193708010617e+02
-1.946947429051850804e+02
-1.936743058337069954e+02
-1.923019514796747274e+02
-1.910415110232391385e+02
-1.903658610784166854e+02
-1.906226888056862094e+02
-1.919150145531457099e+02
-1.940359416487975466e+02
-1.964935348095141592e+02
-1.986324059674629439e+02
-1.998124640223777817e+02
-1.995777671923619891e+02
-1.977634832253887964e+02
-1.945320890581432138e+02
-1.903607887580602664e+02
-1.859928818004478046e+02
-1.823339063206811090e+02
-1.802627114275378517e+02
-1.803594672901660374e+02
-1.826044539463809429e+02
-1.861405255484565942e+02
-1.892025247593251436e+02
-1.892900853451398859e+02
-1.835926087577594785e+02
-1.695855319688145073e+02
-1.456436586204453079e+02
-1.114926399996708284e+02
-6.835731931735146816e+01
-1.875854897302852464e+01
3.397626414052724186e+01
8.633956897001074537e+01
1.352348685665780863e+02
1.783957192758996371e+02
2.145648142920939563e+02
2.434402031448117043e+02
2.654516691592608595e+02
2.814567188625775316e+02
2.924470988724717131e+02
2.993401389914616857e+02
3.028941993394076917e+02
3.037371776407269977e+02
3.024512797623380038e+02
2.996426868719320851e+02
2.959493920578391908e+02
2.919855184002282726e+02
2.882567483622036661e+02
2.850890156874323793e+02
2.825927730880829358e+02
2.806619535579598619e+02
2.790021250887939459e+02
2.771885031644077344e+02
2.747487195953921741e+02
2.712483935953246146e+02
2.663532408702217822e+02
2.598578551216175470e+02
2.516898235047623871e+02
2.419034340395350569e+02
2.306745730261428946e+02
2.183029564594408498e+02
2.052158233932361497e+02
1.919524621849843982e+02
1.791082139632380859e+02
1.672375666923598772e+02
1.567436142844734661e+02
1.477947958936409520e+02
1.403032163333528501e+02
1.339776831607860572e+02
1.284362202590845072e+02
1.233365330658027972e+02
1.184713004606473561e+02
1.137877460960255291e+02
1.093266153446271005e+02
1.051185927035272130e+02
1.010997360484160481e+02
9.709301940442603041e+01
9.285952649575577311e+01
8.818186613343792146e+01
8.293054516445360491e+01
7.708289487596039180e+01
7.069543244358155221e+01
6.385357302593025253e+01
5.662689419021161541e+01
4.904727873654042014e+01
4.111395830980025323e+01
3.282229269151362416e+01
2.420834104650126761e+01
1.539255788204844144e+01
6.597098433456963562e+00
-1.885659544452305880e+00
-9.773266200584046715e+00
-1.688935817635672976e+01
-2.322432816770555775e+01
-2.892229656439599950e+01
-3.419739303003096609e+01
-3.922595523008205021e+01
-4.407649963274363358e+01
-4.871357317695138534e+01
-5.306384825256024840e+01
-5.709858164128358737e+01
-6.088594081645611311e+01
-6.459057756407935358e+01
-6.842481632961060711e+01
-7.257443761355877143e+01
-7.713003774236122467e+01
-8.204961140168182965e+01
-8.716246944791001283e+01
-9.221171349617405610e+01
-9.692741093882159475e+01
-1.011153217625641503e+02
-1.047313506768214779e+02
-1.079037213204028092e+02
-1.108818897627870683e+02
-1.139319107499399024e+02
-1.172338697937352663e+02
-1.208369548226796155e+02
-1.246896212735807410e+02
-1.287152364090523236e+02
-1.328808062663837575e+02
-1.372195104528894660e+02
-1.418028029902962714e+02
-1.466890232948244659e+02
-1.518841180580778598e+02
-1.573370414149198098e+02
-1.629717716303817951e+02
-1.687380483286253252e+02
-1.746441845233352126e+02
-1.807252660392880443e+02
-1.869147616374298764e+02
-1.928334180807663074e+02
-1.975707103636879367e+02
-1.995777671923619891e+02
-1.967819248438154602e+02
-1.869588196829329547e+02
-1.682843503092984747e+02
-1.398945698771085517e+02
-1.022618293205204623e+02
-5.726119735175518599e+01
-7.910381573441881642e+00
4.213905426396213016e+01
8.922926496539642471e+01
1.302965049806356888e+02
1.633111119848789485e+02
1.874696886090568455e+02
2.031238790321706063e+02
2.115006581824742682e+02
2.143121999052564775e+02
2.133617265827621736e+02
2.102317639397815583e+02
2.061033066253409913e+02
2.017100617687078454e+02
1.973948587245625674e+02
1.932188542838086391e+02
1.890806905183225410e+02
1.848180437017368263e+02
1.802745022665650367e+02
1.753241435784465523e+02
1.698611956312485063e+02
1.637758041346229447e+02
1.569396237114929420e+02
1.492166765149461298e+02
1.405007352354154477e+02
1.307672617754910789e+02
1.201225343017833893e+02
1.088341084040458924e+02
9.732696678680026992e+01
8.612717955806908776e+01
7.574256697221110812e+01
6.650072090082746001e+01
5.840874770262217197e+01
5.112001816103135354e+01
