-3.789702562482217019e+01
-4.967105150055217422e+01
-6.018962605312953684e+01
-6.853881355394048569e+01
-7.435797771526182487e+01
-7.783643727749969798e+01
-7.955329883210993103e+01
-8.025942675660063230e+01
-8.068242431524387825e+01
-8.139027504597621032e+01
-8.271784220451441172e+01
-8.475164644231345790e+01
-8.736821639294525710e+01
-9.031542637064683277e+01
-9.331243555094854969e+01
-9.613387804307542694e+01
-9.865244235514248317e+01
-1.008385543163670661e+02
-1.027349832812123793e+02
-1.044230732899801808e+02
-1.059861678189094647e+02
-1.074732070117902509e+02
-1.088737393507944091e+02
-1.101206256033542985e+02
-1.111263624140417363e+02
-1.118370710897724081e+02
-1.122724248011906525e+02
-1.125256013437644356e+02
-1.127232018814731305e+02
-1.129720253214436809e+02
-1.133254935818204103e+02
-1.137824254824636228e+02
-1.143048437449231187e+02
-1.148339425099747331e+02
-1.152967237886671370e+02
-1.156138374557257578e+02
-1.157254998593134161e+02
-1.156389674468991444e+02
-1.154738149697747218e+02
-1.154625741802921226e+02
-1.158754385053835989e+02
-1.168765874081569365e+02
-1.183613161370294193e+02
-1.198407825955548276e+02
-1.204263876173390742e+02
-1.189314989688267019e+02
-1.140727050545388011e+02
-1.047248319209951717e+02
-9.016638979617039240e+01
-7.025116243976998476e+01
-4.546188592856972122e+01
-1.683597650830106929e+01
1.421356588216208117e+01
4.613610734548422698e+01
7.748343065307027189e+01
1.070962033979793517e+02
1.341966476731975604e+02
1.583784749290671243e+02
1.795224737391974372e+02
1.976892395988531348e+02
2.130346512867430420e+02
2.257640578023811031e+02
2.361114628437554757e+02
2.443226147949672509e+02
2.506349914623891664e+02
2.552624362092413435e+02
2.583917266795025967e+02
2.601863135678253798e+02
2.607845854268696826e+02
2.602872483973265503e+02
2.587451016286863705e+02
2.561657801218264012e+02
2.525442162272205451e+02
2.478983098179976992e+02
2.422818533379797259e+02
2.357609027210193062e+02
2.283669270959792925e+02
2.200603385531499043e+02
2.107350752998835901e+02
2.002669909503914596e+02
1.885754099282426068e+02
1.756587296265108193e+02
1.615916466778384120e+02
1.465066303301131825e+02
1.305908422034995624e+02
1.141080825934265874e+02
9.742781309970386872e+01
8.103202384251690660e+01
6.547956924504917708e+01
5.132698431036325104e+01
3.902398703240967848e+01
2.881500872799506752e+01
2.068109488461293566e+01
1.434594868113967792e+01
9.347646971116816417e+00
5.153984278187618173e+00
1.287261700996104707e+00
-2.573818376791287221e+00
-6.540330253621348788e+00
-1.052408556374722082e+01
-1.431369125444033585e+01
-1.769023161837508695e+01
-2.053547709812356459e+01
-2.288508881549027052e+01
-2.490558226101593675e+01
-2.681466861142605751e+01
-2.879413186659132151e+01
-3.094134655655621913e+01
-3.327320835875048033e+01
-3.576154546093682995e+01
-3.836841333799603149e+01
-4.106405541457597508e+01
-4.382875942333446062e+01
-4.664790317989499613e+01
-4.951025788067791211e+01
-5.241604412029616356e+01
-5.539032386482831782e+01
-5.848549560208894604e+01
-6.175862892645267266e+01
-6.522769192498624591e+01
-6.883080745884372220e+01
-7.241726858973301262e+01
-7.578245290803822343e+01
-7.873257056048835523e+01
-8.114923425127874168e+01
-8.302699706975955962e+01
-8.447197042973154169e+01
-8.566611504457901560e+01
-8.681384916549477282e+01
-8.809040656337477060e+01
-8.960398508268997375e+01
-9.137524289959313251e+01
-9.333735643688065409e+01
-9.536126728126204455e+01
-9.730165852330129894e+01
-9.904485746618125575e+01
-1.005380755036606644e+02
-1.017934673400601042e+02
-1.028741532224092765e+02
-1.038707450195867210e+02
-1.048730422976676522e+02
-1.059431454205106462e+02
-1.071010318635407685e+02
-1.083319881399877005e+02
-1.096139733055397159e+02
-1.109494001133267460e+02
-1.123802986607362442e+02
-1.139712108986369827e+02
-1.157558133321397378e+02
-1.176563102003810997e+02
-1.193953464782341740e+02
-1.204263876173390742e+02
-1.199120410566863626e+02
-1.167804566438350520e+02
-1.098788027347916199e+02
-9.820838855887829766e+01
-8.118105804395402458e+01
-5.880929158316484973e+01
-3.176118564031433067e+01
-1.266496800247431054e+00
3.108942580466153416e+01
6.362496306503066990e+01
9.481336510336954859e+01
1.234703533888791895e+02
1.488423187709742592e+02
1.705925730888612861e+02
1.887150354063914506e+02
2.034197403774226700e+02
2.150300717268559083e+02
2.239143865434419922e+02
2.304537373182454871e+02
2.350313224982643305e+02
2.380241209736557835e+02
2.397832905608624969e+02
2.406010019034967513e+02
2.406702536724292827e+02
2.400505918340718381e+02
2.386577366702534277e+02
2.362916548395896825e+02
2.326997401113555384e+02
2.276511677364845809e+02
2.209937185541888880e+02
2.126772122844763544e+02
2.027449944045147276e+02
1.913073615257115421e+02
1.785154645784910485e+02
1.645487101138878074e+02
1.496170587306281163e+02
1.339726767097469065e+02
1.179250825750118565e+02
1.018521979350196460e+02
8.619617599102656413e+01
7.143517103389129375e+01
5.803070455134625405e+01
4.635944686909192569e+01
3.664515188901358300e+01
2.890854337392767803e+01
2.295014664129557147e+01
1.837858505562311251e+01
1.469199467934550363e+01
1.140128582387769995e+01
8.154811978596203659e+00
4.810324790875924350e+00
1.420921926129203428e+00
-1.853724300885892795e+00
-4.861846133626896993e+00
-7.543396407658976344e+00
-9.949939656523657305e+00
-1.220323477177770499e+01
-1.442438115107770891e+01
-1.667596545193153190e+01
-1.894735478061998180e+01
-2.118450291808501973e+01
-2.333880079678551311e+01
-2.540279323356745067e+01
-2.741535466135099952e+01
-2.944065787852423455e+01
-3.153879296582455538e+01
-3.374602978394905506e+01
-3.607388544814865838e+01
-3.852492638515814605e+01
-4.111357596937730818e+01
-4.387628085677701506e+01
-4.686097791812174052e+01
-5.009765297082110180e+01
-5.356226711555613917e+01
-5.715202295953139355e+01
-6.068963719967047155e+01
-6.396488817283385231e+01
-6.680373554102379785e+01
-6.913695435051101867e+01
-7.103348927851384076e+01
-7.267765021290122718e+01
-7.430012428062495644e+01
-7.609936462940275703e+01
-7.819036598657686454e+01
-8.059444703689862877e+01
-8.325915598606128754e+01
-8.608797160049415709e+01
-8.896417004175873444e+01
-9.176365393685206584e+01
-9.436010199682965549e+01
-9.662977257988647750e+01
-9.846426422387000343e+01
-9.979731653198017227e+01
-1.006436498610732428e+02
-1.011354080885488571e+02
-1.015333681392777265e+02
-1.021941216336848015e+02
-1.034898903179757923e+02
-1.056946547003216494e+02
-1.088613615009744819e+02
-1.127203194079574757e+02
-1.166297265626339481e+02
-1.196033403052889099e+02
-1.204263876173390742e+02
-1.178528259477372586e+02
-1.108600156591984955e+02
-9.891929403342066962e+01
-8.221881797446980045e+01
-6.175912243748175001e+01
-3.925767387097921812e+01
