-3.638176156467147138e+01
-6.868951081382326151e+01
-9.702357365134803047e+01
-1.185415742890349549e+02
-1.322147864970447131e+02
-1.388074196597223704e+02
-1.402947166282184810e+02
-1.390453442926618663e+02
-1.370971848519097307e+02
-1.357290557148436676e+02
-1.353735014268900727e+02
-1.357999593134800307e+02
-1.364444233679880654e+02
-1.367542239101418318e+02
-1.364362543959617255e+02
-1.355417152778744025e+02
-1.343863572460327305e+02
-1.333693748016175391e+02
-1.327862778107842416e+02
-1.327179491017465125e+02
-1.330318887001870962e+02
-1.334776854310125032e+02
-1.338199882599558919e+02
-1.339435455525539567e+02
-1.338884544096883360e+02
-1.338136426893375130e+02
-1.339177536356681912e+02
-1.343544091507311293e+02
-1.351664145039098912e+02
-1.362449665589287235e+02
-1.373098914880657162e+02
-1.379088438992588408e+02
-1.374382852798348438e+02
-1.351902271288482211e+02
-1.304286116962605888e+02
-1.224958257162235071e+02
-1.109347423860622968e+02
-9.559213268301809308e+01
-7.666930302519516260e+01
-5.471011778370966283e+01
-3.053824543672666181e+01
-5.156142853884201571e+00
2.038487952482880416e+01
4.511994879223483679e+01
6.826798662781028781e+01
8.925377451134930595e+01
1.076574584072128999e+02
1.231397081017029933e+02
1.354038462665159273e+02
1.442269409231628572e+02
1.495435268985571611e+02
1.515311466058982433e+02
1.506447561714337553e+02
1.475738943315898268e+02
1.431332350102177315e+02
1.381223866171114594e+02
1.331953652268926191e+02
1.287704727136913903e+02
1.249972685878001215e+02
1.217821936566672605e+02
1.188606861115299012e+02
1.158971734414415522e+02
1.125935087738029807e+02
1.087810156780660549e+02
1.044627772978065821e+02
9.978024866312308916e+01
9.491169352335053588e+01
8.995007254738040103e+01
8.482331741636419054e+01
7.929798879560540570e+01
7.306433164320522167e+01
6.586397233024624143e+01
5.760769471723901347e+01
4.843990742839650920e+01
3.872872337989620206e+01
2.898624071238485556e+01
1.974735322786029457e+01
1.145077384260769193e+01
4.362552312069187366e+00
-1.441718328387384673e+00
-6.048708201908114646e+00
-9.658636737031851993e+00
-1.253275483647535182e+01
-1.493868766180065677e+01
-1.709384821086623418e+01
-1.912060492306708426e+01
-2.103479070403644613e+01
-2.277673858797212958e+01
-2.427304607551080196e+01
-2.550560927216830720e+01
-2.656311314000723200e+01
-2.765554634583548932e+01
-2.908629620600146737e+01
-3.119212764592369069e+01
-3.426574558505165413e+01
-3.847133004065713635e+01
-4.376701361355190301e+01
-4.986367491308464395e+01
-5.625668623299694104e+01
-6.234405330906766807e+01
-6.759643293110056561e+01
-7.170825432093383256e+01
-7.466749068477147944e+01
-7.672767548230493162e+01
-7.830996692481483024e+01
-7.987758678014358793e+01
-8.181756658044550079e+01
-8.435551442653992638e+01
-8.752296799629735347e+01
-9.118671638324498474e+01
-9.513052440671741294e+01
-9.915618903698201336e+01
-1.031571443204068572e+02
-1.071286240453658820e+02
-1.111115806981489982e+02
-1.151039280703216150e+02
-1.189929580862299900e+02
-1.225559778093106758e+02
-1.255395502616008514e+02
-1.277765971798015556e+02
-1.292710223999114874e+02
-1.301987014882889184e+02
-1.308288416770780600e+02
-1.314176023427426685e+02
-1.321327268385369962e+02
-1.330360792178536826e+02
-1.341099358223346485e+02
-1.352916904490468539e+02
-1.364906792980311820e+02
-1.375894869692662610e+02
-1.384551351330524085e+02
-1.389804304664000369e+02
-1.391448785363762113e+02
-1.390561248338893279e+02
-1.389321440635315525e+02
-1.390110719510412309e+02
-1.394119019965603172e+02
-1.399970685108195880e+02
-1.402947166282184810e+02
-1.395197268926766299e+02
-1.366949273732811889e+02
-1.308356336920298872e+02
-1.211431874489881153e+02
-1.071596104809888885e+02
-8.885396117634289226e+01
-6.663228155569321132e+01
-4.128463214759663913e+01
-1.389580598812376522e+01
1.425759752501011235e+01
4.181715189418007128e+01
6.746658206054901541e+01
9.007348953183880269e+01
1.088312781289975959e+02
1.233613675856658176e+02
1.337344719186896498e+02
1.403974896627116777e+02
1.440346982868735211e+02
1.454183134972574578e+02
1.452931280903293327e+02
1.443036053802930780e+02
1.429445439021912136e+02
1.415226404559368802e+02
1.401419293793859708e+02
1.387359540158036566e+02
1.371511288522420671e+02
1.352567597310547001e+02
1.330371063607238682e+02
1.306212283766334394e+02
1.282332162357998584e+02
1.260858568950908705e+02
1.242663534993875487e+02
1.226621966506167780e+02
1.209607149177858219e+02
1.187327011858964170e+02
1.155748326736012359e+02
1.112515656655997276e+02
1.057731398936737861e+02
9.937900421594086708e+01
9.244216232379740461e+01
8.534272007877585509e+01
7.836608515268527242e+01
7.166443808638919677e+01
6.528961640166369307e+01
5.927426133047277546e+01
5.371683342745643586e+01
4.882387573292221106e+01
4.488276561773887607e+01
4.217135766340879144e+01
4.084124245127452468e+01
4.082649528965716712e+01
4.182442312565887477e+01
4.336740135067608293e+01
4.496178419496735756e+01
4.623154802796378249e+01
4.699637776989803939e+01
4.724737028387038862e+01
4.704324465152433987e+01
4.639927545224580996e+01
4.524428796823343646e+01
4.347313394821448895e+01
4.105655064519333308e+01
3.813063179727656404e+01
3.499782454073924498e+01
3.202596572541011710e+01
2.949890839621422245e+01
2.750417054313767196e+01
2.591582897721843537e+01
2.447020230376363514e+01
2.288513597125233900e+01
2.096397873866008155e+01
1.864423554744912082e+01
1.598148561900292819e+01
1.308809040863349260e+01
1.006288931409311616e+01
6.946747987149344716e+00
3.721104946025539206e+00
3.415502768465703554e-01
-3.219681938606118621e+00
-6.948840798993337842e+00
-1.079477042368223394e+01
-1.469435268002262873e+01
-1.860003365768613293e+01
-2.249214791848427097e+01
-2.637251212617901786e+01
-3.024987528761462841e+01
-3.412996259804238264e+01
-3.801374910296109988e+01
-4.189959391749780337e+01
-4.578487166879085635e+01
-4.966538296022848442e+01
-5.353118330007494308e+01
-5.735849545982360098e+01
-6.110120434247768628e+01
-6.468913087767823811e+01
-6.804075697500627484e+01
-7.109382674787705980e+01
-7.384831196624715233e+01
-7.640517931584462019e+01
-7.897708285212739554e+01
-8.185316096558153731e+01
-8.532431942564727478e+01
-8.960347471656909590e+01
-9.478076401246016758e+01
-1.008267036312064562e+02
-1.076175537505545208e+02
-1.149397950971912508e+02
-1.224499355162276686e+02
-1.296074043690224755e+02
-1.356319360532326357e+02
-1.395410081107146141e+02
-1.402947166282184810e+02
-1.370252667852327022e+02
-1.292775931366653310e+02
-1.171662590809997937e+02
-1.013790787282507893e+02
-8.301781215507274680e+01
-6.333028397359768746e+01
-4.342774694074428510e+01
-2.407960332061013276e+01
-5.636437869515241061e+00
1.192552157075412289e+01
2.888731132589598616e+01
