-2.649476275107606327e+01
-5.175015858268403690e+01
-7.361949148985036118e+01
-8.971192404060344927e+01
-9.923617896117316661e+01
-1.029947627187221713e+02
-1.028693795422424415e+02
-1.010651900700434567e+02
-9.941101019046563181e+01
-9.893061021952537715e+01
-9.976396773452084688e+01
-1.013849624917743597e+02
-1.029794455656183345e+02
-1.038303350326234380e+02
-1.035893478465917781e+02
-1.023714869334124131e+02
-1.006681602220149188e+02
-9.912805913157374960e+01
-9.829478586247648764e+01
-9.840478045429540543e+01
-9.932442209710917780e+01
-1.006414509202201799e+02
-1.018525469740601181e+02
-1.025513197512593706e+02
-1.025402103085063459e+02
-1.018437633820604447e+02
-1.006490965546934859e+02
-9.921878479792754035e+01
-9.781468894824963911e+01
-9.665216562869551353e+01
-9.588275712002028683e+01
-9.558804631018928433e+01
-9.576582429889283787e+01
-9.630165244899487220e+01
-9.693301083631571657e+01
-9.721922749059534397e+01
-9.653082013932450423e+01
-9.407541391322241964e+01
-8.898084051921667026e+01
-8.044557618983574798e+01
-6.793846223722411537e+01
-5.139578968331668563e+01
-3.134245622392394282e+01
-8.873330670558440048e+00
1.452169366377408366e+01
3.724111167040496184e+01
5.787397279581321641e+01
7.543477873989904481e+01
8.948165903093315876e+01
1.001072186810349791e+02
1.078168574136445557e+02
1.133293996695374659e+02
1.173573307749635575e+02
1.204360923475891099e+02
1.228545994947704543e+02
1.246940745920436342e+02
1.259354271826545926e+02
1.265743513099499182e+02
1.266948563235074374e+02
1.264813706211091358e+02
1.261774787018323991e+02
1.260150401233517101e+02
1.261404687181407525e+02
1.265616051642635824e+02
1.271336278936443449e+02
1.275923098451449107e+02
1.276241616273911035e+02
1.269441534680789800e+02
1.253468801695998849e+02
1.227103661786232465e+02
1.189558702267705002e+02
1.139918061966301366e+02
1.076845950479055318e+02
9.989197699209358916e+01
9.056040429106654699e+01
7.984358404791565533e+01
6.817612487867739901e+01
5.625466557669455625e+01
4.492531406700349805e+01
3.501654222060500388e+01
2.716892188969571009e+01
2.170261480597810788e+01
1.854940089927877978e+01
1.726805070885323801e+01
1.715052788151551511e+01
1.739877609936623770e+01
1.731702024787497862e+01
1.645129366356898970e+01
1.463226757975491310e+01
1.192570982901461996e+01
8.535944460462699723e+00
4.715292009935780904e+00
7.062115697037008033e-01
-3.289862595650599353e+00
-7.134503568658020711e+00
-1.077104216829427052e+01
-1.423025634959716257e+01
-1.761022176749363410e+01
-2.102994701845613790e+01
-2.457468806738451406e+01
-2.826056634136251944e+01
-3.203634210273760630e+01
-3.581521274574785707e+01
-3.951035656479232472e+01
-4.305239277215719795e+01
-4.638929503813768207e+01
-4.948609181028319881e+01
-5.233616552006058242e+01
-5.497536837244278729e+01
-5.747874091002702102e+01
-5.993180436539931577e+01
-6.239074513985171677e+01
-6.485407357570807108e+01
-6.725896282154398875e+01
-6.950425969975957230e+01
-7.149602907410913133e+01
-7.320248104550246637e+01
-7.469187586863601780e+01
-7.612381379484638444e+01
-7.768391977258747261e+01
-7.948786648987510262e+01
-8.150903774854705830e+01
-8.357973061895523870e+01
-8.547357382772250389e+01
-8.702329580027122802e+01
-8.820367065631823777e+01
-8.913420324639611181e+01
-9.001065106249600944e+01
-9.101560594173183460e+01
-9.225679428103893542e+01
-9.374863857838784043e+01
-9.542396879850316793e+01
-9.715902379064640115e+01
-9.880485603789105653e+01
-1.002225253225748105e+02
-1.013154226639708781e+02
-1.020484832613273767e+02
-1.024435508657669942e+02
-1.025402103085063459e+02
-1.023167766752355305e+02
-1.015864959125924543e+02
-9.991514141564398699e+01
-9.662120783027435778e+01
-9.089372275669613543e+01
-8.200383273556430197e+01
-6.953541403035754342e+01
-5.355012721382550467e+01
-3.463284863081058518e+01
-1.380946882890680527e+01
7.633452830388686827e+00
2.837651374580101304e+01
4.728377128149841724e+01
6.355432867081207604e+01
7.678191443563231644e+01
8.693272941963078893e+01
9.427521596233077616e+01
9.929021718481621406e+01
1.025731552075958604e+02
1.047353753988888059e+02
1.063194063350221796e+02
1.077461073143680466e+02
1.093024324707750878e+02
1.111608407180872291e+02
1.134054215297074109e+02
1.160396569273463854e+02
1.189726439948973677e+02
1.220080634203600880e+02
1.248649876900498157e+02
1.272351307006916699e+02
1.288529059975864755e+02
1.295489879096245431e+02
1.292715977914936047e+02
1.280726308176977000e+02
1.260614878139910076e+02
1.233351193378621389e+02
1.199026022430749663e+02
1.156351141001127587e+02
1.102795697558958778e+02
1.035585787288420363e+02
9.533217806183314735e+01
8.574669988230053264e+01
7.528997095225187763e+01
6.471927880163015345e+01
5.489029421521113505e+01
4.655150154680496399e+01
4.017212371927323034e+01
3.585386518062665573e+01
3.334774213880556459e+01
3.216307600000740052e+01
3.172754149513448141e+01
3.154711507316244834e+01
3.132084470603404824e+01
3.097569457930297787e+01
3.060372025737732926e+01
3.032149701546014597e+01
3.012056192559998991e+01
2.979623767714190308e+01
2.900180018848870844e+01
2.739926029604603031e+01
2.482209920581223273e+01
2.136387022867342722e+01
1.735288943785283067e+01
1.323336543230896112e+01
9.411773646689685080e+00
6.130444277331322134e+00
3.409845538931641773e+00
1.072158482537469926e+00
-1.172105191275910840e+00
-3.615309525335633989e+00
-6.461991057589384191e+00
-9.775126800002507110e+00
-1.345933650789689118e+01
-1.727908214092702011e+01
-2.091348362532972516e+01
-2.404156995104647976e+01
-2.643495607374881828e+01
-2.802605310127680838e+01
-2.892951844169297715e+01
-2.941500310607420232e+01
-2.984453026953554655e+01
-3.059281147261758704e+01
-3.196865157373278521e+01
-3.415223320784935623e+01
-3.715578159354363663e+01
-4.080977278302817979e+01
-4.478025637218162558e+01
-4.862957558542208147e+01
-5.192665332464447658e+01
-5.438534221493854659e+01
-5.597623451819655571e+01
-5.695176561201011367e+01
-5.776231034223018668e+01
-5.890090513126298788e+01
-6.075378824276381806e+01
-6.352236333464236395e+01
-6.722816571007334119e+01
-7.176208536290806705e+01
-7.693048390586233154e+01
-8.247633952650633660e+01
-8.808082574432077649e+01
-9.336080635417874873e+01
-9.787138348076535976e+01
-1.011124803447960829e+02
-1.025402103085063459e+02
-1.015980278067456055e+02
-9.778875282985453055e+01
-9.079007905646496113e+01
-8.058489678897880992e+01
-6.756005163066825503e+01
-5.253239007821240136e+01
-3.667839368046264070e+01
-2.136597727773230559e+01
-7.915470491775666417e+00
2.654610963445771077e+00
9.827607688588479107e+00
1.367543003591346107e+01
1.480310971991344715e+01
1.416008322266012343e+01
1.276222387029553929e+01
1.139901896200682430e+01
1.042128662761350277e+01
9.698603363659406895e+00
