-2.598220640512917612e+01
-4.426190438770571944e+01
-6.012194778434045617e+01
-7.175800405407601090e+01
-7.836649270945412127e+01
-8.017769272520671109e+01
-7.819334680670111482e+01
-7.378659762481447615e+01
-6.833404623121830923e+01
-6.298152033610666933e+01
-5.854789859265605401e+01
-5.551234281328427755e+01
-5.403558647791827951e+01
-5.399967398585120293e+01
-5.506834131489648598e+01
-5.676720424654750019e+01
-5.857640136861331115e+01
-6.002514015552842608e+01
-6.077759049959189497e+01
-6.070289980744145453e+01
-5.991869385853456720e+01
-5.878132490845273850e+01
-5.779215366463987635e+01
-5.742445516026084817e+01
-5.792974001035286591e+01
-5.920617884704866185e+01
-6.078660554000916250e+01
-6.195078416521474196e+01
-6.191441127976655423e+01
-6.001557596647197101e+01
-5.582608908031236439e+01
-4.916426271464948883e+01
-4.004565581921938389e+01
-2.863123944322976655e+01
-1.520828487159759135e+01
-2.043865987162192255e-01
1.578217646971951460e+01
3.196210190798456452e+01
4.738410782076079641e+01
6.104991245484347218e+01
7.211299722274475243e+01
8.010064087925820786e+01
8.506266497144008554e+01
8.756709989680173578e+01
8.852764154263383034e+01
8.892438875681548893e+01
8.952786484640803621e+01
9.073387033772509369e+01
9.256234825616974149e+01
9.479293150801834145e+01
9.714853079266084990e+01
9.942925478542323958e+01
1.015418862311016568e+02
1.034382340954012420e+02
1.050285778292118692e+02
1.061410787774281630e+02
1.065551510935506769e+02
1.060811255429994162e+02
1.046297005236122004e+02
1.022283054752697637e+02
9.898100066865288227e+01
9.500163094685612464e+01
9.035709477993364658e+01
8.504448236432072861e+01
7.901021396598348190e+01
7.220948957393576961e+01
6.469319301629039387e+01
5.669133998637653349e+01
4.864948318330130661e+01
4.118528125747607760e+01
3.496606037506770548e+01
3.054390162448626356e+01
2.820314534364241155e+01
2.787195320104644480e+01
2.913011653976469262e+01
3.131446945177973618e+01
3.368638766124270489e+01
3.559940872872662965e+01
3.661094111390454486e+01
3.651960121621840472e+01
3.534794744231327712e+01
3.329997257230212426e+01
3.070498620899002873e+01
2.794139958890073316e+01
2.534036671243604744e+01
2.309675952045913760e+01
2.123227118339149655e+01
1.963640562536208023e+01
1.816418396583176431e+01
1.673000224109447842e+01
1.533604470268543274e+01
1.401468006075908868e+01
1.272185057209849290e+01
1.125348294648121339e+01
9.243941725966591250e+00
6.253488951195322443e+00
1.899118445041318992e+00
-4.031456070273488734e+00
-1.151497353164695170e+01
-2.027459496640861403e+01
-2.980067732737766306e+01
-3.941691313584253464e+01
-4.839612845331213009e+01
-5.610401642158764446e+01
-6.213003342178647870e+01
-6.636988568136106892e+01
-6.903908161729124515e+01
-7.060977732897659109e+01
-7.167837510339496987e+01
-7.279236450099708122e+01
-7.428462981650103814e+01
-7.616952764564177869e+01
-7.813887412409152944e+01
-7.966394052414521809e+01
-8.017769272520671109e+01
-7.928673485156487288e+01
-7.694444189629300013e+01
-7.351543561371641999e+01
-6.969124672588876024e+01
-6.627761296174432459e+01
-6.393548646386621215e+01
-6.298267043857791236e+01
-6.333402402602746406e+01
-6.459231257385495439e+01
-6.623580887592950717e+01
-6.781482719071678389e+01
-6.907741703168207437e+01
-6.998106202788031283e+01
-7.059210623902609427e+01
-7.091498511194328103e+01
-7.072258106508718356e+01
-6.946934771907910999e+01
-6.634845080200068423e+01
-6.049710753856118117e+01
-5.128105775410098488e+01
-3.854502692328060220e+01
-2.273145280431814541e+01
-4.829432331135780743e+00
1.382173612841620169e+01
3.181319774996965322e+01
4.795778144382291686e+01
6.151633629892804578e+01
7.229297457303277952e+01
8.056925122047066168e+01
8.690933391398279184e+01
9.192247275314622357e+01
9.607758785654048950e+01
9.962403624335918551e+01
1.026158685593869961e+02
1.049983740550739242e+02
1.067057542783979613e+02
1.077320858372577703e+02
1.081620394988285483e+02
1.081655254747370378e+02
1.079637858369075190e+02
1.077738617529798404e+02
1.077434246072540560e+02
1.078926896070363028e+02
1.080771373135342088e+02
1.079804455162048100e+02
1.071503346738925870e+02
1.050933213539963162e+02
1.014267349396074138e+02
9.604287198940743053e+01
8.920452356437542107e+01
8.150772966588409929e+01
7.371533672371597845e+01
6.653275547830045866e+01
6.042019008008869463e+01
5.551019813559930327e+01
5.164728526205938408e+01
4.851198376188363426e+01
4.576120567714027487e+01
4.312670350127271490e+01
4.045227435716638098e+01
3.768389270730694562e+01
3.483632245613459588e+01
3.195463597324036442e+01
2.908220435752496869e+01
2.624002227431119394e+01
2.341774502049329243e+01
2.057664037615570507e+01
1.766394710143240232e+01
1.463357605819066620e+01
1.146465071121611246e+01
8.171351214655981465e+00
4.801495531844654607e+00
1.422286421079113516e+00
-1.907729232596384605e+00
-5.173396559762498903e+00
-8.424286464097225036e+00
-1.176179171236357490e+01
-1.529116645885825676e+01
-1.906227961651480740e+01
-2.303201569600898324e+01
-2.707099907114656645e+01
-3.101374165785895087e+01
-3.472605508205296587e+01
-3.815254459965571954e+01
-4.131804130587624968e+01
-4.428352304330557843e+01
-4.708506929633133353e+01
-4.969614843699037010e+01
-5.203783693722111536e+01
-5.402829541388280177e+01
-5.563889205482927025e+01
-5.692751827566046074e+01
-5.803943953935761613e+01
-5.917765712067217265e+01
-6.054382070248747993e+01
-6.225849495265070033e+01
-6.429309134568239870e+01
-6.645844594685212314e+01
-6.847355864479959564e+01
-7.009303604429855739e+01
-7.123289837829511839e+01
-7.202605650177201824e+01
-7.276877268984486591e+01
-7.377413389081934270e+01
-7.519976831326459887e+01
-7.693795743010328181e+01
-7.863281924408157408e+01
-7.982781848260394497e+01
-8.017769272520671109e+01
-7.962061148724674808e+01
-7.842153644666245782e+01
-7.706040906340848551e+01
-7.601583873848269945e+01
-7.554152089931160674e+01
-7.552421754837745027e+01
-7.546534100546065815e+01
-7.457960506716702298e+01
-7.197496709745496446e+01
-6.686721284116006814e+01
-5.878173744666643330e+01
-4.769939621615053227e+01
-3.411290875436738901e+01
-1.897602393120948605e+01
-3.549728070209667408e+00
1.082165203488933258e+01
2.294709051821584467e+01
3.198064970943269714e+01
3.753634599017912876e+01
3.971986575261531272e+01
3.907840353962163249e+01
3.647029753056918366e+01
3.287003200263315250e+01
2.915072261352852223e+01
2.590381436310361352e+01
2.334810359035008531e+01
2.134990688915872425e+01
1.953850713852192200e+01
1.747512367355536611e+01
1.482788984109238584e+01
1.150789040433155463e+01
7.724398689285234099e+00
3.935082354670282001e+00
7.037295269718981672e-01
-1.488655046085437306e+00
-2.419501755687868183e+00
-2.227468786660690370e+00
-1.397468642292878371e+00
