-1.013712711795000700e+02
-1.222219678797466003e+02
-1.427384172037988321e+02
-1.628110815543268757e+02
-1.826113701880149733e+02
-2.025435609172218960e+02
-2.231079763878541939e+02
-2.447422484811338279e+02
-2.676805449022177754e+02
-2.918467476468035784e+02
-3.167987100158107978e+02
-3.417468849759209775e+02
-3.656595016331561965e+02
-3.874372620182601850e+02
-4.061089018170063127e+02
-4.209871975231193346e+02
-4.317457503904682312e+02
-4.384152325536848025e+02
-4.413239720087845512e+02
-4.410122417943365463e+02
-4.381455440910939387e+02
-4.334450787046237679e+02
-4.276391580870894131e+02
-4.214259861120859227e+02
-4.154377825858919095e+02
-4.102050802623331265e+02
-4.061305822412450652e+02
-4.034860252744979334e+02
-4.024294989658698114e+02
-4.030138336017398615e+02
-4.051583931824123965e+02
-4.086004001267297667e+02
-4.128822073079631991e+02
-4.174177276011598110e+02
-4.216256545426469984e+02
-4.250728644217497276e+02
-4.275685128850111596e+02
-4.291765575766248730e+02
-4.301493916254664782e+02
-4.308123893338596986e+02
-4.314398184624337205e+02
-4.321583984572188228e+02
-4.329053059314699112e+02
-4.334559205668496702e+02
-4.335162057742682009e+02
-4.328441375210276760e+02
-4.313408083484944200e+02
-4.290597912318646081e+02
-4.261296993803387636e+02
-4.226399714516650192e+02
-4.185614781553362036e+02
-4.137525547057495601e+02
-4.080622014694750419e+02
-4.015012140168897190e+02
-3.944081479404341621e+02
-3.875081452767811356e+02
-3.817849345378990620e+02
-3.781631893159030824e+02
-3.770813023589157638e+02
-3.780748349771906192e+02
-3.794864559258350596e+02
-3.783931731935464313e+02
-3.708072289725196811e+02
-3.521613319319834545e+02
-3.180341244750539431e+02
-2.650133790954782853e+02
-1.915372145420403740e+02
-9.851239205184036507e+01
1.048810287477482461e+01
1.295732488971873977e+02
2.514106664440288910e+02
3.684434211872754759e+02
4.741338073324213838e+02
5.639097592412553013e+02
6.356012185229247962e+02
6.893276613897742209e+02
7.269500823295742293e+02
7.512876838444801706e+02
7.653238874421614355e+02
7.715951326658851031e+02
7.718764088555153648e+02
7.671789710061218557e+02
7.579922583546203896e+02
7.446441063104375644e+02
7.276236241634660473e+02
7.077263572516817476e+02
6.859533826646297712e+02
6.632048976328906065e+02
6.399094932591366387e+02
6.157773271614624946e+02
5.898298397743916439e+02
5.607406581057957737e+02
5.273685016793890554e+02
4.892577741601891148e+02
4.468916295507473251e+02
4.016002259860539425e+02
3.551877534214728485e+02
3.094628251636343634e+02
2.658744321375525033e+02
2.253644978594479085e+02
1.884167826249866664e+02
1.551982434004582672e+02
1.256870904514718177e+02
9.973664434584819105e+01
7.708887034753547596e+01
5.738359019938009453e+01
4.019358170252455409e+01
2.507722215821100775e+01
1.161825294773052519e+01
-5.673184604469270198e-01
-1.184818694049754129e+01
-2.258989765828100360e+01
-3.314156497369114618e+01
-4.380454613050085300e+01
-5.481158314999873937e+01
-6.633802262332628175e+01
-7.853549097323704586e+01
-9.155290321281034949e+01
-1.055189885652465307e+02
-1.204957763529309318e+02
-1.364345524633248488e+02
-1.531562855849914513e+02
-1.703590591258590621e+02
-1.876494888406911059e+02
-2.045987130838971098e+02
-2.208179934354229204e+02
-2.360310705177011528e+02
-2.501083857735605420e+02
-2.630419853835936124e+02
-2.748760486166201531e+02
-2.856388042468403228e+02
-2.953207752994636621e+02
-3.039107441964617351e+02
-3.114593277432239233e+02
-3.181220015215353101e+02
-3.241511300802289384e+02
-3.298426766042719578e+02
-3.354697040648067627e+02
-3.412385652080417913e+02
-3.472896238129468429e+02
-3.537416957461595644e+02
-3.607542683638421863e+02
-3.685614742481879489e+02
-3.774303521821644267e+02
-3.875207144563436827e+02
-3.986606585024100582e+02
-4.100766916067421448e+02
-4.201295483923794905e+02
-4.261296993803387636e+02
-4.243444256870901086e+02
-4.103191127810532066e+02
-3.795718795011333100e+02
-3.285734717953130257e+02
-2.557698915141259022e+02
-1.623210317828635993e+02
-5.227782285974745946e+01
6.791102119749490384e+01
1.904598958425002877e+02
3.075958944144629186e+02
4.128338636045570524e+02
5.018556948957668737e+02
5.728271808662029798e+02
6.261762554051611005e+02
6.639930827679409049e+02
6.892604680659094356e+02
7.051066533671603338e+02
7.142244967703502425e+02
7.185373125294988768e+02
7.191264697330773288e+02
7.163828634656736085e+02
7.103034308352976041e+02
7.008235497555210713e+02
6.880702891053176700e+02
6.724527986878931642e+02
6.545673746265126738e+02
6.349665882212764245e+02
6.139013130433700098e+02
5.911640800881348241e+02
5.661244536009334070e+02
5.379644976066830395e+02
5.060339448100411914e+02
4.701922602097628214e+02
4.310082503385529549e+02
3.897395464694915859e+02
3.480934645816886928e+02
3.078502056524409909e+02
2.704776033934991801e+02
2.368654090243014707e+02
2.072593553350577622e+02
1.813958285194525217e+02
1.587572882490734969e+02
1.388302680049592368e+02
1.212721183422530373e+02
1.059520290151141921e+02
9.288188233973995978e+01
8.207645265870573326e+01
7.339361388949080833e+01
6.641503694439037986e+01
6.042542667082398111e+01
5.451572441807106628e+01
4.777989482231763674e+01
3.953021716780318684e+01
2.944960820997880191e+01
1.762982597092769765e+01
4.491772605118953265e+00
-9.375230542456407079e+00
-2.340000338622811427e+01
-3.718798208305875619e+01
-5.060868895033704007e+01
-6.378811801405151982e+01
-7.701005101959269439e+01
-9.056337262614285066e+01
-1.045953844661834893e+02
-1.190256383246626797e+02
-1.335452193735727349e+02
-1.476979147816564648e+02
-1.610194171211901164e+02
-1.731857068667139288e+02
-1.841039167890673127e+02
-1.939046978281647853e+02
-2.028612598634485948e+02
-2.113060057211287130e+02
-2.195960852568642281e+02
-2.281191224682403913e+02
-2.372863336363661801e+02
-2.474650149127352563e+02
-2.588508179530160760e+02
-2.713388727570094261e+02
-2.844845935269408983e+02
-2.976293059683042088e+02
-3.101930223183210842e+02
-3.220214452473503002e+02
-3.335877019862530801e+02
-3.458782235889889307e+02
-3.599389103249304185e+02
-3.762247738650522138e+02
-3.939867128388243032e+02
-4.109213389958642892e+02
-4.232314312834063799e+02
-4.261296993803387636e+02
-4.147010496312161081e+02
-3.849450819583851171e+02
-3.347636057823793294e+02
-2.646490805440464555e+02
-1.778824586942170072e+02
-8.016186297118599668e+01
2.126684772627631048e+01
1.187670246983398670e+02
2.054750050312904364e+02
2.762194210906571925e+02
3.280409071941760430e+02
3.602612461482200388e+02
3.741402179816615785e+02
3.722416865213743904e+02
3.576974792100999139e+02
3.335696890067080176e+02
3.024480847264940735e+02
2.663082674375695547e+02
2.265582664156065675e+02
1.841644328610449293e+02
1.397751197226125726e+02
9.381405092367458565e+01
