-6.057217427676453525e+01
-1.009788487097540894e+02
-1.361697123229651254e+02
-1.624001330163584669e+02
-1.783067605152295698e+02
-1.849207939983495237e+02
-1.849465919724859191e+02
-1.817068308092290181e+02
-1.781719055517541221e+02
-1.763358719837901276e+02
-1.770065896075873013e+02
-1.799410509120347115e+02
-1.841972803431453940e+02
-1.885648553593526344e+02
-1.919552707589442662e+02
-1.936740623914348589e+02
-1.935462332836883377e+02
-1.919022824999919408e+02
-1.894449444290634119e+02
-1.870250084081719990e+02
-1.853780993237148493e+02
-1.849024510392745810e+02
-1.855586345645149038e+02
-1.869299690241826681e+02
-1.884155341260958210e+02
-1.894734644891626090e+02
-1.898173744612620624e+02
-1.894955299487815807e+02
-1.888349058227977935e+02
-1.882877156258875289e+02
-1.882535256051462795e+02
-1.889523877207211058e+02
-1.903942557032837897e+02
-1.924368507785640929e+02
-1.948702000446993452e+02
-1.974481270854919046e+02
-1.998268680057454389e+02
-2.014425543367715363e+02
-2.014085708482963071e+02
-1.985117832740872643e+02
-1.913447014808314748e+02
-1.785542582075107418e+02
-1.591399975742103834e+02
-1.327147128581740958e+02
-9.965524925514775134e+01
-6.110677858685022557e+01
-1.884132016765295958e+01
2.499813123039558604e+01
6.821282958184738732e+01
1.088542388131918415e+02
1.454577181704111979e+02
1.771657248938500686e+02
2.037299287085704407e+02
2.254012158197190274e+02
2.427387011053168067e+02
2.563992180249566673e+02
2.669823240271763325e+02
2.749741769887288001e+02
2.807703311501618373e+02
2.847148044698748208e+02
2.871075934463228236e+02
2.881842000109354558e+02
2.881011577769015730e+02
2.869424065537421029e+02
2.847254702703565954e+02
2.813853782813511657e+02
2.767519994249305455e+02
2.705641255324524082e+02
2.625438760292081497e+02
2.525075627297129870e+02
2.404604795640156567e+02
2.266315690051033016e+02
2.114329677547471533e+02
1.953586374569068198e+02
1.788590411841560410e+02
1.622429975996552969e+02
1.456528220058739009e+02
1.291229581500949166e+02
1.126793293485947203e+02
9.641109598072196718e+01
8.047838287534572999e+01
6.507942126276137174e+01
5.042669983406813117e+01
3.675201898612862550e+01
2.431411317114979198e+01
1.337004495395625980e+01
4.101271474508543236e+00
-3.475566109080547861e+00
-9.567661984387985541e+00
-1.460244023638616007e+01
-1.915575721477933158e+01
-2.383272046786379050e+01
-2.913640560434247462e+01
-3.535697758746825059e+01
-4.250435148094378945e+01
-5.030529052988991623e+01
-5.828285680732450658e+01
-6.591341651990609307e+01
-7.281704656707655943e+01
-7.890872619225102369e+01
-8.444319304622707989e+01
-8.992619714829083932e+01
-9.592208081355731508e+01
-1.028360133224031046e+02
-1.107606301500503037e+02
-1.194411890320908327e+02
-1.283551356356547331e+02
-1.368600409916018350e+02
-1.443551095482251014e+02
-1.504147360917424407e+02
-1.548698956913547136e+02
-1.578253701935379070e+02
-1.596106266386040886e+02
-1.606787069800968197e+02
-1.614899806876348975e+02
-1.624254952031220967e+02
-1.637515926449445942e+02
-1.656205041045591884e+02
-1.680748551010989900e+02
-1.710396936864910913e+02
-1.743167642156778641e+02
-1.776138701967311135e+02
-1.806262470331518841e+02
-1.831441453322028110e+02
-1.851299736969899641e+02
-1.867206869556538038e+02
-1.881545703626815396e+02
-1.896602602838997882e+02
-1.913592829308492753e+02
-1.932214025569961393e+02
-1.950829072767615173e+02
-1.967084165869174512e+02
-1.978665356109806055e+02
-1.984002055692427007e+02
-1.982832447589170783e+02
-1.976511994644133949e+02
-1.967893806250119724e+02
-1.960703319381132417e+02
-1.958519124155972690e+02
-1.963610100869249209e+02
-1.975935217829426449e+02
-1.992600976772920376e+02
-2.007936288084316345e+02
-2.014085708482963071e+02
-2.001813747967098038e+02
-1.961239040616187310e+02
-1.882463123517348720e+02
-1.756330049477398916e+02
-1.575621193137089904e+02
-1.336719700174598131e+02
-1.041281542882636302e+02
-6.970973209406925264e+01
-3.174869291198920251e+01
8.078466733245839748e+00
4.803879704544559814e+01
8.661024466796230570e+01
1.226428458000592627e+02
1.553803798772803475e+02
1.843775849042988852e+02
2.093934291009423418e+02
2.303305041979769783e+02
2.472383328249088947e+02
2.603504303588453013e+02
2.701086610688604992e+02
2.771390867635893756e+02
2.821690067301850604e+02
2.859052271979624038e+02
2.889136638324764590e+02
2.915375371287744883e+02
2.938706069724626673e+02
2.957813889040899085e+02
2.969758732220207094e+02
2.970848855783149247e+02
2.957575579692288557e+02
2.927356257836364648e+02
2.878847611198266350e+02
2.811743956714753949e+02
2.726230810221569527e+02
2.622497765738987141e+02
2.500721471977995805e+02
2.361622377919417772e+02
2.207287495351769167e+02
2.041756127841188402e+02
1.870982406852084807e+02
1.702076016516762706e+02
1.542033932444930429e+02
1.396420012258062684e+02
1.268485276691719719e+02
1.158963030408073251e+02
1.066408133292308804e+02
9.877920199175970595e+01
9.191689472637085601e+01
8.563794242615803398e+01
7.957844242129448276e+01
7.349426031014363048e+01
6.730536519001236684e+01
6.109895541762937654e+01
5.508523825970915055e+01
4.951652987117616078e+01
4.459325605634451506e+01
4.038665385528649665e+01
3.680623753812520960e+01
3.362665081597377537e+01
3.056436913483561213e+01
2.737017702112411044e+01
2.389449812370183679e+01
2.010023199705194230e+01
1.603064691297650413e+01
1.175987854063326665e+01
7.348932388308406338e+00
2.818261090675663993e+00
-1.855239383149243082e+00
-6.711395269184439627e+00
-1.175755964777953722e+01
-1.692130084730287365e+01
-2.203487880072438543e+01
-2.686945839591474794e+01
-3.121217644341257369e+01
-3.495443540337593902e+01
-3.815062080015809443e+01
-4.101872989850679119e+01
-4.387927799717783017e+01
-4.705297529978428628e+01
-5.075234884376918387e+01
-5.500406258701299578e+01
-5.962961958762551262e+01
-6.429717122990579981e+01
-6.863593966841752092e+01
-7.237918988928032604e+01
-7.548450292837048892e+01
-7.818193848243996058e+01
-8.092018446129259246e+01
-8.421568759424179973e+01
-8.845670224041127483e+01
-9.374986432616623233e+01
-9.988580773624015308e+01
-1.064373865975995415e+02
-1.129314449227862838e+02
-1.190042976251290270e+02
-1.244782654534017468e+02
-1.293551518265651907e+02
-1.337681043971559802e+02
-1.379385517549469284e+02
-1.421567087576489428e+02
-1.467691285820841358e+02
-1.521394026407507170e+02
-1.585606264870489497e+02
-1.661324730307029540e+02
-1.746440139417620117e+02
-1.835058066952894933e+02
-1.917594174693055891e+02
-1.981734639477481608e+02
-2.014085708482963071e+02
-2.002007817067758708e+02
-1.935030910923392469e+02
-1.805596446771412502e+02
-1.609396147699649475e+02
-1.345785290602393616e+02
-1.018509203626680630e+02
-6.365552097168222190e+01
-2.145934106827076704e+01
2.276253664424108791e+01
