6.006575238989171339e+00
-6.221476303197701441e+01
-1.213503944386293654e+02
-1.647964788919912564e+02
-1.899767831189739411e+02
-1.984083741504999523e+02
-1.945532324670968194e+02
-1.840874636276473382e+02
-1.722464567506926869e+02
-1.626983100949768755e+02
-1.571222538301703082e+02
-1.554271696605001125e+02
-1.563859222404497871e+02
-1.583996136574985769e+02
-1.601370590483143417e+02
-1.608932068027880007e+02
-1.606330839220944426e+02
-1.597920175651334773e+02
-1.589623110098652035e+02
-1.586047789574372189e+02
-1.588858222297106124e+02
-1.596709290109722872e+02
-1.606305100209739294e+02
-1.613690362973593153e+02
-1.614961907022227194e+02
-1.606114246201514959e+02
-1.582360313840598849e+02
-1.537591642994438530e+02
-1.464482714876587579e+02
-1.355293335191771291e+02
-1.203072694578431481e+02
-1.002946992248871254e+02
-7.533359612168990793e+01
-4.569865951800923654e+01
-1.215794057627659441e+01
2.404224722375516876e+01
6.129107367661264050e+01
9.782485429391716991e+01
1.320033215011741277e+02
1.625835385656524181e+02
1.889086630812084024e+02
2.109461976840576085e+02
2.291615621974853241e+02
2.442797091806334606e+02
2.570315704264124292e+02
2.679717797877661951e+02
2.774030454806030548e+02
2.853952217313023993e+02
2.918671204841348299e+02
2.966963129245796154e+02
2.998217620620491743e+02
3.013048315412887632e+02
3.013255619707937285e+02
3.001194136057803235e+02
2.978904214711874374e+02
2.947435466686959558e+02
2.906576911801686265e+02
2.854950655252167735e+02
2.790329088916879527e+02
2.710080365797415993e+02
2.611708879077212941e+02
2.493467501856882507e+02
2.354969667958433774e+02
2.197658461518065565e+02
2.024987312924468768e+02
1.842261975104948704e+02
1.656161926687539392e+02
1.473932030843058669e+02
1.302267311499434470e+02
1.146121752363953590e+02
1.007874904906700095e+02
8.872197777256556606e+01
7.817776529583508704e+01
6.880660290406581225e+01
6.023420623159661602e+01
5.210656749007621613e+01
4.410482841180852631e+01
3.595341014065675012e+01
2.744310161011248539e+01
1.847248388418056209e+01
9.090159782229989105e+00
-4.892285230082187297e-01
-9.915474137950692324e+00
-1.878179214948039544e+01
-2.673262932848568596e+01
-3.356657827016638151e+01
-3.930187603618039560e+01
-4.418368342621653255e+01
-4.862770795123443435e+01
-5.311457496258343269e+01
-5.807035339529105045e+01
-6.377645996309347254e+01
-7.033688076638715359e+01
-7.770044152851359343e+01
-8.571080181120467500e+01
-9.415130573590937502e+01
-1.027642699362887413e+02
-1.112448252117247876e+02
-1.192307416075994126e+02
-1.263236406230313094e+02
-1.321692475374526055e+02
-1.365877033027548748e+02
-1.396976686745484528e+02
-1.419558864830496248e+02
-1.440613518753294215e+02
-1.467406989380399125e+02
-1.504969090440063155e+02
-1.554243324301396285e+02
-1.611633188506803833e+02
-1.670136641256883934e+02
-1.721702004652920834e+02
-1.759974361325619157e+02
-1.782411490986241915e+02
-1.791005092226440922e+02
-1.791440440354608370e+02
-1.791117455379849446e+02
-1.796778238800126815e+02
-1.812514152769972782e+02
-1.838733085020077453e+02
-1.872333153259807830e+02
-1.907952706504923412e+02
-1.939845563933539836e+02
-1.963739304596346926e+02
-1.978050919023484369e+02
-1.984083741504999523e+02
-1.985203062957731959e+02
-1.985314246350996825e+02
-1.987139127665289777e+02
-1.990772949115081758e+02
-1.992809599896660302e+02
-1.986100430210902061e+02
-1.960148329385713168e+02
-1.902216310452229777e+02
-1.799215607718932404e+02
-1.640199565281197636e+02
-1.418967935109968153e+02
-1.136123202621375157e+02
-8.000176158307144192e+01
-4.262862359396086021e+01
-3.592725137473252062e+00
3.478545339048570639e+01
7.035253261215767395e+01
1.014989686402800402e+02
1.274221889668001211e+02
1.481869454122315801e+02
1.645550988619512793e+02
1.776470454012025471e+02
1.885611047762669159e+02
1.980782464777677774e+02
2.065310939544794451e+02
2.138513962337459873e+02
2.197494029988640705e+02
2.239374485226979345e+02
2.263046882082633147e+02
2.269818444950763023e+02
2.262872158918904404e+02
2.245935655434597891e+02
2.221788990985305077e+02
2.191184357011649411e+02
2.152536943274533883e+02
2.102489265169635644e+02
2.037158062722055263e+02
1.953589719106205962e+02
1.850833974885164537e+02
1.730228708583713910e+02
1.594906399849246554e+02
1.448904372049827032e+02
1.296325867898496256e+02
1.140802292106436084e+02
9.853079862083313856e+01
8.322860055364523646e+01
6.839493179874415318e+01
5.425038475667753346e+01
4.100710443369075620e+01
2.883536789623754260e+01
1.783561971141103442e+01
8.041730668803971582e+00
-5.534767447662076734e-01
-7.983244086200123490e+00
-1.431952426574192572e+01
-1.969352436193114997e+01
-2.428950830204685474e+01
-2.830329890947607652e+01
-3.189684272383801655e+01
-3.518738888016387989e+01
-3.827454864758376374e+01
-4.127467929200777519e+01
-4.433812773141782060e+01
-4.765076377928910745e+01
-5.142448629456158216e+01
-5.586346388402161978e+01
-6.109290296878472759e+01
-6.707055530923889819e+01
-7.353614969146008207e+01
-8.004983901890389575e+01
-8.612183463478912415e+01
-9.137555490706121475e+01
-9.566148625704613551e+01
-9.906895673175640127e+01
-1.018441587267785451e+02
-1.042683070920504207e+02
-1.065556135584450033e+02
-1.088094442064821834e+02
-1.110459806863832455e+02
-1.132634256491926408e+02
-1.155089120500671385e+02
-1.178942478298415182e+02
-1.205446697114807506e+02
-1.235121139618040615e+02
-1.267113803460778172e+02
-1.299243584798222173e+02
-1.328746453740564277e+02
-1.353325563292780771e+02
-1.371964781596867624e+02
-1.385181873653537536e+02
-1.394775805896106817e+02
-1.403335956437541654e+02
-1.413700571444914260e+02
-1.428383320448626534e+02
-1.448976821761312976e+02
-1.475673210636845170e+02
-1.507127479854453895e+02
-1.540818695334164090e+02
-1.573867622457823359e+02
-1.604066265939685252e+02
-1.630784436292118755e+02
-1.655448861886939085e+02
-1.681363213380558648e+02
-1.712747118716077068e+02
-1.753103555777979352e+02
-1.803362007245417828e+02
-1.860482389694916208e+02
-1.917114512048804613e+02
-1.962474721995334050e+02
-1.984083741504999523e+02
-1.969743211590479177e+02
-1.909229080493188917e+02
-1.795500546788027521e+02
-1.625541802844780648e+02
-1.401058681311847067e+02
-1.129024615772065232e+02
-8.216945195541931923e+01
-4.956055508895808259e+01
-1.694695526227738469e+01
1.385365247869525263e+01
4.132336022526260422e+01
6.439632830248064010e+01
8.249740186891457938e+01
9.549388002766841055e+01
1.036029290337191924e+02
1.072859195280937570e+02
1.071471556444309954e+02
1.038516137729220361e+02
9.807645327224369680e+01
9.050146915310176610e+01
8.182342124326103772e+01
7.276031055541017167e+01
6.400834392547920970e+01
5.613249521461004576e+01
4.940931988805942865e+01
4.368837520241886807e+01
3.836774408078095178e+01
