-2.203517509848642675e+01
-4.488662008599275310e+01
-6.530887371418120324e+01
-8.148992328163353704e+01
-9.270427653720824424e+01
-9.935666460339194828e+01
-1.026757725338949143e+02
-1.042103381485595577e+02
-1.053416807499605738e+02
-1.070025214907108051e+02
-1.096799348223823642e+02
-1.136289336223020143e+02
-1.191153210004016785e+02
-1.265072267440697829e+02
-1.361476368797725627e+02
-1.480969790737824496e+02
-1.619320379949142534e+02
-1.767546822775752844e+02
-1.914226437885296548e+02
-2.048743498656664030e+02
-2.163854189391252874e+02
-2.256690040094414655e+02
-2.328321572872078491e+02
-2.382515251813286739e+02
-2.424252962536624239e+02
-2.458333985649180704e+02
-2.488297127723371318e+02
-2.515964143787098806e+02
-2.541834450635189171e+02
-2.566161393986731696e+02
-2.590002050995029776e+02
-2.615412123952132788e+02
-2.644574248365243534e+02
-2.678513390636352369e+02
-2.716322345446603777e+02
-2.755314317935863642e+02
-2.791890549673997270e+02
-2.822739632515862240e+02
-2.846110856070906152e+02
-2.862869096970353553e+02
-2.876842787831505461e+02
-2.894020794034034338e+02
-2.920622730200284991e+02
-2.960636746810630484e+02
-3.013588083635503949e+02
-3.072984247782902685e+02
-3.125532919057244499e+02
-3.151258663228520049e+02
-3.124924893331805151e+02
-3.019213431601513662e+02
-2.809599876155140805e+02
-2.479990371010434274e+02
-2.027594716552570446e+02
-1.465635507977007705e+02
-8.230946510380896086e+01
-1.413304917894964596e+01
5.319751161362920300e+01
1.150362607209217742e+02
1.675930441662838462e+02
2.084826507591537279e+02
2.369907422777244221e+02
2.540400112739985730e+02
2.619006853300748503e+02
2.637157031073344342e+02
2.629173277055895710e+02
2.626232110114431180e+02
2.651202927965726985e+02
2.715474680569374186e+02
2.818467225512769687e+02
2.949796651246455781e+02
3.093407778382195374e+02
3.232602943335792816e+02
3.354652453271101535e+02
3.453526217878270472e+02
3.529627769741896941e+02
3.586572936336069688e+02
3.626570016618621821e+02
3.646780529461581182e+02
3.638539583497646390e+02
3.589825045945958664e+02
3.489799764125628485e+02
3.333385328871514730e+02
3.123920291274360466e+02
2.872868145478024076e+02
2.596898832620963731e+02
2.313838853349176929e+02
2.039257372358152054e+02
1.784671425561883780e+02
1.557197800125765355e+02
1.359846971633808721e+02
1.191863307071973281e+02
1.049155604560405806e+02
9.251991460329335837e+01
8.124785099286856394e+01
7.040054323099036537e+01
5.943064861200274152e+01
4.796051893533645227e+01
3.573812693898771897e+01
2.257899593269217320e+01
8.344011739165978270e+00
-7.022810168815118104e+00
-2.341141563165708916e+01
-4.046745697358553429e+01
-5.758316695784342443e+01
-7.399995392736077804e+01
-8.901066561887775208e+01
-1.021933275426077046e+02
-1.135807146613296652e+02
-1.236827519399226389e+02
-1.333319505212221259e+02
-1.434000449666467034e+02
-1.544951202741317502e+02
-1.667546051596698931e+02
-1.798038623487351799e+02
-1.928839800841657848e+02
-2.050919365890889026e+02
-2.156443153772109156e+02
-2.240871144787280400e+02
-2.304084129719720409e+02
-2.350317819179941239e+02
-2.386805393328838250e+02
-2.421394532898334546e+02
-2.459950678085452580e+02
-2.504579081258791859e+02
-2.553380590639122545e+02
-2.601886420276679246e+02
-2.645675885012544200e+02
-2.683009739955715531e+02
-2.716085941021509029e+02
-2.750257921202895659e+02
-2.791788752236207642e+02
-2.845337367468495700e+02
-2.912007401773120705e+02
-2.988095617062368206e+02
-3.064340183243134561e+02
-3.125598151122695754e+02
-3.151258663228520049e+02
-3.116963963942444593e+02
-2.997998834346382750e+02
-2.774033070527834184e+02
-2.434186778808008000e+02
-1.981013718693407952e+02
-1.432092282256482463e+02
-8.184743716387653478e+01
-1.801564445729988506e+01
4.403298316703396864e+01
1.004583572958019033e+02
1.483702398941502736e+02
1.861336453906174313e+02
2.134199035217413041e+02
2.310559819125228671e+02
2.407600163060292857e+02
2.448318571244681152e+02
2.458290161324462701e+02
2.462406876913019573e+02
2.481741536660128986e+02
2.530754072857959045e+02
2.615248822464868681e+02
2.731754332356519512e+02
2.868981163312447507e+02
3.011407980608115622e+02
3.144009876330442808e+02
3.256317233648694014e+02
3.344055307431058282e+02
3.407699384920243801e+02
3.448810901971579597e+02
3.466114425601140852e+02
3.453341416820489371e+02
3.399937535861367337e+02
3.294397005055108139e+02
3.128954599144926192e+02
2.903939101800579579e+02
2.630177628278399879e+02
2.328372941708419432e+02
2.025344866235448364e+02
1.748124863217590814e+02
1.517641281938418274e+02
1.343917024378621363e+02
1.224329940702946686e+02
1.145546387955349132e+02
1.088412484992851574e+02
1.033982182697229320e+02
9.685589442154329731e+01
8.861817364364057426e+01
7.880764884563764383e+01
6.797802012643526837e+01
5.673954244765920407e+01
4.544633581807627110e+01
3.405014064763308568e+01
2.216462955723784134e+01
9.302956937471835275e+00
-4.839746764172648597e+00
-2.021796860797093842e+01
-3.646115325687587472e+01
-5.303997145970623706e+01
-6.944765222800168658e+01
-8.530185343621941740e+01
-1.003528152804281746e+02
-1.144376806974430139e+02
-1.274296874891910250e+02
-1.392162207535951097e+02
-1.497164745000394532e+02
-1.589262670398116200e+02
-1.669680640269213825e+02
-1.741274409662275673e+02
-1.808560465863553759e+02
-1.877130858779683535e+02
-1.952243859186274335e+02
-2.036819585561257782e+02
-2.129716156279173447e+02
-2.225408159225628992e+02
-2.315582767146042045e+02
-2.392071917545163728e+02
-2.449844344426223302e+02
-2.488955421393514484e+02
-2.515010917912484842e+02
-2.538189457610360478e+02
-2.571033866217205741e+02
-2.625324500421286302e+02
-2.708464752123566086e+02
-2.819867018457028394e+02
-2.948011094508539145e+02
-3.069278238568902566e+02
-3.149850345281643627e+02
-3.151258663228520049e+02
-3.038689337534480046e+02
-2.789764338141793019e+02
-2.401023430080252297e+02
-1.889983762164901577e+02
-1.292159071130027996e+02
-6.541395582389633034e+01
-2.499165732025126374e+00
5.516727276778465949e+01
1.043404160702212522e+02
1.431834115197155484e+02
1.712939886721370613e+02
1.895240950727232985e+02
1.996756890249889409e+02
2.041435654154271049e+02
2.055344765615707843e+02
2.062693659102951926e+02
2.082044582239142585e+02
2.123535673188605131e+02
2.187977774307872778e+02
2.268185131800368595e+02
2.352246762553192241e+02
2.427878625003743593e+02
2.486519475361223499e+02
2.525682498482330516e+02
2.548612230512340489e+02
2.561426611841434351e+02
2.569032549483474668e+02
2.571546842455192632e+02
2.562548256312207400e+02
2.529626227583734703e+02
2.456949992148032607e+02
2.329151995772658097e+02
2.135519246749930176e+02
1.873301605840186426e+02
1.549171601868420680e+02
1.178572686831432890e+02
7.834433920233612980e+01
