-7.411376827045691229e+00
1.155312376399642105e+01
2.771592822015901447e+01
3.901083815285245038e+01
4.457608512593996863e+01
4.478828884228152418e+01
4.093579105354010750e+01
3.470672543970382407e+01
2.768394088445285206e+01
2.099430562736378647e+01
1.518331738630040562e+01
1.029791174148126132e+01
6.090914518515210929e+00
2.237723584119114761e+00
-1.518427084466663857e+00
-5.321802606986558715e+00
-9.233730793450934726e+00
-1.328241628449071143e+01
-1.749092413257220358e+01
-2.187284616678689275e+01
-2.640842724625834492e+01
-3.101948107433493362e+01
-3.555583589890834162e+01
-3.980003599850704177e+01
-4.349721172663292634e+01
-4.641734778989903987e+01
-4.844383620925660949e+01
-4.965520725869447460e+01
-5.034949670870793170e+01
-5.097784764451687067e+01
-5.200272141117725511e+01
-5.374275229884499794e+01
-5.627540675573719398e+01
-5.943536901495252067e+01
-6.289820036152825367e+01
-6.630533069985608563e+01
-6.937883142260808711e+01
-7.198890051367857268e+01
-7.416224641349944591e+01
-7.603939642140076671e+01
-7.779635050450372091e+01
-7.955215088202592710e+01
-8.129690201289352558e+01
-8.287944796538788239e+01
-8.407151864829887700e+01
-8.468242823191393143e+01
-8.466525503405208042e+01
-8.415801373529723151e+01
-8.344011486268537681e+01
-8.282930253952169153e+01
-8.257286163607986396e+01
-8.278925339942192352e+01
-8.348999824377587231e+01
-8.466314838663956266e+01
-8.635346493802379086e+01
-8.866448306558140757e+01
-9.165078147384220131e+01
-9.514299377715761352e+01
-9.860315641281526666e+01
-1.011031725352041235e+02
-1.014559563082164431e+02
-9.845180072024386675e+01
-9.111364850643109037e+01
-7.889842942082894695e+01
-6.180713070454658009e+01
-4.039025101644529059e+01
-1.564830773589112312e+01
1.115114733706991856e+01
3.868931055230892468e+01
6.578189513059942328e+01
9.149103309970067244e+01
1.151575415575925234e+02
1.363813922584985221e+02
1.549877527720163357e+02
1.709975168635976956e+02
1.845937326284491746e+02
1.960655184970615323e+02
2.057267971498058046e+02
2.138327252982769551e+02
2.205289721271605572e+02
2.258547044977424889e+02
2.297886859448280461e+02
2.323068284980894305e+02
2.334247336636741466e+02
2.332166524268167791e+02
2.318125688153371584e+02
2.293762852413121323e+02
2.260687557750162000e+02
2.220056189366234207e+02
2.172227071667849714e+02
2.116641052497442956e+02
2.052025528169813242e+02
1.976937752757461340e+02
1.890555517512767096e+02
1.793488485632464631e+02
1.688294320199483991e+02
1.579442576218638976e+02
1.472667768870340694e+02
1.373887652169052558e+02
1.288030618211681144e+02
1.218138030886037768e+02
1.164978002025615496e+02
1.127218708884479526e+02
1.102038064913455742e+02
1.085910499914885747e+02
1.075266315071742866e+02
1.066835927788936829e+02
1.057721674144166286e+02
1.045411438331360614e+02
1.027910126237549377e+02
1.003949448342318647e+02
9.730863306969010296e+01
9.356009007839607250e+01
8.923117684579685260e+01
8.444697975061458806e+01
7.937553816165547005e+01
7.422674979095177150e+01
6.923612052571189679e+01
6.462630469027462254e+01
6.055192769566542665e+01
5.704271876853442080e+01
5.396450044661291656e+01
5.102102743930733197e+01
4.781570736947566047e+01
4.396831325132049528e+01
3.924577990337969879e+01
3.364851599627522205e+01
2.741407656840283380e+01
2.094313540517018879e+01
1.468471631739730299e+01
9.022449281268016819e+00
4.191687956273561610e+00
2.424510389940905952e-01
-2.950944239543687786e+00
-5.642639791812271710e+00
-8.142054331880146378e+00
-1.072907710539203663e+01
-1.358227770413186875e+01
-1.675094977918281813e+01
-2.018450733093602878e+01
-2.379668741880237803e+01
-2.751760663475982938e+01
-3.129785525854636319e+01
-3.506845434090239166e+01
-3.869835138880340253e+01
-4.199880911323882060e+01
-4.479330342539505239e+01
-4.702033549603989115e+01
-4.880321931260762369e+01
-5.043548680858246769e+01
-5.228148006928833524e+01
-5.463739419811156495e+01
-5.761422456779668266e+01
-6.109592851966678495e+01
-6.479849342551518987e+01
-6.840764342101057593e+01
-7.172435514841474458e+01
-7.473707659872819420e+01
-7.758512354809612077e+01
-8.044843577747708707e+01
-8.343953448805042683e+01
-8.655702333071202759e+01
-8.970940789331926624e+01
-9.277460416160353418e+01
-9.564380042353361944e+01
-9.820717032237045885e+01
-1.002723287065797564e+02
-1.014559563082164431e+02
-1.011206444066868784e+02
-9.841151838001412955e+01
-9.239673534733331905e+01
-8.226836501652230993e+01
-6.754717360530204928e+01
-4.823990693933704677e+01
-2.491077296779002381e+01
1.354219360518897020e+00
2.909139334284828138e+01
5.668833431101211318e+01
8.264620227113417172e+01
1.058071343528907846e+02
1.254887064147744695e+02
1.415029592145813808e+02
1.540744410144287144e+02
1.636907692636842739e+02
1.709258569848701086e+02
1.762817955327701611e+02
1.800943610259621437e+02
1.825263679045131084e+02
1.836356133397655981e+02
1.834698436609654664e+02
1.821316053337662879e+02
1.797783983516176249e+02
1.765653274524443930e+02
1.725732051333752679e+02
1.677725190666986919e+02
1.620481310112547817e+02
1.552689416111257970e+02
1.473593087227651779e+02
1.383325052918432334e+02
1.282764704772140760e+02
1.173163507880052947e+02
1.055922463077159392e+02
9.327442722952754650e+01
8.060566474092048850e+01
6.793631747336004878e+01
5.571706564500694725e+01
4.443525769491623123e+01
3.451321970864518818e+01
2.621235231774703323e+01
1.958539905426939853e+01
1.448793959633238515e+01
1.062436846253332590e+01
7.598189869628267701e+00
4.964174035377141081e+00
2.300255697083724016e+00
-7.026688103158029719e-01
-4.170653481455364187e+00
-8.036562185637734501e+00
-1.209397534309155731e+01
-1.608551458811860257e+01
-1.979337521729509319e+01
-2.311462688960207856e+01
-2.610936120579248865e+01
-2.900352559165614963e+01
-3.213147614746119274e+01
-3.582911926932837332e+01
-4.031974686498817562e+01
-4.564110195868715891e+01
-5.163717004759287477e+01
-5.800531946984399667e+01
-6.437265886002693094e+01
-7.037614573187745748e+01
-7.572809169166649212e+01
-8.025715653162833974e+01
-8.392391422911455834e+01
-8.681453628693523683e+01
-8.911316245602314723e+01
-9.105171373659595702e+01
-9.284490822726357351e+01
-9.463215649727604273e+01
-9.645084580328338575e+01
-9.825153713696552416e+01
-9.994486493385913661e+01
-1.014559563082164431e+02
-1.027610899002409042e+02
-1.038906304672724872e+02
-1.048966029482824780e+02
-1.057989105520126714e+02
-1.065361109829924828e+02
-1.069479746242891167e+02
-1.068069530844648511e+02
-1.058993677016946862e+02
-1.041368179216218834e+02
-1.016559373099899517e+02
-9.885252827180042345e+01
-9.631282093513843279e+01
-9.465415951746393830e+01
-9.434268258162276766e+01
-9.557057009281963644e+01
-9.823185297018990525e+01
-1.019738274935027533e+02
-1.062777515992990516e+02
