-4.880796011588162742e+01
-6.944541235321815975e+01
-8.775134663425723147e+01
-1.020095800128275130e+02
-1.115203815150278075e+02
-1.166300590334869582e+02
-1.184569028723023081e+02
-1.184610782942032188e+02
-1.180154228391373152e+02
-1.180907358155680527e+02
-1.191117585581226734e+02
-1.209897330806742275e+02
-1.232961680269785916e+02
-1.255081555695861653e+02
-1.272362039440794206e+02
-1.283567296332174408e+02
-1.290174047035384604e+02
-1.295405380330127798e+02
-1.302812467092358872e+02
-1.314933953103797535e+02
-1.332397603885969488e+02
-1.353720249891910896e+02
-1.375933308482657935e+02
-1.395882447965330755e+02
-1.411690016525954832e+02
-1.423669362294033078e+02
-1.434159458937145359e+02
-1.446311508491765494e+02
-1.462494869295570368e+02
-1.483212842063551022e+02
-1.507006016474193473e+02
-1.531095951088045410e+02
-1.552078507187108585e+02
-1.566126794788440861e+02
-1.568698240549470881e+02
-1.554178605142709557e+02
-1.515938896907069307e+02
-1.447002072847526222e+02
-1.341186625516458264e+02
-1.194423975405743334e+02
-1.005947179974931203e+02
-7.790916274534997399e+01
-5.214699290173241053e+01
-2.443543439276466245e+01
3.872283859124713956e+00
3.139180378044584785e+01
5.691724842547038321e+01
7.959843846769152265e+01
9.904204486433775401e+01
1.153079621455268864e+02
1.287998565550828971e+02
1.400850453720690041e+02
1.497085970052454513e+02
1.580693108271865412e+02
1.653942897462646613e+02
1.718019381950977618e+02
1.774064275249436093e+02
1.824029966944536341e+02
1.870834591356538397e+02
1.917637757429180283e+02
1.966547760986156845e+02
2.017492495853146295e+02
2.067982595459091613e+02
2.113971085509135719e+02
2.151338838643119971e+02
2.177199360876514334e+02
2.190376438018878673e+02
2.190884387942460876e+02
2.178778973141014035e+02
2.153106184378964088e+02
2.111630112704131648e+02
2.051544434990158265e+02
1.970782185096703927e+02
1.869255234478954435e+02
1.749507584376547129e+02
1.616628477387583587e+02
1.477545157275834811e+02
1.339904013213474911e+02
1.210763842251055848e+02
1.095379399104319020e+02
9.963924706293072120e+01
9.136383246655510959e+01
8.445407508490006876e+01
7.848921470478616413e+01
7.297970188433274075e+01
6.746240215443692989e+01
6.158579052682749477e+01
5.517375393649465565e+01
4.825398295913954883e+01
4.103695547288445766e+01
3.383891047752166514e+01
2.696117616637877035e+01
2.056514393905795046e+01
1.459907412437648588e+01
8.818950153010291615e+00
2.899411815386892854e+00
-3.419941481694660723e+00
-1.022552077611690180e+01
-1.740421710982634806e+01
-2.469997687496245931e+01
-3.181343074463221399e+01
-3.849509747744325949e+01
-4.459967175535965112e+01
-5.009760050195423275e+01
-5.505948659962417935e+01
-5.962971973329391062e+01
-6.399517021562368768e+01
-6.834697212707324354e+01
-7.283775760284858336e+01
-7.754809157509711781e+01
-8.247823555837223353e+01
-8.756686179027252592e+01
-9.271967984054414558e+01
-9.782717030324413088e+01
-1.027639439699354256e+02
-1.073793804725965231e+02
-1.114990904034925165e+02
-1.149537470833144255e+02
-1.176337301170906926e+02
-1.195460958848740916e+02
-1.208451034701754736e+02
-1.218216734926443792e+02
-1.228522605840611845e+02
-1.243132994066429546e+02
-1.264741602416826538e+02
-1.293996535985505716e+02
-1.329105689960454129e+02
-1.366397223985805454e+02
-1.401720473893448684e+02
-1.432024912245180417e+02
-1.456314757659613122e+02
-1.475560798601546821e+02
-1.491741806449141166e+02
-1.506602194197248537e+02
-1.520786691693706700e+02
-1.533765296933355557e+02
-1.544506658151784677e+02
-1.552422130512319143e+02
-1.557940587931496452e+02
-1.562260915127411351e+02
-1.566227120767452732e+02
-1.568698240549470881e+02
-1.565099693715662852e+02
-1.546916329900291487e+02
-1.502651597164297641e+02
-1.420261593696355646e+02
-1.290443156377894240e+02
-1.109652495330549584e+02
-8.816858276723189647e+01
-6.172004420905810207e+01
-3.314124861679285772e+01
-4.087581057001930418e+00
2.395787766422105136e+01
4.989283283210761510e+01
7.307318701408654249e+01
9.327651317140245624e+01
1.106040396839587032e+02
1.253754816306022946e+02
1.380401841543529713e+02
1.490957472728920834e+02
1.590045255133385353e+02
1.681227564152699756e+02
1.766688822170370372e+02
1.847390868110379643e+02
1.923511532082361839e+02
1.994893727794457448e+02
2.061343940426786787e+02
2.122756720435722855e+02
2.179086127425959205e+02
2.230178528961547784e+02
2.275527165865655945e+02
2.314075427956609303e+02
2.344151539450825510e+02
2.363486451333403124e+02
2.369240209094531053e+02
2.358102461561332177e+02
2.326664819394629262e+02
2.272197493455887809e+02
2.193696200394542188e+02
2.092770985748397266e+02
1.973859944106321507e+02
1.843499217083601991e+02
1.708854169935047764e+02
1.576110847308491145e+02
1.449402404316156492e+02
1.330688601162869134e+02
1.220543273918954270e+02
1.119323492901399391e+02
1.027969721217678511e+02
9.479373372632518624e+01
8.803593968227481525e+01
8.250357356691546329e+01
7.798920942627228214e+01
7.412176613768588140e+01
7.045584520357294878e+01
6.658448477806675214e+01
6.222683590563959655e+01
5.726080741553737141e+01
5.170382576101405192e+01
4.567075292224249239e+01
3.933790906083664396e+01
3.291922421626649964e+01
2.663941599137529082e+01
2.069114997380220444e+01
1.518451395753600863e+01
1.011480616715381231e+01
5.371295567521535474e+00
7.883227126835694598e-01
-3.782478654241296923e+00
-8.409755253078353476e+00
-1.305501283809400448e+01
-1.759057658234143062e+01
-2.185592648172527674e+01
-2.572893562394956390e+01
-2.917904818905116571e+01
-3.227762697327541730e+01
-3.516688859708423820e+01
-3.801218916510849510e+01
-4.096314486413241696e+01
-4.413384130018485507e+01
-4.759992482843723849e+01
-5.140500089700159236e+01
-5.556451562646350339e+01
-6.005398262820614974e+01
-6.477948276237742675e+01
-6.955102952564126895e+01
-7.409374928239908797e+01
-7.811759822689066368e+01
-8.142769217598186060e+01
-8.402191988226924479e+01
-8.611822179715024106e+01
-8.808694762623184715e+01
-9.031390026221080802e+01
-9.305559761202405866e+01
-9.635058134159319820e+01
-1.000225187226037207e+02
-1.037684528932931158e+02
-1.072867954492061813e+02
-1.103835488860877092e+02
-1.130141345888917357e+02
-1.152603483890192564e+02
-1.172755177499978743e+02
-1.192353450101845169e+02
-1.213144299813174456e+02
-1.236866969120482054e+02
-1.265317550807088338e+02
-1.300219403583687381e+02
-1.342703676441706193e+02
-1.392424532261115644e+02
-1.446642231364024838e+02
-1.499765019582560797e+02
-1.543664608101644546e+02
-1.568698240549470881e+02
-1.565115319949923958e+02
-1.524535657561072810e+02
-1.441268306316197254e+02
-1.313226640174535191e+02
-1.142208544555340382e+02
-9.335063883769826987e+01
-6.950795111933653914e+01
-4.366352934786448259e+01
-1.688732253321744281e+01
