1.292269633711579786e+02
2.200558316107094470e+01
-7.091441527136404943e+01
-1.389697466909292132e+02
-1.777708364451264345e+02
-1.893269231810947133e+02
-1.803720383588787683e+02
-1.596947214752282491e+02
-1.355208474168029227e+02
-1.137266313125962540e+02
-9.719058091474929029e+01
-8.614905120899132385e+01
-7.914983107464112777e+01
-7.414564074065830823e+01
-6.937511587690909209e+01
-6.384469448566804317e+01
-5.738804717794388921e+01
-5.041453874242424149e+01
-4.353481607654705954e+01
-3.724244644036298268e+01
-3.175152867024326042e+01
-2.699614182286978803e+01
-2.273512507015252027e+01
-1.868901717582627953e+01
-1.465293843031705023e+01
-1.055467581145120448e+01
-6.443240385472876142e+00
-2.405249573612962877e+00
1.570418309271161661e+00
5.729269076158487906e+00
1.062638449095439341e+01
1.709984683928081495e+01
2.614689294197577851e+01
3.874271784550711573e+01
5.564828998141261707e+01
7.724081557491234662e+01
1.033907337468608034e+02
1.334082330802909269e+02
1.660788675608715153e+02
1.997941256274363013e+02
2.327604356733016289e+02
2.632452881137041913e+02
2.898061323862007157e+02
3.114585895871218213e+02
3.277648818529240202e+02
3.388407599762173277e+02
3.452868227982941676e+02
3.480565177967673662e+02
3.482796526620802524e+02
3.470661959245688308e+02
3.453235810679175302e+02
3.436285769639513887e+02
3.421904005778429791e+02
3.409162837151912981e+02
3.395489375349517331e+02
3.378105949292915966e+02
3.354903515656609443e+02
3.324552993739694102e+02
3.286173866538681523e+02
3.239051999468423446e+02
3.182662063767974132e+02
3.116912991964231878e+02
3.042403478545382995e+02
2.960538059120846128e+02
2.873396497033952528e+02
2.783218406315303355e+02
2.691472883570945669e+02
2.597848639976466529e+02
2.499852325956516665e+02
2.393614108970816972e+02
2.275868515574341018e+02
2.146281021179142385e+02
2.008894175568892706e+02
1.871790079608771862e+02
1.744928842546480041e+02
1.637012856142157204e+02
1.552699155342667154e+02
1.491351006209449679e+02
1.447819980938661786e+02
1.414770454753596027e+02
1.385338063086981606e+02
1.354899892579088032e+02
1.321398136396427390e+02
1.284527682064573355e+02
1.244622695656621971e+02
1.201995651508605647e+02
1.156961442196158032e+02
1.110244119242568956e+02
1.063248848367469748e+02
1.017827724013810808e+02
9.755212437224554378e+01
9.366380692373904537e+01
8.997407931662256431e+01
8.619497996480264135e+01
8.200174457436926900e+01
7.716839823898239104e+01
7.166877871658651600e+01
6.569856800487470139e+01
5.960839553103397037e+01
5.377330951403995840e+01
4.844980747924157072e+01
4.367680608865573078e+01
3.925601718782773730e+01
3.481399409242385445e+01
2.992321544354162555e+01
2.424827382582698476e+01
1.767688141122419765e+01
1.038992923401020718e+01
2.831828604787567372e+00
-4.424360590858128717e+00
-1.087121272180827702e+01
-1.623696338165397179e+01
-2.055354340196460328e+01
-2.409736091361970267e+01
-2.724360332564955200e+01
-3.031078182661907050e+01
-3.346200412264548874e+01
-3.669122903471393471e+01
-3.988311789326233736e+01
-4.290903325117508160e+01
-4.571398581287549945e+01
-4.836039250545078261e+01
-5.101861273980945555e+01
-5.391802045805201971e+01
-5.728411332903981190e+01
-6.128445048856841026e+01
-6.599355296677299521e+01
-7.137427091440825677e+01
-7.727151332028283548e+01
-8.342217638028897397e+01
-8.948917278985035750e+01
-9.512009958163126555e+01
-1.000168571534785258e+02
-1.039924577112254553e+02
-1.069971040901952222e+02
-1.091155887923032992e+02
-1.105511046946385676e+02
-1.116034221797295629e+02
-1.126371218535676775e+02
-1.140356682173144094e+02
-1.161438045057300172e+02
-1.192041130919153318e+02
-1.232971940114278340e+02
-1.283003296141534975e+02
-1.338810662590556717e+02
-1.395398721895662959e+02
-1.447101848814521077e+02
-1.489057822413068948e+02
-1.518728929510371302e+02
-1.536801411922127727e+02
-1.546929877021441939e+02
-1.554355777089267576e+02
-1.564089678389709661e+02
-1.579601242697606835e+02
-1.602556665765977186e+02
-1.633373048357947255e+02
-1.671843913328324618e+02
-1.717202458135213874e+02
-1.767519211592651800e+02
-1.818773182815174891e+02
-1.864050378489894797e+02
-1.893269231810947133e+02
-1.893780029620280914e+02
-1.852049410059463526e+02
-1.756276786879586780e+02
-1.599314723572576042e+02
-1.380979515168793910e+02
-1.108993775795500341e+02
-7.982866474539670776e+01
-4.688715860582772166e+01
-1.428362984383332446e+01
1.588846197159529083e+01
4.193053852292426598e+01
6.272799326756991434e+01
7.782741228850940729e+01
8.740443658325028764e+01
9.214259922664055580e+01
9.305509325208636540e+01
9.128498234791190669e+01
8.791619426770785140e+01
8.382497682409173478e+01
7.960032248504946040e+01
7.554901458020312077e+01
7.176791316399111054e+01
6.823310715590160669e+01
6.485597236884417782e+01
6.149398305201970061e+01
5.794618157169702499e+01
5.397399730828247755e+01
4.936124393897520690e+01
4.398776324505686830e+01
3.787167735381785860e+01
3.114793578284881903e+01
2.398534422460019755e+01
1.648053950207739149e+01
8.585692480214447642e+00
1.155830193437452635e-01
-9.158382092658968077e+00
-1.936799324536846711e+01
-3.043350817394268404e+01
-4.203571181606892537e+01
-5.368942119991405804e+01
-6.488157134637506829e+01
-7.521025278082350951e+01
-8.446701765366523773e+01
-9.263361796112832280e+01
-9.980157817945540444e+01
-1.060570090266429872e+02
-1.113915040506636274e+02
-1.156894349723812780e+02
-1.188025554974736764e+02
-1.206750291003636164e+02
-1.214507830420306078e+02
-1.214963545894079573e+02
-1.213125948309786679e+02
-1.213742534430325151e+02
-1.219851634531240308e+02
-1.232278064328189515e+02
-1.250239502170216923e+02
-1.272539075669071167e+02
-1.298519748963745997e+02
-1.328202237283882710e+02
-1.361625173774741313e+02
-1.397949472201219692e+02
-1.435021315170925504e+02
-1.469758681498254873e+02
-1.499207268104646857e+02
-1.521742611231578621e+02
-1.537846651519621446e+02
-1.550105468568511924e+02
-1.562373650764913009e+02
-1.578312940986720037e+02
-1.599777162711211247e+02
-1.625755999907616456e+02
-1.652543509489345865e+02
-1.675247688764992802e+02
-1.689959900397334991e+02
-1.695473882823739302e+02
-1.693736724804774383e+02
-1.688940505094581113e+02
-1.685760751655610648e+02
-1.687485125353863396e+02
-1.694759906127992508e+02
-1.705455242832403542e+02
-1.715693806767804404e+02
-1.721594282186767373e+02
-1.721032023887309776e+02
-1.714770940116284521e+02
-1.706551796090813298e+02
-1.702061104569550309e+02
-1.707103468535335367e+02
-1.725590084812011753e+02
-1.757958758105245352e+02
-1.800387996024954020e+02
-1.844877415847061570e+02
-1.880137218816485074e+02
-1.893269231810947133e+02
-1.872234466729235578e+02
-1.808890709661484948e+02
-1.701959410548060418e+02
-1.558857436316777978e+02
-1.395264671534287970e+02
