9.208273482176995373e+00
-2.667077119765373538e+01
-5.715451267791803502e+01
-7.843883501154409998e+01
-8.937089538435542124e+01
-9.145715508660478577e+01
-8.802214684273548073e+01
-8.294711991906476101e+01
-7.947474441554085445e+01
-7.943911003619558642e+01
-8.307129083409550674e+01
-8.932901682354327022e+01
-9.655335884861075613e+01
-1.031847632966671995e+02
-1.082864541300222214e+02
-1.117218589653552669e+02
-1.139804536392679779e+02
-1.157846427157641074e+02
-1.176799070362229429e+02
-1.197866814184345685e+02
-1.218012932454570603e+02
-1.232220720971795060e+02
-1.236818322195566964e+02
-1.232218518848224846e+02
-1.223746640182629335e+02
-1.220234244861594846e+02
-1.231121453322950856e+02
-1.263306733291900059e+02
-1.318823311040195279e+02
-1.393961479174178066e+02
-1.479982414572827736e+02
-1.565143032208559930e+02
-1.637454036504598776e+02
-1.687535460755169083e+02
-1.711006611034974298e+02
-1.709837086436322977e+02
-1.692090700149233271e+02
-1.669843268111594909e+02
-1.655728395110394615e+02
-1.659122224562728434e+02
-1.683143916270778391e+02
-1.723508648156215770e+02
-1.769864221461835712e+02
-1.809466083143320247e+02
-1.832035237978101350e+02
-1.833940669603514380e+02
-1.819992250922988433e+02
-1.802105515600366346e+02
-1.795338890982029341e+02
-1.812727892908901595e+02
-1.860665342730673046e+02
-1.936259462823227295e+02
-2.027336100614957104e+02
-2.114886248899100281e+02
-2.177069053137939818e+02
-2.193494589498361620e+02
-2.148493417395719689e+02
-2.032481658556559694e+02
-1.841356447439339377e+02
-1.574841436912707593e+02
-1.235232338149043869e+02
-8.275763505229873829e+01
-3.611383314352840301e+01
1.491021406328374788e+01
6.823661140785372936e+01
1.214016856698495701e+02
1.719015218229687036e+02
2.175720803445601632e+02
2.568868732900509713e+02
2.890952301143223622e+02
3.141799627694489345e+02
3.326696327556009010e+02
3.453801897395959486e+02
3.531691736878947268e+02
3.567656106248092556e+02
3.567062043756344565e+02
3.533746664569406448e+02
3.471060734063886457e+02
3.382904499940520395e+02
3.274166073610070953e+02
3.150479989276242350e+02
3.017750941308227652e+02
2.881896855797914441e+02
2.748775484518728263e+02
2.623844649399622995e+02
2.511215385212587421e+02
2.412268859948125623e+02
2.324511581567108180e+02
2.241524811251773883e+02
2.154549002572796326e+02
2.055464007228849539e+02
1.940062855469642216e+02
1.810137596578900343e+02
1.673320258880554832e+02
1.540627033183689036e+02
1.422639177311743026e+02
1.325772920866031086e+02
1.250083421835870467e+02
1.189555137649853691e+02
1.134855286993319226e+02
1.077368265320964582e+02
1.012685098534615946e+02
9.420692504213202767e+01
8.714808197574154747e+01
8.088475362288802728e+01
7.609539759302955986e+01
7.313502678142184266e+01
7.200110008387935068e+01
7.244255984679715255e+01
7.410152955922821150e+01
7.657840088989942728e+01
7.939283567342337733e+01
8.191393202362712600e+01
8.336992509683641117e+01
8.298976542843901427e+01
8.022602719745744082e+01
7.494510913396615592e+01
6.748849525685794504e+01
5.858190661259312293e+01
4.914193694304875493e+01
4.006197861800980320e+01
3.204348912779695979e+01
2.549911343924277674e+01
2.052382548897817927e+01
1.691965907307019279e+01
1.425658998123573440e+01
1.194907966246841191e+01
9.334541195208963416e+00
5.762246126033559790e+00
7.146207009751994743e-01
-6.043638708812026472e+00
-1.434407939661136666e+01
-2.359762582103364181e+01
-3.292709542214105056e+01
-4.143002676835955356e+01
-4.848716584206398750e+01
-5.399148656031831450e+01
-5.838725729755977767e+01
-6.248489505294758573e+01
-6.711828237749705295e+01
-7.278314641755792991e+01
-7.940540401855115249e+01
-8.633698866337559252e+01
-9.258563221298994961e+01
-9.718775795506070381e+01
-9.957123769326413765e+01
-9.976282176631077903e+01
-9.837359264650105217e+01
-9.639713737748265032e+01
-9.491711280663044192e+01
-9.481933861281946463e+01
-9.656953132404079554e+01
-1.000960554030724694e+02
-1.048118018269372556e+02
-1.097854992764665667e+02
-1.140140601686415494e+02
-1.166953095758044725e+02
-1.174099001019561683e+02
-1.161822631275625497e+02
-1.134366351512016138e+02
-1.098693366184837572e+02
-1.062638268620751063e+02
-1.033043055868341753e+02
-1.014586747417990011e+02
-1.009660418279271852e+02
-1.018988309059982384e+02
-1.042301225258246120e+02
-1.078542285929223254e+02
-1.125597620301080042e+02
-1.179925767785536266e+02
-1.236526822385938686e+02
-1.289559250069479788e+02
-1.333629689836004104e+02
-1.365358889851098070e+02
-1.384514446681686195e+02
-1.394129575059319279e+02
-1.399559658992614004e+02
-1.406933534917843076e+02
-1.421556912648859736e+02
-1.446588491109115751e+02
-1.482144229150458159e+02
-1.525074191207251317e+02
-1.569682719418286183e+02
-1.609345134045579755e+02
-1.638540630732902912e+02
-1.654628042970215915e+02
-1.658778794920058317e+02
-1.655759944808989985e+02
-1.652671998723375282e+02
-1.657112548450768372e+02
-1.675361510545129988e+02
-1.711085991676042681e+02
-1.764847816601822785e+02
-1.834377116337014400e+02
-1.915209614681466519e+02
-2.001102296950180914e+02
-2.083846974842014674e+02
-2.152619639930321398e+02
-2.193494589498361620e+02
-2.189862250618990913e+02
-2.124126427636795142e+02
-1.980458079475524755e+02
-1.747899864702070545e+02
-1.422959545265558177e+02
-1.011038362171390048e+02
-5.264958559447092767e+01
8.470221937305879578e-01
5.659347271100486410e+01
1.115295657374350782e+02
1.627049570893926216e+02
2.076609184336915348e+02
2.447217695814300384e+02
2.731273717671178360e+02
2.929942025238108272e+02
3.051359960900950909e+02
3.107888299389949793e+02
3.112939025311196133e+02
3.078178351881502977e+02
3.012042174688543810e+02
2.919988094843333784e+02
2.805932190344308879e+02
2.673758375147176594e+02
2.528114492734135581e+02
2.374428909518643991e+02
2.218447758296347843e+02
2.065482281159752347e+02
1.919404011188503034e+02
1.781583384245445245e+02
1.650318932991770282e+02
1.521374251050207249e+02
1.389712918876067533e+02
1.251717332527276199e+02
1.106768037498199817e+02
9.573542394358882746e+01
8.076666437123016351e+01
6.614651803771667460e+01
5.204577148861407920e+01
3.841291534148557929e+01
2.510305663005516408e+01
1.206317653624693875e+01
-5.368847422954594606e-01
-1.229031359817179236e+01
-2.265779243229040674e+01
-3.115086463740275136e+01
-3.752496077408756037e+01
-4.190184326570632578e+01
-4.477018881409419748e+01
-4.686657126931666539e+01
-4.897675165640322348e+01
-5.171124368221489220e+01
-5.532104885362166158e+01
-5.962890767005801251e+01
-6.412688571050961173e+01
-6.821518887512704055e+01
-7.146906778312968811e+01
-7.379473388225254382e+01
-7.540344679384266158e+01
-7.664581694749958274e+01
-7.782118388133082476e+01
-7.906424122856734016e+01
-8.033754030018805281e+01
-8.148885494294890464e+01
