-6.441740654047967496e+01
-8.225021515742552936e+01
-9.863918098127967937e+01
-1.125337782632449972e+02
-1.235300864888110368e+02
-1.318667514528684137e+02
-1.381920202835017335e+02
-1.432157509433187386e+02
-1.474075197985469856e+02
-1.508720146831423676e+02
-1.534341355679608512e+02
-1.548584334931590831e+02
-1.550752708747921247e+02
-1.543064466192520285e+02
-1.530467341726429424e+02
-1.519247559647913874e+02
-1.515107813575758371e+02
-1.521500422119514440e+02
-1.538809432774277184e+02
-1.564620867326453890e+02
-1.594915475039739476e+02
-1.625616732633394008e+02
-1.653726644726470738e+02
-1.677550262266582308e+02
-1.696127027105256388e+02
-1.708441741214776641e+02
-1.712985102914951767e+02
-1.707934899717269275e+02
-1.691873695666924959e+02
-1.664674723906146312e+02
-1.628110896272484638e+02
-1.585907341970098514e+02
-1.543165363434263497e+02
-1.505194903291038031e+02
-1.475958880483789812e+02
-1.456656299995461836e+02
-1.445170188718531392e+02
-1.436860610142443306e+02
-1.426580598625328093e+02
-1.411192688142752161e+02
-1.391534391590745940e+02
-1.372846332968887566e+02
-1.363182026104330475e+02
-1.370111773239976856e+02
-1.396706950783557772e+02
-1.438033316291146093e+02
-1.479297082640119072e+02
-1.496564918388609442e+02
-1.460478171947640078e+02
-1.342440576512884718e+02
-1.121696694365010103e+02
-7.911394703378518045e+01
-3.599075986446325714e+01
1.482074511940313855e+01
7.000654172707126577e+01
1.260266184794287909e+02
1.797474626826470967e+02
2.288104434930149012e+02
2.716991174515578109e+02
3.076009378946276911e+02
3.362060739463803998e+02
3.575541438627791422e+02
3.719752931629296882e+02
3.801130211701323560e+02
3.829708559657084379e+02
3.818955914224677599e+02
3.784228483851071019e+02
3.739896416563427692e+02
3.696221245871362271e+02
3.657458830320004495e+02
3.622037394446947474e+02
3.584541472025786106e+02
3.538389999111331008e+02
3.477986090986463523e+02
3.399759243849938457e+02
3.302406793447286191e+02
3.186986885137479817e+02
3.057093470520624123e+02
2.918763686543564972e+02
2.779645203978542440e+02
2.647288609909347770e+02
2.526957217882985844e+02
2.419814620977543882e+02
2.322422414579464487e+02
2.227972151117967030e+02
2.128901729125668112e+02
2.020001186783501623e+02
1.900953390099653859e+02
1.777377769885139571e+02
1.659822285193752123e+02
1.560822984320318483e+02
1.490968039742288340e+02
1.455431555616383719e+02
1.452307181916402214e+02
1.473325535163490372e+02
1.506581699536495194e+02
1.540156438613897762e+02
1.565252857864658722e+02
1.577736684284568867e+02
1.577674173060467524e+02
1.567416605354849821e+02
1.549489987135233946e+02
1.525411639707162976e+02
1.495677640958134873e+02
1.460418016572777162e+02
1.420137558524839676e+02
1.376239054696336552e+02
1.331204112206911248e+02
1.288322449170187838e+02
1.250881768242476397e+02
1.220906912987502722e+02
1.197884321148517870e+02
1.178210078534120697e+02
1.155987091454392015e+02
1.125109972305367023e+02
1.081705006426958846e+02
1.025650125856956407e+02
9.603987674779949657e+01
8.912520592165427047e+01
8.229222124022007279e+01
7.574411071057161848e+01
6.932812361268025825e+01
6.260838798696160268e+01
5.507240887985085465e+01
4.638194125281454916e+01
3.655463505254211043e+01
2.599577136335933858e+01
1.537455786616432363e+01
5.411964512376854941e+00
-3.322833293405352606e+00
-1.052862673422163198e+01
-1.617166907880300641e+01
-2.039837719123806892e+01
-2.343408903372940699e+01
-2.553856618194754446e+01
-2.703267701251934341e+01
-2.833891741534790754e+01
-2.995541743352231379e+01
-3.233108385759589964e+01
-3.568792746195811105e+01
-3.988818756897586582e+01
-4.443387270986517024e+01
-4.861765464129908310e+01
-5.176008513845985703e+01
-5.342515449671645911e+01
-5.353237613403410933e+01
-5.235666197188373872e+01
-5.046437390616603125e+01
-4.862639934199310687e+01
-4.770022307273828233e+01
-4.845473352800962630e+01
-5.135599442395621850e+01
-5.639304537391157623e+01
-6.303377515174307177e+01
-7.034891548925151028e+01
-7.726890766049214676e+01
-8.288792580256836118e+01
-8.671315576011099324e+01
-8.877143776896107852e+01
-8.953450803602038377e+01
-8.970059228844584709e+01
-8.993261767581955723e+01
-9.066246729464558030e+01
-9.202759229077312852e+01
-9.394174538791511964e+01
-9.624730507585087480e+01
-9.887031145417665812e+01
-1.019062784074697561e+02
-1.056036417288478617e+02
-1.102645980565574177e+02
-1.161118016674677165e+02
-1.231530724865775142e+02
-1.310497556668747450e+02
-1.390083549905870086e+02
-1.457559528555082409e+02
-1.496564918388609442e+02
-1.489501706586986245e+02
-1.420203784997056857e+02
-1.275961626505082620e+02
-1.048716397268463538e+02
-7.359852137852922738e+01
-3.420492751981099389e+01
1.208177857037370728e+01
6.320662538810675812e+01
1.164485567285161665e+02
1.687724783644369779e+02
2.172633201378815500e+02
2.594994661286158362e+02
2.937784808196136055e+02
3.191979337315206067e+02
3.356503711457875170e+02
3.437792137644732975e+02
3.448861228263601220e+02
3.407458743105626695e+02
3.333108343997158727e+02
3.243488747307157496e+02
3.151054634030051602e+02
3.060877169713506873e+02
2.970428658878709030e+02
2.871588263739954527e+02
2.754526256136219899e+02
2.612389490247204549e+02
2.445125172238903701e+02
2.260772072258833418e+02
2.073420193572052597e+02
1.898555280148738120e+02
1.747816892897661774e+02
1.625437778899858188e+02
1.527638084346527307e+02
1.444693649174336088e+02
1.364269325451978716e+02
1.274532934363256658e+02
1.166347727498460216e+02
1.034616326876583088e+02
8.790029773112705413e+01
7.040595810268681021e+01
5.187345168903273418e+01
3.352899823899727494e+01
1.675305501477839698e+01
2.820567141912903253e+00
-7.408400774115637688e+00
-1.374269835414882124e+01
-1.673553269651896613e+01
-1.752447668507655010e+01
-1.748037375149386818e+01
-1.778813598415293029e+01
-1.911976103969157137e+01
-2.153880651388860556e+01
-2.467806081941411378e+01
-2.809492365520022972e+01
-3.161319782318945926e+01
-3.546239957577815005e+01
-4.013518340120290162e+01
-4.605384227467682479e+01
-5.325851275722889966e+01
-6.130466019967327185e+01
-6.940784117136544751e+01
-7.672773776853482275e+01
-8.264394912974590568e+01
-8.693021359083746802e+01
-8.979902314094914573e+01
-9.182279006085943251e+01
-9.376347253710297025e+01
-9.637251958157072806e+01
-1.002262626549805589e+02
-1.056228843405041431e+02
-1.125260147318276580e+02
-1.205423724755001302e+02
-1.289540387140529276e+02
-1.368390550988405892e+02
-1.432827028618698932e+02
-1.476257515543247507e+02
-1.496564918388609442e+02
-1.496669192941204471e+02
-1.483576358010172385e+02
-1.466438814402766297e+02
-1.454414307828687072e+02
-1.454905159715188745e+02
-1.472348533774577106e+02
-1.507458999893250393e+02
-1.556908954185136054e+02
-1.613725491565729726e+02
