3.608453588498130671e+01
9.465389161071833257e-01
-3.004061504797438431e+01
-5.369006777669794417e+01
-6.837024455491560104e+01
-7.405084028238739791e+01
-7.191408687851503601e+01
-6.378301560792642988e+01
-5.160153780885474362e+01
-3.708711441924904761e+01
-2.156158687477611835e+01
-5.911717929780088809e+00
9.363442006935908779e+00
2.404091482193973306e+01
3.802266245867386374e+01
5.118937134944892620e+01
6.330933479221452842e+01
7.403073014271907937e+01
8.295002496554873517e+01
8.971994919412523473e+01
9.415034849794560046e+01
9.626595316033551342e+01
9.630607730160184587e+01
9.467251413823203166e+01
9.185016399975019397e+01
8.833055015192098836e+01
8.455086651218394422e+01
8.083680159180107694e+01
7.733857428495517183e+01
7.397789925247612075e+01
7.044422753117007119e+01
6.626612751735385132e+01
6.094678791695589837e+01
5.411799316672792060e+01
4.565709553393280373e+01
3.573212881288514353e+01
2.477579312780067511e+01
1.341299439103509705e+01
2.364650650481257443e+00
-7.663831599786814941e+00
-1.610288789318083502e+01
-2.262636410580541835e+01
-2.721231011854406390e+01
-3.013175996868947948e+01
-3.186728228147767084e+01
-3.298810047602886186e+01
-3.401723858801208422e+01
-3.532324912950907958e+01
-3.706473712012599719e+01
-3.920679470309727321e+01
-4.160360971776424321e+01
-4.410638508522192325e+01
-4.663853773097048361e+01
-4.920291053450794294e+01
-5.183369344966651937e+01
-5.453839403802354013e+01
-5.726869361517798040e+01
-5.992913167910894856e+01
-6.241028361513858869e+01
-6.462710543906979410e+01
-6.654267182915353374e+01
-6.816353401379051036e+01
-6.951394563306376995e+01
-7.061617559399309130e+01
-7.149445220477308283e+01
-7.218858463413414484e+01
-7.275121763472085945e+01
-7.322483786756484392e+01
-7.361947181227650105e+01
-7.390989273860674302e+01
-7.405084028238739791e+01
-7.399718338130534789e+01
-7.372195106855164681e+01
-7.323108064041809939e+01
-7.256898117930390413e+01
-7.179802062725882195e+01
-7.094608725355121237e+01
-6.993992985050601874e+01
-6.854904991348067256e+01
-6.635649362071912094e+01
-6.277367316789776908e+01
-5.712297414701041731e+01
-4.879575428522106506e+01
-3.745294069661851211e+01
-2.320245480083410072e+01
-6.683972063005111153e+00
1.098498094494507171e+01
2.840381505912667137e+01
4.417447336499306942e+01
5.719144874663697919e+01
6.684916898238596161e+01
7.311243603137084790e+01
7.644479752042943232e+01
7.763368800982397033e+01
7.757149821760299346e+01
7.704660615050038075e+01
7.658318988934476579e+01
7.635661894310862863e+01
7.620057438458303523e+01
7.570476108323464359e+01
7.437741769008314918e+01
7.182294663821980407e+01
6.787493580657334746e+01
6.264018522385103438e+01
5.644696360276806502e+01
4.972887473422925808e+01
4.289367073751086679e+01
3.622250125837893364e+01
2.982871914823631698e+01
2.368274640423594235e+01
1.768610604667438579e+01
1.176079361820096381e+01
5.914403018330173012e+00
2.506775931217672948e-01
-5.078011139387107242e+00
-9.945458655037725748e+00
-1.430483642921131704e+01
-1.818532564772441873e+01
-2.163326013148354221e+01
-2.463257807012411149e+01
-2.705370746318475739e+01
-2.867233318733180880e+01
-2.927266788024602917e+01
-2.880669426884241346e+01
-2.753430515344949114e+01
-2.605145155123031842e+01
-2.515422018159874540e+01
-2.557534098190504679e+01
-2.770982981127390943e+01
-3.146109777931558682e+01
-3.627860952058024679e+01
-4.136482143898712849e+01
-4.595455612544861879e+01
-4.954462748744083456e+01
-5.198430980069487362e+01
-5.341290145678863865e+01
-5.410615843924133372e+01
-5.432559152495994681e+01
-5.424319979886649890e+01
-5.395880141478637171e+01
-5.356908427685642238e+01
-5.322080560430305951e+01
-5.310410079915506287e+01
-5.339684176735251953e+01
-5.421061764096987190e+01
-5.558017601251375339e+01
-5.749316389822526219e+01
-5.992041006660062408e+01
-6.280947525718360680e+01
-6.603511791912080753e+01
-6.932998493300902965e+01
-7.223113862545382347e+01
-7.407395745629834494e+01
-7.405084028238739791e+01
-7.133315239462432089e+01
-6.523449135270942634e+01
-5.537702819510492702e+01
-4.181434811926614969e+01
-2.507568351041720334e+01
-6.118589918246966519e+00
1.380335048188635128e+01
3.334037338699176445e+01
5.128255419150445960e+01
6.677561008308285295e+01
7.944523518845637966e+01
8.938269276533549146e+01
9.700128120267231679e+01
1.028254704754331073e+02
1.072911418657733549e+02
1.106165165461547986e+02
1.127734235428130489e+02
1.135650091170924867e+02
1.127874600830478613e+02
1.104096943329405320e+02
1.066773530072519378e+02
1.020784973348102511e+02
9.718751822998322609e+01
9.246819035246842589e+01
8.812225059362306467e+01
8.403334206083604840e+01
7.981885958754040189e+01
7.497578016964220637e+01
6.907844251114050849e+01
6.195890166447170344e+01
5.379633750515091606e+01
4.507527040901621262e+01
3.643072141421392729e+01
2.844925682117487398e+01
2.150795619611060872e+01
1.570474985292815262e+01
1.088612677330617373e+01
6.740247640631793047e+00
2.911297756163268691e+00
-8.980244790220259787e-01
-4.853733610896191486e+00
-8.960422648791629641e+00
-1.308313022128808178e+01
-1.701364464204332450e+01
-2.055056212424070949e+01
-2.355546785517625707e+01
-2.596762447165284726e+01
-2.779229263158455510e+01
-2.909434261051140069e+01
-3.001337893728502948e+01
-3.078295001546224441e+01
-3.171372084262417346e+01
-3.311205008065931565e+01
-3.515382369650985339e+01
-3.778587691932656156e+01
-4.073117700798535168e+01
-4.361304598733946847e+01
-4.613429482352577793e+01
-4.821154929453852844e+01
-4.999538238570194437e+01
-5.177485887541095622e+01
-5.382243735139977758e+01
-5.625426658359828025e+01
-5.896684211262121522e+01
-6.167672278499942706e+01
-6.404283479273530588e+01
-6.581021072977733866e+01
-6.690893786967819779e+01
-6.747407325322495808e+01
-6.778987154144319049e+01
-6.818366474092302099e+01
-6.890716140579860394e+01
-7.004818452663053563e+01
-7.149997045999924694e+01
-7.297826494107482631e+01
-7.405084028238739791e+01
-7.415969675455409060e+01
-7.265661939157527627e+01
-6.888887437053432450e+01
-6.234091054589307390e+01
-5.278876527165110843e+01
-4.040235528804912235e+01
-2.575379507786941957e+01
-9.734145187027047896e+00
6.587610512668675256e+00
2.212382952712956552e+01
3.591683719540476005e+01
4.726127967687722986e+01
5.579028053913204843e+01
6.151162467038484749e+01
6.477847194747357662e+01
6.619140601396446755e+01
6.644720512254042433e+01
6.616082086419933717e+01
6.569553884510692399e+01
6.505167998402176011e+01
6.387164773519320704e+01
6.158978376970192414e+01
5.768820681100415015e+01
5.195687458549678439e+01
4.464563767555249285e+01
3.644576357343984085e+01
2.831461073538286399e+01
2.121546292051274207e+01
1.585819665590148020e+01
1.250504534291289005e+01
1.088379878317842753e+01
1.024062541352212818e+01
