-8.083998291656904200e+01
-8.655031326854933127e+01
-9.206263952785525362e+01
-9.724229600433203302e+01
-1.020405785023606882e+02
-1.064705358242769933e+02
-1.105428439937087575e+02
-1.142127309737656873e+02
-1.173936357742036876e+02
-1.200453365016884675e+02
-1.222783801952536891e+02
-1.243867768528549789e+02
-1.267559039860638848e+02
-1.296746982034366056e+02
-1.331541101073588038e+02
-1.368644587197312035e+02
-1.402443580548421380e+02
-1.427397642741183006e+02
-1.440576688813022770e+02
-1.443071692510468438e+02
-1.439568806172521249e+02
-1.436291445803996680e+02
-1.438306388314643414e+02
-1.447488565279338957e+02
-1.462084979589231466e+02
-1.477949264836873624e+02
-1.490634188170841981e+02
-1.497177464792156627e+02
-1.496706319667765115e+02
-1.489622817573722102e+02
-1.475808589676166491e+02
-1.452776233489686035e+02
-1.414756236581004316e+02
-1.353249932291966786e+02
-1.258858246696445633e+02
-1.123668213029249898e+02
-9.433918742032420823e+01
-7.186764686634344912e+01
-4.552896510133017216e+01
-1.631519631921904789e+01
1.454974704249599604e+01
4.582022723609155435e+01
7.639664586928785184e+01
1.054112162973079023e+02
1.322442323162553635e+02
1.565175635706757475e+02
1.781020371565057303e+02
1.971353790461889162e+02
2.140156174722531262e+02
2.293354585150288187e+02
2.437513558101576052e+02
2.578158007143468922e+02
2.718235729624341275e+02
2.857253819034457365e+02
2.991477955958342250e+02
3.115272471541900927e+02
3.223205178179797485e+02
3.312116611327404598e+02
3.382222757803295963e+02
3.436653498078065923e+02
3.479578535253427276e+02
3.513865965720316353e+02
3.539461426228085088e+02
3.553110626514684895e+02
3.549180006138032581e+02
3.520936495904860521e+02
3.461892372088191223e+02
3.367194825726870704e+02
3.235084153292049223e+02
3.068185188420621330e+02
2.874129378598043445e+02
2.664978283816557223e+02
2.455240149060628028e+02
2.258872379323496205e+02
2.086242889001628100e+02
1.942178564432550729e+02
1.825800248136973210e+02
1.732057456840072405e+02
1.654141487583132175e+02
1.585657129956024392e+02
1.521761513491645417e+02
1.459208210194033768e+02
1.395817405171275709e+02
1.329966719850708046e+02
1.260392998196151524e+02
1.186280153390326149e+02
1.107474998262543409e+02
1.024665140636153353e+02
9.393816484684006696e+01
8.537632863294520291e+01
7.701394624523092602e+01
6.905647854767549632e+01
6.164192542659247209e+01
5.481628733739807302e+01
4.853547353912203732e+01
4.269952844151147531e+01
3.720513537891331168e+01
3.198570870473531613e+01
2.701723014393527222e+01
2.229560222696495941e+01
1.780942175997432031e+01
1.352706606047659932e+01
9.401768583949504432e+00
5.388882004772497680e+00
1.466698408281786215e+00
-2.348798531783742760e+00
-6.003501717615904454e+00
-9.420677634449376114e+00
-1.252345309244873306e+01
-1.525086595380203391e+01
-1.756496113528221770e+01
-1.946071668328622195e+01
-2.098470889740745804e+01
-2.224720274452285196e+01
-2.340803581670701305e+01
-2.463871523299123112e+01
-2.608321567230714777e+01
-2.783541542086500442e+01
-2.993345122077947451e+01
-3.236299092819149337e+01
-3.506593497386184310e+01
-3.795543492545668585e+01
-4.093464613236696437e+01
-4.391140679266541724e+01
-4.680286519733687101e+01
-4.953282280628964429e+01
-5.203339128338251385e+01
-5.426445304833562489e+01
-5.625296921504980219e+01
-5.813068448203793537e+01
-6.013275510676945146e+01
-6.253402765828730026e+01
-6.553929791050271092e+01
-6.917772869201161257e+01
-7.325601067579012238e+01
-7.740165447599042636e+01
-8.118981994897174559e+01
-8.430508911285025420e+01
-8.666196775270620378e+01
-8.842066646762077653e+01
-8.989168360169725247e+01
-9.138783436246180258e+01
-9.310626971083314629e+01
-9.508838380199190965e+01
-9.724743581268512571e+01
-9.942657694922712608e+01
-1.014654696411680277e+02
-1.032713206520801350e+02
-1.048803425919250571e+02
-1.064792384199586763e+02
-1.083647654571916519e+02
-1.108510507469799222e+02
-1.141648216732956769e+02
-1.183773155209854337e+02
-1.233991541008384729e+02
-1.290191704487741333e+02
-1.349313072804052638e+02
-1.407016814150019286e+02
-1.456849561897634260e+02
-1.489622817573722102e+02
-1.493853574647256153e+02
-1.457565854331401454e+02
-1.370972349795968341e+02
-1.229076446517466366e+02
-1.033321934823550805e+02
-7.917843648928128175e+01
-5.178046115941751282e+01
-2.273620911649759080e+01
6.412537745591265548e+00
3.446200311268515293e+01
6.070202956177442388e+01
8.490822881800329469e+01
1.072005778167490746e+02
1.278381094649803913e+02
1.470201143250899918e+02
1.647516694338850414e+02
1.808207561805978116e+02
1.949080639529956329e+02
2.067928159498807759e+02
2.165529632807369467e+02
2.246408860632966480e+02
2.317778367217165112e+02
2.387143163421652048e+02
2.459703754664394637e+02
2.536618843197518913e+02
2.614678517899380950e+02
2.687414586315763358e+02
2.747230190444596474e+02
2.787782002968565394e+02
2.805739367891817437e+02
2.801272260701846335e+02
2.777083114125281895e+02
2.736318747388849033e+02
2.680172851123463715e+02
2.606295638353441291e+02
2.509007477734497797e+02
2.381581452183532406e+02
2.219754637822031498e+02
2.024819457172372665e+02
1.804758689365133080e+02
1.572910397376938647e+02
1.344866295597215355e+02
1.134920264507961605e+02
9.531910827601971903e+01
8.039787161279835459e+01
6.854851993487537243e+01
5.908382545440191791e+01
5.101831106335639276e+01
4.333380413390352714e+01
3.522876353993554943e+01
2.628197196542873115e+01
1.649106425098639761e+01
6.187414090451301973e+00
-4.132628637174097008e+00
-1.399434168052446736e+01
-2.308260683429365301e+01
-3.129332328189602919e+01
-3.870279053455600859e+01
-4.549234550660167997e+01
-5.187386073637652828e+01
-5.804536410525676615e+01
-6.417780703057992753e+01
-7.041414547189367568e+01
-7.686226664798286379e+01
-8.357693656945480143e+01
-9.053907479841117834e+01
-9.764525735507945114e+01
-1.047145708642399313e+02
-1.115112974305692717e+02
-1.177811478512948753e+02
-1.233007379616973935e+02
-1.279308915369718136e+02
-1.316510244129065654e+02
-1.345567627458538595e+02
-1.368267945864420199e+02
-1.386809757070566320e+02
-1.403431694943836874e+02
-1.420044600962347090e+02
-1.437789838388887915e+02
-1.456582290924500853e+02
-1.474839885373198172e+02
-1.489622817573722102e+02
-1.497305291926904829e+02
-1.494713393050821537e+02
-1.480409589017362464e+02
-1.455613115202992844e+02
-1.424299944440349464e+02
-1.392333902382123370e+02
-1.365856882917190092e+02
-1.349447570009591004e+02
-1.344666525553777774e+02
-1.349491010450070974e+02
-1.358830555493902352e+02
-1.365945638100165525e+02
-1.364323365629376781e+02
-1.349448680849313860e+02
-1.319921027259935897e+02
-1.277516201387988701e+02
-1.226142871430391068e+02
-1.170146205391361605e+02
-1.112784071985078072e+02
-1.055615652618705269e+02
