9.494930294319331665e+00
1.116137403446698215e+02
1.985563017377099584e+02
2.592200628271880305e+02
2.891641910964170279e+02
2.906884331118347404e+02
2.708872416116419117e+02
2.387540676048547823e+02
2.024811709774288033e+02
1.677446123660956516e+02
1.372343260625481776e+02
1.112091118933757627e+02
8.858126786746757375e+01
6.800935639421983581e+01
4.863497827489270264e+01
3.032717161308164577e+01
1.350679802625483461e+01
-1.239440351570422649e+00
-1.351899341112024189e+01
-2.331816022004570854e+01
-3.099652854569065497e+01
-3.716777504730549708e+01
-4.255542849586467469e+01
-4.787120778749356020e+01
-5.372114191799570193e+01
-6.053445502333819661e+01
-6.851872085394434464e+01
-7.764003008870673739e+01
-8.761601600923646060e+01
-9.792377347281794187e+01
-1.078565643942882843e+02
-1.166689975360875735e+02
-1.238057932842632027e+02
-1.291368309751297545e+02
-1.330753061566447855e+02
-1.364828495234457648e+02
-1.403638840177851819e+02
-1.454696635649997916e+02
-1.519998383249301241e+02
-1.595557888301048592e+02
-1.673727683106860979e+02
-1.747076048093342706e+02
-1.811743630011040693e+02
-1.868525629255989315e+02
-1.921242178687599846e+02
-1.973525241777898884e+02
-2.026034540108163640e+02
-2.075707605032778531e+02
-2.117190911713671255e+02
-2.145223998412942876e+02
-2.156526841525494831e+02
-2.150608653845168874e+02
-2.129852456041323876e+02
-2.099396202846436665e+02
-2.066797190936626123e+02
-2.040963756182642896e+02
-2.030010233828444086e+02
-2.038502343305201521e+02
-2.065322838449728806e+02
-2.103375831150152635e+02
-2.141484784377533686e+02
-2.167796382510464070e+02
-2.173492784242715175e+02
-2.155667747723235834e+02
-2.118467779113693439e+02
-2.072009620950533417e+02
-2.029336942610941890e+02
-2.002485013627625676e+02
-1.998983120494835646e+02
-2.019705539903044667e+02
-2.058344282710181119e+02
-2.102345346752210276e+02
-2.134914059193397406e+02
-2.137493620777965191e+02
-2.092032528807296217e+02
-1.982589504169248187e+02
-1.796328054116906401e+02
-1.524372019221581809e+02
-1.163005182750983124e+02
-7.152415840462077767e+01
-1.921233085866706602e+01
3.872390722302391453e+01
9.974747521002304040e+01
1.610336031829538115e+02
2.198714901151764991e+02
2.740210134095467538e+02
3.219444443591788740e+02
3.628836590118515915e+02
3.968019678955010932e+02
4.242328463112859254e+02
4.460767049775762416e+02
4.633813286774570770e+02
4.771383828872321828e+02
4.881216874043318512e+02
4.967870190456919772e+02
5.032522886573318601e+02
5.073675443324657408e+02
5.088575824550196103e+02
5.074923686709765889e+02
5.032279260389390174e+02
4.962626660580916678e+02
4.869797316415904334e+02
4.758038337009038514e+02
4.630575084873927381e+02
4.489014909360263346e+02
4.333805387113014831e+02
4.165201075013432046e+02
3.983902062012681426e+02
3.790956431412673737e+02
3.587298231428820827e+02
3.373661146230724057e+02
3.151213459509727954e+02
2.922541908010124416e+02
2.692251107522799884e+02
2.466679246647470904e+02
2.252786550720155674e+02
2.056741817110780630e+02
1.882843352579556608e+02
1.733105217048454563e+02
1.607362797510551786e+02
1.503539621490856177e+02
1.417915394205816142e+02
1.345494959144361644e+02
1.280552720169081056e+02
1.217242351935132234e+02
1.150138125439688395e+02
1.074705452193877022e+02
9.877539253458215285e+01
8.878883131515088678e+01
7.759402985675893660e+01
6.552585713018747526e+01
5.315603101760207494e+01
4.120695937226501826e+01
3.039735452470640098e+01
2.125592842479505862e+01
1.395829023404627378e+01
8.246831697096581593e+00
3.475217904646001443e+00
-1.227083939958760084e+00
-6.724051610886959907e+00
-1.365049894292081945e+01
-2.226117187456759439e+01
-3.238535651417691952e+01
-4.347964725562673038e+01
-5.474021460197431566e+01
-6.524282506677656102e+01
-7.411076308104199484e+01
-8.071576368013663227e+01
-8.487481517657974450e+01
-8.696142725070583879e+01
-8.786020297378786381e+01
-8.875883305837749049e+01
-9.084236929697235041e+01
-9.498787673202608062e+01
-1.015475760336776148e+02
-1.102742128513520470e+02
-1.204018243211823176e+02
-1.308568748810049271e+02
-1.405460543331959400e+02
-1.486497198649548466e+02
-1.548369561863358683e+02
-1.593215488135419662e+02
-1.627311457671767414e+02
-1.658563129233984057e+02
-1.694081690456959848e+02
-1.738841271742993229e+02
-1.795475927971047270e+02
-1.864425206301318383e+02
-1.943393523127683409e+02
-2.025614362188760254e+02
-2.097522385811678589e+02
-2.137493620777965191e+02
-2.117446904429760082e+02
-2.007936612970329122e+02
-1.785547249585934253e+02
-1.439936003789422045e+02
-9.779030263832524383e+01
-4.231034119570693974e+01
1.883423144153071860e+01
8.148580027471751919e+01
1.417040819380016501e+02
1.963940741335217126e+02
2.436536474818196041e+02
2.827984644696514351e+02
3.141402916538356749e+02
3.386528560426294234e+02
3.576266024495337206e+02
3.723511550277693232e+02
3.838467707241712787e+02
3.926883817166229846e+02
3.989709621777798247e+02
4.024313868012984585e+02
4.026919541594800194e+02
3.995437808881662249e+02
3.931575206417325035e+02
3.841220678966755031e+02
3.732864422684228884e+02
3.614800215958238141e+02
3.492426690235740807e+02
3.366762585613074634e+02
3.234593460469810111e+02
3.089942318524023790e+02
2.926140726506563396e+02
2.737788601569556022e+02
2.522187669970741410e+02
2.280126181206987610e+02
2.016024971441430296e+02
1.737482168080116764e+02
1.454253584752457868e+02
1.176738970382572944e+02
9.142377982173348983e+01
6.735561640715542353e+01
4.586041213859084564e+01
2.711314322913133168e+01
1.119827203693507300e+01
-1.816430289399075804e+00
-1.192556088075695442e+01
-1.932665490942373765e+01
-2.455954547341373839e+01
-2.855188266843391176e+01
-3.252850568694602629e+01
-3.778455761117120915e+01
-4.535490088277701659e+01
-5.566704673205085641e+01
-6.832546838932245237e+01
-8.216983195943376472e+01
-9.563679087494944042e+01
-1.072907675598913215e+02
-1.162888074435781931e+02
-1.225825185187157729e+02
-1.268070723789373631e+02
-1.299577468531437603e+02
-1.330204432750116439e+02
-1.366987756594743644e+02
-1.413133316136427595e+02
-1.468712825089730245e+02
-1.532325930414392019e+02
-1.602635316764904019e+02
-1.678955920945294338e+02
-1.760767124383646092e+02
-1.846611799311587845e+02
-1.933110412161879026e+02
-2.014776048354267743e+02
-2.084940773449927178e+02
-2.137493620777965191e+02
-2.168702956532065400e+02
-2.178433458563686713e+02
-2.170330488083640716e+02
-2.150718870059722292e+02
-2.126233638811761182e+02
-2.100907540595488285e+02
-2.074257514008352814e+02
-2.041889661365070765e+02
-1.998831194146060852e+02
-1.944030742438152402e+02
-1.883611755709184195e+02
-1.831035667862431637e+02
-1.803739035245847617e+02
-1.817244077038451735e+02
-1.878802714535011376e+02
-1.983113540809009692e+02
-2.112237033813094342e+02
