3.760440415740075082e+01
-2.369128550963566227e+01
-7.530660978372587522e+01
-1.100460625771575565e+02
-1.248310345239234351e+02
-1.209536029579471261e+02
-1.030572259726243658e+02
-7.738106803845781201e+01
-4.995369452214532657e+01
-2.528166946135153736e+01
-5.782840894218526984e+00
8.081602775934054961e+00
1.721704571373443571e+01
2.315265332063778203e+01
2.740201582322810836e+01
3.106304449667522505e+01
3.466666073925529190e+01
3.821161907414988690e+01
4.131422348190751137e+01
4.341794640895582091e+01
4.401391940737096320e+01
4.281886941588415851e+01
3.986263342158401457e+01
3.546567805398355944e+01
3.012778190737422079e+01
2.437775309619010145e+01
1.863791424005509967e+01
1.314336477873932019e+01
7.935476948838230626e+00
2.924745138338946671e+00
-2.006603493936320426e+00
-6.905578684385084820e+00
-1.169005289584814200e+01
-1.614813212331264225e+01
-1.999212789621993025e+01
-2.294813824421953186e+01
-2.485085367710355442e+01
-2.571219340811728671e+01
-2.574440754987065105e+01
-2.533369515416745088e+01
-2.496931588519754541e+01
-2.513728393839112485e+01
-2.619564488202810892e+01
-2.826484058194987981e+01
-3.118168119762356127e+01
-3.455463933329581039e+01
-3.791016692590680037e+01
-4.086314679504711478e+01
-4.322841879776673579e+01
-4.503025472475695778e+01
-4.642843507771829081e+01
-4.762042267805970397e+01
-4.878184986554266089e+01
-5.007371688028604950e+01
-5.169019289918436044e+01
-5.388225039953690043e+01
-5.690457051726476578e+01
-6.089306774604660433e+01
-6.574428672315400490e+01
-7.108480104881145678e+01
-7.636997483974734280e+01
-8.107070805679990144e+01
-8.485524006184888890e+01
-8.768385300617114808e+01
-8.978782162223380681e+01
-9.155805064104121982e+01
-9.339684259241585096e+01
-9.558577997639868329e+01
-9.820621239120441714e+01
-1.011305993054259460e+02
-1.040871190677789571e+02
-1.067795733584151918e+02
-1.090169603779732626e+02
-1.107887961831550143e+02
-1.122398303093037271e+02
-1.135549945723053469e+02
-1.148255530966665816e+02
-1.159803864179883846e+02
-1.168183239237291957e+02
-1.171095146890397842e+02
-1.167027203555946642e+02
-1.155951336643420717e+02
-1.139560454454668985e+02
-1.121107468897334627e+02
-1.104887015659146101e+02
-1.095390866460404737e+02
-1.096242904537096052e+02
-1.109148689450468623e+02
-1.133206388851699273e+02
-1.164883248074491178e+02
-1.198684611004584752e+02
-1.228174324927508252e+02
-1.246822606558913691e+02
-1.248310345239234351e+02
-1.226312180497623814e+02
-1.174155155743959966e+02
-1.084841942032093414e+02
-9.517288578592820159e+01
-7.697423996717395767e+01
-5.367664500336961453e+01
-2.548211902691675590e+01
6.925494663483062752e+00
4.238492698501062961e+01
7.935240322847570837e+01
1.160900672960245998e+02
1.509224499393305905e+02
1.825031204130324340e+02
2.100113429586934330e+02
2.332034843070983925e+02
2.522935636041137286e+02
2.677206216217390988e+02
2.799227103431820751e+02
2.892254460178626800e+02
2.958731812180704992e+02
3.001423390366534818e+02
3.024385607442603146e+02
3.033065109964042563e+02
3.033405841103929674e+02
3.030349555548052081e+02
3.026370163630496108e+02
3.020696854184134850e+02
3.009625804132419375e+02
2.987853620517469722e+02
2.950316602996222741e+02
2.893804218947791469e+02
2.817731270743888103e+02
2.723881895983447521e+02
2.615457536726764260e+02
2.496040091902465292e+02
2.368972972652695148e+02
2.237274233579991005e+02
2.103788095022032394e+02
1.971170501551940788e+02
1.841601738548623075e+02
1.716518770240499521e+02
1.596733524289573154e+02
1.482978820280872299e+02
1.376517258803002619e+02
1.279313860904312179e+02
1.193513773429688172e+02
1.120410010587450387e+02
1.059451424351350397e+02
1.007901462677891118e+02
9.614364975262280666e+01
9.154325420447537454e+01
8.663111116128590083e+01
8.123760289648200228e+01
7.539381230033507109e+01
6.928376093310680517e+01
6.315944667579535121e+01
5.724491021786727885e+01
5.165676115377426925e+01
4.636502580733225187e+01
4.120842826601274567e+01
3.596344176931366121e+01
3.044818112026388235e+01
2.462469078105612397e+01
1.865421033627988123e+01
1.287054537566131529e+01
7.672788587457674225e+00
3.382452082159346674e+00
1.263196138302475902e-01
-2.215519050588596883e+00
-3.990600408513486741e+00
-5.698701380920851989e+00
-7.881029372597282645e+00
-1.099491066006527262e+01
-1.529648768554561400e+01
-2.075982247604824238e+01
-2.706272961575199076e+01
-3.365666677977756649e+01
-3.990968307614051014e+01
-4.527977097896743430e+01
-4.946041758430469315e+01
-5.245316103428054078e+01
-5.455314873540554288e+01
-5.625954988967465908e+01
-5.813403335518977144e+01
-6.063848317001269095e+01
-6.399640938674961888e+01
-6.812926350074529580e+01
-7.269769600141039234e+01
-7.722844207009153195e+01
-8.126446645497431120e+01
-8.447716855054314067e+01
-8.672042803306014491e+01
-8.804326008230752620e+01
-8.867987726860404507e+01
-8.901628934763586187e+01
-8.952336044777236168e+01
-9.065938945325466136e+01
-9.276688272665471402e+01
-9.599831163822095448e+01
-1.002941902219929631e+02
-1.054095477054384986e+02
-1.109606022904425373e+02
-1.164589259016739646e+02
-1.213166540623011116e+02
-1.248310345239234351e+02
-1.261746512138288523e+02
-1.244214935260849728e+02
-1.186328747924437863e+02
-1.080005543996325486e+02
-9.202384865694661187e+01
-7.067358822000237240e+01
-4.448488944791003519e+01
-1.453680152832257733e+01
1.768411662998815714e+01
5.049893911635312804e+01
8.227063302046178705e+01
1.115992353562063784e+02
1.374414017303252535e+02
1.591498909353681483e+02
1.764554404117206445e+02
1.894204165081022779e+02
1.983800593103284200e+02
2.038718317142665910e+02
2.065530129193689959e+02
2.071148478597067424e+02
2.062039321442090340e+02
2.043571174529297423e+02
2.019508612932808660e+02
1.991630672568997511e+02
1.959501144129760632e+02
1.920546342459233529e+02
1.870669269533281067e+02
1.805489150290559337e+02
1.721959503287029065e+02
1.619781428654743536e+02
1.501936704351255685e+02
1.373952887899112625e+02
1.242069842807946713e+02
1.111004299903086263e+02
9.822406222224076089e+01
8.536079103392992806e+01
7.203851727258083315e+01
5.775135797230481671e+01
4.220089434613278456e+01
2.546083431713246625e+01
8.005076603841992267e+00
-9.404536702250616997e+00
-2.592433041342698630e+01
-4.085377489934396777e+01
-5.380489842576690762e+01
-6.476942886686553891e+01
-7.407403227246530264e+01
-8.224218253464628958e+01
-8.980267438804509084e+01
-9.710573060989780458e+01
-1.042133976205928150e+02
-1.109052061114080061e+02
-1.167934947351627102e+02
-1.215007478986074290e+02
-1.248310345239234351e+02
-1.268750316731114083e+02
-1.280161931814851926e+02
-1.288383178573805594e+02
-1.299632994576806482e+02
-1.318695728072117959e+02
-1.347482239668520378e+02
-1.384405325005190548e+02
-1.424759241357986923e+02
