8.794334275168772308e+00
1.322687503718459823e+02
2.349445805097428206e+02
3.016479141645387472e+02
3.263833310421939018e+02
3.124553818586875309e+02
2.698204504056157589e+02
2.111547833866766837e+02
1.481809077952950418e+02
8.927429922887807834e+01
3.867865819035176855e+01
-2.920908943318892170e+00
-3.704420435763825736e+01
-6.591795257730740332e+01
-9.132273144666001485e+01
-1.140244632886093257e+02
-1.337866161177907429e+02
-1.497912855495945905e+02
-1.612204186347937309e+02
-1.677539494465274856e+02
-1.698191408063764243e+02
-1.685474471640537786e+02
-1.655062119678615886e+02
-1.623273249728226801e+02
-1.603587203605662808e+02
-1.604423429113243458e+02
-1.628724425139814116e+02
-1.675110547778199646e+02
-1.739765426878757353e+02
-1.818189862523063596e+02
-1.906373819488666754e+02
-2.001326888173768452e+02
-2.101097757839303029e+02
-2.204476392499927044e+02
-2.310560658746710487e+02
-2.418303392764888429e+02
-2.526107355567866080e+02
-2.631551765454386782e+02
-2.731360148733971300e+02
-2.821704111181410326e+02
-2.898902609713594529e+02
-2.960473668635596596e+02
-3.006244102784157803e+02
-3.038967089382944664e+02
-3.063942616035703281e+02
-3.087579789853527359e+02
-3.115429726228717868e+02
-3.150544060151667054e+02
-3.192831412128311399e+02
-3.239527090721171021e+02
-3.286358630892344195e+02
-3.328787771882232391e+02
-3.362870736871410600e+02
-3.385636176670967075e+02
-3.395174896178457402e+02
-3.390679699705514167e+02
-3.372528388568850914e+02
-3.342372568004844311e+02
-3.303157031509276180e+02
-3.258994912067249174e+02
-3.214839184044025160e+02
-3.175926294488880330e+02
-3.147015070561379275e+02
-3.131516052515768251e+02
-3.130660824309091481e+02
-3.142761680354664691e+02
-3.162362845173071833e+02
-3.178994919066879561e+02
-3.175623503942406956e+02
-3.127583652369130505e+02
-3.003240587161480448e+02
-2.767324514551687571e+02
-2.386861434809877096e+02
-1.838380350805450405e+02
-1.114313013296261374e+02
-2.266093259044571084e+01
7.935456641901237163e+01
1.899839521132933555e+02
3.037641617245527641e+02
4.151788966657188098e+02
5.193559481378150622e+02
6.125469332574286909e+02
6.923324849982327578e+02
7.575847999157879258e+02
8.082788291758508876e+02
8.452467242732104751e+02
8.699261975809347405e+02
8.841068528637557620e+02
8.896742341265133973e+02
8.883851576202614524e+02
8.817272340137003539e+02
8.708825172132471835e+02
8.567547563652929057e+02
8.399919248040986304e+02
8.209685233885523985e+02
7.997526987656256097e+02
7.761161115372251516e+02
7.496252797029414978e+02
7.198009622988195133e+02
6.862877291071220043e+02
6.489707387508983629e+02
6.080108693946264111e+02
5.638147110779141258e+02
5.169811743348394657e+02
4.682603226422162948e+02
4.185389675576703894e+02
3.688539695053624996e+02
3.204252897232473742e+02
2.746789317830010191e+02
2.332034193996211684e+02
1.975891911404146413e+02
1.691541219996733503e+02
1.486270516327977589e+02
1.358985745366460378e+02
1.299379574822137329e+02
1.289244821725472434e+02
1.305681544440077175e+02
1.325317303035851069e+02
1.328436849668739228e+02
1.302040673818183905e+02
1.241105094341182280e+02
1.147744400081981269e+02
1.028673196882475054e+02
8.920412166462411108e+01
7.448725327434515009e+01
5.918595003430699819e+01
4.354994368307501418e+01
2.769842719505751916e+01
1.170987625134577570e+01
-4.335713999674709385e+00
-2.036296360020983798e+01
-3.631921895410329171e+01
-5.216403140435872388e+01
-6.781597271309175312e+01
-8.308394432670201013e+01
-9.764155710523164089e+01
-1.110940263995006489e+02
-1.231290580949466289e+02
-1.336746467608273861e+02
-1.429660755706381678e+02
-1.514756200980511380e+02
-1.597428965828833043e+02
-1.681943133166858502e+02
-1.770272738501393519e+02
-1.861881972108835726e+02
-1.954363346668482109e+02
-2.044672654131517788e+02
-2.130542548101096827e+02
-2.211496646442643623e+02
-2.288930695513130900e+02
-2.365112485855846103e+02
-2.441510725410270766e+02
-2.517257860030274514e+02
-2.588568250802674697e+02
-2.649588151444622213e+02
-2.694595942343769934e+02
-2.720895760186517691e+02
-2.731352984201267304e+02
-2.735428577208638217e+02
-2.747811664156168945e+02
-2.784319558331269491e+02
-2.855604455856474146e+02
-2.960223864814365697e+02
-3.079382181131878724e+02
-3.175623503942406956e+02
-3.196778141707229111e+02
-3.084888762199393000e+02
-2.788313377571033698e+02
-2.273974796958725051e+02
-1.536533484779695300e+02
-6.019072093151194736e+01
4.760015427757932116e+01
1.624619428664043710e+02
2.765585105583260201e+02
3.827808113235026894e+02
4.757502899469559452e+02
5.523171042535586821e+02
6.115193171533715031e+02
6.541282224325029802e+02
6.819998836466891134e+02
6.974560565232607132e+02
7.028389472957966291e+02
7.002699348097921757e+02
6.915544732957109773e+02
6.781544784923748921e+02
6.611853445967615244e+02
6.414371791586968357e+02
6.194275097769498188e+02
5.954696560082120413e+02
5.697229259244356854e+02
5.422033159606714889e+02
5.127674680634302149e+02
4.811089787395041526e+02
4.468077358232230836e+02
4.094526765375109107e+02
3.688227969943371249e+02
3.250725963566808332e+02
2.788516681607466694e+02
2.313082706101168071e+02
1.839678749062112217e+02
1.385163966424718751e+02
9.654368739900922947e+01
5.931046539866123624e+01
2.758815880705851242e+01
1.596900671310869768e+00
-1.895297374720888328e+01
-3.472708018727435331e+01
-4.657352667073560326e+01
-5.532579644084187009e+01
-6.166822432013327671e+01
-6.611360386726970262e+01
-6.909549169156137793e+01
-7.111800891505149025e+01
-7.287012344824250931e+01
-7.523067302226552044e+01
-7.915601904444746140e+01
-8.550302796638416680e+01
-9.485159004268294325e+01
-1.073646726961127200e+02
-1.227072872586231966e+02
-1.400554729654710968e+02
-1.582294540765992110e+02
-1.759492952759637205e+02
-1.921499433762802198e+02
-2.062482296165903790e+02
-2.182579547789657681e+02
-2.287038258493496414e+02
-2.383697412650224692e+02
-2.479888479780873354e+02
-2.579984448208118124e+02
-2.684370164773728220e+02
-2.789905683604503110e+02
-2.891418745455242743e+02
-2.983558305141903020e+02
-3.062390045837701678e+02
-3.126254614045786866e+02
-3.175623503942406956e+02
-3.212074431321203747e+02
-3.236961979151058699e+02
-3.250544634870533400e+02
-3.252063911874971609e+02
-3.240724030569208480e+02
-3.217000551513746132e+02
-3.183466890242208933e+02
-3.144561640009832786e+02
-3.105402922674816750e+02
-3.070402750903094784e+02
-3.042420000709995520e+02
-3.022537031585698060e+02
-3.010003285487446192e+02
-3.002037104278788888e+02
-2.993773089026128105e+02
-2.978986929844157316e+02
-2.951917887268820095e+02
-2.909768862047137645e+02
-2.854850918746740263e+02
-2.795214071747165008e+02
-2.743004959252148751e+02
-2.710623971757736967e+02
-2.705830870521629095e+02
-2.727840408802727552e+02
-2.766531282974597730e+02
