-7.670898427103839623e+00
3.911434408401952112e+01
7.680067899808400966e+01
9.873873343579556661e+01
1.023223739317358252e+02
8.910006470933426215e+01
6.369464955445310750e+01
3.214444470354254690e+01
2.870270494665447814e-01
-2.740598289273822274e+01
-4.838718102486736683e+01
-6.202315368027576881e+01
-6.917160875290939259e+01
-7.155269468410621414e+01
-7.111810044854775015e+01
-6.957333884242601130e+01
-6.812731772265004793e+01
-6.745291576214651741e+01
-6.777869403657385305e+01
-6.902231940551875766e+01
-7.091461978581864400e+01
-7.310983606786462019e+01
-7.529377061419131678e+01
-7.728492446904682822e+01
-7.910325501247592683e+01
-8.098071530769593096e+01
-8.330492318367296889e+01
-8.650540472732197372e+01
-9.090486309619396366e+01
-9.657492779223395019e+01
-1.032541623768450734e+02
-1.103782331756428050e+02
-1.172238121523238021e+02
-1.231121016643852641e+02
-1.275983809638187552e+02
-1.305905881843789302e+02
-1.323648839596869493e+02
-1.334720423620517238e+02
-1.345640354746576577e+02
-1.362041915750299381e+02
-1.387296333732181211e+02
-1.422050449328331183e+02
-1.464656960206678491e+02
-1.512168760795222511e+02
-1.561392734535671991e+02
-1.609500626924498476e+02
-1.653993439310281985e+02
-1.692298368212275079e+02
-1.721562225746752688e+02
-1.739042823805067712e+02
-1.743014219324886085e+02
-1.733651503771781961e+02
-1.713283160565641197e+02
-1.685762251336392978e+02
-1.655235526664594090e+02
-1.624922432341585079e+02
-1.596496367433184957e+02
-1.570328498568775331e+02
-1.546372518673526315e+02
-1.525117610662457253e+02
-1.508051023928455834e+02
-1.497396019869606789e+02
-1.495252658103200076e+02
-1.502464748170567646e+02
-1.517525393700441327e+02
-1.535692943172499554e+02
-1.548389740732075950e+02
-1.543010919539777035e+02
-1.503389593292150437e+02
-1.411180155859694878e+02
-1.248258480887280086e+02
-9.999231537889032495e+01
-6.583236813898513162e+01
-2.253060345732657765e+01
2.861251247481791893e+01
8.522825079269310322e+01
1.441374596665029628e+02
2.017879927947458896e+02
2.547913256091431151e+02
3.004395873204659893e+02
3.370767578971273224e+02
3.642325677821376075e+02
3.825000135166662858e+02
3.932207873604804718e+02
3.980949427913373029e+02
3.988255926747101512e+02
3.968623168424925893e+02
3.932583913379502292e+02
3.886306399988642397e+02
3.832011651635044700e+02
3.768953220282925258e+02
3.694682447816028343e+02
3.606323360167731380e+02
3.501560288989155652e+02
3.379065308180018974e+02
3.238319985840716981e+02
3.079164401171647114e+02
2.901593547570723786e+02
2.706085476634258953e+02
2.494301639001434125e+02
2.269750018927073825e+02
2.038064999018446031e+02
1.806756395705313025e+02
1.584443547990719594e+02
1.379684886900110143e+02
1.199591024874596314e+02
1.048536985801483183e+02
9.274280367427525107e+01
8.339220145095555381e+01
7.636161571995313579e+01
7.116562449421377323e+01
6.739697750725811431e+01
6.476172184582583213e+01
6.303594335519102998e+01
6.199522903705884858e+01
6.136310198069083555e+01
6.079315864465156238e+01
5.987895848122214204e+01
5.818716728170822705e+01
5.531350784229120165e+01
5.095195549932419965e+01
4.495578406223735612e+01
3.737267995325891690e+01
2.845166187378568168e+01
1.862657116071244445e+01
8.472995744015847208e+00
-1.371253293330340739e+00
-1.032160927323909050e+01
-1.797300677280694003e+01
-2.419231469324115835e+01
-2.913826882585364331e+01
-3.320208598341594097e+01
-3.689617758968232408e+01
-4.073141019155733034e+01
-4.511434293205172708e+01
-5.027991403765514633e+01
-5.626502178304255608e+01
-6.292568465911989506e+01
-6.999372476272534982e+01
-7.715055402279142527e+01
-8.408275500819459580e+01
-9.050119163711599413e+01
-9.614288443436723242e+01
-1.007927905851572348e+02
-1.043398610575895589e+02
-1.068415236845663685e+02
-1.085510689713381396e+02
-1.098767573193032376e+02
-1.112756331999908923e+02
-1.131182073899420573e+02
-1.155770860319870224e+02
-1.185857593503854730e+02
-1.218871471628939389e+02
-1.251588946973583063e+02
-1.281742282799604595e+02
-1.309357431788810402e+02
-1.337124456285726524e+02
-1.369332472661423878e+02
-1.409460277574773102e+02
-1.457194036076191423e+02
-1.506091589480389530e+02
-1.543010919539777035e+02
-1.549722001665873847e+02
-1.506203765500199552e+02
-1.394560077861847560e+02
-1.202414262729433005e+02
-9.251141827363261427e+01
-5.665956549025554523e+01
-1.390416454236509480e+01
3.384762840666805062e+01
8.421833898863846457e+01
1.346337655738205683e+02
1.826147251243161236e+02
2.260467939796218104e+02
2.633873394722007220e+02
2.937742042932845834e+02
3.170186155276538784e+02
3.334913191010239757e+02
3.439358498387348391e+02
3.492630786760289539e+02
3.503870029803618991e+02
3.481389078566320450e+02
3.432528407710141209e+02
3.363783745342776683e+02
3.280714765790150977e+02
3.187458906582249369e+02
3.086144448983608868e+02
2.976736819353653232e+02
2.857633804304064711e+02
2.726811791627811772e+02
2.582932370657454157e+02
2.425850235276275555e+02
2.256356071472098677e+02
2.075425516760932680e+02
1.883487092190165697e+02
1.680217096768019189e+02
1.465127690671715186e+02
1.238790933504504892e+02
1.004129042401118852e+02
7.670555017315722068e+01
5.360037983333688771e+01
3.204280920317724224e+01
1.288735756461835180e+01
-3.265253472925804701e+00
-1.615506456614049924e+01
-2.586665075266918734e+01
-3.276915340359421691e+01
-3.742366461019281587e+01
-4.048636699010441475e+01
-4.262161521573807477e+01
-4.442639208085789448e+01
-4.636871122155282876e+01
-4.875275262321574132e+01
-5.172487953089424906e+01
-5.531832330852979140e+01
-5.951270127053398085e+01
-6.427770071868431501e+01
-6.958386154831440251e+01
-7.538456583540977363e+01
-8.158691828539900825e+01
-8.803238154361683598e+01
-9.450505091638295596e+01
-1.007755491555007836e+02
-1.066700337694706349e+02
-1.121345764056733572e+02
-1.172591477354147429e+02
-1.222396130801196534e+02
-1.272840842906340981e+02
-1.324990424581219486e+02
-1.378086996533469915e+02
-1.429546242684884305e+02
-1.475864019797588753e+02
-1.514062342177923313e+02
-1.543010919539777035e+02
-1.564007022576620898e+02
-1.580314400642788542e+02
-1.595787503288297557e+02
-1.613107970253182373e+02
-1.632417395355696499e+02
-1.651066958182420592e+02
-1.664726681403359692e+02
-1.669410935332235795e+02
-1.663478088705772961e+02
-1.648632641995192785e+02
-1.629439620958821422e+02
-1.611633243580319856e+02
-1.600108345736052229e+02
-1.597519600109389444e+02
-1.603903537501258825e+02
-1.617108363668743891e+02
-1.633503275134310684e+02
-1.648576010681922810e+02
-1.657405463432104966e+02
-1.655252865454120013e+02
-1.638437257806115497e+02
-1.605337312864295143e+02
-1.557063762539964102e+02
-1.497320030597276741e+02
-1.431283961016147543e+02
-1.363849900877167443e+02
-1.297993313295897906e+02
-1.234113461139614429e+02
