-6.594215549050107938e+01
-1.184992564174903009e+02
-1.639757488545716910e+02
-1.973734149771021009e+02
-2.171064548365583846e+02
-2.250105883005666385e+02
-2.252629166755712617e+02
-2.227865781242976766e+02
-2.217821316982515611e+02
-2.248154553787576333e+02
-2.325718817832482159e+02
-2.441449191348879140e+02
-2.576422323065210094e+02
-2.709087142787357152e+02
-2.821999765078205087e+02
-2.906586304360043300e+02
-2.964758309030596024e+02
-3.006951831167764340e+02
-3.047358588142282656e+02
-3.098266561994799417e+02
-3.165804287773177066e+02
-3.248687960702444570e+02
-3.340184462876055704e+02
-3.432101776766735952e+02
-3.518776178193202213e+02
-3.599125903331701011e+02
-3.675930681867213252e+02
-3.753036736607808734e+02
-3.832232031569412811e+02
-3.911481195250746055e+02
-3.985273770668072757e+02
-4.046708063186244431e+02
-4.090165911274652899e+02
-4.113303201164969778e+02
-4.117587584629769708e+02
-4.107439738139069618e+02
-4.088687777579416434e+02
-4.067216688166600420e+02
-4.048388479931163033e+02
-4.037180992150320549e+02
-4.038299731867817854e+02
-4.055191197852258256e+02
-4.087332471059614818e+02
-4.126322248091764777e+02
-4.152493975226646512e+02
-4.134167817271697913e+02
-4.030846204217846207e+02
-3.800048051338921482e+02
-3.406021817057680323e+02
-2.827989984909979171e+02
-2.065869891776174825e+02
-1.142177379035479134e+02
-9.970819631277473505e+00
1.004538967597820971e+02
2.107981820693522650e+02
3.151873723137125012e+02
4.089559619660886938e+02
4.891782282749147726e+02
5.547947218895178594e+02
6.063400791750998451e+02
6.453936187898518710e+02
6.739378658705524003e+02
6.938058279572275069e+02
7.063487228918970686e+02
7.123815749494456213e+02
7.123705282112591703e+02
7.067371467864697934e+02
6.961163573561093472e+02
6.814399941273604782e+02
6.638071052070674796e+02
6.442018318456224506e+02
6.231899065364888202e+02
6.007364122746510020e+02
5.762295776700980241e+02
5.486963913299664455e+02
5.171169216279353122e+02
4.807289436426977431e+02
4.392519734828829314e+02
3.930077010305068370e+02
3.429435707681411714e+02
2.905745766252563271e+02
2.378509818093294257e+02
1.869487014357127634e+02
1.399869160633606100e+02
9.871596211925474051e+01
6.426162740450216404e+01
3.701125766774085690e+01
1.666690842452065624e+01
2.413955010916998933e+00
-6.882191997399118577e+00
-1.251627351779496600e+01
-1.583275162311948492e+01
-1.813715089106281653e+01
-2.060041517971471947e+01
-2.415809258691794525e+01
-2.943763903123935677e+01
-3.675181755081349166e+01
-4.616679069393597956e+01
-5.760880424090657925e+01
-7.094752237432874153e+01
-8.600881596484697411e+01
-1.025171403907152978e+02
-1.200192970861397583e+02
-1.378668141401340677e+02
-1.553123922289827874e+02
-1.717083906681979499e+02
-1.867197619215796465e+02
-2.004369892016782444e+02
-2.133209883129077014e+02
-2.259985661656152729e+02
-2.389991927832278975e+02
-2.525488905546014280e+02
-2.665073586452425616e+02
-2.804604751999568180e+02
-2.939026010693527837e+02
-3.064165592063801000e+02
-3.177923769696383829e+02
-3.280690437610329013e+02
-3.375009290334671164e+02
-3.464594096831341972e+02
-3.552984913991430176e+02
-3.642242725087075996e+02
-3.732028733084112559e+02
-3.819385354360214251e+02
-3.899513722108142133e+02
-3.967492119718218646e+02
-4.020207711928604226e+02
-4.057407621140919218e+02
-4.081253951386256631e+02
-4.094830590146367513e+02
-4.100834845646455165e+02
-4.101497565280906201e+02
-4.099663326771924972e+02
-4.099743276983083433e+02
-4.106898577208856977e+02
-4.123667595707386795e+02
-4.144810712371688624e+02
-4.152493975226646512e+02
-4.114337055146941111e+02
-3.986130989556124291e+02
-3.719499957364990905e+02
-3.272958806428666776e+02
-2.623346278647501322e+02
-1.774115535623471942e+02
-7.577718688675071235e+01
3.684215721318473413e+01
1.532258718101591910e+02
2.659149876031530653e+02
3.684101096006247076e+02
4.560347082747126137e+02
5.263193126293431305e+02
5.789116076044464307e+02
6.151356797498167452e+02
6.373860490215568007e+02
6.485343183503650835e+02
6.514531155964230038e+02
6.486728800020141534e+02
6.421469266808575185e+02
6.331209713620637558e+02
6.221337618506532863e+02
6.091638936935671609e+02
5.938849218639583114e+02
5.759404053351133825e+02
5.551415071182216252e+02
5.315272282060461748e+02
5.052901506357060839e+02
4.766273038475805492e+02
4.456015756390351044e+02
4.120914271926287711e+02
3.758746270093586190e+02
3.368372564344388707e+02
2.952331863363365301e+02
2.518794165540268750e+02
2.081925063527631892e+02
1.660377675023354129e+02
1.274307317270512527e+02
9.417051543033610983e+01
6.749621643867675402e+01
4.784621207838267054e+01
3.477431645187905929e+01
2.704840379514503823e+01
2.292382017926767546e+01
2.053263230150479046e+01
1.827524738886474864e+01
1.508608748529094257e+01
1.049336275219763692e+01
4.483811298475174567e+00
-2.732504102522749889e+00
-1.093237399684063149e+01
-1.997930293573100613e+01
-2.980755418635818899e+01
-4.035365189569722588e+01
-5.151875029636794068e+01
-6.321082485643349003e+01
-7.544860644665439509e+01
-8.844843237413030579e+01
-1.026029993325074656e+02
-1.183155787091444608e+02
-1.357451290813470735e+02
-1.545868228739097106e+02
-1.740132718336560629e+02
-1.928328138951711139e+02
-2.098203893997628029e+02
-2.240945217065501254e+02
-2.353916061907852679e+02
-2.441380377256562326e+02
-2.513086665724745501e+02
-2.581329228968692178e+02
-2.657454502813638442e+02
-2.748858013032517533e+02
-2.857340693514171903e+02
-2.979244685034825579e+02
-3.107208857918377021e+02
-3.232858360058594940e+02
-3.349436857875000442e+02
-3.453464673803851497e+02
-3.544930554465752834e+02
-3.626091223592772508e+02
-3.699508966199691145e+02
-3.766331287224760445e+02
-3.825724546839307436e+02
-3.875757147172179771e+02
-3.915262768813713592e+02
-3.945738269599208934e+02
-3.972221465677085916e+02
-4.002206016569977578e+02
-4.042072558172772574e+02
-4.091510522016627078e+02
-4.137771905212761112e+02
-4.152493975226646512e+02
-4.093474921508382067e+02
-3.912136227423031869e+02
-3.565118828762212502e+02
-3.026532135688116796e+02
-2.296729790048688358e+02
-1.404535917632065036e+02
-4.021806745811218775e+01
6.452363695692137924e+01
1.672261672481491814e+02
2.623895165885412553e+02
3.462130693128480630e+02
4.167397226923628182e+02
4.735671051194944425e+02
5.173120680838023873e+02
5.490523133450612931e+02
5.699255710502011425e+02
5.809631346946314352e+02
5.831206815850530347e+02
5.773948072297791896e+02
5.649049793095455243e+02
5.468712296974214269e+02
5.244930849994887012e+02
4.987928795003933260e+02
4.705002641465356987e+02
4.400265921646456491e+02
4.075329847835479313e+02
3.730579724662796934e+02
3.366496294947081083e+02
2.984497749288767068e+02
2.587077715733403238e+02
2.177454414723249556e+02
1.759240438218968734e+02
