-1.022158993705964747e+02
-1.026331053534754858e+02
-1.057083369283945444e+02
-1.133262634313075949e+02
-1.258381976035873748e+02
-1.418959175818058327e+02
-1.587609113632270237e+02
-1.729195428228093192e+02
-1.807570899465956700e+02
-1.791123780803403349e+02
-1.656738178439048568e+02
-1.392702210438396548e+02
-1.000979849124653924e+02
-4.984553953668412873e+01
8.384970862922557444e+00
7.043613470400811138e+01
1.317171276135073867e+02
1.879677251303840535e+02
2.359790891593831645e+02
2.740837383083545546e+02
3.022828560180203681e+02
3.219704383442345943e+02
3.353243741279276264e+02
3.445526111882735449e+02
3.512594950823345812e+02
3.561600238670892509e+02
3.592061778980246345e+02
3.599878829169905998e+02
3.581555941749010117e+02
3.536471889166747928e+02
3.466488598126736633e+02
3.373699301889529352e+02
3.257851071728858869e+02
3.114940615457450122e+02
2.937963385743516369e+02
2.719880199207149758e+02
2.457745483524843735e+02
2.156199105327177108e+02
1.828671372095675451e+02
1.495614758391292867e+02
1.180278738165903576e+02
9.033893494264023616e+01
6.783747205548500858e+01
5.085931906472487185e+01
3.874150495677329786e+01
3.010111005794192351e+01
2.326805499701795554e+01
1.670890323662209198e+01
9.313669237868232642e+00
5.028706633801807158e-01
-9.812009822603272369e+00
-2.135157916288950020e+01
-3.361514083293751298e+01
-4.600435048247204151e+01
-5.790740411035970681e+01
-6.877101548538568920e+01
-7.820230439099402986e+01
-8.609937834786471456e+01
-9.274461146896692298e+01
-9.877524164436535159e+01
-1.049950056604827466e+02
-1.120736201052929175e+02
-1.202502018531458248e+02
-1.291786396803295816e+02
-1.380092463840566381e+02
-1.457009024640045425e+02
-1.514464959104121533e+02
-1.550304783173917542e+02
-1.569565343691196802e+02
-1.582765534902370348e+02
-1.601752676270855602e+02
-1.634730389256595799e+02
-1.682659656714247944e+02
-1.738835156059221845e+02
-1.791926236243981236e+02
-1.830902793044008092e+02
-1.849350881088452923e+02
-1.847311812126166330e+02
-1.830328201660121010e+02
-1.806704620308736082e+02
-1.784395074273189437e+02
-1.768600931591347205e+02
-1.760696940780640318e+02
-1.758722534650717364e+02
-1.759191704434600467e+02
-1.759383209767440519e+02
-1.758956220483237587e+02
-1.760014693954028928e+02
-1.765471487623410383e+02
-1.776281692911190078e+02
-1.788495619900384952e+02
-1.791123780803403349e+02
-1.765650899477360838e+02
-1.687716084087350339e+02
-1.530944472955557956e+02
-1.272213687920528571e+02
-8.971552470592953910e+01
-4.045532945794576563e+01
1.915013560359128064e+01
8.624120788234259294e+01
1.568932669770156849e+02
2.267409150907544699e+02
2.916943045864978785e+02
3.485608760471827736e+02
3.954253759320785662e+02
4.317427473251809715e+02
4.581906764084194492e+02
4.763630322092055849e+02
4.883785009775668868e+02
4.964700981040604120e+02
5.026218523836878376e+02
5.083087330640983055e+02
5.143604996101298639e+02
5.209291583917232629e+02
5.275293227289381548e+02
5.331462882016144249e+02
5.364285481926312968e+02
5.359634306998009379e+02
5.305894725165912860e+02
5.196703079966354153e+02
5.032623412771290532e+02
4.821334649282176770e+02
4.576142121826253515e+02
4.312991795776151775e+02
4.046772673125795450e+02
3.788222683166202955e+02
3.542672221413371290e+02
3.310992523324650847e+02
3.091931392612489731e+02
2.884382557164111063e+02
2.688541584724629274e+02
2.505896652318081976e+02
2.338661599554601480e+02
2.189155215728671351e+02
2.059141744540016816e+02
1.948965235813308254e+02
1.856683104230073980e+02
1.777829720431361977e+02
1.706289068328211727e+02
1.636059049218064274e+02
1.563038835705722249e+02
1.485854913936656487e+02
1.405231535561354121e+02
1.322226059283818529e+02
1.236335527014114888e+02
1.144639528124076122e+02
1.042627985333874534e+02
9.264015642275383300e+01
7.951125721520068623e+01
6.523751482219790887e+01
5.059236966497232402e+01
3.655985383650849485e+01
2.404049437476894013e+01
1.357737901293322125e+01
5.210633870574696402e+00
-1.489477285601680023e+00
-7.244890473500191774e+00
-1.283562571749703807e+01
-1.889596853714897406e+01
-2.579506676494321482e+01
-3.361867446094819911e+01
-4.223152294528182438e+01
-5.137140533335460191e+01
-6.072655491881141643e+01
-6.997820827694425816e+01
-7.882076191768524609e+01
-8.697728976683680457e+01
-9.421887756340515807e+01
-1.003978326658904336e+02
-1.055139766848116665e+02
-1.098160795736458510e+02
-1.138857008681542595e+02
-1.186082222970212285e+02
-1.249667537532594963e+02
-1.336869160178498817e+02
-1.448424322142790572e+02
-1.575568895000690475e+02
-1.699112895004979293e+02
-1.791123780803403349e+02
-1.819111074962990813e+02
-1.751955777614761871e+02
-1.566319583445078649e+02
-1.251977226550708906e+02
-8.148112663233507647e+01
-2.767907974441513375e+01
3.271443149784900584e+01
9.547946980429763641e+01
1.563859721156533737e+02
2.118823023554121221e+02
2.595747336228711220e+02
2.983816595735137867e+02
3.283713221277823777e+02
3.504081042037350926e+02
3.657678489564439701e+02
3.758309669153687764e+02
3.818820716301706852e+02
3.849950695806961676e+02
3.859757056419785499e+02
3.853430804745504474e+02
3.833310478408076278e+02
3.798853511345401444e+02
3.746506356874176049e+02
3.669859958220457088e+02
3.560704085928842915e+02
3.411139705250100178e+02
3.216103209848306506e+02
2.975332198784556113e+02
2.694197622892315849e+02
2.383374224909368309e+02
2.057512856353464485e+02
1.733020352846167782e+02
1.425150594687308683e+02
1.145013265073948503e+02
8.975161154314869805e+01
6.812039184040588680e+01
4.902390386540541556e+01
3.176864934168106203e+01
1.585275489280414263e+01
1.103547947208816993e+00
-1.238100913766943734e+01
-2.441477183497100256e+01
-3.492487189479547283e+01
-4.409714056256339632e+01
-5.242328043185266040e+01
-6.062189348905913278e+01
-6.943500204171775181e+01
-7.936499904475697065e+01
-9.047054537317923462e+01
-1.023244383199368883e+02
-1.141542195267613806e+02
-1.251026654015601736e+02
-1.345111077313406440e+02
-1.421346653831877802e+02
-1.482159655485498320e+02
-1.533738670606060168e+02
-1.583266018215852569e+02
-1.635567194194039473e+02
-1.690835251429031132e+02
-1.744762234455758403e+02
-1.791123780803403349e+02
-1.825348307070820510e+02
-1.846938303519543183e+02
-1.859381374050413172e+02
-1.867885966827803941e+02
-1.876606546814758758e+02
-1.887025072350170092e+02
-1.898056176510915520e+02
-1.907289785387517895e+02
-1.912374143611007753e+02
-1.911890293505384761e+02
-1.905690471543939850e+02
-1.895023047057009933e+02
-1.882594652746564634e+02
-1.872317553330498470e+02
-1.868404681146218138e+02
-1.873868865666886450e+02
-1.889038334382562994e+02
-1.910997915086806245e+02
-1.934592205602473314e+02
-1.954762879455276732e+02
-1.969027397744891630e+02
-1.978597763983119080e+02
