-1.677122245825966829e+01
-1.955884408431965937e+01
-2.319893061087135777e+01
-2.825699979794674732e+01
-3.486967097833365870e+01
-4.274815959518737429e+01
-5.130342857430886738e+01
-5.982101137457581785e+01
-6.762443209016861090e+01
-7.419777911823290140e+01
-7.926672269003003635e+01
-8.284359739553369195e+01
-8.522492089480418542e+01
-8.691754341234950232e+01
-8.849547334286985745e+01
-9.044245122923703661e+01
-9.305818125823658704e+01
-9.646188254882170554e+01
-1.006522745467832749e+02
-1.055512943922136344e+02
-1.109977664154458807e+02
-1.167224942632090716e+02
-1.223626874410366412e+02
-1.275413607339133080e+02
-1.319806875533640778e+02
-1.355861472726550971e+02
-1.384561318825413991e+02
-1.408224942759540568e+02
-1.429636312950008801e+02
-1.451249035245133427e+02
-1.474556351986864229e+02
-1.499660258712299310e+02
-1.525198415999226427e+02
-1.548790679437335029e+02
-1.567929441810723006e+02
-1.580952601862723270e+02
-1.587645020700995246e+02
-1.589195541775434322e+02
-1.587598805802008712e+02
-1.584913552636931513e+02
-1.582831907433588867e+02
-1.582723474172193221e+02
-1.585926776675678411e+02
-1.593883617428553237e+02
-1.607872216365940403e+02
-1.628453627898649927e+02
-1.655000418824930932e+02
-1.685617649163009730e+02
-1.717504189125215248e+02
-1.747588769101181470e+02
-1.773165061700239562e+02
-1.792160748289376784e+02
-1.802681748508970259e+02
-1.801770463016534904e+02
-1.783860264659482198e+02
-1.739815934417400740e+02
-1.657369839049763698e+02
-1.523194623477647838e+02
-1.326122099517713195e+02
-1.060554846840607723e+02
-7.291025663957802294e+01
-3.436898059726351562e+01
7.538397791377782653e+00
5.025315507475588106e+01
9.114698024007839194e+01
1.279988065899967182e+02
1.593477961983449234e+02
1.846371869494040254e+02
2.041408205911243101e+02
2.187221428828327134e+02
2.295064395982374208e+02
2.375579428803711437e+02
2.436440738407068523e+02
2.481374767674496979e+02
2.510625253176179115e+02
2.522520484304333195e+02
2.515484468285002322e+02
2.489650093055075502e+02
2.447334014779123947e+02
2.392131608362618067e+02
2.327098469542615362e+02
2.253002250925325995e+02
2.167640576159568013e+02
2.066691727512929049e+02
1.945785146602624707e+02
1.802885753195546386e+02
1.639947486669014722e+02
1.463115757167385595e+02
1.281381957738551591e+02
1.104221474092456958e+02
9.391097847009285715e+01
7.898420685316601464e+01
6.563006289485387867e+01
5.357206615904956948e+01
4.247865639022555229e+01
3.214902991651937469e+01
2.258935130004689285e+01
1.395750522634795132e+01
6.418474642106527739e+00
-1.278717894847858361e-02
-5.565139540357788128e+00
-1.069590817108186975e+01
-1.596572447984481258e+01
-2.184862403496016015e+01
-2.855696481623753513e+01
-3.596710833771206950e+01
-4.369161464755774205e+01
-5.126557208339369964e+01
-5.834981648584822267e+01
-6.485309537743970054e+01
-7.093143504520091369e+01
-7.688414840636120573e+01
-8.300001785518105635e+01
-8.941774549503948322e+01
-9.605607858793710818e+01
-1.026387123728713391e+02
-1.087980346515328165e+02
-1.142104925821466992e+02
-1.187065261701870895e+02
-1.223114129524751661e+02
-1.252064600020655547e+02
-1.276389728715675460e+02
-1.298329388234784574e+02
-1.319465174980192046e+02
-1.340891942292642796e+02
-1.363685042986688245e+02
-1.389133483382024963e+02
-1.418410337933896130e+02
-1.451876567973140482e+02
-1.488617957975409638e+02
-1.526697758860813963e+02
-1.564048020485654718e+02
-1.599440978496138541e+02
-1.632972537047709807e+02
-1.665814519406968657e+02
-1.699296693949557380e+02
-1.733580265303244232e+02
-1.766354262458170581e+02
-1.792033530309117850e+02
-1.801770463016534904e+02
-1.784344223248196215e+02
-1.727789300999424142e+02
-1.621432903818232774e+02
-1.457847866840606343e+02
-1.234268593139105121e+02
-9.532922252807014729e+01
-6.229406917550075207e+01
-2.561302233944642381e+01
1.305957676675622992e+01
5.191646176056619311e+01
8.925641312637026203e+01
1.237115299497878027e+02
1.543593178332297668e+02
1.806936105107523929e+02
2.025097716408647841e+02
2.197994360192525107e+02
2.327153870666381295e+02
2.415943150699647788e+02
2.469781844210568238e+02
2.495805446023095158e+02
2.501824838177442416e+02
2.494840137440931471e+02
2.479629022066631876e+02
2.457947639538874398e+02
2.428620268185266866e+02
2.388378388909386842e+02
2.333025734623646770e+02
2.258546527010355476e+02
2.162020320695926046e+02
2.042368472526663368e+02
1.900906773363395814e+02
1.741557606915905296e+02
1.570577253316904489e+02
1.395791741019483538e+02
1.225474747434811889e+02
1.067061150407750176e+02
9.259092586093191812e+01
8.043648853478200067e+01
7.014099905077885921e+01
6.130963498602679351e+01
5.337358873543233528e+01
4.575309687704911710e+01
3.801160495188987909e+01
2.994757646781604521e+01
2.159762755351501440e+01
1.316779404992891322e+01
4.937396931967395375e+00
-2.827575268201201197e+00
-9.940404292324732438e+00
-1.634059000238341142e+01
-2.211688714788636645e+01
-2.749386795319045262e+01
-3.277543425864489990e+01
-3.825510062407530398e+01
-4.411824916848201639e+01
-5.036877072548443834e+01
-5.681037319403421293e+01
-6.310051215980757888e+01
-6.887038458922057771e+01
-7.387175407684496520e+01
-7.808734493591532555e+01
-8.174868578262535834e+01
-8.524954190437557600e+01
-8.899792839259858113e+01
-9.327506052188610397e+01
-9.815340727389556719e+01
-1.034924825344011623e+02
-1.090032393281392160e+02
-1.143523182975064856e+02
-1.192672959027985087e+02
-1.236093004198336303e+02
-1.273952248196125936e+02
-1.307680159568595570e+02
-1.339285893037225605e+02
-1.370576707628865165e+02
-1.402620239257000208e+02
-1.435673353848216607e+02
-1.469545014773437686e+02
-1.504146311654302508e+02
-1.539914625819268110e+02
-1.577861289487591705e+02
-1.619142246845304385e+02
-1.664220854540255914e+02
-1.711752862520861243e+02
-1.757283847506867573e+02
-1.791951724395711381e+02
-1.801770463016534904e+02
-1.768423362742799725e+02
-1.672255337457467590e+02
-1.497150761209165637e+02
-1.235784966467419963e+02
-8.932177761903875535e+01
-4.873403230836007083e+01
-4.591386229768659177e+00
3.988569809832038970e+01
8.165833739592778784e+01
1.184062176799211272e+02
1.488417554048353111e+02
1.727403376899337104e+02
1.907185159238029541e+02
2.038723520268577261e+02
2.134158190035264226e+02
2.204248781372336907e+02
2.257253201252246981e+02
2.298957357050879864e+02
2.333146442031451500e+02
2.361818605197200043e+02
2.384885226994842355e+02
2.399668688474211251e+02
2.400824444991258417e+02
2.381193999560886709e+02
2.333595450207667739e+02
2.252982456867533472e+02
2.138135099066324756e+02
1.992227086602983945e+02
1.822077302036211677e+02
1.636399322624972115e+02
1.443714653641391692e+02
1.250634071623134105e+02
1.060932267190900689e+02
8.754763284376846855e+01
6.928594418645599262e+01
