-8.571282696044995930e+00
-1.398298816364686203e+01
-1.911290997945753389e+01
-2.373693904571235436e+01
-2.776784228055637982e+01
-3.123782797215837803e+01
-3.425325374612086904e+01
-3.696453055970497559e+01
-3.956656116596163741e+01
-4.230745655632861713e+01
-4.546954055394526506e+01
-4.930689813543468603e+01
-5.396059345769920412e+01
-5.939796143376790383e+01
-6.541662210837871783e+01
-7.171970852119386564e+01
-7.802867024864772816e+01
-8.417908885335236846e+01
-9.015447026734905478e+01
-9.604520053607981822e+01
-1.019557198855180076e+02
-1.079054976571213160e+02
-1.137704247416562993e+02
-1.192908343086392620e+02
-1.241409721323905444e+02
-1.280316690070019376e+02
-1.308132786308439108e+02
-1.325494398168158909e+02
-1.335339931440632313e+02
-1.342323936785483909e+02
-1.351555568915439949e+02
-1.367075941793391678e+02
-1.390661544360854691e+02
-1.421420368599932544e+02
-1.456303766961108579e+02
-1.491293159743639478e+02
-1.522810323084826223e+02
-1.548871228345740292e+02
-1.569587410578589015e+02
-1.586773643599981369e+02
-1.602643250287598278e+02
-1.617841162294157016e+02
-1.629346162348107612e+02
-1.628999379269083079e+02
-1.603417705902574255e+02
-1.535684853166283403e+02
-1.408601484373574237e+02
-1.208743410372907903e+02
-9.303149093459748542e+01
-5.777617262725217984e+01
-1.663010802735725591e+01
2.799914030171722956e+01
7.321638608547495153e+01
1.161377458742860256e+02
1.543552092002458664e+02
1.862530441294070158e+02
2.111159115812687048e+02
2.290304094467973357e+02
2.406363889800554432e+02
2.468226372775648372e+02
2.484719125864222917e+02
2.463325240924959871e+02
2.410334549280620706e+02
2.331949894338110596e+02
2.235508214954391519e+02
2.130060499970115870e+02
2.025941990347458557e+02
1.933379386091262404e+02
1.860482673044423052e+02
1.811188871217420910e+02
1.783858893098051226e+02
1.771142752566061915e+02
1.761356317388106731e+02
1.741094807931602020e+02
1.698374837655062208e+02
1.625409686220362175e+02
1.520226850051850249e+02
1.386691036419395573e+02
1.233001174960411674e+02
1.069231351230233429e+02
9.047871474552857762e+01
7.465997813587809162e+01
5.985124457242032747e+01
4.618480998120796244e+01
3.367624626480289862e+01
2.236992528335693819e+01
1.241671114871075687e+01
4.036292141756781859e+00
-2.616275296781833681e+00
-7.601520592272930976e+00
-1.127774093489047758e+01
-1.426700973983533771e+01
-1.731025310069170686e+01
-2.106078786171070050e+01
-2.589193266270869032e+01
-3.179224049987719880e+01
-3.839002812870931791e+01
-4.510269154370493538e+01
-5.136346093324927153e+01
-5.684804518164055054e+01
-6.161545727408633866e+01
-6.610328551620318649e+01
-7.097524028305942068e+01
-7.688039510011117272e+01
-8.421547984053601965e+01
-9.297119960193946042e+01
-1.027048566163835090e+02
-1.126390658513567189e+02
-1.218548068597183232e+02
-1.295253609243921460e+02
-1.351228432241369433e+02
-1.385311581723200050e+02
-1.400316263672773687e+02
-1.401806213600823980e+02
-1.396394859421871786e+02
-1.390217870411304659e+02
-1.387957610291753099e+02
-1.392426009884053997e+02
-1.404485370690327954e+02
-1.423137344608655326e+02
-1.445826375417131544e+02
-1.469116449592085587e+02
-1.489777125818996808e+02
-1.506038144584499889e+02
-1.518492404298337135e+02
-1.530053733661954993e+02
-1.544692882711363495e+02
-1.565248822491352598e+02
-1.591057132949550237e+02
-1.616243678381681832e+02
-1.629346162348107612e+02
-1.614528245322988766e+02
-1.554152342328290501e+02
-1.432099489737690305e+02
-1.237151063959890820e+02
-9.658465378793044920e+01
-6.243000786793252388e+01
-2.284661239809502575e+01
1.975161596417153476e+01
6.248548649078314554e+01
1.024858198534968352e+02
1.373714334769228458e+02
1.655974285723365824e+02
1.865847882491549683e+02
2.006209279864731343e+02
2.085947625407138162e+02
2.116727505644722100e+02
2.110241933036813577e+02
2.076625883181937695e+02
2.024038705928635693e+02
1.958934362200036219e+02
1.886489115592914914e+02
1.810899422731825439e+02
1.735482977262199427e+02
1.662603558292614423e+02
1.593476639446701597e+02
1.527951124705747361e+02
1.464396919535525399e+02
1.399840892456091979e+02
1.330445261681050795e+02
1.252311710626018453e+02
1.162478816789959097e+02
1.059858652384900637e+02
9.457305569897788189e+01
8.234467489751270364e+01
6.973667456547785548e+01
5.715456292538158323e+01
4.489332090645424955e+01
3.315495085640245065e+01
2.214382067043635161e+01
1.216154553418436279e+01
3.615895031037069884e+00
-3.090604498124422062e+00
-7.749513846671625572e+00
-1.051324238669490363e+01
-1.193951384917319558e+01
-1.287380455335198626e+01
-1.421586707211164224e+01
-1.667280165253444579e+01
-2.059797687390215870e+01
-2.596386184743812109e+01
-3.245304886316382920e+01
-3.961217866999422910e+01
-4.701023828420065342e+01
-5.435462284495955743e+01
-6.152949562395830441e+01
-6.854672282718136955e+01
-7.544512934853628394e+01
-8.220448756580306338e+01
-8.872597181063596850e+01
-9.488345012777550380e+01
-1.006059669242176398e+02
-1.059375481586613432e+02
-1.110396573221494947e+02
-1.161354092877099333e+02
-1.214191915763600775e+02
-1.269652341227727845e+02
-1.326719991630987749e+02
-1.382726885135982684e+02
-1.434155160844981935e+02
-1.477813817882910996e+02
-1.511873661221158329e+02
-1.536333033529850809e+02
-1.552775924933202703e+02
-1.563628673439952763e+02
-1.571341612221885669e+02
-1.577879092605707569e+02
-1.584631937384781395e+02
-1.592559874090181609e+02
-1.602227767436585282e+02
-1.613492216399592394e+02
-1.624816236986665388e+02
-1.632385987521050765e+02
-1.629346162348107612e+02
-1.605575966582226499e+02
-1.548401717133916122e+02
-1.444382975123462813e+02
-1.281903755929978956e+02
-1.053973275476787990e+02
-7.605441561949783136e+01
-4.097881858488487694e+01
-1.802079209520863756e+00
3.917967679670779546e+01
7.928658409328049572e+01
1.158348397062716231e+02
1.465519610995181665e+02
1.699321578534683397e+02
1.854323055766942048e+02
1.934531967707821991e+02
1.951286196211992774e+02
1.920110553275364964e+02
1.857592352621105647e+02
1.778994725712780962e+02
1.696813688784319254e+02
1.620130334497607976e+02
1.554531244197364117e+02
1.502433452346775198e+02
1.463674595964716332e+02
1.436205493371944044e+02
1.416741418972404745e+02
1.401288274329095884e+02
1.385506424071898550e+02
1.364927422643893351e+02
1.335128152837977495e+02
1.292029545629806648e+02
1.232425007616550516e+02
1.154649928245521409e+02
1.059103609958035577e+02
9.483138783238210578e+01
8.264616060695153976e+01
6.985919387706498185e+01
5.698787477333369367e+01
4.452014363639246852e+01
3.290650008888559341e+01
2.256975056158091064e+01
1.390723972308554046e+01
7.265108816566092642e+00
2.880287136580552243e+00
8.063072349760140867e-01
8.542193884731972275e-01
2.580385181069107858e+00
5.334748251293973453e+00
