-2.051517416033949104e+01
-3.495942665363695312e+01
-4.830925928521567414e+01
-5.983384353873390182e+01
-6.940501484540840238e+01
-7.742325285366145238e+01
-8.453608963312916558e+01
-9.130383893756120983e+01
-9.796418439087884167e+01
-1.043833285209766188e+02
-1.101932088018045874e+02
-1.150310932405070332e+02
-1.187553429316180029e+02
-1.215358618147587606e+02
-1.237935337160021447e+02
-1.260376618451678610e+02
-1.286846701539582511e+02
-1.319333302515120465e+02
-1.357372779127615559e+02
-1.398714574341005914e+02
-1.440538245280962428e+02
-1.480683705859058250e+02
-1.518404555801107847e+02
-1.554398879687662713e+02
-1.590244432804119583e+02
-1.627618709301285094e+02
-1.667581505204778978e+02
-1.709846868424579611e+02
-1.751796518032505503e+02
-1.787246444697074992e+02
-1.805434585107008445e+02
-1.790919944992387514e+02
-1.724924713051942149e+02
-1.588242146884064994e+02
-1.365308442599328771e+02
-1.048488588859887329e+02
-6.412628838116410179e+01
-1.591277820291440293e+01
3.722614853011863545e+01
9.212043806902771337e+01
1.455107000111437117e+02
1.945274968547753645e+02
2.370227389449358384e+02
2.716980728786532495e+02
2.980485655066556774e+02
3.162032674754996151e+02
3.267580295561931507e+02
3.306513801909483163e+02
3.290750409026079524e+02
3.233870385406137302e+02
3.150101314274662627e+02
3.053184434265830873e+02
2.955215244276554358e+02
2.865565264608122789e+02
2.790053708146255644e+02
2.730546154199207649e+02
2.685002958489255320e+02
2.647835611430977565e+02
2.610512479181684284e+02
2.562619617647629866e+02
2.493623668489630063e+02
2.395189687125088653e+02
2.263387323745226922e+02
2.099947795020689227e+02
1.912031758229651359e+02
1.710499900118874166e+02
1.507180572419787836e+02
1.311960007739741059e+02
1.130606775138044924e+02
9.640371907341224755e+01
8.092472200369397228e+01
6.615154665377127685e+01
5.169863343348355045e+01
3.746302570389371311e+01
2.368989993674033201e+01
1.089597814092381611e+01
-3.072803372078567463e-01
-9.420842557578417598e+00
-1.623079372857564096e+01
-2.090449172979820958e+01
-2.398573499217334870e+01
-2.627913392918771507e+01
-2.864776700555815836e+01
-3.179393452829498301e+01
-3.610606613503931328e+01
-4.161716491283086583e+01
-4.806724097636929116e+01
-5.503102243056160603e+01
-6.206303482028749841e+01
-6.881411756437876193e+01
-7.508859475984446874e+01
-8.083987581110271492e+01
-8.612821106973206042e+01
-9.106933250933816737e+01
-9.578997956496257871e+01
-1.003967457033665482e+02
-1.049654606065290778e+02
-1.095546524630258887e+02
-1.142315120525122722e+02
-1.190876317614577715e+02
-1.242287471084729589e+02
-1.297407970393662708e+02
-1.356469294721198935e+02
-1.418700713601316181e+02
-1.482112064115693784e+02
-1.543543415992699011e+02
-1.599129960655658635e+02
-1.645247257664033782e+02
-1.679707086842260253e+02
-1.702655508243864801e+02
-1.716621709893049683e+02
-1.725568917087872762e+02
-1.733354573390788858e+02
-1.742388426178858651e+02
-1.753223886865677059e+02
-1.765233544463150110e+02
-1.777713687417215453e+02
-1.790350967128134982e+02
-1.802323167435049811e+02
-1.810172986090085487e+02
-1.805434585107008445e+02
-1.773343219030496698e+02
-1.693677637143801462e+02
-1.544033625804085261e+02
-1.304994765494908791e+02
-9.658422169725437811e+01
-5.289663535877278377e+01
-1.129916316520180430e+00
5.579945954460202273e+01
1.142966787972774370e+02
1.707699062992761583e+02
2.222272301967335011e+02
2.666230577033178974e+02
3.029136119705394776e+02
3.309034940834266081e+02
3.510111620935937253e+02
3.640447773900599486e+02
3.710189993547664926e+02
3.730124724767807720e+02
3.710705213978930033e+02
3.661657094091754061e+02
3.592120898754725999e+02
3.510959661194314094e+02
3.426715056256620073e+02
3.346919592015640887e+02
3.276915207995485844e+02
3.218707354250309436e+02
3.170474646495976003e+02
3.127071317780819300e+02
3.081355485048430864e+02
3.025811913575947756e+02
2.953950214376613417e+02
2.861213243688226271e+02
2.745356748397740603e+02
2.606389582745873668e+02
2.446250739765447690e+02
2.268421465051579844e+02
2.077586574031310818e+02
1.879345684164351837e+02
1.679932437077411862e+02
1.485900077091256719e+02
1.303703343303716338e+02
1.139092031139760479e+02
9.963209783498021466e+01
8.773612288548953586e+01
7.814524763711295918e+01
7.053246474959695433e+01
6.441531044906201942e+01
5.929017546622438317e+01
5.474461147767283364e+01
5.050011008059205864e+01
4.638443786425513338e+01
4.227580072197390137e+01
3.806457442760901699e+01
3.364380096828515576e+01
2.890846883683116886e+01
2.374866393530270869e+01
1.804782055926648354e+01
1.170564743998725987e+01
4.682789124328664343e+00
-2.965739067276501828e+00
-1.110512059809097707e+01
-1.958536525751134150e+01
-2.831076113578350828e+01
-3.725561517565047609e+01
-4.640883318764687715e+01
-5.569175254365569572e+01
-6.491852099727421432e+01
-7.383480117157466793e+01
-8.221271031754355363e+01
-8.994397357483248356e+01
-9.707582440484887343e+01
-1.037672831853486173e+02
-1.101913655833220673e+02
-1.164450558592978098e+02
-1.225236338101655633e+02
-1.283672538137304286e+02
-1.339344787592188197e+02
-1.392454409966270816e+02
-1.443727515309560943e+02
-1.494036940375736151e+02
-1.544111526893773600e+02
-1.594457999408344619e+02
-1.645264271724403500e+02
-1.695925179731982269e+02
-1.744019828799365825e+02
-1.783907476815752204e+02
-1.805434585107008445e+02
-1.793504278927395319e+02
-1.729320769522466037e+02
-1.593752228249849452e+02
-1.372182263350202049e+02
-1.059332406769327406e+02
-6.622894142928333849e+01
-2.006188205658992274e+01
2.964534960728835955e+01
7.948855350611498238e+01
1.261344308443390076e+02
1.668106163912273701e+02
1.996386781905108592e+02
2.237636727726417689e+02
2.392815831971599891e+02
2.470102727303359416e+02
2.481841590177319858e+02
2.441635406598373947e+02
2.362267948595983569e+02
2.254672711241927345e+02
2.127738166396898407e+02
1.988558226071737352e+02
1.842783909354969580e+02
1.694855485618446949e+02
1.548009814947773748e+02
1.404082022093139699e+02
1.263260470835508045e+02
1.124027704533090457e+02
9.834384282000888788e+01
8.377052470211850732e+01
6.829459040026362970e+01
5.159429964180928607e+01
3.347959408483917798e+01
1.393747995509511384e+01
-6.844592718808762299e+00
-2.847361735010532158e+01
-5.036599959467039866e+01
-7.179670230539308307e+01
-9.199550170902224977e+01
-1.102805391808691695e+02
-1.261904082835706049e+02
-1.395625667209892242e+02
-1.505215705436113183e+02
-1.593834723441505901e+02
-1.665261023718194622e+02
-1.722845616568831701e+02
-1.769036806264037409e+02
-1.805434585107008445e+02
-1.833124174770924810e+02
-1.852990511997372778e+02
-1.865817176761249812e+02
-1.872208184771978097e+02
-1.872566943374189634e+02
-1.867285719932026780e+02
-1.856991555237082139e+02
