-4.014760385466928483e+00
-1.411673893347438025e+02
-2.603234240974343834e+02
-3.484995575687562450e+02
-4.007222976679933026e+02
-4.200708599344875438e+02
-4.152915386974675584e+02
-3.973076044820692232e+02
-3.759883064027664545e+02
-3.580801155151810349e+02
-3.465858641914342684e+02
-3.413501738080812515e+02
-3.403149076088350284e+02
-3.408735587000303440e+02
-3.409013461781432852e+02
-3.392622868127095330e+02
-3.358165607960667671e+02
-3.311074860236436166e+02
-3.259500444325198032e+02
-3.210817757607577505e+02
-3.169409882439505282e+02
-3.135748404522204282e+02
-3.106676108033921651e+02
-3.076878166671514805e+02
-3.041402276328393555e+02
-2.998547684565425584e+02
-2.951723772626868367e+02
-2.908586608376647860e+02
-2.876423308499893210e+02
-2.854389756014942918e+02
-2.825258911810164477e+02
-2.750786698865912285e+02
-2.574505197682262860e+02
-2.233229793003134205e+02
-1.674726985863923119e+02
-8.757818289243260779e+01
1.459674580124728038e+01
1.331134527136772476e+02
2.589472997654855817e+02
3.819216594360894419e+02
4.928674114525231289e+02
5.853356001742959052e+02
6.563943976013323436e+02
7.064206579464895412e+02
7.381684883249256472e+02
7.555760039208711305e+02
7.627100205713613832e+02
7.630570231848025742e+02
7.591867790565872838e+02
7.527095673137283711e+02
7.444218616285046437e+02
7.345565130691377362e+02
7.230712308827836523e+02
7.099028551843623518e+02
6.951185245369961194e+02
6.789350207245714728e+02
6.616331366070705826e+02
6.434333232237362381e+02
6.244043815991738029e+02
6.044446342665462453e+02
5.833280928779884107e+02
5.607811617029242370e+02
5.365542010346848656e+02
5.104574427406815857e+02
4.823361003495994055e+02
4.519833461095365692e+02
4.190396471822967897e+02
3.829670753968543409e+02
3.431717417585764451e+02
2.992789040637578637e+02
2.514840912815002980e+02
2.008413472821472681e+02
1.493320131861753168e+02
9.961553205386489651e+01
5.449501333959482707e+01
1.626973580997289304e+01
-1.379137684577048617e+01
-3.567252193778834624e+01
-5.047208942691280242e+01
-5.997427280708137687e+01
-6.609676614530381755e+01
-7.041615812143457731e+01
-7.392957939356701047e+01
-7.709405508909910054e+01
-8.005852068470983340e+01
-8.294286112687026957e+01
-8.603372476046757811e+01
-8.981833388112639227e+01
-9.484665718707518067e+01
-1.015008084916921689e+02
-1.098183043685728535e+02
-1.194930741733130901e+02
-1.300611523304667401e+02
-1.411570168490960668e+02
-1.526901199748185718e+02
-1.648456283361066426e+02
-1.779096821523289691e+02
-1.920095334062655184e+02
-2.069076543236820669e+02
-2.219699235902739076e+02
-2.363401725484043254e+02
-2.492393432536467230e+02
-2.602384819458376910e+02
-2.693795395400321127e+02
-2.771152379914130961e+02
-2.841306781222828022e+02
-2.911342112897616516e+02
-2.986732041952264467e+02
-3.069962063268517909e+02
-3.159831730208817930e+02
-3.251823273042597862e+02
-3.339760520035613354e+02
-3.418303371798313606e+02
-3.485120296723640649e+02
-3.541583046023653196e+02
-3.591660601085746407e+02
-3.639681483892240976e+02
-3.688095929571213674e+02
-3.736244125094681294e+02
-3.780667819512191272e+02
-3.816810161241099877e+02
-3.841237270033619779e+02
-3.853209236581734558e+02
-3.854809078348513935e+02
-3.849730021391852688e+02
-3.841660133362069018e+02
-3.833398034195149648e+02
-3.827243496218083010e+02
-3.826274457584320317e+02
-3.835447707730128286e+02
-3.861368742618111014e+02
-3.910070193354103480e+02
-3.982995887469108425e+02
-4.072250093688840593e+02
-4.156712632549696878e+02
-4.200708599344875438e+02
-4.156569570787542034e+02
-3.971592963075511875e+02
-3.598568644497403284e+02
-3.007542476336783466e+02
-2.195537713392915293e+02
-1.191189861287635239e+02
-5.265531871355985771e+00
1.140941649003604255e+02
2.302610110832985129e+02
3.352148349834423584e+02
4.228951984757768514e+02
4.900065181780689159e+02
5.361954687074969570e+02
5.636215774388067530e+02
5.760867450632422333e+02
5.779831824722889451e+02
5.733504128450877033e+02
5.652733351498623051e+02
5.557056502066830035e+02
5.456334836839056379e+02
5.353909648297678814e+02
5.249440375195008528e+02
5.140511318452527121e+02
5.023283676140559351e+02
4.893137414388273783e+02
4.745897946168167891e+02
4.579272852385028045e+02
4.393614995535526759e+02
4.191597477936282985e+02
3.977130129895081154e+02
3.754002663420187673e+02
3.524470060342040938e+02
3.288006048027796169e+02
3.040788528004457021e+02
2.776534643403383598e+02
2.488728863399963984e+02
2.173415690991465681e+02
1.831219954453548269e+02
1.467583627688798629e+02
1.091234989053779145e+02
7.118966879977654116e+01
3.384921765187982601e+01
-2.140822390780698470e+00
-3.609638692538140958e+01
-6.729575188296233534e+01
-9.491028734036555647e+01
-1.180380099023252995e+02
-1.358515302440788446e+02
-1.478320085122094838e+02
-1.540246743466988733e+02
-1.552093988897872805e+02
-1.528675861091653019e+02
-1.488873265472325613e+02
-1.450690540267599431e+02
-1.426104463191977914e+02
-1.417940226647608597e+02
-1.420370505459596302e+02
-1.423067915157504615e+02
-1.417241908902645662e+02
-1.400728144434547175e+02
-1.379681595775090273e+02
-1.366136024816797203e+02
-1.372769398456478882e+02
-1.407498124382786386e+02
-1.470373024028819486e+02
-1.553889536405488627e+02
-1.646151581165420907e+02
-1.735255402918706409e+02
-1.813131847323279544e+02
-1.877646975406013325e+02
-1.932518014683282672e+02
-1.985228930204204971e+02
-2.043633525583332471e+02
-2.112421787268904723e+02
-2.190917431148602077e+02
-2.273312113265925802e+02
-2.351294009613365859e+02
-2.417746831930703024e+02
-2.469694780510072007e+02
-2.509226371896030514e+02
-2.542266168982773706e+02
-2.576075136802865018e+02
-2.616716556680171379e+02
-2.667337825185468887e+02
-2.727468175614667416e+02
-2.793179382004075251e+02
-2.857971960714479565e+02
-2.914353584344231649e+02
-2.956003098225596091e+02
-2.980042726868488216e+02
-2.988503921985112584e+02
-2.988120380842825625e+02
-2.988362952275606403e+02
-2.998658505856785723e+02
-3.026216407252220506e+02
-3.075463427140924750e+02
-3.149055567826721926e+02
-3.249399110018983947e+02
-3.379111275559810110e+02
-3.539185952879532806e+02
-3.724759794524685503e+02
-3.919855067926405923e+02
-4.093614624091224528e+02
-4.200708599344875438e+02
-4.187460921735826673e+02
-4.003010619745621739e+02
-3.612433467714532753e+02
-3.007604596354747173e+02
-2.212389153584025792e+02
-1.280818167981246063e+02
-2.889857914066020328e+01
6.772047825946390276e+01
1.535688533343860058e+02
2.220511806205896050e+02
2.690407747594144894e+02
2.932222194251207270e+02
2.959121195909485209e+02
2.805032029678820891e+02
2.517501676883750861e+02
2.150603047705864128e+02
1.758300995502227693e+02
1.387888561312573188e+02
1.073274868798550870e+02
8.289001352507688125e+01
6.462776585880942548e+01
4.956501162275139905e+01
