-7.591847010354167935e+01
-1.365098313270493122e+02
-1.909677295426426440e+02
-2.346218386038127903e+02
-2.651655758714430817e+02
-2.827846807411427790e+02
-2.896561844256261793e+02
-2.891171261790218523e+02
-2.847776629717489527e+02
-2.797792361212789274e+02
-2.763254194197650691e+02
-2.755300789397677477e+02
-2.775402085287602176e+02
-2.818276261825127449e+02
-2.875276363973138132e+02
-2.937322894872615393e+02
-2.996933797696763691e+02
-3.049283862107499772e+02
-3.092443558255987455e+02
-3.127025632519581677e+02
-3.155462093585218781e+02
-3.181153750228205581e+02
-3.207744682715649560e+02
-3.238602159531982352e+02
-3.276332153153899753e+02
-3.322183076730332232e+02
-3.375493736724728819e+02
-3.433537493004730550e+02
-3.491984459974171386e+02
-3.545898921669357264e+02
-3.590941519620560030e+02
-3.624344208802579601e+02
-3.645282971727696690e+02
-3.654540490015482419e+02
-3.653759181818876982e+02
-3.644812002929071468e+02
-3.629643214752385347e+02
-3.610552561717589128e+02
-3.590623310079330963e+02
-3.573881194291869861e+02
-3.564803751256667397e+02
-3.567101880466606758e+02
-3.582223634766538112e+02
-3.608373292530287131e+02
-3.640646959357403603e+02
-3.672303980044158607e+02
-3.696679417014876208e+02
-3.709074097803145378e+02
-3.708052381800271746e+02
-3.695744604921321752e+02
-3.676945691445524744e+02
-3.657065535435623360e+02
-3.639273344672491248e+02
-3.621378421167682404e+02
-3.593131517011007645e+02
-3.534831636440385410e+02
-3.418257102754408834e+02
-3.210611733374080927e+02
-2.881202215902198986e+02
-2.409321991013128468e+02
-1.791006495659648294e+02
-1.042414372381973351e+02
-1.985850829269121576e+01
6.921470175172014194e+01
1.576416732062972699e+02
2.404528707216067005e+02
3.137637996332488797e+02
3.752100203233710545e+02
4.240373483907682726e+02
4.608654747626160315e+02
4.872294847322217493e+02
5.050585915489975832e+02
5.162417495534598402e+02
5.223676129366701844e+02
5.246521611311883362e+02
5.240084159856407950e+02
5.211769598611150514e+02
5.168286794721293518e+02
5.115771329062719701e+02
5.058912394640573780e+02
4.999551367883805142e+02
4.935497860265987242e+02
4.860187780524725554e+02
4.763458349874549072e+02
4.633400645421112927e+02
4.459055195520822394e+02
4.233492195011679087e+02
3.956494266123144143e+02
3.635865440631176853e+02
3.286596607908232954e+02
2.927766164621110647e+02
2.577998782721286943e+02
2.251168857598439956e+02
1.954167983798829482e+02
1.687573876130580004e+02
1.448497320444745924e+02
1.233843975753803619e+02
1.042303150434598109e+02
8.742861422755014189e+01
7.301711143818255323e+01
6.080428920486809119e+01
5.022664610428234511e+01
4.036831888525220080e+01
3.013854476695719598e+01
1.853683915284107897e+01
4.907833418153831673e+00
-1.090193441343448555e+01
-2.853460878719999272e+01
-4.725554832023782126e+01
-6.617711968123542476e+01
-8.449374568164027721e+01
-1.016681739212595659e+02
-1.175403357072215442e+02
-1.323428486707380785e+02
-1.466103215615097781e+02
-1.609898533068415531e+02
-1.759977849064229929e+02
-1.917966469194545596e+02
-2.080673676169145949e+02
-2.240303602057593935e+02
-2.386315583948567109e+02
-2.508554077179141473e+02
-2.600741620843954820e+02
-2.663164514936345313e+02
-2.703426965249622071e+02
-2.734600018380586448e+02
-2.771094615740895506e+02
-2.823763032950423622e+02
-2.896269778507348747e+02
-2.984274479229678718e+02
-3.077703216469024596e+02
-3.164937803555145592e+02
-3.236873292444783488e+02
-3.289109119922360378e+02
-3.321858147374138639e+02
-3.338433475071479961e+02
-3.343573067100413709e+02
-3.342453340309659779e+02
-3.340501478254366816e+02
-3.343468649956737409e+02
-3.357066912027751755e+02
-3.385917316136463455e+02
-3.432178713918311246e+02
-3.494401166718457148e+02
-3.566685356390839274e+02
-3.637693757372959453e+02
-3.689300735529304802e+02
-3.695744604921321752e+02
-3.624968298078944713e+02
-3.443301080624742667e+02
-3.122871525252983247e+02
-2.649337238033079984e+02
-2.027009886025654168e+02
-1.279505711559922645e+02
-4.459034583812226060e+01
4.260990406846418921e+01
1.287986591283764710e+02
2.097423990967262171e+02
2.823330572577930297e+02
3.448488210260304641e+02
3.969479698248811701e+02
4.394047738853384431e+02
4.736491181058159441e+02
5.012387343401011890e+02
5.234241808291119469e+02
5.409286771082954601e+02
5.539814342867208552e+02
5.625572625004278962e+02
5.667075568638199456e+02
5.668300739610739356e+02
5.637404402670813397e+02
5.584926931286713625e+02
5.520201403894200212e+02
5.447599122375767138e+02
5.364320860423280237e+02
5.260789731864235819e+02
5.123768032173152278e+02
4.941356111371108000e+02
4.708150199709778576e+02
4.428434524603015348e+02
4.115908242354963136e+02
3.790030502551965128e+02
3.470658726504912011e+02
3.173276763595456487e+02
2.906579658644976689e+02
2.672927169820492850e+02
2.470786528997348626e+02
2.297458022278747194e+02
2.150633923822755662e+02
2.028419945142789231e+02
1.928443288129965651e+02
1.846964657409152437e+02
1.778624682030568636e+02
1.716973352258365821e+02
1.655500279933310139e+02
1.588710053424951525e+02
1.512949878519718823e+02
1.426917568777169549e+02
1.331760290755065625e+02
1.230582899898101061e+02
1.127346360972255610e+02
1.025454710314173496e+02
9.264531931524535935e+01
8.291628140305965644e+01
7.295101413296231385e+01
6.213072473621903669e+01
4.980434481994738860e+01
3.552819842470943712e+01
1.927943259837623202e+01
1.546856002438101285e+00
-1.675347486131210673e+01
-3.450527533422129522e+01
-5.065660521923881277e+01
-6.442336996970158225e+01
-7.541024456660387898e+01
-8.368160641522320020e+01
-8.978510108016452307e+01
-9.467503480035379937e+01
-9.949670834070107617e+01
-1.052775679211167414e+02
-1.126443276315904995e+02
-1.216841520610664134e+02
-1.319981961660434138e+02
-1.429073703529130626e+02
-1.537162727128173572e+02
-1.639425197812855117e+02
-1.734529472070923646e+02
-1.824822140396710495e+02
-1.915373303882357447e+02
-2.012269199288948016e+02
-2.120904686948248923e+02
-2.245039630138945199e+02
-2.386795289977047503e+02
-2.546950292355333545e+02
-2.724653870911017748e+02
-2.916347360651294593e+02
-3.114612692826477769e+02
-3.307852622903947690e+02
-3.480988466891819257e+02
-3.616581706101546843e+02
-3.695744604921321752e+02
-3.698820347347211737e+02
-3.606438459448039566e+02
-3.401657491739137527e+02
-3.073380759270301041e+02
-2.620394781953941106e+02
-2.054752768379221664e+02
-1.403150974385690120e+02
-7.054529329189305997e+01
-1.035155583187263417e+00
6.310755846782932110e+01
1.172707500703343726e+02
1.580245193744864309e+02
1.836292678641976863e+02
1.942604284910050296e+02
1.918868319250948957e+02
1.797996757449040217e+02
1.618674732637614397e+02
1.416699284336367839e+02
1.217147359083389802e+02
1.029570466336888046e+02
8.480702477678289597e+01
