-6.683794756520283897e+01
-2.230130404028317912e+02
-3.528356819010715526e+02
-4.367839073227294193e+02
-4.662022017007517434e+02
-4.437139506801259472e+02
-3.804586915414876103e+02
-2.917547049096629053e+02
-1.928724886276690142e+02
-9.605635949568630849e+01
-9.190147641701727821e+00
6.410865316215233634e+01
1.235156732070138617e+02
1.707448676013103182e+02
2.084407408069650955e+02
2.393860701339467028e+02
2.659950985705836501e+02
2.900049528202322335e+02
3.123170543315183068e+02
3.329874468045414915e+02
3.513764285063772377e+02
3.664404204429466176e+02
3.770988449890729157e+02
3.825741344695825319e+02
3.826172663425408587e+02
3.775803867777864298e+02
3.683377593476504899e+02
3.560736495204993730e+02
3.419797957868888716e+02
3.269485967589365032e+02
3.113737961521098896e+02
2.951353191761795642e+02
2.777606924967575992e+02
2.586813735932692566e+02
2.374828697380386302e+02
2.140786519851086211e+02
1.887892359830865701e+02
1.623486657094556733e+02
1.358658939008404332e+02
1.107391177212641225e+02
8.849722925377673732e+01
7.055873649538673931e+01
5.794211865738275691e+01
5.100187747256045157e+01
4.928270066174258091e+01
5.156536420563391943e+01
5.612076729455210966e+01
6.111537491902297603e+01
6.504963291540137504e+01
6.708221185102246409e+01
6.711784834291333368e+01
6.562476788217794876e+01
6.327116043809221679e+01
6.055408078806373595e+01
5.757548359717227271e+01
5.402281042886080087e+01
4.931531007917982379e+01
4.282569053261348557e+01
3.407926237018642013e+01
2.286551515703659732e+01
9.251844051204301422e+00
-6.472597198429070886e+00
-2.388795765515460801e+01
-4.253866815512179755e+01
-6.200143761120807540e+01
-8.190313023651370372e+01
-1.018959873162978340e+02
-1.216362958607004146e+02
-1.408183048093074206e+02
-1.592695221475512426e+02
-1.770513005451288677e+02
-1.944879905225976700e+02
-2.120894540864312035e+02
-2.303933984173791600e+02
-2.497845703161554525e+02
-2.703490960511142021e+02
-2.918216300563117329e+02
-3.136689136492088323e+02
-3.352941434257869560e+02
-3.562648934013226949e+02
-3.764348338679670292e+02
-3.958784028809919278e+02
-4.146473485937078749e+02
-4.324340225976987995e+02
-4.482665869443767406e+02
-4.603603289564240413e+02
-4.662022017007517434e+02
-4.628694158662844984e+02
-4.475188811245850502e+02
-4.179605464715621110e+02
-3.731913577158253474e+02
-3.137720916094586414e+02
-2.419361826425465551e+02
-1.613626911584889285e+02
-7.664720331523443519e+01
7.384870871707306605e+00
8.634406378223008005e+01
1.567947799129022997e+02
2.165655573033334633e+02
2.648331980909906065e+02
3.020002472336998380e+02
3.294340548644584601e+02
3.491548879659029581e+02
3.635125076700836644e+02
3.748254889930175864e+02
3.849729863357715658e+02
3.950258957136225604e+02
4.050665340828447825e+02
4.142872106132832641e+02
4.213238144269701593e+02
4.246816204732863298e+02
4.231067228793843924e+02
4.158194078842720387e+02
4.025924420505328385e+02
3.836947598273374638e+02
3.597352818623107282e+02
3.314538750844523634e+02
2.995325593414816581e+02
2.645217697354727306e+02
2.269392435434263007e+02
1.874855613319900272e+02
1.472143073579975976e+02
1.075066343365471937e+02
6.983122835104968829e+01
3.541064110399453568e+01
4.965203225663660902e+00
-2.134399017342899896e+01
-4.375845252546572794e+01
-6.265333607136432192e+01
-7.832369825183366174e+01
-9.095252076989626744e+01
-1.007523476148032842e+02
-1.081498609151427956e+02
-1.138657179505256778e+02
-1.188191150664143123e+02
-1.238871074159987131e+02
-1.296267816228217953e+02
-1.361024989909327019e+02
-1.429276781732349377e+02
-1.495303110659579033e+02
-1.555296269008801460e+02
-1.610379331440473152e+02
-1.667258623212915154e+02
-1.736058114221559663e+02
-1.826332649255435854e+02
-1.943136772348022987e+02
-2.084879552765519861e+02
-2.243770855660332018e+02
-2.408585627943909344e+02
-2.568665175408169716e+02
-2.717649534461575058e+02
-2.855513394137936984e+02
-2.988190344006688406e+02
-3.125132283125296340e+02
-3.275885870415562522e+02
-3.446819968113793493e+02
-3.638828701645863930e+02
-3.846550224264761937e+02
-4.059251926833786683e+02
-4.262840572250312334e+02
-4.441855918300078088e+02
-4.580424927461422726e+02
-4.662022017007517434e+02
-4.668901246077161886e+02
-4.582533513018426561e+02
-4.385865605780772398e+02
-4.067348681622854656e+02
-3.625439031124000167e+02
-3.071767663872624325e+02
-2.431505204615863818e+02
-1.740337346421433722e+02
-1.038600918985290491e+02
-3.641669720167263335e+01
2.538595920486153545e+01
7.988828154722909858e+01
1.267202051709130615e+02
1.665351499665068786e+02
2.005540710878115078e+02
2.300675578492402451e+02
2.560359641651837705e+02
2.788937118567914126e+02
2.985955339435635665e+02
3.148413914780002187e+02
3.273366588337788130e+02
3.359494957013500311e+02
3.407161854081260799e+02
3.417470376794999538e+02
3.391334680890636264e+02
3.329345601207560890e+02
3.232529747667531979e+02
3.103405537708771931e+02
2.946495542922793902e+02
2.767839780838911565e+02
2.573772421648973250e+02
2.369715909883913127e+02
2.159708187636750267e+02
1.946951632803635448e+02
1.735117009304815099e+02
1.529659711058795040e+02
1.338287582171182351e+02
1.170148148647461142e+02
1.034047375771161228e+02
9.365353631591679573e+01
8.806264704414914490e+01
8.653918194609585157e+01
8.861952651476124743e+01
9.353067139436274147e+01
1.002837810561326251e+02
1.078019270896421062e+02
1.150678278942305894e+02
1.212545501615644525e+02
1.257954168536151087e+02
1.283721802743964702e+02
1.288405441870215782e+02
1.271406020424080339e+02
1.232387587042004213e+02
1.171216440389519136e+02
1.088320454066900993e+02
9.852110364020516897e+01
8.649164517316449974e+01
7.321243645680610257e+01
5.928091754037244243e+01
4.530775394370369469e+01
3.171664157684260843e+01
1.851322689047378134e+01
5.146590722584264199e+00
-9.398430712128671871e+00
-2.622549064509448158e+01
-4.598331039077149285e+01
-6.842297887387826449e+01
-9.233173919295077781e+01
-1.159348126801739056e+02
-1.375894591647034702e+02
-1.564310323092005319e+02
-1.726697411348717992e+02
-1.874295029761127012e+02
-2.022441154715850189e+02
-2.184707920053864996e+02
-2.368835656638871114e+02
-2.575808171718170456e+02
-2.801683506015318130e+02
-3.040607741517304703e+02
-3.287273509694021527e+02
-3.537761732125349567e+02
-3.788606441721491365e+02
-4.034510015261183753e+02
-4.265448881405194470e+02
-4.464289791760172648e+02
-4.606352614436013937e+02
-4.662022017007517434e+02
-4.602348333631593960e+02
-4.406141854557236002e+02
-4.066121749097344491e+02
-3.591745023496827116e+02
-3.007483126887351546e+02
-2.347047568428374689e+02
-1.645580980992553464e+02
-9.324859656410791331e+01
-2.271206455964542670e+01
4.617792568028400524e+01
1.133743522659444665e+02
1.793083592511455606e+02
