-1.361267926052374264e+02
-1.996384197732112113e+02
-2.590000112985403007e+02
-3.112981922619292163e+02
-3.554811369147423648e+02
-3.923644396562847305e+02
-4.240274646757108030e+02
-4.529246682059896330e+02
-4.810860008676535244e+02
-5.096477183837794200e+02
-5.387400424040318967e+02
-5.676037013965067217e+02
-5.947883385847884483e+02
-6.183541378255225709e+02
-6.360633568139719500e+02
-6.455765473293820378e+02
-6.446675069427395783e+02
-6.314480058300503060e+02
-6.045682344436125959e+02
-5.633632539066225036e+02
-5.079416342089151613e+02
-4.392159300517013207e+02
-3.588463223489434313e+02
-2.690588885399499759e+02
-1.723549475538245872e+02
-7.121776086179521315e+01
3.204926478511292487e+01
1.353119687805359774e+02
2.365257062145774114e+02
3.337420502930843895e+02
4.252644722403161950e+02
5.098722136472983379e+02
5.869633634401519657e+02
6.565125192207775626e+02
7.188521100858791897e+02
7.743934914714901652e+02
8.234250455243424085e+02
8.660381078068830902e+02
9.021206856508173360e+02
9.313362262977519777e+02
9.530811211286149955e+02
9.664943896094303000e+02
9.705955393478108135e+02
9.645572642131994598e+02
9.480292880736747065e+02
9.213701783669907854e+02
8.856607802263255280e+02
8.424802253458134373e+02
7.935667772684770398e+02
7.405533401223414103e+02
6.848999406084491284e+02
6.279982554202056235e+02
5.713105148486154121e+02
5.163935969224435212e+02
4.647448568664967752e+02
4.175393834223059457e+02
3.754193986997153729e+02
3.384649805900871797e+02
3.063429677618530036e+02
2.785171265793042608e+02
2.543966252831459371e+02
2.333800595808678793e+02
2.148382246108898812e+02
1.981112295505854490e+02
1.825642205452489861e+02
1.676846143266816966e+02
1.531625840608179203e+02
1.388998340865753107e+02
1.249250576692049037e+02
1.112366511286203377e+02
9.763619923137959233e+01
8.364343436369102847e+01
6.856360613030733475e+01
5.170461824063309564e+01
3.265351846850634132e+01
1.147416953826539299e+01
-1.129032626907770975e+01
-3.483777328230351600e+01
-5.845406089170913333e+01
-8.180673445414421963e+01
-1.050270893545781519e+02
-1.285454760471098155e+02
-1.527777842529071108e+02
-1.778230008639592938e+02
-2.033104424226384594e+02
-2.284678368875573824e+02
-2.523973878269799798e+02
-2.744533471599689847e+02
-2.945412473899828001e+02
-3.131744801484508685e+02
-3.312555724644301449e+02
-3.497127390882794771e+02
-3.691889398650640146e+02
-3.899124346217553239e+02
-4.117523950223384759e+02
-4.343756248024640172e+02
-4.574033597930668407e+02
-4.805032907315427337e+02
-5.034072843662761443e+02
-5.258814565557244123e+02
-5.476783800070934376e+02
-5.684929608221981425e+02
-5.879393836916046894e+02
-6.055550787092316796e+02
-6.208133745146930096e+02
-6.331087363987703611e+02
-6.416918235324860689e+02
-6.455765473293820378e+02
-6.434814828455080260e+02
-6.338620849871174414e+02
-6.150445248477905125e+02
-5.854294381910843867e+02
-5.437327335892917972e+02
-4.892464091908192358e+02
-4.221005566123931771e+02
-3.434797254230217618e+02
-2.557136612924933843e+02
-1.621555605027337492e+02
-6.680644701316433043e+01
2.625782964112549323e+01
1.134969954532829490e+02
1.923605226311287311e+02
2.614655417033966387e+02
3.205094884146657250e+02
3.700213466740901254e+02
4.110633688464156421e+02
4.449505089632440331e+02
4.730116449177079971e+02
4.964012051011158064e+02
5.159801769113003047e+02
5.322959612030082326e+02
5.456607034578363482e+02
5.562566629205628033e+02
5.641592379632265875e+02
5.692345345361602540e+02
5.709983882623546378e+02
5.685934045218911024e+02
5.609770459553636783e+02
5.472671014832448009e+02
5.270794065772633985e+02
5.006977332646810623e+02
4.690201445788533761e+02
4.333426642574754055e+02
3.950969256296273215e+02
3.556461453758577704e+02
3.161953355207584764e+02
2.778115292265432572e+02
2.414956005834852135e+02
2.082279736114593618e+02
1.789413921677349322e+02
1.544259123890828675e+02
1.352012431253739919e+02
1.213918668267279486e+02
1.126309811746822618e+02
1.080139725655101586e+02
1.061272513489779499e+02
1.051896937028773209e+02
1.033303344834055792e+02
9.896171277941763833e+01
9.112893472844282883e+01
7.969320569590409775e+01
6.527158701994079593e+01
4.895575482978425441e+01
3.191242683138786163e+01
1.500456658548819888e+01
-1.434950381340684089e+00
-1.760093134656104041e+01
-3.400479207312145036e+01
-5.116726059421277029e+01
-6.935535054488244100e+01
-8.845720692935577745e+01
-1.080184381495834316e+02
-1.274144481533824518e+02
-1.460997499447482539e+02
-1.638465222332037570e+02
-1.808777934585164076e+02
-1.978315381260827621e+02
-2.155531977534252803e+02
-2.347867518047800672e+02
-2.558922489851486262e+02
-2.787235267741473308e+02
-3.027275505331143108e+02
-3.272018188256939197e+02
-3.515515431345579032e+02
-3.754017013151289461e+02
-3.985376952575519454e+02
-4.207816038037990438e+02
-4.419484163339380984e+02
-4.619356761786871743e+02
-4.808688805455893771e+02
-4.991711047557747634e+02
-5.174727318359857691e+02
-5.363711179890425456e+02
-5.561375957351590387e+02
-5.765073499811903730e+02
-5.966417276979908593e+02
-6.152465459118928948e+02
-6.307494788531566883e+02
-6.414446358851079140e+02
-6.455765473293820378e+02
-6.413926881616581568e+02
-6.272138638635799452e+02
-6.015660927308322243e+02
-5.633959203513031753e+02
-5.123532056355445548e+02
-4.490775387021761276e+02
-3.753835904543157653e+02
-2.942312603143960814e+02
-2.094140141224608556e+02
-1.250051956209202189e+02
-4.471942527783580346e+01
2.860465991944421660e+01
9.325840196801601678e+01
1.486465212162126477e+02
1.950905720718342877e+02
2.335432487188461437e+02
2.652600539641878754e+02
2.914713514359060014e+02
3.131303254726494742e+02
3.308096323665263299e+02
3.447599845510418959e+02
3.550758090724753515e+02
3.618772930536148351e+02
3.654186560926423795e+02
3.660690619077930137e+02
3.641795202498940967e+02
3.599113745609681132e+02
3.531186629713824345e+02
3.433435069232291994e+02
3.299306367233759261e+02
3.122246964331607728e+02
2.897908017714762536e+02
2.625882720441340439e+02
2.310350964937739491e+02
1.959459536237075667e+02
1.583959290847060117e+02
1.195958322202653790e+02
8.082744232297847020e+01
4.341553855311306620e+01
8.673248917465443242e+00
-2.222227131648307363e+01
-4.840487004100725699e+01
-6.947359311811996463e+01
-8.555723789978843286e+01
-9.727287855222770929e+01
-1.056067603197363951e+02
-1.117438763819665439e+02
-1.168521177111407781e+02
-1.218386337474057228e+02
-1.271426016293633552e+02
-1.326627676047172884e+02
-1.378887217562951548e+02
-1.422042594575111139e+02
-1.452215292195630241e+02
-1.469788036047587241e+02
-1.479206011922591983e+02
-1.487026928673475936e+02
-1.499341242067881694e+02
-1.519654633110516784e+02
-1.547919769944376185e+02
-1.580836142040483594e+02
-1.612952447118609030e+02
