-3.014851770556454369e+01
-1.098547716606421965e+01
4.411999906915365699e+00
1.343029215248145647e+01
1.528765898678705071e+01
1.100791891937283395e+01
2.815269672731680828e+00
-6.724856323851639672e+00
-1.547757882796086193e+01
-2.220199506995997751e+01
-2.664713443607186250e+01
-2.934578039664142324e+01
-3.123636411535548163e+01
-3.326081972141376752e+01
-3.606370210468977433e+01
-3.985930787231077232e+01
-4.446053324391934325e+01
-4.941116536780189250e+01
-5.415613040233677111e+01
-5.820931515785792243e+01
-6.129609791087306547e+01
-6.343794951406400173e+01
-6.493717934910914380e+01
-6.624937474350755906e+01
-6.779433063116255198e+01
-6.980484475332698935e+01
-7.230088538488197969e+01
-7.520208482812176953e+01
-7.850014878182159350e+01
-8.236712041912957716e+01
-8.711333297135786324e+01
-9.301272778413385822e+01
-1.001083103885268741e+02
-1.081212448729571491e+02
-1.165112472172008751e+02
-1.246436268305608905e+02
-1.319765607795226856e+02
-1.382001693049817845e+02
-1.433002936486335557e+02
-1.475454000757179074e+02
-1.513954088325128282e+02
-1.553314782963827838e+02
-1.596322437790141180e+02
-1.641639156682216765e+02
-1.682708930823147284e+02
-1.708279303221985685e+02
-1.704552942013054633e+02
-1.658335049760136997e+02
-1.560129212201004520e+02
-1.406157094552080480e+02
-1.198792430504581148e+02
-9.456836527364399103e+01
-6.583658051322751703e+01
-3.510193723176554670e+01
-3.939600261889328436e+00
2.605694359205682531e+01
5.347816813336736175e+01
7.732372407173276940e+01
9.715460569567952120e+01
1.131011946724065922e+02
1.257349125508904706e+02
1.358654616530871522e+02
1.443239596160615008e+02
1.517671685294465931e+02
1.585271511096482584e+02
1.645393744188129119e+02
1.693873852619708771e+02
1.724752747560173987e+02
1.732793830427404203e+02
1.715763234032303615e+02
1.675407054940523892e+02
1.616645661479108185e+02
1.545399056901486858e+02
1.466134848049719039e+02
1.380311619695386298e+02
1.286360728875409620e+02
1.181043396400506822e+02
1.061421519394822468e+02
9.265809523559141780e+01
7.785426015843640357e+01
6.221982262601133584e+01
4.644222518680287237e+01
3.126934149850360001e+01
1.736529418169663330e+01
5.204848978368730172e+00
-4.963421637032897848e+00
-1.309066678691969088e+01
-1.927588268070640254e+01
-2.372698224757839114e+01
-2.674511681314190525e+01
-2.871360987456163372e+01
-3.006348921208416769e+01
-3.120140365502498270e+01
-3.241596229394770745e+01
-3.380975814143596381e+01
-3.530932152483729425e+01
-3.676375336427722118e+01
-3.807873870563015828e+01
-3.930605203043641183e+01
-4.064743211505670928e+01
-4.239349198349830772e+01
-4.484242776132817454e+01
-4.822366723449262338e+01
-5.263167934727690067e+01
-5.798064137491494563e+01
-6.400290616182164172e+01
-7.030729842401854057e+01
-7.648471177747805427e+01
-8.221785914336568624e+01
-8.734841484903738262e+01
-9.188713368901254341e+01
-9.598733023652681595e+01
-9.990321060811940868e+01
-1.039353020961257812e+02
-1.083618389516478686e+02
-1.133713675719904899e+02
-1.190236640294128421e+02
-1.252543197066393930e+02
-1.319076290821533632e+02
-1.387628697068238068e+02
-1.455366581047828731e+02
-1.518815646392350516e+02
-1.574165399454112730e+02
-1.618043043706836954e+02
-1.648562952997104105e+02
-1.666223870906293882e+02
-1.674206680806941563e+02
-1.677748654716089618e+02
-1.682435031217563051e+02
-1.691548949804613358e+02
-1.703173905262216579e+02
-1.708279303221985685e+02
-1.691013213143996268e+02
-1.631685843939905851e+02
-1.511802264090497943e+02
-1.319550112121949894e+02
-1.053825521517901080e+02
-7.253336205783010371e+01
-3.543512677074753725e+01
3.404663531945921306e+00
4.156098892421141500e+01
7.714968746977977787e+01
1.090523013784760735e+02
1.368870166719243855e+02
1.607999891130354797e+02
1.811830566169772112e+02
1.984094242481539254e+02
2.126633462619214185e+02
2.239218966795050392e+02
2.320921757703054880e+02
2.372254971066940072e+02
2.396827376114374601e+02
2.401542783441740880e+02
2.395220929398661553e+02
2.386289968326702819e+02
2.380456787882002345e+02
2.379065488252425098e+02
2.378566612009377934e+02
2.371296240841916187e+02
2.347485569157364580e+02
2.298019938543251044e+02
2.217090286350721726e+02
2.103802016096586840e+02
1.962213493894699923e+02
1.800003652298154577e+02
1.626514459857720567e+02
1.450928510441773369e+02
1.280997447004333480e+02
1.122435470972685749e+02
9.789466388985118783e+01
8.526986704470034795e+01
7.448453867366106351e+01
6.556482228472498264e+01
5.840561385986185883e+01
5.271366383873272099e+01
4.800497898749868853e+01
4.369894786431240163e+01
3.928456525924328702e+01
3.447586365700728805e+01
2.926597063910136853e+01
2.384320270623912918e+01
1.841856958668903133e+01
1.307335708942626340e+01
7.722948926734456876e+00
2.213208883698197127e+00
-3.528508498339821386e+00
-9.406000713471506458e+00
-1.520323850642124341e+01
-2.074476798424375801e+01
-2.606090654417037911e+01
-3.143786423321454038e+01
-3.730093555692254625e+01
-4.399022414988397145e+01
-5.156403783565068011e+01
-5.974657080003701992e+01
-6.804222042332683884e+01
-7.594390555169927381e+01
-8.312773395959742118e+01
-8.955371687677367731e+01
-9.544524472706146412e+01
-1.011696390861731203e+02
-1.070786647825361229e+02
-1.133811913536857787e+02
-1.200998641760039902e+02
-1.271172587716636713e+02
-1.342686249107118499e+02
-1.414136640628317423e+02
-1.484360354814377558e+02
-1.551726065088068367e+02
-1.613275000392851837e+02
-1.664299450852916209e+02
-1.698478681520225564e+02
-1.708279303221985685e+02
-1.685395336803356656e+02
-1.621328721363559282e+02
-1.508380696149433788e+02
-1.341224461321172043e+02
-1.118919218594359961e+02
-8.467921176958846274e+01
-5.372915311241926872e+01
-2.090206598549293204e+01
1.161977450493029451e+01
4.174646018846911488e+01
6.787551424534154876e+01
8.913514602653893348e+01
1.054159198996452176e+02
1.172171443450174735e+02
1.253871806480878348e+02
1.308481656989821431e+02
1.343809536078095164e+02
1.365185878226993736e+02
1.375578563224755158e+02
1.376499889308554145e+02
1.368940733681272945e+02
1.353655847878560792e+02
1.330741226944128925e+02
1.299091189719880504e+02
1.256421680248341204e+02
1.200098671097486545e+02
1.128437782137617234e+02
1.041769439912958433e+02
9.426011554854603958e+01
8.347402265683197697e+01
7.219313436324105737e+01
6.068448977223001606e+01
4.909458929236711100e+01
3.751957699188609752e+01
2.610777704511393438e+01
1.513107524730457953e+01
4.987206962515470465e+00
-3.859757239604185486e+00
-1.096449196601417952e+01
-1.598127408945509131e+01
-1.873288283963240985e+01
-1.926626402704980023e+01
-1.788037573875432429e+01
-1.510049515040197576e+01
-1.158307640686347284e+01
-7.962678963858479619e+00
-4.680865048246420912e+00
-1.856575721731143602e+00
7.376813793701622046e-01
