8.831519266286929337e+01
6.015460487808372392e+01
3.469786107865261471e+01
1.403549447356697755e+01
-8.326309113822105701e-01
-1.004225050164236421e+01
-1.459067447505303505e+01
-1.590757928883785866e+01
-1.545356319504058717e+01
-1.447175770417324969e+01
-1.391326950254140371e+01
-1.445956906962543798e+01
-1.653630271652793482e+01
-2.027168192173711248e+01
-2.544667551096632963e+01
-3.153048222197736550e+01
-3.784846876707138108e+01
-4.382520072224954788e+01
-4.917084504800006073e+01
-5.390395300653575816e+01
-5.821455118821494068e+01
-6.227869374745361597e+01
-6.615050583304154941e+01
-6.977775696192745158e+01
-7.309239999113219710e+01
-7.609267287860180318e+01
-7.886414829619249645e+01
-8.154258995758917195e+01
-8.426012996241172459e+01
-8.711441374521757552e+01
-9.016383352437699727e+01
-9.342236398419416332e+01
-9.684073790467073195e+01
-1.002944279893891348e+02
-1.036033272942311214e+02
-1.065821417878785837e+02
-1.091034123980002164e+02
-1.111562195451987805e+02
-1.128806808193874360e+02
-1.145504925255127091e+02
-1.164893087038717567e+02
-1.189483819421101032e+02
-1.220075901256616078e+02
-1.255522356069926673e+02
-1.293310721205636753e+02
-1.330582784788026345e+02
-1.365116346382251606e+02
-1.395957937248918199e+02
-1.423603697853233712e+02
-1.449710234316605977e+02
-1.476363079852498856e+02
-1.505141827955835652e+02
-1.536484384578373579e+02
-1.569752487719619296e+02
-1.603878199334142778e+02
-1.638040254795610338e+02
-1.671907932635326119e+02
-1.705442978430653795e+02
-1.738604212376384623e+02
-1.771287083757512448e+02
-1.803541245597002671e+02
-1.835803247730007399e+02
-1.868764221876876661e+02
-1.902648368385403899e+02
-1.936047660652620266e+02
-1.964812991932751913e+02
-1.981576534885554679e+02
-1.976209611363171064e+02
-1.937111749372170664e+02
-1.852982879069016064e+02
-1.714763139766403413e+02
-1.517500821965784041e+02
-1.261756007684188603e+02
-9.539542296823387346e+01
-6.053436851390854656e+01
-2.298808727329959112e+01
1.581009828131652029e+01
5.456154896961483303e+01
9.217703099957778079e+01
1.277705886611323365e+02
1.606249209602010524e+02
1.901802797564021432e+02
2.160611357183040013e+02
2.381119061202694240e+02
2.564073683388966174e+02
2.712333491331647224e+02
2.830535424800162900e+02
2.924653553997329709e+02
3.001286431648662756e+02
3.066576351115837156e+02
3.124931435219112927e+02
3.177927400922285415e+02
3.223784236695353229e+02
3.257715838048507067e+02
3.273262462011385878e+02
3.264351456124225024e+02
3.227387566590851975e+02
3.162511163433925958e+02
3.073499383931148259e+02
2.966403202367851009e+02
2.847526152417954108e+02
2.721575839094674620e+02
2.590735963598476701e+02
2.454999932782185397e+02
2.313511251168598051e+02
2.166211657704832874e+02
2.015038165704318089e+02
1.864173633462460771e+02
1.719273354253326715e+02
1.586004643149018136e+02
1.468477439147518737e+02
1.368138198784762380e+02
1.283519798974016339e+02
1.210956590643469895e+02
1.146022152412300414e+02
1.085124926035639419e+02
1.026556280301113446e+02
9.704843680515948279e+01
9.179391648809449578e+01
8.694052875224394938e+01
8.237832436281364323e+01
7.781610527797242582e+01
7.284137082030201782e+01
6.703891987068479352e+01
6.013448911454398171e+01
5.212471407158267311e+01
4.334646683304332981e+01
3.443685782046490829e+01
2.616448303744751414e+01
1.917740409047870287e+01
1.377165195350499260e+01
9.784082454395857553e+00
6.653845922966720394e+00
3.624216225663408952e+00
1.123591922261635290e-02
-4.548701089606129955e+00
-9.956760725709626669e+00
-1.567852280150597011e+01
-2.095139254621767577e+01
-2.510393408143561800e+01
-2.784941405908168477e+01
-2.941065277620164409e+01
-3.040924658698985894e+01
-3.157312442813147868e+01
-3.341351899122935265e+01
-3.603395767038494313e+01
-3.915034298187333661e+01
-4.227874071796161815e+01
-4.496520725326156054e+01
-4.693646280890496314e+01
-4.812592435957093073e+01
-4.860998256920463234e+01
-4.851887217210579450e+01
-4.796940402818135851e+01
-4.703768004710776296e+01
-4.576811699154055191e+01
-4.420555037035950363e+01
-4.243789335420086672e+01
-4.063727290476944631e+01
-3.907947374224331583e+01
-3.811378647234849382e+01
-3.807024521653917759e+01
-3.913361784230735907e+01
-4.124883380217448092e+01
-4.411043270682952055e+01
-4.723590510015283428e+01
-5.007835176787932596e+01
-5.213207257898301350e+01
-5.301331497473808696e+01
-5.252267054299250049e+01
-5.069493781443521385e+01
-4.782062790346604686e+01
-4.440367157506692308e+01
-4.103293795436182023e+01
-3.819898467409767306e+01
-3.614247255862404984e+01
-3.482052843825402988e+01
-3.401228658308401265e+01
-3.350340341313624037e+01
-3.324613141019413121e+01
-3.340466301126286908e+01
-3.425251836078263779e+01
-3.596741809231518516e+01
-3.843631901057210598e+01
-4.119253760901911221e+01
-4.353566236096674658e+01
-4.477943551692737145e+01
-4.451224449839564556e+01
-4.276635364630581648e+01
-4.003960324543999150e+01
-3.716261297215101678e+01
-3.505235852579623668e+01
-3.443593107527546238e+01
-3.564207902080790547e+01
-3.852590587095141927e+01
-4.253444972950633485e+01
-4.687613989484828636e+01
-5.074047406559425610e+01
-5.351380476708608569e+01
-5.494049646429017031e+01
-5.518688634062920073e+01
-5.478597364004454562e+01
-5.447480130159775769e+01
-5.497255822165172390e+01
-5.677112402841909500e+01
-6.001297506597951781e+01
-6.450455716586394317e+01
-6.985380384991546521e+01
-7.565864459693963795e+01
-8.165405988336591747e+01
-8.775819998404102762e+01
-9.401524118582915435e+01
-1.004828842056355427e+02
-1.071330239837825076e+02
-1.138141371883447874e+02
-1.202822998649944424e+02
-1.262817535554538040e+02
-1.316526621027328758e+02
-1.364353935719173307e+02
-1.409204330309455315e+02
-1.455945834418490392e+02
-1.509802134618826699e+02
-1.574284726528397300e+02
-1.649600674277026542e+02
-1.732206465698104125e+02
-1.815485822747779423e+02
-1.890954002006718611e+02
-1.949377055581854563e+02
-1.981576534885554679e+02
-1.978971032125148781e+02
-1.933953731087878509e+02
-1.840241011082721059e+02
-1.693406074050144809e+02
-1.491758202334308123e+02
-1.237457926604055274e+02
-9.374332400630450479e+01
-6.035742771968463671e+01
-2.519314681907328435e+01
9.903019197967019238e+00
4.308929818324811833e+01
7.280948745551923196e+01
9.804670508602490031e+01
1.184735180108149279e+02
1.344448861776801607e+02
1.468325392094676829e+02
1.567448922747896916e+02
1.651969590970081754e+02
1.728044263077730989e+02
1.795877096127002233e+02
1.849654131018358214e+02
1.879624361606340699e+02
1.875635328763677592e+02
1.830658599318283279e+02
1.742890436687011402e+02
1.615920650075550498e+02
1.457456891478849457e+02
1.277395596885691020e+02
1.085746107153696016e+02
8.907061865670999623e+01
6.972709130348580686e+01
5.067699024481254355e+01
3.174653577143773475e+01
