2.297481669123378367e+01
-4.462436800111447610e+00
-2.838416248217772875e+01
-4.624985489701185770e+01
-5.716841836697021506e+01
-6.189146403027257293e+01
-6.228304548281573716e+01
-6.056249877371926971e+01
-5.864669408044581189e+01
-5.779331837761317558e+01
-5.855721996702214938e+01
-6.093505700376968548e+01
-6.455547144006935412e+01
-6.884353108823059131e+01
-7.316350756640589736e+01
-7.696027943285403694e+01
-7.988412435142245727e+01
-8.185305898675828473e+01
-8.302415695405892393e+01
-8.369742238043964733e+01
-8.421184394145149099e+01
-8.488058621559648032e+01
-8.596928138982133305e+01
-8.769171765265647878e+01
-9.020039952286924745e+01
-9.356839393396845139e+01
-9.777199254836281739e+01
-1.026879100744510538e+02
-1.081140598131856621e+02
-1.138046393044164404e+02
-1.194922403869348386e+02
-1.248809553831248991e+02
-1.296332527206666612e+02
-1.333982851969316528e+02
-1.359084239450559721e+02
-1.371167088113084844e+02
-1.373019791133623073e+02
-1.370651670151791564e+02
-1.371846451435830261e+02
-1.383697046128806392e+02
-1.410137202834729919e+02
-1.450607388594931138e+02
-1.500428531167126209e+02
-1.552570871963994250e+02
-1.599930056551567645e+02
-1.637237084260993072e+02
-1.662099149237072595e+02
-1.675025766246165517e+02
-1.678478809572561659e+02
-1.675102869339377492e+02
-1.665552203555300537e+02
-1.646721327639153856e+02
-1.611311874056431179e+02
-1.549153540421020523e+02
-1.449790959911079824e+02
-1.305269358098998680e+02
-1.112147091763894196e+02
-8.722247336225106551e+01
-5.919335132350157380e+01
-2.807031965688562991e+01
5.107299258721155866e+00
3.937571955911455035e+01
7.393509238141587048e+01
1.081478317002461154e+02
1.414864134179480857e+02
1.734897176667279837e+02
2.037704080360301475e+02
2.320735910147483025e+02
2.583420564949747131e+02
2.827236398467039180e+02
3.054798330069550047e+02
3.268152328725881830e+02
3.467092307973870220e+02
3.648474557926553530e+02
3.807014722502595987e+02
3.937228197399263649e+02
4.035580680901525739e+02
4.101876447054659138e+02
4.139342493068845670e+02
4.153450667626342465e+02
4.149970413269230107e+02
4.132986906506993137e+02
4.103701032512075244e+02
4.060655745145227229e+02
4.001432353817579042e+02
3.924981708794235828e+02
3.833217104921474174e+02
3.730863503256051672e+02
3.623656855698792469e+02
3.515965063082282427e+02
3.409084206869747504e+02
3.300947591501909528e+02
3.187308661874154154e+02
3.063951300230100969e+02
2.929139320013363204e+02
2.785332230523659973e+02
2.639310364487371316e+02
2.500393272504626339e+02
2.377282027318030941e+02
2.274807375662448123e+02
2.192062802110686164e+02
2.122854995943648646e+02
2.058340398009667069e+02
1.990666001091212820e+02
1.915946365820795450e+02
1.835267740240584544e+02
1.753459923033331052e+02
1.676514114995927685e+02
1.609009579224198205e+02
1.552504834728691776e+02
1.505083940252773687e+02
1.461840453559031801e+02
1.416162632618403734e+02
1.361773069065453967e+02
1.295145044364611522e+02
1.217354370257779266e+02
1.134270487212302498e+02
1.054634053406719261e+02
9.866803837520663478e+01
9.347712644582279040e+01
8.974937346206471034e+01
8.680146468497001422e+01
8.365747006939088237e+01
7.941705532740448348e+01
7.359475645053109361e+01
6.629078176004084355e+01
5.813155512075957887e+01
5.002306844933266916e+01
4.282790792788500056e+01
3.708370676453347414e+01
3.284902807523284451e+01
2.971385349300025069e+01
2.695586732971140975e+01
2.378152541333930259e+01
1.957931077440757406e+01
1.411860484747471389e+01
7.634813766726040285e+00
7.615295875005614334e-01
-5.680269590860547169e+00
-1.096268281883084228e+01
-1.469005412916312991e+01
-1.690491836703459683e+01
-1.803683368824070499e+01
-1.873937602748591758e+01
-1.968716266800225867e+01
-2.139270803951620792e+01
-2.408432408541619907e+01
-2.767343444224890447e+01
-3.181949448321367413e+01
-3.606613244043062139e+01
-3.999147074730286988e+01
-4.331629062494461380e+01
-4.594853373604034630e+01
-4.798193352230526898e+01
-4.967728804572674051e+01
-5.143147551317196076e+01
-5.371003979257568517e+01
-5.692310813717378437e+01
-6.126937367695276748e+01
-6.661871098451558737e+01
-7.250463375605377792e+01
-7.825075617376660375e+01
-8.319211330156110762e+01
-8.690277002564630493e+01
-8.933062246511605053e+01
-9.078497115704891485e+01
-9.180026580261443314e+01
-9.295425373093027588e+01
-9.471708324040429261e+01
-9.736773345961441350e+01
-1.009735145185765930e+02
-1.054102967741120267e+02
-1.104070256392093654e+02
-1.156138221783047584e+02
-1.206975805082284978e+02
-1.254502533766761587e+02
-1.298665648768147776e+02
-1.341432247498091783e+02
-1.385873083836215187e+02
-1.434707847105420910e+02
-1.488883917725719641e+02
-1.546573195849962872e+02
-1.602699160668420006e+02
-1.649046522931897414e+02
-1.675102869339377492e+02
-1.669738490486837748e+02
-1.623504674871784914e+02
-1.530934317589719740e+02
-1.392043350809283311e+02
-1.212466446587287692e+02
-1.002057100352816121e+02
-7.721969149792327869e+01
-5.325726006249253430e+01
-2.886901054273533873e+01
-4.139176654345853024e+00
2.112271839921836047e+01
4.704588487834173804e+01
7.340535503085941116e+01
9.953403478008299032e+01
1.244705938415562088e+02
1.472388098741139402e+02
1.671125864249918322e+02
1.837723741809311093e+02
1.973296429659719422e+02
2.082381660924846187e+02
2.171296933752338703e+02
2.246230909486052951e+02
2.311599026382703244e+02
2.369094165865557500e+02
2.417634980727418679e+02
2.454117021936152980e+02
2.474602021642841692e+02
2.475485281773736972e+02
2.454307453535460581e+02
2.410062578437685090e+02
2.342982075317621025e+02
2.253967857958031686e+02
2.144141895675505793e+02
2.015027830588673510e+02
1.869376393258110056e+02
1.711934132717467776e+02
1.549284919828312184e+02
1.388510971229492839e+02
1.235260885522671970e+02
1.092192069274176731e+02
9.585287137864008855e+01
8.309298801506551513e+01
7.052877273386508250e+01
5.786583585118447104e+01
4.504495502966577192e+01
3.223730869447024361e+01
1.973612507577266229e+01
7.818672513675082314e+00
-3.349214104952572768e+00
-1.374121617342445489e+01
-2.344970913497226661e+01
-3.264587849245959461e+01
-4.154208894098557892e+01
-5.036312834386839654e+01
-5.931659752027734100e+01
-6.854909223664243711e+01
-7.809347471381155970e+01
-8.783506021250342144e+01
-9.752505861720302960e+01
-1.068439853081769684e+02
-1.154843260930095710e+02
-1.232087945585541036e+02
-1.298639786431454866e+02
-1.353703133969660257e+02
-1.397282477864430348e+02
-1.430572120149171269e+02
-1.456391086768377932e+02
-1.479117627232198515e+02
-1.503730724026584085e+02
-1.534061502120391651e+02
-1.570932340303776868e+02
-1.611180997755587327e+02
-1.648355017019921434e+02
-1.675102869339377492e+02
-1.686341229475981720e+02
-1.681715229232662239e+02
-1.666081706649152920e+02
