-2.365460857538880646e+01
-1.073008415972035436e+02
-1.795042565537096664e+02
-2.320142364004724413e+02
-2.617652694171439407e+02
-2.709626472839657367e+02
-2.655625481636072323e+02
-2.529603306467274138e+02
-2.397811183434896520e+02
-2.304078727160986659e+02
-2.264938588287066068e+02
-2.273555113031249562e+02
-2.309139688685114606e+02
-2.347761465556108078e+02
-2.371079227260222524e+02
-2.371015285071626408e+02
-2.350054900353391645e+02
-2.318151934827794776e+02
-2.287904589250398999e+02
-2.269700149672203793e+02
-2.268091411016451389e+02
-2.280056255217481294e+02
-2.295224441458099705e+02
-2.297721005503285596e+02
-2.269026364774674107e+02
-2.191230493244047466e+02
-2.050194674502046723e+02
-1.838240938656527135e+02
-1.555965675483482755e+02
-1.212746077852195015e+02
-8.256558066611059132e+01
-4.168493806666207036e+01
-9.880008876921593242e-01
3.742711372066657560e+01
7.205336650582876246e+01
1.021608950855265334e+02
1.277888252115396597e+02
1.495616470140154206e+02
1.684077703247408806e+02
1.852733183775009422e+02
2.009001811722232276e+02
2.157066098288965179e+02
2.297850636609832122e+02
2.430022260619902568e+02
2.551470963080595027e+02
2.660524888823027254e+02
2.756406661710057051e+02
2.839014370001067391e+02
2.908526767125736683e+02
2.965261477987024250e+02
3.009790716274472402e+02
3.042958678385385269e+02
3.065479100405565873e+02
3.077194065406965819e+02
3.076472965724976802e+02
3.060253363963611264e+02
3.024852556345705921e+02
2.967210540650061716e+02
2.885994519450748044e+02
2.782126271619820841e+02
2.658649000096655755e+02
2.520159065536535365e+02
2.372107159192597692e+02
2.220159398536287938e+02
2.069665964081549987e+02
1.925220003069214840e+02
1.790301998371412537e+02
1.667033982706307995e+02
1.556047994562340193e+02
1.456439254890726147e+02
1.365844570048735136e+02
1.280812433733234172e+02
1.197573838062847642e+02
1.113031546463281813e+02
1.025548898779392886e+02
9.351849157885901320e+01
8.432917064608651003e+01
7.516201699114665757e+01
6.612346008158587551e+01
5.717088851750192902e+01
4.811173405165909145e+01
3.869708833236216350e+01
2.876384615723883087e+01
1.834682289860101534e+01
7.704323606992977247e+00
-2.749249407573543635e+00
-1.257276145375154996e+01
-2.144691581419809268e+01
-2.929728143673762730e+01
-3.634476021372014287e+01
-4.304910298420193016e+01
-4.995259994680957050e+01
-5.748262975719231349e+01
-6.579656992087844003e+01
-7.473480974567600299e+01
-8.389932646254094095e+01
-9.281931029603175887e+01
-1.011286785342310992e+02
-1.086833653253855090e+02
-1.155818808652817751e+02
-1.220931712015636350e+02
-1.285249526148915322e+02
-1.350847999804010726e+02
-1.417922015496182837e+02
-1.484810974214977080e+02
-1.548899503885203899e+02
-1.607909534252904677e+02
-1.660893511020525466e+02
-1.708447593941054663e+02
-1.752177336659128173e+02
-1.793893947451556130e+02
-1.835063487624468905e+02
-1.876692416609983809e+02
-1.919455853373267473e+02
-1.963779452000121353e+02
-2.009778641422415433e+02
-2.057191812551967587e+02
-2.105466417509408927e+02
-2.153957473065946431e+02
-2.202047064371244574e+02
-2.249105517796843685e+02
-2.294423988282531468e+02
-2.337266303457884078e+02
-2.377047553910138902e+02
-2.413581245578636754e+02
-2.447361642666241437e+02
-2.479789691498985178e+02
-2.513108731150455526e+02
-2.549785727211046265e+02
-2.591251687676684696e+02
-2.636225290319250689e+02
-2.679170130204571478e+02
-2.709626472839657367e+02
-2.713024144310358565e+02
-2.673088786326113677e+02
-2.575343462906247396e+02
-2.410781570166594179e+02
-2.178604115406856749e+02
-1.887007995402873064e+02
-1.551562553368966917e+02
-1.191686445744194884e+02
-8.265840953703646221e+01
-4.721108562235397699e+01
-1.393517235448673475e+01
1.652586723738313168e+01
4.390298706653182137e+01
6.820244888108962300e+01
8.962604467823884136e+01
1.085042877996250468e+02
1.252316842174260501e+02
1.402068210816287603e+02
1.537889582444429948e+02
1.662791662398553854e+02
1.779255168876875928e+02
1.889432081839578643e+02
1.995303559135619764e+02
2.098536358620635554e+02
2.199881395213628252e+02
2.298279167883476362e+02
2.390202498438738985e+02
2.469843442611800697e+02
2.530355767042835851e+02
2.565725547161543432e+02
2.572452358172840263e+02
2.550370206778298154e+02
2.502433842995827717e+02
2.433727195421472516e+02
2.350112626100830084e+02
2.256921120830625114e+02
2.158000967992567496e+02
2.055317540420186617e+02
1.949168105550035932e+02
1.838983586794803955e+02
1.724553461161953294e+02
1.607263696978261578e+02
1.490755382326642007e+02
1.380552704597283196e+02
1.282657154472849470e+02
1.201583925764150251e+02
1.138599844508540002e+02
1.090913354437164742e+02
1.052222117162270365e+02
1.014453824067937262e+02
9.700414445800436170e+01
9.139059190131806076e+01
8.445094558936119711e+01
7.637565172835158478e+01
6.759550308304619648e+01
5.863356670530018278e+01
4.996871161888860513e+01
4.195098932292221150e+01
3.477919588881361790e+01
2.852085075948824766e+01
2.314219081771241093e+01
1.852733572918094751e+01
1.448738832846184010e+01
1.077139277212172175e+01
7.088291130200339296e+00
3.143689035256855391e+00
-1.309291049291246622e+00
-6.416820729561660386e+00
-1.219191155481409439e+01
-1.851771143656765162e+01
-2.517737317899182869e+01
-3.189166828597225845e+01
-3.836086474410102909e+01
-4.431912026041407415e+01
-4.959660645965329451e+01
-5.416559946684182592e+01
-5.814794760762655557e+01
-6.177981666690838836e+01
-6.534651791224341366e+01
-6.910784969558130797e+01
-7.323643959102082590e+01
-7.778853811843251265e+01
-8.271572507539744379e+01
-8.790987561605263068e+01
-9.325912401782980510e+01
-9.868639490616948251e+01
-1.041524816147566810e+02
-1.096317131940088530e+02
-1.150901866783190286e+02
-1.204918162868391249e+02
-1.258277536417914177e+02
-1.311383750279549361e+02
-1.365006543086711872e+02
-1.419831927321856142e+02
-1.475969662786386607e+02
-1.532719263132202627e+02
-1.588742870917386085e+02
-1.642612381403235418e+02
-1.693552518525029029e+02
-1.742113039099598666e+02
-1.790493322650017660e+02
-1.842314652645847843e+02
-1.901803568487817699e+02
-1.972611676555891620e+02
-2.056714903104153507e+02
-2.153793138022043649e+02
-2.261164381843638580e+02
-2.373991705083705881e+02
-2.485393611351226753e+02
-2.586324172866616777e+02
-2.665461109924000311e+02
-2.709626472839657367e+02
-2.705284694522678706e+02
-2.641276332701439742e+02
-2.512243691676636104e+02
-2.321584132303208889e+02
-2.082627845711691918e+02
-1.817193415392551401e+02
-1.551533566068336256e+02
-1.310571238898684783e+02
-1.111941963553870067e+02
-9.616044015423642577e+01
-8.525540957438443002e+01
-7.673300730853844698e+01
-6.837143447209518854e+01
-5.818664231315872826e+01
-4.506321771028426326e+01
-2.910277516181790247e+01
-1.157334269412409355e+01
