6.166050828921431304e+00
7.581206636099388163e+01
1.346815377985911653e+02
1.749749192813090417e+02
1.937334338080656551e+02
1.928658023875251217e+02
1.777196079243334168e+02
1.550003776029735718e+02
1.308374121746871310e+02
1.095007283835240059e+02
9.293049265898758904e+01
8.098446196572442091e+01
7.216115225072347528e+01
6.449311696674709538e+01
5.631563571225581200e+01
4.670391541533614088e+01
3.551952162202461238e+01
2.316015065034806497e+01
1.019886338134408277e+01
-2.904161041033844981e+00
-1.591382795950177709e+01
-2.876010653032073350e+01
-4.139425619645598431e+01
-5.367474398793338253e+01
-6.535194079740635686e+01
-7.613994977458239077e+01
-8.581100330972782331e+01
-9.426037312510197808e+01
-1.015353609353099387e+02
-1.078426816892140891e+02
-1.135325568840567882e+02
-1.190380265039996033e+02
-1.247556974254189583e+02
-1.308943682498911016e+02
-1.373624845177721738e+02
-1.437676741829072284e+02
-1.495467445136112588e+02
-1.541742610054746194e+02
-1.573639076818495823e+02
-1.591880821995472672e+02
-1.600733980718575822e+02
-1.606667584260017918e+02
-1.616111707893852270e+02
-1.633161516672515177e+02
-1.658220233725719481e+02
-1.688161199426098165e+02
-1.717843212469724392e+02
-1.742239168842039874e+02
-1.758321453427642496e+02
-1.766096342431134474e+02
-1.768554178177013796e+02
-1.770637754269901620e+02
-1.777579089806904733e+02
-1.793124145076926368e+02
-1.818228791536532754e+02
-1.850685574667703861e+02
-1.885837626700533747e+02
-1.918203152716671411e+02
-1.943564106954345903e+02
-1.960832380460872457e+02
-1.972875161850799373e+02
-1.985704979703697006e+02
-2.006073588508293142e+02
-2.038217865897099159e+02
-2.080892926084372618e+02
-2.125762175966284246e+02
-2.157772715181930607e+02
-2.157492560976728839e+02
-2.104782448388280898e+02
-1.982857553017201440e+02
-1.781798125768782199e+02
-1.500761633665004808e+02
-1.148432405957399567e+02
-7.416091006835384292e+01
-3.022457267528857017e+01
1.463748366793158340e+01
5.834519950606566141e+01
9.936035854845258086e+01
1.368334614612447808e+02
1.705884074042584473e+02
2.009737746625518184e+02
2.286364747989543957e+02
2.542776161848578056e+02
2.784434049571781884e+02
3.013977054187794238e+02
3.231085476506375471e+02
3.433431570502621071e+02
3.618179896548057286e+02
3.783300763161353188e+02
3.928212800538883585e+02
4.053708769977845350e+02
4.161375442720816409e+02
4.252747739653349299e+02
4.328431170856230210e+02
4.387465810581379628e+02
4.427182441291547548e+02
4.443637569155022220e+02
4.432492822482950032e+02
4.390075007634653730e+02
4.314365641348681493e+02
4.205738807517810756e+02
4.067312192148159511e+02
3.904826751093191888e+02
3.726057953895262926e+02
3.539840215196873032e+02
3.354857147436886180e+02
3.178468413523286245e+02
3.015930550868397404e+02
2.870251533045376959e+02
2.742605367636591609e+02
2.632950640560903821e+02
2.540435632341202563e+02
2.463345760817169037e+02
2.398667593884316602e+02
2.341665917041922285e+02
2.286003083943664365e+02
2.224717164645713865e+02
2.151865349429000958e+02
2.064152491966984826e+02
1.961775911874258895e+02
1.848098627836872936e+02
1.728328895851503830e+02
1.607786159065200593e+02
1.490413929009440039e+02
1.378005862150669429e+02
1.270281941015018532e+02
1.165623668898063841e+02
1.062075516099546917e+02
9.582252089392846983e+01
8.537135371601212341e+01
7.492429383162790657e+01
6.460677180566636935e+01
5.451659461875463819e+01
4.465165572557695839e+01
3.489040240941704951e+01
2.504039483343019867e+01
1.493341032089014675e+01
4.517309801027494132e+00
-6.110212860015707292e+00
-1.675320763746063335e+01
-2.723053834953284991e+01
-3.748600673465728050e+01
-4.763083838976126572e+01
-5.789127487798515403e+01
-6.848483884896018026e+01
-7.948917717696321006e+01
-9.077564539477003791e+01
-1.020453417314347462e+02
-1.129470835032927312e+02
-1.232122143045205860e+02
-1.327358032609897407e+02
-1.415697099683417548e+02
-1.498478480285940293e+02
-1.577003443940840555e+02
-1.652079134514055170e+02
-1.724111460325944165e+02
-1.793511693350624512e+02
-1.861004424812778950e+02
-1.927483379758437252e+02
-1.993278856410576907e+02
-2.056995194563635039e+02
-2.114342083321000416e+02
-2.157492560976728839e+02
-2.175383260801657173e+02
-2.155061693929010573e+02
-2.083839541086471456e+02
-1.951627474249206955e+02
-1.752891474987157210e+02
-1.487915114804415282e+02
-1.163278318636891697e+02
-7.915089135903789952e+01
-3.897963952088036876e+01
2.228863139845387309e+00
4.257984979016589477e+01
8.053924062227847003e+01
1.151325550527045607e+02
1.459790440812050178e+02
1.731696329465871713e+02
1.970631159076281733e+02
2.180927137004088934e+02
2.366422159318386491e+02
2.529980408192344896e+02
2.673499317895964396e+02
2.798132710467118045e+02
2.904597574780107152e+02
2.993468575084684176e+02
3.065323867103098792e+02
3.120641294176591600e+02
3.159479047130606659e+02
3.181103846886618953e+02
3.183774343386133978e+02
3.164846111139887626e+02
3.121241791922690254e+02
3.050138457651830777e+02
2.949582639094197134e+02
2.818800676078632819e+02
2.658197364971435945e+02
2.469249144526302189e+02
2.254551580422515258e+02
2.018113986792812682e+02
1.765702124108167368e+02
1.504874499970058821e+02
1.244469600347216840e+02
9.935219306095827108e+01
7.597840777750987229e+01
5.482635796339953060e+01
3.603663161340669774e+01
1.940901792371555246e+01
4.519721519934726928e+00
-9.119323208177483764e+00
-2.192262537183373894e+01
-3.415168308484035720e+01
-4.589986408622061731e+01
-5.712816794772966489e+01
-6.773039944611495855e+01
-7.760710227216753765e+01
-8.673147967072968356e+01
-9.519306919602369987e+01
-1.032097678333736468e+02
-1.111064680537287757e+02
-1.192618386742904022e+02
-1.280254287058108673e+02
-1.376180311099574851e+02
-1.480475525968981003e+02
-1.590781499558691507e+02
-1.702697215872751144e+02
-1.810739013124745043e+02
-1.909539196062239625e+02
-1.994934953975829899e+02
-2.064654852623607439e+02
-2.118419275171658001e+02
-2.157492560976729123e+02
-2.183992394054079966e+02
-2.200343309368771543e+02
-2.209056170700295922e+02
-2.212713935786695174e+02
-2.213883103058843460e+02
-2.214732483985859517e+02
-2.216384669667518210e+02
-2.218300056227367349e+02
-2.218087991348637900e+02
-2.211987457092078557e+02
-2.195997857018613786e+02
-2.167390972827520272e+02
-2.126102655019967642e+02
-2.075356321163320956e+02
-2.021009900596425553e+02
-1.969641151422077598e+02
-1.926082362752397898e+02
-1.891545762615558885e+02
-1.863294825262004224e+02
-1.836074380895722982e+02
-1.804687729643313787e+02
-1.766681727623801521e+02
-1.724170180420856013e+02
-1.684176632158114444e+02
-1.657307164633129446e+02
-1.655004420056703225e+02
-1.686038719803109416e+02
-1.753184578696690039e+02
-1.851175336365960788e+02
-1.966947878157380387e+02
