-1.987857049871076498e+01
-1.843267357211658464e+01
-1.788993744786199258e+01
-1.883844755756376088e+01
-2.136254548936068076e+01
-2.504239574979122551e+01
-2.914627438057524955e+01
-3.292558008844119399e+01
-3.587677570023211615e+01
-3.786588008373233549e+01
-3.909271636760236390e+01
-3.994259191576750823e+01
-4.079903372354969093e+01
-4.188670643905280855e+01
-4.320087640629268577e+01
-4.455576609480965544e+01
-4.573645747363369196e+01
-4.667917512669492197e+01
-4.757296611373804041e+01
-4.880844170851638353e+01
-5.078849491815776673e+01
-5.370412804483119373e+01
-5.740333449334237059e+01
-6.142668831780949290e+01
-6.518730426684193446e+01
-6.819550831621064901e+01
-7.021621760610261731e+01
-7.129988888800153291e+01
-7.170060633918069470e+01
-7.173968223216232332e+01
-7.167727624665354824e+01
-7.163555489048874847e+01
-7.159415070522933888e+01
-7.145527063085265240e+01
-7.114844219908492562e+01
-7.072287243686726299e+01
-7.037699416199046709e+01
-7.040510703796269354e+01
-7.108273526958453203e+01
-7.253992588351235327e+01
-7.467118558337887180e+01
-7.710730200547432389e+01
-7.924715579491304140e+01
-8.033460266912872783e+01
-7.956696864257148150e+01
-7.622341865655860715e+01
-6.979447320533192567e+01
-6.008509986913701084e+01
-4.726459189921921222e+01
-3.184799658157855617e+01
-1.460909610286158511e+01
3.559437409792916895e+00
2.180702396806695731e+01
3.946471454435534554e+01
5.612445587888200293e+01
7.164008726863551146e+01
8.606091336412683290e+01
9.953065872212111742e+01
1.121901447193428538e+02
1.241137974908266273e+02
1.352949230646044612e+02
1.456743177819190578e+02
1.551880015318880623e+02
1.638084313949027546e+02
1.715692859273215731e+02
1.785736082101897750e+02
1.849792630988898736e+02
1.909544926516329042e+02
1.966128648403527563e+02
2.019544659396617305e+02
2.068393483041658385e+02
2.110019943558359614e+02
2.140971754990127351e+02
2.157607087781177597e+02
2.156744130088662246e+02
2.136316918910651168e+02
2.095970520445343368e+02
2.037426302106494518e+02
1.964415243932819521e+02
1.882095892089171798e+02
1.796086791361635733e+02
1.711409979526152938e+02
1.631660350843010292e+02
1.558609921774580584e+02
1.492310827188969711e+02
1.431610371087567444e+02
1.374857400297086087e+02
1.320532671074611244e+02
1.267619403699318070e+02
1.215682216555707242e+02
1.164736610643706172e+02
1.115022190882225885e+02
1.066774779997671914e+02
1.020063015338486423e+02
9.747183997021960522e+01
9.303533533512876375e+01
8.864407638707336901e+01
8.424095573165533324e+01
7.977135432077947996e+01
7.518987442945851285e+01
7.047577788165683899e+01
6.565781660239034068e+01
6.083148351884953797e+01
5.614822148903159871e+01
5.177481803362964996e+01
4.784188125586926077e+01
4.440321414302798786e+01
4.141710613811480357e+01
3.875115688620978460e+01
3.620912604075841301e+01
3.357591272278383343e+01
3.067089482235754616e+01
2.739299623475441336e+01
2.374067076615490990e+01
1.980262549862161592e+01
1.573315078182690030e+01
1.172979752671005116e+01
8.014769458981298555e+00
4.805577840553290514e+00
2.266166155952205941e+00
4.505356388725587635e-01
-7.352325269432071764e-01
-1.530264829430024065e+00
-2.267797985164030194e+00
-3.285541948186946115e+00
-4.825159800004946931e+00
-6.959955672461667575e+00
-9.583121754802633063e+00
-1.246199357991929446e+01
-1.533234228092344154e+01
-1.799139755563307119e+01
-2.035555508626131882e+01
-2.246805992237466398e+01
-2.446074382028213279e+01
-2.648752165786976320e+01
-2.865526254254595528e+01
-3.097808393449147957e+01
-3.337187222298834399e+01
-3.568923445669619809e+01
-3.777896188737085481e+01
-3.954494072933457005e+01
-4.098052739715127757e+01
-4.216731765988058100e+01
-4.324521971170793222e+01
-4.437021748681939926e+01
-4.567316296416075261e+01
-4.722634442169388080e+01
-4.902315730133342697e+01
-5.097967143691015224e+01
-5.296631782260128318e+01
-5.486476293739967502e+01
-5.662490402631030406e+01
-5.828854176977442592e+01
-5.996204257494824219e+01
-6.175242553964086767e+01
-6.370800468726646670e+01
-6.580523558834103426e+01
-6.799115368369844248e+01
-7.024327060219344787e+01
-7.258422094842735817e+01
-7.501570668171946465e+01
-7.740053695304142423e+01
-7.937093626064253726e+01
-8.033460266912872783e+01
-7.959304669310940028e+01
-7.652340887074574027e+01
-7.074759611505551504e+01
-6.222340964871197855e+01
-5.123263400953186419e+01
-3.828333042563002664e+01
-2.397431386017406396e+01
-8.878137358112503819e+00
6.519474603146985459e+00
2.182149823794443222e+01
3.669234950720589694e+01
5.083939696215060877e+01
6.402379370057255414e+01
7.609384373384500577e+01
8.701535878306799532e+01
9.687236514911791119e+01
1.058269248185545592e+02
1.140501223972462412e+02
1.216544730443228133e+02
1.286593228663526816e+02
1.350014256779756465e+02
1.405743949604685668e+02
1.452670021138539482e+02
1.489822431872140953e+02
1.516386781799260461e+02
1.531608878911532088e+02
1.534605785259690265e+02
1.524119087282271607e+02
1.498371904075472401e+02
1.455262466848046756e+02
1.393013147575168205e+02
1.311133736647917658e+02
1.211286920848582298e+02
1.097527384595801720e+02
9.755832697963501232e+01
8.513518671649485725e+01
7.293064219438853968e+01
6.116668186902769833e+01
4.987798110022363574e+01
3.903994688977731897e+01
2.870012811611598380e+01
1.903243046392690019e+01
1.029065188873826742e+01
2.697990022147980227e+00
-3.665165417665022574e+00
-8.924854739584155539e+00
-1.340683018509258773e+01
-1.756185332475951100e+01
-2.184112175594639638e+01
-2.655568863126834955e+01
-3.177122117414269553e+01
-3.729266589314116231e+01
-4.276177159360533864e+01
-4.782890943182273702e+01
-5.231061083004419032e+01
-5.624954178121242876e+01
-5.985344740088017801e+01
-6.335783688106999989e+01
-6.688986063590013487e+01
-7.040005847047947896e+01
-7.369061530362291990e+01
-7.652117973059853284e+01
-7.873450242304666347e+01
-8.033460266912872783e+01
-8.147755631338930016e+01
-8.238410727936140177e+01
-8.322621566295200068e+01
-8.405123023207318056e+01
-8.478023236224491654e+01
-8.527195128939077051e+01
-8.541269455872622984e+01
-8.518882901168512944e+01
-8.471304366729897595e+01
-8.419824085654161649e+01
-8.389495508516884570e+01
-8.401983677760227920e+01
-8.469840939037644034e+01
-8.593091679922562776e+01
-8.758082187077820890e+01
-8.939018556387614467e+01
-9.103202841684132807e+01
-9.219774656583214778e+01
-9.269273078350319395e+01
-9.249941979324853492e+01
-9.177523013286094056e+01
-9.077717953519919547e+01
-8.973941746736059599e+01
-8.876350240842118922e+01
-8.778799389275678777e+01
-8.666506273062428534e+01
-8.530700926144383800e+01
-8.382033286783970993e+01
-8.254826846880702362e+01
-8.198766683155209023e+01
-8.260612274328750004e+01
-8.463370805797502783e+01
-8.792077553739962070e+01
-9.193102044154892383e+01
