-8.291328316812874277e+01
-1.047440355901175622e+02
-1.235224495589283862e+02
-1.370298974578432762e+02
-1.443918590549800740e+02
-1.461428660128950696e+02
-1.438663246175504185e+02
-1.395838905679392781e+02
-1.351290455927058360e+02
-1.317095398810773474e+02
-1.297615869215667033e+02
-1.290764754737029421e+02
-1.290952320153432140e+02
-1.292406397119573853e+02
-1.291717712770164894e+02
-1.288851620638507427e+02
-1.286447949365817749e+02
-1.287918758859040906e+02
-1.295363224127237061e+02
-1.308331941468657647e+02
-1.323952355722802565e+02
-1.338202629519385027e+02
-1.347629028828389153e+02
-1.350749943486054576e+02
-1.348688425233081887e+02
-1.344977313189035613e+02
-1.344739565251335307e+02
-1.353475590119460605e+02
-1.375621491334222526e+02
-1.413045846400642347e+02
-1.463729828447478951e+02
-1.520914108207454376e+02
-1.572949302925225652e+02
-1.603993125877173611e+02
-1.595579557635944639e+02
-1.528946676489549077e+02
-1.387886122194364020e+02
-1.161776765830657325e+02
-8.483157434702685862e+01
-4.552562109570284576e+01
-4.008250895011755688e-02
4.905900246510679352e+01
9.883596630437125441e+01
1.465045593803119459e+02
1.899080709232606239e+02
2.278182317698811801e+02
2.599679793254287574e+02
2.868334614054425629e+02
3.092746706570437709e+02
3.281790380969619036e+02
3.442176671969002655e+02
3.577541336513361898e+02
3.688830914993505985e+02
3.775427370784930758e+02
3.836430639909628439e+02
3.871687298652545905e+02
3.882343010060352526e+02
3.870826507546956918e+02
3.840301072490082106e+02
3.793790419012352686e+02
3.733311672433343347e+02
3.659323709844935024e+02
3.570660084458148162e+02
3.464982101828586565e+02
3.339700598134318170e+02
3.193215989722209542e+02
3.026172433489680316e+02
2.842280814186294720e+02
2.648289892748871921e+02
2.452958528437345649e+02
2.265287155230747373e+02
2.092577812255667311e+02
1.938975747812874886e+02
1.804991226129868664e+02
1.688131407802291619e+02
1.584294710803426369e+02
1.489254927548183218e+02
1.399621216686323919e+02
1.313038260209184500e+02
1.227795577332592529e+02
1.142245163097077381e+02
1.054471724797625285e+02
9.625242273161325102e+01
8.651842549814577410e+01
7.628518030938580807e+01
6.579599440229372931e+01
5.545566846114985537e+01
4.571754395719679565e+01
3.695148290659435020e+01
2.935185954522201257e+01
2.292072955763860165e+01
1.752474530310750112e+01
1.299285709238848341e+01
9.207561251084165121e+00
6.149828613116916642e+00
3.881276004093642484e+00
2.475330656672788621e+00
1.929754898782213957e+00
2.096228306770917982e+00
2.651008881651520710e+00
3.117751740956791195e+00
2.943778879676450799e+00
1.613695357158285049e+00
-1.240427860737767674e+00
-5.781320564869261602e+00
-1.198364633107594557e+01
-1.970175374409744506e+01
-2.873328958511660858e+01
-3.883384130888889274e+01
-4.968064636599987693e+01
-6.082493950484138168e+01
-7.168071624717762802e+01
-8.157510784895927713e+01
-8.985929472839745813e+01
-9.605986675609327108e+01
-1.000299726967151628e+02
-1.020410406818876652e+02
-1.027608179310428511e+02
-1.031029494310208179e+02
-1.039883912582635901e+02
-1.060964298014416443e+02
-1.096867692393921914e+02
-1.145515093186917568e+02
-1.201174912069428160e+02
-1.256693483011124215e+02
-1.306116768759518436e+02
-1.346600463669342105e+02
-1.378723127732780256e+02
-1.405084154487912826e+02
-1.428029472302013687e+02
-1.447870617600799790e+02
-1.462630874575100393e+02
-1.469390995061924059e+02
-1.466391174623209679e+02
-1.454699933266672929e+02
-1.438561316811129416e+02
-1.424232033942380724e+02
-1.417827532746570967e+02
-1.423067349724308883e+02
-1.439766762638758166e+02
-1.463620967863643330e+02
-1.487434385653138520e+02
-1.503532052449443484e+02
-1.506680236636223356e+02
-1.496518451039474655e+02
-1.478457730743277523e+02
-1.462400577012120380e+02
-1.459392185436627187e+02
-1.477095953833222950e+02
-1.515512191851138368e+02
-1.564467964333790064e+02
-1.603993125877173611e+02
-1.607795471728578889e+02
-1.548967034325622478e+02
-1.406264371974909579e+02
-1.169083235932248215e+02
-8.397694147927114727e+01
-4.328919096719812387e+01
2.790508337237397996e+00
5.143193962394501284e+01
9.979373498544791232e+01
1.454059790198817836e+02
1.864291398594476732e+02
2.217697120548105545e+02
2.510577136244886560e+02
2.745045914374350673e+02
2.926747065341913299e+02
3.062300156516984089e+02
3.157274849024450987e+02
3.215336147112344634e+02
3.238714436706500237e+02
3.229604023992789052e+02
3.191710416344835721e+02
3.131082433893407710e+02
3.055693988784669273e+02
2.973894248749372764e+02
2.892431093632048942e+02
2.814890010237545539e+02
2.741082970696505754e+02
2.667495335550436835e+02
2.588590726298873506e+02
2.498561066570364346e+02
2.392976238677348988e+02
2.269871331605173737e+02
2.130128517260017986e+02
1.977318419569073171e+02
1.817220476935694649e+02
1.657072450557082277e+02
1.504452096945691721e+02
1.365794283964790452e+02
1.244871339611421206e+02
1.141825812684188577e+02
1.053269460211332387e+02
9.735345824220706845e+01
8.965963643075815526e+01
8.178087841720092399e+01
7.347100597859426330e+01
6.467279160950216976e+01
5.542119467529245469e+01
4.574170883612652005e+01
3.558724043264397352e+01
2.482897070674897577e+01
1.329789308923201929e+01
8.622028092820244183e-01
-1.248562250359879400e+01
-2.656832164694374399e+01
-4.102287154312629980e+01
-5.536742215101770626e+01
-6.911212931445892593e+01
-8.187111649375356137e+01
-9.343458476557623271e+01
-1.037775486864971981e+02
-1.130092533706684748e+02
-1.212943577517725373e+02
-1.287855144246581176e+02
-1.355885282520193869e+02
-1.417524122286492343e+02
-1.472650813174799111e+02
-1.520475328222232747e+02
-1.559554741066069710e+02
-1.588009153283599062e+02
-1.603993125877173611e+02
-1.606374653492370044e+02
-1.595455181849197857e+02
-1.573451454988509113e+02
-1.544428507830525064e+02
-1.513521684481154921e+02
-1.485607503590224496e+02
-1.463882089347455917e+02
-1.448862675111910221e+02
-1.438160207003135156e+02
-1.427166022074292187e+02
-1.410585782801750838e+02
-1.384422602866813179e+02
-1.347662571921732706e+02
-1.302912256084950684e+02
-1.255726984442927687e+02
-1.213021435555125436e+02
-1.181302972337666830e+02
-1.165354035157037345e+02
-1.167603902545760093e+02
-1.188052569778448628e+02
-1.224431243503909741e+02
-1.272389793738273625e+02
-1.325795137702902480e+02
-1.377398525513580978e+02
-1.419954056974039815e+02
-1.447494535394198749e+02
-1.456274569269068593e+02
-1.445075380986845630e+02
-1.414959073840557551e+02
-1.368802828631969533e+02
-1.310849199952398862e+02
-1.246240440751698770e+02
-1.180377582269510555e+02
-1.118087594820232766e+02
-1.062835314401752527e+02
-1.016309186128661963e+02
-9.785157984102991691e+01
-9.482082576069537083e+01
-9.233491175609283630e+01
-9.014454552196437476e+01
