-2.605374872431153221e+01
-4.583981203349812006e+01
-6.325398403997214558e+01
-7.661224886570121839e+01
-8.528615009270171754e+01
-8.972611561379528666e+01
-9.116904658226967229e+01
-9.118934485973886694e+01
-9.125762807363196316e+01
-9.242285636978765240e+01
-9.516652766155979748e+01
-9.941044442422929706e+01
-1.046156286821591692e+02
-1.099101065198767060e+02
-1.142176606368920631e+02
-1.163917540521915015e+02
-1.153632651915292655e+02
-1.102940821432329983e+02
-1.007123944635629442e+02
-8.660119214471110638e+01
-6.841670614361160574e+01
-4.702413596039680499e+01
-2.355609084906130590e+01
7.751483398797525126e-01
2.486017574727571855e+01
4.781993023187001768e+01
6.905172879393140306e+01
8.819880589671875271e+01
1.050734636216633930e+02
1.195740315347601808e+02
1.316277861183102402e+02
1.411736224017096788e+02
1.481826121494701738e+02
1.527046963513623723e+02
1.549190826129564016e+02
1.551555501658812091e+02
1.538584925147815454e+02
1.514942785887978971e+02
1.484399768258235781e+02
1.449079275793106660e+02
1.409405645471131834e+02
1.364670167867482178e+02
1.313795427095043635e+02
1.255869450767032589e+02
1.190278599792874417e+02
1.116544511248163474e+02
1.034100010182028058e+02
9.422161351773135607e+01
8.401689936546210902e+01
7.275880179446816953e+01
6.048550433212774635e+01
4.734510483258267044e+01
3.361862421102738097e+01
1.972215591249341315e+01
6.174088946568872416e+00
-6.481744081728926687e+00
-1.778611996657374306e+01
-2.747099621170381312e+01
-3.551353070644221788e+01
-4.210463162591240405e+01
-4.754121057515457238e+01
-5.209525329494170620e+01
-5.592720116955992893e+01
-5.908342208230713055e+01
-6.156622686287402502e+01
-6.342419314009016773e+01
-6.480470501117058291e+01
-6.593964869248198113e+01
-6.707884979275652881e+01
-6.841609627243053637e+01
-7.004971355718967629e+01
-7.198954010359398126e+01
-7.419302651513693547e+01
-7.660467114640488262e+01
-7.917974509079064660e+01
-8.188438888095505774e+01
-8.467833433787114927e+01
-8.749998680769547832e+01
-9.027356240268852616e+01
-9.293933148155423396e+01
-9.548661895264089594e+01
-9.796579919343368203e+01
-1.004701226066651572e+02
-1.030938047719067043e+02
-1.058803941354485687e+02
-1.087787834429512088e+02
-1.116249728911803771e+02
-1.141623702853702298e+02
-1.161019236520921538e+02
-1.172092121488231840e+02
-1.173918621882284015e+02
-1.167529979339085884e+02
-1.155835170437885466e+02
-1.142891157676971972e+02
-1.132753722915741434e+02
-1.128309062604631094e+02
-1.130487139295530881e+02
-1.138115836098666449e+02
-1.148435963166559759e+02
-1.158041727116374631e+02
-1.163870089364875753e+02
-1.163917540521915015e+02
-1.157551513220448243e+02
-1.145461325073399621e+02
-1.129367189905474618e+02
-1.111592127650630886e+02
-1.094585876798458202e+02
-1.080496878433507106e+02
-1.070844777368709799e+02
-1.066218135084177590e+02
-1.065826935469262651e+02
-1.066831828494682100e+02
-1.063654516307422284e+02
-1.047744895247712549e+02
-1.008282590906960365e+02
-9.339499644319542426e+01
-8.154212794707856915e+01
-6.478425156550272845e+01
-4.324950347772635695e+01
-1.770759505439335513e+01
1.055041761406782186e+01
3.994186787753689316e+01
6.886397020986350981e+01
9.593827679859597879e+01
1.201789808861571203e+02
1.410632867551544223e+02
1.585065392420507351e+02
1.727612182731506323e+02
1.842689654504588077e+02
1.935035546415284102e+02
2.008485278671421952e+02
2.065456378194407137e+02
2.107225560800672497e+02
2.134709855540901344e+02
2.149228059377088584e+02
2.152779980565996141e+02
2.147688761695718540e+02
2.135821532397923193e+02
2.117847403918302689e+02
2.092981714336679602e+02
2.059388090584928932e+02
2.015020169711799269e+02
1.958435915767192341e+02
1.889170860515621655e+02
1.807566147604294429e+02
1.714306426939767789e+02
1.610098035500049605e+02
1.495790461960983748e+02
1.372890224422738470e+02
1.244079928747079009e+02
1.113302821980789332e+02
9.852697615243620533e+01
8.646436112074586333e+01
7.553028493613680894e+01
6.598857658307264273e+01
5.795268390590511842e+01
5.136447740334883605e+01
4.598716802194701359e+01
4.144267402475080786e+01
3.731029609274230552e+01
3.325806242882192976e+01
2.914237359916051417e+01
2.502197212676200166e+01
2.108110280168013873e+01
1.750602168536276793e+01
1.437814799277446909e+01
1.162987634076950627e+01
9.071064211456963733e+00
6.461691539136976914e+00
3.595179050441645430e+00
3.615353659606341807e-01
-3.231910921943605075e+00
-7.090256361227904591e+00
-1.109484653728855363e+01
-1.516306535537732714e+01
-1.926863664304791257e+01
-2.341639680443635285e+01
-2.759782623161733284e+01
-3.176220663609037587e+01
-3.582044769424192765e+01
-3.967496085703968589e+01
-4.325789622570640347e+01
-4.656134675122781630e+01
-4.964686747805673406e+01
-5.262579775664829640e+01
-5.561301775588260909e+01
-5.867411754105687294e+01
-6.179485110906159662e+01
-6.489032038311286499e+01
-6.784699231531341468e+01
-7.057250720031039748e+01
-7.302774844516675046e+01
-7.522985948631577457e+01
-7.723244784981886824e+01
-7.909892788735501767e+01
-8.088342278115773354e+01
-8.262515301115351463e+01
-8.435208786880600940e+01
-8.608313924374574810e+01
-8.782112095026489840e+01
-8.954056138957024302e+01
-9.118547415113081911e+01
-9.269132289358367416e+01
-9.403029702655076960e+01
-9.525984939740398261e+01
-9.654623492284433439e+01
-9.814254772924000747e+01
-1.003167415293444691e+02
-1.032407141233687469e+02
-1.068647903186303409e+02
-1.108132861355253311e+02
-1.143422468115445696e+02
-1.163917540521915015e+02
-1.157396548106255949e+02
-1.112299990312367157e+02
-1.020213277560140881e+02
-8.778783330704077059e+01
-6.881673027402027287e+01
-4.597559133129321651e+01
-2.056127375758993736e+01
5.926182149125047260e+00
3.202388640861058633e+01
5.650206169705176507e+01
7.847947016405666432e+01
9.745466160858659066e+01
1.132740325651414395e+02
1.260633926712161497e+02
1.361417172873643153e+02
1.439266568081943660e+02
1.498386438851410389e+02
1.542149511059865858e+02
1.572524495785132785e+02
1.589984402161371690e+02
1.593955573886000252e+02
1.583647467790517567e+02
1.558940467401553747e+02
1.520995332351324691e+02
1.472362534402536198e+02
1.416550174037058696e+02
1.357205985257414511e+02
1.297212946942914300e+02
1.238003582504612439e+02
1.179257405695754812e+02
1.118975613087224730e+02
1.053863705940579649e+02
9.800014965872794903e+01
8.938062377961287552e+01
7.931892981425994549e+01
6.786211477357053923e+01
5.537025251075420584e+01
4.249036115422489956e+01
3.004063382013504224e+01
1.883771662062459029e+01
9.527600050002760668e+00
2.476401246459964511e+00
-2.254398160630739056e+00
-4.858235087561009635e+00
-5.688710743328595498e+00
-5.153953674440185040e+00
-3.631407470584615993e+00
-1.424460840362765879e+00
1.236878383016986049e+00
