-2.292117443548200839e+01
3.447143037436210022e+01
8.082069424954737258e+01
1.082490659810606530e+02
1.140481371335028484e+02
1.007505633641867746e+02
7.460338770584456825e+01
4.324786971175532813e+01
1.348877195908717397e+01
-1.020388340578664810e+01
-2.619454837929743363e+01
-3.528160457872863986e+01
-3.973920240679046856e+01
-4.222185673355618007e+01
-4.488280795015589320e+01
-4.890396578925067672e+01
-5.446630104295788755e+01
-6.105106666613441746e+01
-6.788156792038125786e+01
-7.431100582722908143e+01
-8.003226769072466595e+01
-8.509250939774672418e+01
-8.978001688564918936e+01
-9.447403051067362867e+01
-9.951908043660125713e+01
-1.051453171544502823e+02
-1.114342957549144160e+02
-1.183224556380726256e+02
-1.256305027323276704e+02
-1.331071506249766117e+02
-1.404818740204946721e+02
-1.475237143777887354e+02
-1.540947280666037500e+02
-1.601774843655494465e+02
-1.658618713979431618e+02
-1.712963183255236004e+02
-1.766241427978513912e+02
-1.819257122812761907e+02
-1.871798116314669471e+02
-1.922539452300447351e+02
-1.969294761516373455e+02
-2.009555083586696753e+02
-2.041114711372892430e+02
-2.062575998847793812e+02
-2.073663913073096126e+02
-2.075392436251972015e+02
-2.070084502477609192e+02
-2.061148945167062436e+02
-2.052510449432678001e+02
-2.047704112320683691e+02
-2.048843729898258346e+02
-2.055850862800436687e+02
-2.066326826492988289e+02
-2.076206410088265955e+02
-2.081005001444674178e+02
-2.077256737195307039e+02
-2.063700881329198182e+02
-2.041861545097585520e+02
-2.015833999855423428e+02
-1.991308758978530307e+02
-1.974074394011764468e+02
-1.968338932958651526e+02
-1.975146806484149238e+02
-1.991047144202015602e+02
-2.007153725463413423e+02
-2.008862958424937233e+02
-1.976620243263859322e+02
-1.888040634557944202e+02
-1.721323677618829890e+02
-1.459398908848075394e+02
-1.093824372582884905e+02
-6.273172233868861269e+01
-7.407440746769104578e+00
5.422417226739873541e+01
1.192162207508619360e+02
1.844628470202718518e+02
2.470861385830977781e+02
3.047391668546076176e+02
3.558044678830185603e+02
3.994782580466859372e+02
4.357375737619856864e+02
4.651962304176483372e+02
4.888667699113684080e+02
5.078659730446188973e+02
5.231310561769653305e+02
5.352299654954438211e+02
5.443260112748243955e+02
5.502975103413888291e+02
5.529503543393229847e+02
5.522288313937140174e+02
5.483384032452561314e+02
5.417350137537002865e+02
5.329935198521359325e+02
5.226220959490026416e+02
5.109124568068048688e+02
4.978900851208722429e+02
4.833697457701978237e+02
4.670710365262821142e+02
4.487367371255456305e+02
4.282169505383644719e+02
4.055089711419571472e+02
3.807624757423955657e+02
3.542711782149785904e+02
3.264712822426217826e+02
2.979493727194538906e+02
2.694392950684645598e+02
2.417799447368041115e+02
2.158204192150946881e+02
1.922858555604735500e+02
1.716442832605866897e+02
1.540282975722786887e+02
1.392504407338391275e+02
1.269085955909891084e+02
1.165319547412915284e+02
1.077000665504442196e+02
1.000899198480927623e+02
9.345298901692929405e+01
8.756192994324828760e+01
8.217124302100728528e+01
7.701218177148865607e+01
7.181424397174637875e+01
6.633425897951561012e+01
6.037960429496639847e+01
5.382143803733805498e+01
4.659876794357992935e+01
3.871595362047786182e+01
3.023752964699221479e+01
2.128432900671474215e+01
1.203101115446095548e+01
2.696940163526761580e+00
-6.483686555375498983e+00
-1.531999147676930306e+01
-2.373501316177197396e+01
-3.180733576109918204e+01
-3.974403448386124182e+01
-4.778456094722761804e+01
-5.608053805112209034e+01
-6.460876474477427678e+01
-7.315332982348797941e+01
-8.136311975504997918e+01
-8.886640627303322049e+01
-9.540337685759843112e+01
-1.009253727652708506e+02
-1.056173030816162566e+02
-1.098286772855950346e+02
-1.139383384318686581e+02
-1.182123646539038759e+02
-1.227238771608486445e+02
-1.273734844800769110e+02
-1.319916945678183424e+02
-1.364582117295078660e+02
-1.407713152902917955e+02
-1.450407849236216862e+02
-1.494244018141243373e+02
-1.540481264186475983e+02
-1.589421329568698980e+02
-1.640103530466128063e+02
-1.690442182998774570e+02
-1.737857973428048695e+02
-1.780300006929473398e+02
-1.817298897759405918e+02
-1.850478504872207850e+02
-1.882997445551617375e+02
-1.917778642342389048e+02
-1.954941314195899622e+02
-1.989289204363026329e+02
-2.008862958424937233e+02
-1.995372920920839306e+02
-1.926787829840407085e+02
-1.781637377204766040e+02
-1.543851888611338836e+02
-1.206799894129937627e+02
-7.754513596389489294e+01
-2.661485556319078682e+01
2.958805796567753532e+01
8.805654225152750314e+01
1.457586548654347780e+02
2.000535457647985140e+02
2.489899344743936354e+02
2.914461264389208282e+02
3.271055377252665721e+02
3.562941439652348095e+02
3.797309183471588199e+02
3.982560412772624545e+02
4.126016974296512103e+02
4.232535049160721883e+02
4.304220022377201644e+02
4.341149966162370788e+02
4.342773620328251809e+02
4.309437530801825460e+02
4.243412955901578130e+02
4.148986854759626794e+02
4.031610171970014562e+02
3.896512284002018305e+02
3.747379249595744000e+02
3.585606936803907274e+02
3.410359784488421155e+02
3.219345123143841647e+02
3.009980316528759658e+02
2.780529352642287222e+02
2.530836188406637461e+02
2.262501382561947594e+02
1.978663484290995314e+02
1.683755420392930375e+02
1.383512555961459896e+02
1.085146987630574245e+02
7.972693467199420070e+01
5.291301534070029788e+01
2.890994121609594458e+01
8.279452308115118342e+00
-8.837108785014223145e+00
-2.274505948379983877e+01
-3.407655102915061462e+01
-4.357591951530057628e+01
-5.189220349054575365e+01
-5.946166661504268802e+01
-6.649744363403613079e+01
-7.305112620384417710e+01
-7.909972042819427429e+01
-8.462429803357221658e+01
-8.966267199472937932e+01
-9.433059933378035566e+01
-9.881348587211755330e+01
-1.033347770989662138e+02
-1.081108646616761035e+02
-1.133051755548203516e+02
-1.189937195863783472e+02
-1.251513987145493871e+02
-1.316652478614709594e+02
-1.383747443540317477e+02
-1.451272696193362037e+02
-1.518265951845083634e+02
-1.584542907014903506e+02
-1.650549383498285749e+02
-1.716867297846314671e+02
-1.783498573071544229e+02
-1.849196984393558409e+02
-1.911216373290779416e+02
-1.965732927169502773e+02
-2.008862958424937233e+02
-2.037859806566528960e+02
-2.051988259077820089e+02
-2.052774175545728781e+02
-2.043629235654740626e+02
-2.029049536285112652e+02
-2.013615600157490348e+02
-2.000976762453364870e+02
-1.992995442903556409e+02
-1.989238784836619232e+02
-1.986956519164152155e+02
-1.981593922759175257e+02
-1.967853444791246318e+02
-1.941306517524990340e+02
-1.900389542503275209e+02
-1.848259988631035924e+02
-1.793689540058716148e+02
-1.750207980774964369e+02
-1.733165567268531788e+02
-1.755176678761508811e+02
-1.821303483242311927e+02
-1.925893990307963861e+02
-2.052755676890884047e+02
