-1.174308323174556534e+01
1.827571601961683001e+00
1.295725724621894770e+01
1.984394821321112090e+01
2.171621250166869288e+01
1.886023997418100606e+01
1.234123762392930956e+01
3.588599301579476375e+00
-5.980850658074873039e+00
-1.520260515598016937e+01
-2.326424517066074316e+01
-2.972197547010540575e+01
-3.448837742611935653e+01
-3.780225146996708219e+01
-4.015693332460655540e+01
-4.217231110025799268e+01
-4.443525067343074397e+01
-4.736097959840940064e+01
-5.111687943610633056e+01
-5.561311951216473659e+01
-6.053901583571108347e+01
-6.543017322517212619e+01
-6.976894181155782348e+01
-7.311569972474707413e+01
-7.523983882674255597e+01
-7.619950439195645231e+01
-7.633273291625098977e+01
-7.616099386129076265e+01
-7.624102533310913543e+01
-7.701317982274586882e+01
-7.868726813540304477e+01
-8.119262228367692558e+01
-8.420368115327046610e+01
-8.723629035465903314e+01
-8.979382191463891161e+01
-9.152508006693776110e+01
-9.234077488037488024e+01
-9.243850179320266136e+01
-9.222028443339810622e+01
-9.213593524898257670e+01
-9.251833064679732388e+01
-9.347788137965743260e+01
-9.489727667394262767e+01
-9.652372890643906089e+01
-9.810999080003335848e+01
-9.953100538996758928e+01
-1.008170715762253877e+02
-1.020923560340002609e+02
-1.034635413653109453e+02
-1.049317394306113584e+02
-1.063813558387326736e+02
-1.076480579550827343e+02
-1.086212972896841222e+02
-1.093199835442563597e+02
-1.098940292265991019e+02
-1.105370601928382683e+02
-1.113322558876186292e+02
-1.120833138120912196e+02
-1.121972431713326017e+02
-1.106764156582942604e+02
-1.062434116066029475e+02
-9.757839280815150573e+01
-8.361396646497671270e+01
-6.381451702063056075e+01
-3.836531842481104349e+01
-8.213917240786127394e+00
2.505570866615315140e+01
5.948709678045239713e+01
9.308473153099845376e+01
1.241321057153538447e+02
1.514194840394440575e+02
1.743389014271242559e+02
1.928480423733852263e+02
2.073412754971396339e+02
2.184804773878498168e+02
2.270313304232188329e+02
2.337330212046539373e+02
2.392111125699138938e+02
2.439318470046324592e+02
2.481916907214795174e+02
2.521341069602690936e+02
2.557842389493472410e+02
2.590916811952403691e+02
2.619717032333759903e+02
2.643381671687430412e+02
2.661281191935634638e+02
2.673222150543485327e+02
2.679599886681915564e+02
2.681390670860984073e+02
2.679839897209318451e+02
2.675794703747924927e+02
2.668820323568971844e+02
2.656423659722033790e+02
2.633765419185047563e+02
2.594138204187555061e+02
2.530257944625905111e+02
2.436104934361746359e+02
2.308762211038388728e+02
2.149615674738476514e+02
1.964517057913203644e+02
1.762962364415902812e+02
1.556701232597460489e+02
1.358197068798976090e+02
1.179061970273636604e+02
1.028389662497637005e+02
9.111162903245173084e+01
8.269742263218543599e+01
7.707406459399547316e+01
7.340112472696714008e+01
7.079115577682219396e+01
6.855950696577562553e+01
6.634754208667510511e+01
6.408269885655523979e+01
6.182490422774758798e+01
5.960310106252750728e+01
5.733479348669374076e+01
5.485369797820665383e+01
5.199889188694699271e+01
4.869568301113091024e+01
4.498486293241752776e+01
4.099461011548844169e+01
3.687232215562804072e+01
3.270601812041103074e+01
2.847273819308446718e+01
2.404523543433996480e+01
1.926035011958288123e+01
1.401620112628022952e+01
8.346802847725989238e+00
2.435118751110685764e+00
-3.440654602500345050e+00
-8.998029980249100390e+00
-1.403210366821171817e+01
-1.845362044182537886e+01
-2.227957188634732688e+01
-2.559776951286863778e+01
-2.852951402985246432e+01
-3.120179735098862750e+01
-3.372668794451892893e+01
-3.617952865019111641e+01
-3.857531257643903189e+01
-4.085909376924175263e+01
-4.293024798236933748e+01
-4.469987950271848831e+01
-4.615476804434059943e+01
-4.739537058709294115e+01
-4.862854568126934396e+01
-5.011246505628078296e+01
-5.206762214586355242e+01
-5.458464512166395366e+01
-5.756803878252902962e+01
-6.074549234223840699e+01
-6.374675454831589150e+01
-6.622595932272245989e+01
-6.798064178274653102e+01
-6.901970782725017273e+01
-6.955443526255193376e+01
-6.992228757477535339e+01
-7.048238699271568919e+01
-7.152703635182349728e+01
-7.323496391541574724e+01
-7.566300241829630124e+01
-7.875629359347327352e+01
-8.236563075045553717e+01
-8.627759043780859827e+01
-9.026201673845129392e+01
-9.412395735481665326e+01
-9.773801097180192698e+01
-1.010528694836334438e+02
-1.040694178938984038e+02
-1.068000807930649643e+02
-1.092092911043001351e+02
-1.111334367048641383e+02
-1.121972431713326017e+02
-1.117661155575572849e+02
-1.089735178119754124e+02
-1.028382693918572528e+02
-9.245163798373842212e+01
-7.719370590019576639e+01
-5.692873302643782552e+01
-3.212977621833104536e+01
-3.892621561978266698e+00
2.618037465946807885e+01
5.621407920532326585e+01
8.436484585146233428e+01
1.091244010896375869e+02
1.295479428143507334e+02
1.453476561963531140e+02
1.568312950026121371e+02
1.647182344573488422e+02
1.699079072584551682e+02
1.732780955399237541e+02
1.755506601183967064e+02
1.772177263052641933e+02
1.785117272051772375e+02
1.794232131580041596e+02
1.797829882130690748e+02
1.794058234607524014e+02
1.782520773781385515e+02
1.765334128240954215e+02
1.746991802309451032e+02
1.732929738592498836e+02
1.727341669431055493e+02
1.731174467363651956e+02
1.741130314027378176e+02
1.750011567627295506e+02
1.748197097846573342e+02
1.725723205843997903e+02
1.674401394116080724e+02
1.589515859100599755e+02
1.470788783117834555e+02
1.322441048489775994e+02
1.152325653332205633e+02
9.703008324513226057e+01
7.862430383022193325e+01
6.082873933404634670e+01
4.418469162557572361e+01
2.896313771380044244e+01
1.524540636041752606e+01
3.035027044085722991e+00
-7.648815209915944990e+00
-1.673076430086234012e+01
-2.410074883390356959e+01
-2.967970259681003142e+01
-3.349755459898894117e+01
-3.575313369875858882e+01
-3.683603346864812522e+01
-3.730344255222964023e+01
-3.781472155861354878e+01
-3.903022340913818766e+01
-4.148666554485448899e+01
-4.547553919605356754e+01
-5.096239810258030900e+01
-5.758025971675293420e+01
-6.471187892779767026e+01
-7.164960881716696406e+01
-7.779090048898586929e+01
-8.280432790329489023e+01
-8.670480971725939412e+01
-8.981105935190072387e+01
-9.260356623472890192e+01
-9.553549345452093178e+01
-9.886348628288197915e+01
-1.025577146752346209e+02
-1.063187020591618648e+02
-1.096861501315892440e+02
-1.121972431713326017e+02
-1.135463563736474271e+02
-1.136994369125534377e+02
-1.129170930400453727e+02
-1.116578204676978032e+02
-1.103837332943591605e+02
-1.093563735827766692e+02
-1.085377214816750069e+02
-1.076651494156655389e+02
-1.064681496469886781e+02
-1.049043383029821825e+02
-1.032754801319132270e+02
-1.021524929883051982e+02
-1.021421814272548687e+02
-1.036041574078082448e+02
-1.064462679147670201e+02
-1.100957940694138415e+02
