1.324276731456629932e+02
2.249113296708426901e+01
-7.333151081005769356e+01
-1.445150484803813242e+02
-1.865162244213380518e+02
-2.010765625551607627e+02
-1.947028041653752553e+02
-1.761350072989419004e+02
-1.537679193788241605e+02
-1.337713622922053105e+02
-1.192598417522989678e+02
-1.104766138684417740e+02
-1.056919602265841718e+02
-1.023981480741957455e+02
-9.839875724555179204e+01
-9.250549239852085748e+01
-8.472549895524139174e+01
-7.599225315274040327e+01
-6.761864874379236312e+01
-6.070770255414336702e+01
-5.573555650648393112e+01
-5.243072599815994295e+01
-4.994962549214648106e+01
-4.724587583474777830e+01
-4.348146719959481743e+01
-3.832919438307189353e+01
-3.206053155089156803e+01
-2.539719902192751988e+01
-1.920434101438634400e+01
-1.416961148922993630e+01
-1.060355592503225353e+01
-8.418910565989719430e+00
-7.255804688375718570e+00
-6.669558911365697895e+00
-6.296931531371896540e+00
-5.946280652038467451e+00
-5.598460424764013510e+00
-5.341767627945941399e+00
-5.282067291316892010e+00
-5.467898097178903072e+00
-5.858396450256009302e+00
-6.341946436553868693e+00
-6.787196774474040240e+00
-7.089544613923052907e+00
-7.181761800504389726e+00
-7.006138606480959652e+00
-6.479061789474926059e+00
-5.492689289700820154e+00
-3.974682441272406663e+00
-1.977551334115929649e+00
2.639915664625505087e-01
2.356994616997326375e+00
3.860760458906170811e+00
4.446028578309039858e+00
4.044805997534695052e+00
2.941711066172857159e+00
1.786522203991040669e+00
1.533272757984590839e+00
3.314849447181828168e+00
8.252569471627687392e+00
1.721019888811947851e+01
3.054453108933588013e+01
4.794390583403608730e+01
6.843423864413411195e+01
9.056728226945578797e+01
1.127294083164169365e+02
1.334645563192516136e+02
1.517124545079981033e+02
1.669120354667484207e+02
1.789756101694491690e+02
1.881729850555593657e+02
1.949749848883018331e+02
1.999062567107040138e+02
2.034498049621062705e+02
2.060197528323527933e+02
2.079781016506894105e+02
2.096456557697741232e+02
2.112722874002117237e+02
2.129746992338447171e+02
2.146816372925717076e+02
2.161254249414173785e+02
2.168969118476227891e+02
2.165552294958944799e+02
2.147580701254626092e+02
2.113630032096779701e+02
2.064618560099482352e+02
2.003418195229682794e+02
1.933942470541879572e+02
1.860031756463684474e+02
1.784442159271994512e+02
1.708170054497238368e+02
1.630258294215009869e+02
1.548150897690608190e+02
1.458563889776374936e+02
1.358692807138749004e+02
1.247421829087660825e+02
1.126128763010702727e+02
9.987426883544264911e+01
8.709136207228348781e+01
7.485093974281092244e+01
6.360401774423603882e+01
5.356997036345040186e+01
4.473342005588523307e+01
3.690881912363983020e+01
2.981799468542968867e+01
2.313864891990155570e+01
1.651991110027483955e+01
9.596261527497983224e+00
2.038762936501310463e+00
-6.346415810131704305e+00
-1.551003833502475970e+01
-2.511084747857762522e+01
-3.457926394898625944e+01
-4.329035512088475457e+01
-5.078054612092854825e+01
-5.691817578516270970e+01
-6.196093238947906201e+01
-6.647856420155878254e+01
-7.116490077628961330e+01
-7.660436895351523390e+01
-8.308412201832302912e+01
-9.052945442023626299e+01
-9.858050701909706959e+01
-1.067560707007457950e+02
-1.146163187859295931e+02
-1.218597564034694472e+02
-1.283410906701111003e+02
-1.340347920792369507e+02
-1.389812685103899526e+02
-1.432476209017351607e+02
-1.469177367831102288e+02
-1.501016315143806423e+02
-1.529380958786666440e+02
-1.555735543804363488e+02
-1.581269242008323772e+02
-1.606683954097960623e+02
-1.632310308130026897e+02
-1.658491321098451863e+02
-1.685994501654021747e+02
-1.716165346485985879e+02
-1.750588836329684455e+02
-1.790249889328226232e+02
-1.834559228558536006e+02
-1.880845317396715757e+02
-1.924755493896669236e+02
-1.961568807233979328e+02
-1.987964636903599569e+02
-2.003471091165876032e+02
-2.010765625551607627e+02
-2.014375362220849865e+02
-2.018074053583732450e+02
-2.022015937416965130e+02
-2.020978432739876780e+02
-2.004747562602363189e+02
-1.960770450567513024e+02
-1.878103375698851778e+02
-1.751033747658261746e+02
-1.580979491184969561e+02
-1.376171129718194663e+02
-1.149563111407247504e+02
-9.159071013352627233e+01
-6.888971398445445971e+01
-4.790134529455384893e+01
-2.924189344131006152e+01
-1.310680210727029049e+01
6.078777243092474691e-01
1.212696248144484912e+01
2.164805458050641107e+01
2.929574275787369686e+01
3.518109830539654581e+01
3.949949830583281596e+01
4.258528791773547084e+01
4.488545442448598521e+01
4.687051984983381203e+01
4.892920283122599301e+01
5.129102330678762200e+01
5.400284256238145986e+01
5.695937295554986690e+01
5.996187034199624577e+01
6.277122509185929289e+01
6.513936973521808227e+01
6.682711769530065737e+01
6.762247460960936962e+01
6.735942163037020691e+01
6.592159546584261420e+01
6.321898310775175389e+01
5.915464947619972236e+01
5.362677097187507513e+01
4.659767236594903750e+01
3.820409035320149371e+01
2.883405381894685604e+01
1.910331628210919064e+01
9.720582714445413330e+00
1.294991700827793579e+00
-5.823894300424782955e+00
-1.159662801878960181e+01
-1.622077980036033296e+01
-1.999221915008627803e+01
-2.318633578049367827e+01
-2.601258014567766708e+01
-2.863905181045579695e+01
-3.124489946488713343e+01
-3.405011074940203741e+01
-3.728945936680634787e+01
-4.113251562043218001e+01
-4.558846093678929634e+01
-5.045106195963418116e+01
-5.532664407680488949e+01
-5.975184143109636636e+01
-6.336174816882649452e+01
-6.603716093278461585e+01
-6.796547423394787302e+01
-6.958963251196004762e+01
-7.146468749501714512e+01
-7.407177128841799174e+01
-7.765422612645940603e+01
-8.213942407101447429e+01
-8.718370326504977186e+01
-9.232659328347392602e+01
-9.718539794735225712e+01
-1.015968376253452448e+02
-1.056398740733735195e+02
-1.095389776180624608e+02
-1.135093905482870724e+02
-1.176286443009182960e+02
-1.217930448595997319e+02
-1.257663660075177745e+02
-1.292852092770448280e+02
-1.321713961889375355e+02
-1.344104837777176726e+02
-1.361717353993073232e+02
-1.377643397250133148e+02
-1.395486569001973294e+02
-1.418399335970938182e+02
-1.448396329443121999e+02
-1.486066983982855731e+02
-1.530596471618857208e+02
-1.579997467472923347e+02
-1.631560905534824997e+02
-1.682506840472254055e+02
-1.730665688102883735e+02
-1.774975696651080455e+02
-1.815667773465742698e+02
-1.854040487398177106e+02
-1.891714170621989410e+02
-1.929390942121512751e+02
-1.965469066660229771e+02
-1.995157638907509750e+02
-2.010765625551607627e+02
-2.003456179211581230e+02
-1.966032082480196266e+02
-1.895622291365323520e+02
-1.794976003465193060e+02
-1.671661595578123070e+02
-1.535513698783656480e+02
-1.395540848617523011e+02
-1.257675232674902190e+02
-1.124155945416409423e+02
-9.944293988694406039e+01
-8.668109998170544372e+01
-7.400309204865348534e+01
-6.140273369843193052e+01
