-2.707031427441514637e+01
-3.576602059104754971e+01
-4.581582701550912873e+01
-5.834749979798653641e+01
-7.403572104714628210e+01
-9.296658087650536118e+01
-1.146072527958519629e+02
-1.379027575710079532e+02
-1.614916353157236131e+02
-1.839893197448755018e+02
-2.042575724965595327e+02
-2.215845214028583143e+02
-2.357422789382356427e+02
-2.469382809125421829e+02
-2.556995762720673895e+02
-2.627228954133485104e+02
-2.687107953814098664e+02
-2.742153618105760415e+02
-2.795239520060197265e+02
-2.846266867014787749e+02
-2.892833206911683988e+02
-2.931608274986242577e+02
-2.959741849163820575e+02
-2.975660008862643053e+02
-2.979066374874397525e+02
-2.970483487865244001e+02
-2.950853419661036696e+02
-2.921486412935756789e+02
-2.884256931232830539e+02
-2.841737294941491427e+02
-2.797043722920568030e+02
-2.753405702200782343e+02
-2.713697500928777799e+02
-2.680285059560843592e+02
-2.655395413851042576e+02
-2.641768728968278879e+02
-2.642926610882435625e+02
-2.662463746166363308e+02
-2.702413096985358152e+02
-2.761464039566714064e+02
-2.834073897522464449e+02
-2.911142120598589713e+02
-2.982171920395121560e+02
-3.038176603014295551e+02
-3.074311711259099411e+02
-3.091315030877298682e+02
-3.095168560957661157e+02
-3.094949420076480919e+02
-3.099572340701023450e+02
-3.114705644481252875e+02
-3.141122765461161634e+02
-3.175039127469353843e+02
-3.209989011038250055e+02
-3.239172170562914062e+02
-3.257347673737215246e+02
-3.262020191231773083e+02
-3.254132588089933051e+02
-3.238340557176648531e+02
-3.222553670956710903e+02
-3.216400570429112804e+02
-3.228745588767181403e+02
-3.264912671427595683e+02
-3.324392267739620479e+02
-3.399501502130617610e+02
-3.475108120735681041e+02
-3.529421139751294731e+02
-3.535958608357800586e+02
-3.466838005983269682e+02
-3.297226399794706708e+02
-3.010164546087041799e+02
-2.600460077880494509e+02
-2.076391793672265180e+02
-1.458620329457588127e+02
-7.766026615564638291e+01
-6.357176992766369494e+00
6.484920748461729545e+01
1.332631500761725079e+02
1.968759011323252821e+02
2.543689927447509262e+02
3.050065390806740879e+02
3.484988030945962123e+02
3.848836282450146768e+02
4.144267256629958638e+02
4.375237256121176870e+02
4.545985689523882343e+02
4.660138149380108530e+02
4.720211547784140862e+02
4.727739045980790706e+02
4.683974983282435574e+02
4.590869166918959081e+02
4.451905961849894311e+02
4.272488411078302306e+02
4.059708142545908345e+02
3.821517249398964964e+02
3.565482498955262258e+02
3.297444383195629030e+02
3.020532637619339198e+02
2.735049981395089844e+02
2.439558370498743898e+02
2.132979220272908947e+02
1.816851370873942813e+02
1.496565296129440128e+02
1.180774903204969917e+02
8.791136685327592204e+01
5.992254939971637384e+01
3.444619549181516049e+01
1.132638039639655858e+01
-9.957343698632115547e+00
-3.004207325739703549e+01
-4.942419756304784073e+01
-6.829124971660425558e+01
-8.649385263013319047e+01
-1.036529066521887330e+02
-1.193466241654644335e+02
-1.332936218251146272e+02
-1.454612578976083341e+02
-1.560763426901311277e+02
-1.655619731928791225e+02
-1.744378100811206309e+02
-1.832074200411157960e+02
-1.922475532540199197e+02
-2.017247723352106732e+02
-2.115741676900142068e+02
-2.215585135043301932e+02
-2.313872054646398624e+02
-2.408408758545475621e+02
-2.498466523111175093e+02
-2.584801654841018603e+02
-2.669066550754400851e+02
-2.752911800116696668e+02
-2.837088414775624869e+02
-2.920861093490889289e+02
-3.002062156373431208e+02
-3.077964491242962026e+02
-3.146709980055247797e+02
-3.208534344789337069e+02
-3.265933423305955330e+02
-3.322441466593581936e+02
-3.380568263114683987e+02
-3.440054840114237322e+02
-3.497471710370998608e+02
-3.547381301911975697e+02
-3.584405947906890333e+02
-3.605155866670733076e+02
-3.609218584120798141e+02
-3.599026162034691652e+02
-3.578994173310852034e+02
-3.554548075658242965e+02
-3.531407420236986354e+02
-3.514968996336126565e+02
-3.509262900741136946e+02
-3.515139771903827750e+02
-3.528000240786407176e+02
-3.535958608357800586e+02
-3.519385402880046740e+02
-3.452356222370885348e+02
-3.306010991560456773e+02
-3.053386484640365097e+02
-2.674912105750729552e+02
-2.163375547282549292e+02
-1.526927730845287670e+02
-7.889733003645307008e+01
1.526941796985408217e+00
8.445993111391108243e+01
1.658402154828044104e+02
2.422304007655866371e+02
3.111788154008577294e+02
3.713414736221686212e+02
4.223961746549219924e+02
4.648182112418749057e+02
4.995906499379493653e+02
5.279074097314037317e+02
5.509117785675230152e+02
5.695001349105102690e+02
5.842093571746843281e+02
5.951985277813689663e+02
6.023260717395073698e+02
6.053028610705077881e+02
6.038728965638981663e+02
5.979556696927252233e+02
5.877004477158939153e+02
5.734512669752947431e+02
5.556669085248115607e+02
5.348473586519598939e+02
5.114941322179186045e+02
4.861090562283191616e+02
4.592243545587792255e+02
4.314417668629325817e+02
4.034418734510147146e+02
3.759310287207825922e+02
3.495315682418399206e+02
3.246652846865071638e+02
3.014935009954899101e+02
2.799477600389707277e+02
2.598361567793028826e+02
2.409759653517840263e+02
2.233008744143797912e+02
2.069125732888728919e+02
1.920703210915481236e+02
1.791242153704162092e+02
1.684004780180600278e+02
1.600530867539982864e+02
1.539149664654399032e+02
1.494057826134570632e+02
1.455576130672582735e+02
1.411866084300418436e+02
1.351779530744720148e+02
1.267936944812019249e+02
1.158887452432127816e+02
1.029459583990631302e+02
8.891100826847453220e+01
7.489004046720687313e+01
6.182488662347891051e+01
5.025838079552192994e+01
4.025305887185292164e+01
3.145763042148235655e+01
2.326289678314963538e+01
1.497855060599695065e+01
5.988603921450206258e+00
-4.127612098285794673e+00
-1.551566859531079956e+01
-2.802389833861414559e+01
-4.125461266535573657e+01
-5.468024407484102767e+01
-6.778451468249005529e+01
-8.018120523328863669e+01
-9.168840458593530229e+01
-1.023621605259371279e+02
-1.124878966663288793e+02
-1.225085060340789767e+02
-1.328798122378061919e+02
-1.438929591414318168e+02
-1.555443929512546219e+02
-1.675265715386235854e+02
-1.793585690817281488e+02
-1.906082597792567981e+02
-2.011140814796808058e+02
-2.111164002557014783e+02
-2.212491640787414440e+02
-2.323928796554176870e+02
-2.454247383422440407e+02
-2.609183816786688794e+02
-2.788585962374498308e+02
-2.984492816960500363e+02
-3.180860694885199109e+02
-3.355211097067342507e+02
-3.481860067579590918e+02
-3.535958608357800586e+02
-3.497452899166514158e+02
-3.354183637430241447e+02
-3.103650090063718494e+02
-2.753391986816745884e+02
-2.320256354391702303e+02
-1.828844956890897606e+02
-1.309277308649608642e+02
-7.942549772581492107e+01
-3.153714259583465207e+01
1.012621183359938470e+01
4.396158600989102894e+01
6.975217880145554261e+01
8.881808732697453479e+01
1.038170493034558319e+02
