-4.331137523056995065e+01
-8.674141789303463668e+01
-1.237119443893595445e+02
-1.495174648390471930e+02
-1.623791676903738335e+02
-1.635795326233828746e+02
-1.566913277330690732e+02
-1.462860843106996924e+02
-1.366048502716927828e+02
-1.305946748429421973e+02
-1.295178561731460434e+02
-1.331244531793689134e+02
-1.402224194757755811e+02
-1.493989893278719023e+02
-1.596312530801122307e+02
-1.705839238970240785e+02
-1.825262493969075024e+02
-1.959582146902042439e+02
-2.111511577230193950e+02
-2.278323541699660950e+02
-2.451634023839297924e+02
-2.620115467844101431e+02
-2.773691132969333921e+02
-2.907163205788547771e+02
-3.021690675901584200e+02
-3.123664065890733923e+02
-3.221709052737151069e+02
-3.323284959474168545e+02
-3.432336333830392050e+02
-3.548741524285954938e+02
-3.669307971934375701e+02
-3.789389280679891385e+02
-3.904185840045619216e+02
-4.009302676564104786e+02
-4.100770467746232271e+02
-4.175106467788574491e+02
-4.229875476170128650e+02
-4.264680699117423046e+02
-4.281968653418759345e+02
-4.286900229334964934e+02
-4.285975526463649317e+02
-4.284879286177871336e+02
-4.286601598999648104e+02
-4.290786890480694638e+02
-4.294473472210553950e+02
-4.293462576040720933e+02
-4.283152221102931776e+02
-4.258003130687598059e+02
-4.209564072077820356e+02
-4.123748380383221956e+02
-3.978618768087396234e+02
-3.744208230099319508e+02
-3.385668150022883083e+02
-2.870062748923500635e+02
-2.175546828929178105e+02
-1.300169824295751368e+02
-2.670910465664206868e+01
8.759974619199148549e+01
2.063463592499047650e+02
3.222618378278182831e+02
4.286007618067053500e+02
5.202068731516757225e+02
5.941739801889008277e+02
6.499727515473148287e+02
6.890559205626747143e+02
7.141018908252734718e+02
7.281576968825168024e+02
7.339443992697890735e+02
7.334883847138667079e+02
7.280915710572659236e+02
7.185218662320196472e+02
7.052482587202354125e+02
6.885818798752236489e+02
6.686845846147708698e+02
6.455051764972349702e+02
6.187465809412218505e+02
5.879440386562509957e+02
5.526682090188310212e+02
5.127943278094986681e+02
4.687343617751709530e+02
4.215335207497768124e+02
3.727841025367250722e+02
3.243878302320842408e+02
2.782614814219134587e+02
2.360859181454588622e+02
1.991449251272420327e+02
1.682395483446312880e+02
1.436439104820535420e+02
1.250874564130398170e+02
1.117751202955760021e+02
1.024704577691072842e+02
9.566180749790794380e+01
8.980657467055628729e+01
8.360745277753318305e+01
7.623593272548399113e+01
6.741627061795153963e+01
5.733491450142195589e+01
4.641842467586108256e+01
3.507376975331699498e+01
2.348251216507951966e+01
1.150503036119146749e+01
-1.285118068942953329e+00
-1.544680232595925418e+01
-3.144649925443934535e+01
-4.945718558771501705e+01
-6.928224216702646743e+01
-9.044455709492962114e+01
-1.123855606081213807e+02
-1.346582025041435884e+02
-1.570098314922111911e+02
-1.793229425892317863e+02
-2.014687968109780059e+02
-2.231792623127537354e+02
-2.440269566589698798e+02
-2.635338245358615836e+02
-2.813482296172056749e+02
-2.973935482116280014e+02
-3.119177353753245825e+02
-3.254304717940614751e+02
-3.385553215888299974e+02
-3.518397379620187166e+02
-3.655732519862995105e+02
-3.796652233190310994e+02
-3.936177536324980792e+02
-4.066051144847650676e+02
-4.176526800450647556e+02
-4.258874382134961252e+02
-4.307983154280881308e+02
-4.324183557677370118e+02
-4.313554169861546370e+02
-4.286580259738889254e+02
-4.255716834376070210e+02
-4.232666432620721366e+02
-4.225836424978040782e+02
-4.237924353506174953e+02
-4.263532152822839976e+02
-4.287243688171537315e+02
-4.283152221102931776e+02
-4.216796627887296722e+02
-4.049778597765682093e+02
-3.746358714259187650e+02
-3.280532769454931099e+02
-2.641884526835403904e+02
-1.838856454530013593e+02
-8.986913940727937700e+01
1.360334278068996383e+01
1.213631303592963064e+02
2.280901457687871527e+02
3.290258059241046453e+02
4.204752495255866620e+02
5.000188889200576909e+02
5.664565159964258783e+02
6.195783020039025359e+02
6.598772755034526654e+02
6.882947286918117697e+02
7.060392379234958753e+02
7.144675806554903374e+02
7.149891687802537490e+02
7.089612685075117042e+02
6.975671692147944896e+02
6.816989666803157206e+02
6.618891191679688291e+02
6.383357318047901572e+02
6.110344569950309506e+02
5.799752959498398468e+02
5.453182725765598207e+02
5.074614153850680509e+02
4.669686411074090984e+02
4.244101537247163947e+02
3.802322395241167214e+02
3.347682136127618833e+02
2.884186189925824806e+02
2.419105363238534494e+02
1.964681191510775875e+02
1.537489006498138338e+02
1.155232284261677620e+02
8.322692857440088687e+01
5.759751057735443425e+01
3.855246064707516496e+01
2.532195184454423753e+01
1.671501828857707750e+01
1.136747417326005838e+01
7.895929304181715125e+00
4.987175368338903958e+00
1.493833430964428111e+00
-3.440212365374410552e+00
-1.027804021806401380e+01
-1.908938578656243479e+01
-2.967406076692115846e+01
-4.174500869584714735e+01
-5.506809077332290769e+01
-6.949719437510027831e+01
-8.492095583509407675e+01
-1.011818883796064057e+02
-1.180200452018171831e+02
-1.350637126352135624e+02
-1.518681089382996561e+02
-1.679909302191858274e+02
-1.830836212840431756e+02
-1.969709826003638966e+02
-2.096961290595276068e+02
-2.215207197214346309e+02
-2.328805486165769310e+02
-2.443017160117396145e+02
-2.562883882828257356e+02
-2.692003074934716551e+02
-2.831479611019416325e+02
-2.979450519201987504e+02
-3.131535605846914905e+02
-3.282178942263474823e+02
-3.426300363372035918e+02
-3.560461602765531666e+02
-3.683106208861873370e+02
-3.794032626825838292e+02
-3.893602863726479768e+02
-3.982116844126784940e+02
-4.059503567714598944e+02
-4.125256024522738016e+02
-4.178483708228672526e+02
-4.218059524979452135e+02
-4.243002108590562784e+02
-4.253286546798099153e+02
-4.251035097599217920e+02
-4.241509158732229707e+02
-4.232850424587423959e+02
-4.233633607309421905e+02
-4.248213490614367061e+02
-4.271173361810109554e+02
-4.283152221102931776e+02
-4.250319759904218699e+02
-4.128654231701360686e+02
-3.872446202123113608e+02
-3.444881001507616816e+02
-2.827748921251894672e+02
-2.027552521543871649e+02
-1.076377641341439073e+02
-2.733896334969980302e+00
1.054311991081384861e+02
2.102351473137029245e+02
3.060285209959329222e+02
3.888828255925045028e+02
4.568456158167032868e+02
5.097174580775740651e+02
5.485275043307160558e+02
5.749382466425140592e+02
5.907567687202986235e+02
5.976282258030072398e+02
5.968965296127635156e+02
5.895721844443177133e+02
5.763545732653873301e+02
5.576907815291410770e+02
5.338735946123292706e+02
5.051697247564981694e+02
4.719482794665665892e+02
4.347753653544771737e+02
3.944498978302772230e+02
3.519629971803911985e+02
3.083724356131975810e+02
2.646087050981443554e+02
2.212686235628962663e+02
1.784839628055904655e+02
1.359483670110239188e+02
