-1.852984064214759030e+01
-4.342854743318235933e+01
-6.538353333418096724e+01
-8.219648205954473497e+01
-9.288745333264030535e+01
-9.775145323161584088e+01
-9.805050137767122465e+01
-9.550989497557048935e+01
-9.180941928440886102e+01
-8.821054862616669823e+01
-8.538631380765880863e+01
-8.345369174027626968e+01
-8.215561675024196120e+01
-8.110398438612433836e+01
-7.999045708821984135e+01
-7.870361957787866913e+01
-7.733904740436076963e+01
-7.612744223324125414e+01
-7.532613337697787870e+01
-7.512278541060766202e+01
-7.558744286853959693e+01
-7.668284868275688382e+01
-7.831413491084063594e+01
-8.038130987482544754e+01
-8.280183901143301739e+01
-8.549695047537061043e+01
-8.836692262270287301e+01
-9.128944117988721985e+01
-9.415185010665962295e+01
-9.689614547734601047e+01
-9.954393448937858579e+01
-1.021822802722295052e+02
-1.049153145878562015e+02
-1.078046407812513223e+02
-1.108259797141050740e+02
-1.138613512812382851e+02
-1.167307698135162184e+02
-1.192496639617707643e+02
-1.212852791113089523e+02
-1.227874109844453727e+02
-1.237862858983809673e+02
-1.243689414813371457e+02
-1.246523578448915686e+02
-1.247673736131118574e+02
-1.248573267739867987e+02
-1.250820689030412751e+02
-1.256078012408985813e+02
-1.265657246359214980e+02
-1.279780373841391565e+02
-1.296673754819342435e+02
-1.311770889691973139e+02
-1.317345167110013051e+02
-1.302860371616027351e+02
-1.256160065207355245e+02
-1.165339097561272439e+02
-1.020885373742058704e+02
-8.175912751679983614e+01
-5.558407974251117167e+01
-2.420687308771223201e+01
1.116643857997595113e+01
4.889353509753498628e+01
8.708923943514187727e+01
1.238565578571482604e+02
1.575180247715678945e+02
1.868072313181270090e+02
2.109826664917981702e+02
2.298398894052475043e+02
2.436253294382911463e+02
2.528827946068815322e+02
2.582783577059689151e+02
2.604502174851490963e+02
2.599201984993640622e+02
2.570795458903746749e+02
2.522284987110875818e+02
2.456284718608461617e+02
2.375346343973753278e+02
2.282047819402283437e+02
2.178989940553214808e+02
2.068784136855131806e+02
1.953947005672413297e+02
1.836582629500746862e+02
1.717887187644698201e+02
1.597710186470492886e+02
1.474492569353159865e+02
1.345793431722142373e+02
1.209338308805534012e+02
1.064219752787582252e+02
9.117559431937222314e+01
7.556597125381588853e+01
6.014837033488178264e+01
4.555811964249280521e+01
3.239294388799520164e+01
2.111124895720421435e+01
1.196350174281510803e+01
4.963199881025866844e+00
-9.981210179471133870e-02
-3.602867465194737662e+00
-5.999434266010872818e+00
-7.718764129271306729e+00
-9.091920822860902973e+00
-1.032873622029187644e+01
-1.153994293777915203e+01
-1.277466359775781868e+01
-1.404736880409677724e+01
-1.535129257212830112e+01
-1.667034869431702049e+01
-1.799736465843313482e+01
-1.935456924697457737e+01
-2.080773963948235661e+01
-2.246935769212778666e+01
-2.448971408343372502e+01
-2.703384358226017525e+01
-3.024140697640958564e+01
-3.417277458251950861e+01
-3.875748300479691721e+01
-4.377247262918052684e+01
-4.887566512659178386e+01
-5.369920008256902122e+01
-5.797235206909037686e+01
-6.161818175193398872e+01
-6.477409744690145033e+01
-6.772665797027109136e+01
-7.079721176098621527e+01
-7.423408094861729012e+01
-7.815170642729923145e+01
-8.252703167708099841e+01
-8.723865212094892740e+01
-9.212097317114570671e+01
-9.700469251460549458e+01
-1.017281252194346166e+02
-1.061262782793436941e+02
-1.100224426270464733e+02
-1.132475983119984164e+02
-1.156935395841441618e+02
-1.173777362322113618e+02
-1.184818002780366726e+02
-1.193336465013521490e+02
-1.203291427475761282e+02
-1.218138774603660579e+02
-1.239565905184394694e+02
-1.266433829151960708e+02
-1.294157380134917332e+02
-1.314709315655007345e+02
-1.317345167110013051e+02
-1.289966496796097317e+02
-1.220866879681358910e+02
-1.100559854628225196e+02
-9.234200473421057609e+01
-6.889157641204916160e+01
-4.022369805097927298e+01
-7.417857346198573509e+00
2.797755701926631389e+01
6.411248475625779975e+01
9.906003654504351630e+01
1.310623181684536576e+02
1.587468585909111596e+02
1.812672190230236708e+02
1.983438001452215076e+02
2.102087389111150628e+02
2.174784843380827795e+02
2.209853784750914372e+02
2.215996360319467442e+02
2.200717360862852559e+02
2.169251042321184002e+02
2.124244396933475798e+02
2.066269306423498620e+02
1.994935428532611468e+02
1.910120315076926261e+02
1.812800970650164913e+02
1.705196436909567410e+02
1.590271394628856569e+02
1.470914571611231452e+02
1.349201647956896863e+02
1.226073165806657954e+02
1.101524156103844092e+02
9.751284880893128104e+01
8.465951144701986664e+01
7.161402028267055186e+01
5.846383754206740946e+01
4.536392448112319187e+01
3.253454623428925174e+01
2.025723222677347124e+01
8.862080723632068668e+00
-1.301636018641142201e+00
-9.910160905245618324e+00
-1.671193413257428162e+01
-2.156143560588649422e+01
-2.443617727365341352e+01
-2.544339474590001871e+01
-2.482200530598289490e+01
-2.293679991439385546e+01
-2.025664241601496940e+01
-1.731048589631906864e+01
-1.462163506125348533e+01
-1.262968408190707414e+01
-1.161864859985556464e+01
-1.167411183462308877e+01
-1.268684956272402786e+01
-1.440493963591315030e+01
-1.651708148420900102e+01
-1.873821296169698059e+01
-2.087291563634843783e+01
-2.284764998274508940e+01
-2.471466669236728464e+01
-2.663165439480391328e+01
-2.881956872269782721e+01
-3.150342853856659175e+01
-3.484475002744476768e+01
-3.887902808179463676e+01
-4.347926944791640125e+01
-4.836921285071921517e+01
-5.319522574829940709e+01
-5.763737797814678032e+01
-6.151699432192633310e+01
-6.485513989966244708e+01
-6.785541336669867007e+01
-7.081595315401830248e+01
-7.400468906550537440e+01
-7.754716213878680264e+01
-8.137434280527492092e+01
-8.525630457446905552e+01
-8.890846128009086158e+01
-9.212000847117803914e+01
-9.484509516449466560e+01
-9.722139397926423499e+01
-9.951917369273077441e+01
-1.020525095669222395e+02
-1.050902999867946903e+02
-1.087916633668690309e+02
-1.131697794678850215e+02
-1.180697580374823588e+02
-1.231369972334198337e+02
-1.277634007191073238e+02
-1.310339566433124219e+02
-1.317345167110013051e+02
-1.284841199914289405e+02
-1.200032854754945646e+02
-1.054508794802388252e+02
-8.470942158406012368e+01
-5.850618288467237704e+01
-2.831950706225128300e+01
3.896853294435565829e+00
3.607475491110294286e+01
6.636647977389830544e+01
9.337392129295621146e+01
1.162409560082109863e+02
1.346161482123734459e+02
1.485211941805577567e+02
1.581821294947481533e+02
1.638828493799065313e+02
1.658773129879289172e+02
1.643662931905029723e+02
1.595277097788936658e+02
1.515846686007807875e+02
1.408876706898197426e+02
1.279741822062899530e+02
1.135643725242439643e+02
9.846988389200515712e+01
8.342827937738650235e+01
6.891346254398307281e+01
5.499854092095056046e+01
4.134684063214368166e+01
