3.518910998605998941e+01
8.824606686902286867e+01
1.339821978672636362e+02
1.670517156584347163e+02
1.853134396368649277e+02
1.898665955049760896e+02
1.841175966120404723e+02
1.724045641613983264e+02
1.587210602403849293e+02
1.458878496177994180e+02
1.352757280622884650e+02
1.269902235925468119e+02
1.203303112346860786e+02
1.143181561677775164e+02
1.081358265229215334e+02
1.013730447009727555e+02
9.406764065609571901e+01
8.658487624686650008e+01
7.941486924391111302e+01
7.296686131429349587e+01
6.741803879767390129e+01
6.264965981864800426e+01
5.828218869568609506e+01
5.379910046898417875e+01
4.872067935003884287e+01
4.276460812292272351e+01
3.593093804844203021e+01
2.848422023933215641e+01
2.085541711742808246e+01
1.351566517864671368e+01
6.866527888836954752e+00
1.164838630971988920e+00
-3.517231567842951989e+00
-7.297370674900854226e+00
-1.045171384976819340e+01
-1.335055755765799645e+01
-1.637674906268519237e+01
-1.984963432956875806e+01
-2.397314391934713740e+01
-2.881460448207486991e+01
-3.430981982565895549e+01
-4.028351541597001528e+01
-4.647307545538602369e+01
-5.255092034556685121e+01
-5.815477910980681031e+01
-6.294054260844589521e+01
-6.665789584791268396e+01
-6.922452625409063387e+01
-7.076187585339540931e+01
-7.156638454622874690e+01
-7.201966158767586990e+01
-7.247074225842629858e+01
-7.313563532960348823e+01
-7.404956733927603807e+01
-7.508612080454535942e+01
-7.603672229571589014e+01
-7.672549844791443263e+01
-7.711746986040679985e+01
-7.737159005694890368e+01
-7.780701555048736395e+01
-7.879061192951097325e+01
-8.059697224810554417e+01
-8.331016031186230464e+01
-8.681041369604427871e+01
-9.083381066560551176e+01
-9.505064102498771206e+01
-9.910879141207080067e+01
-1.026229615955046626e+02
-1.051289129637094817e+02
-1.060434290214268600e+02
-1.046714822520582260e+02
-1.002855110285488678e+02
-9.227170008079507113e+01
-8.030318570405738399e+01
-6.447603008065300401e+01
-4.534670656810800438e+01
-2.384391467794068831e+01
-1.079581983116909782e+00
2.187218182115570997e+01
4.414935176948178963e+01
6.518043903550736218e+01
8.466578293392595356e+01
1.024956546824447514e+02
1.186502600930978275e+02
1.331206772839471455e+02
1.458744150864343112e+02
1.568682232099474163e+02
1.660916297506735191e+02
1.736175130843207342e+02
1.796409905499352817e+02
1.844938926597909017e+02
1.886228606268901444e+02
1.925237955019433116e+02
1.966432280707896325e+02
2.012777917830056253e+02
2.065065906372279869e+02
2.121753368370266344e+02
2.179324998011704224e+02
2.233087308528191670e+02
2.278257436516738608e+02
2.311101167951489401e+02
2.329767828045207239e+02
2.334508577164730241e+02
2.327178770523763092e+02
2.310202663942860113e+02
2.285403419623327181e+02
2.253189196267468333e+02
2.212459126904460049e+02
2.161269966337090978e+02
2.097965127169439370e+02
2.022299638888887330e+02
1.936123957698794698e+02
1.843344318832959061e+02
1.749116398140664614e+02
1.658518409302755572e+02
1.575183556476742979e+02
1.500412073861169517e+02
1.433079538385933915e+02
1.370315315556063069e+02
1.308638466494140857e+02
1.245135477641960620e+02
1.178322300892195216e+02
1.108464696521655810e+02
1.037289361088464261e+02
9.671990929031963447e+01
9.002848564457548264e+01
8.375303882742632311e+01
7.785420531492329133e+01
7.218982261386263133e+01
6.659153164000228742e+01
6.094442947582508197e+01
5.523405577137084776e+01
4.954509432442488759e+01
4.402053017205093965e+01
3.880578857726224840e+01
3.400230271429123263e+01
2.964087831003899254e+01
2.566983137493103584e+01
2.195062988834503415e+01
1.826499749158017494e+01
1.434682141414933909e+01
9.946170690813850968e+00
4.912404030779370601e+00
-7.387295816822359029e-01
-6.815477188256892305e+00
-1.301641715968322899e+01
-1.904648702196841725e+01
-2.472234260904160408e+01
-3.001138981928009741e+01
-3.498923867972693813e+01
-3.974721093565842978e+01
-4.430453918236051436e+01
-4.857018205946916112e+01
-5.237141346530371777e+01
-5.553707494967886760e+01
-5.799831639520166959e+01
-5.985692877151586799e+01
-6.138475099098639021e+01
-6.295417795562066487e+01
-6.493341701244195008e+01
-6.758875035975542289e+01
-7.102287083468017670e+01
-7.516035840300175153e+01
-7.977887582498156860e+01
-8.457753014656795187e+01
-8.926595025918798854e+01
-9.364268491164820318e+01
-9.761745949888110374e+01
-1.011438747036591650e+02
-1.040788575200550241e+02
-1.060434290214268600e+02
-1.063787159112407181e+02
-1.042514477872818901e+02
-9.888760845884492312e+01
-8.983926043361184099e+01
-7.717084410312014597e+01
-6.148840444160360619e+01
-4.380435303704926753e+01
-2.529425549917544913e+01
-7.035112976725919509e+00
1.018924391958737630e+01
2.596343949785929794e+01
4.019351961399666351e+01
5.298006606581989786e+01
6.447458293375747473e+01
7.477101588345044547e+01
8.385585602100698566e+01
9.161531820642397861e+01
9.788394247525280889e+01
1.025128851883946624e+02
1.054368997357734514e+02
1.067250422278150523e+02
1.066047357990753426e+02
1.054489162861520839e+02
1.037205976227542834e+02
1.018864190863165078e+02
1.003296858228102622e+02
9.929341342414602423e+01
9.886246536084013314e+01
9.897268996448210032e+01
9.943278164874334379e+01
9.995518198775241103e+01
1.001975770080170065e+02
9.981173218712581274e+01
9.849113706793951906e+01
9.600977500533936393e+01
9.224806994196327992e+01
8.720404417826765098e+01
8.098948630220317568e+01
7.381529239961119515e+01
6.597158227990203727e+01
5.780036862934763064e+01
4.965105540282294783e+01
4.181754058983348443e+01
3.447532976327867260e+01
2.764610782195092042e+01
2.120626438661201973e+01
1.493574909779520965e+01
8.588276684174111608e+00
1.959842501086065170e+00
-5.060346825570270823e+00
-1.246104235955492712e+01
-2.010164848925784042e+01
-2.773010220875482545e+01
-3.503312425431971633e+01
-4.171672461050265213e+01
-4.759411183888494179e+01
-5.264213187082825840e+01
-5.699387424948706382e+01
-6.086801272076365876e+01
-6.447486711580556573e+01
-6.795146627591348931e+01
-7.134950269978538984e+01
-7.465854927954873688e+01
-7.783219757048512122e+01
-8.080296620341169955e+01
-8.349535143837987050e+01
-8.585185468108240059e+01
-8.787308613951124414e+01
-8.965268376495777147e+01
-9.137750628113637674e+01
-9.327547092186188138e+01
-9.552388020875896757e+01
-9.815853256181031838e+01
-1.010259602186955306e+02
-1.037982241670440118e+02
-1.060434290214268600e+02
-1.073302853749068362e+02
-1.073373409434257297e+02
-1.059329586489270696e+02
-1.031998036182881151e+02
-9.940355964985853632e+01
-9.493675855135219877e+01
-9.028058485294526747e+01
-8.600621540749384053e+01
-8.279407538811281597e+01
-8.141570840470166104e+01
-8.262654991382076730e+01
-8.696298462233239945e+01
-9.450222703807513369e+01
-1.046930673956424158e+02
-1.163655772861892359e+02
