-4.478170538630472919e+01
-3.163242462446716985e+01
-2.064409374376367623e+01
-1.342067676704728285e+01
-1.066827830904572849e+01
-1.216821095560560373e+01
-1.699310092918601001e+01
-2.383013201395512581e+01
-3.130470236160794073e+01
-3.825568509526230088e+01
-4.393792597976181469e+01
-4.812075348118625584e+01
-5.105712404904013368e+01
-5.333492518053983389e+01
-5.566228447762843246e+01
-5.865283538704407107e+01
-6.266451954344163511e+01
-6.772020665822998353e+01
-7.351210933287377713e+01
-7.947728178794605469e+01
-8.493074874362423543e+01
-8.923954485217424804e+01
-9.200399905195473593e+01
-9.319409483994468246e+01
-9.318717303676642416e+01
-9.267791691144668675e+01
-9.248062626911450934e+01
-9.329542559480805153e+01
-9.552683458223434343e+01
-9.920938898270131290e+01
-1.040400339566212153e+02
-1.094829882366577323e+02
-1.149100535168597048e+02
-1.197475021001250468e+02
-1.236021251847271003e+02
-1.263365320808016463e+02
-1.280700781205279952e+02
-1.291008412539967765e+02
-1.297650687989118126e+02
-1.302634683915340474e+02
-1.304931119070940042e+02
-1.299345853067527230e+02
-1.276452676290381874e+02
-1.223870198577114650e+02
-1.128735850800972287e+02
-9.807840283492198807e+01
-7.751712277927515515e+01
-5.142282481898745061e+01
-2.076319115635360646e+01
1.290732415814030709e+01
4.772375845995972554e+01
8.184243097937604716e+01
1.137380354059480396e+02
1.423920236662020784e+02
1.673452017859576983e+02
1.886379076769426035e+02
2.066853906184133223e+02
2.221285758657527083e+02
2.356807222086391675e+02
2.479798256545240918e+02
2.594607960073263939e+02
2.702723250149800833e+02
2.802661867962899009e+02
2.890696500267638385e+02
2.962203902579761916e+02
3.013203396260667546e+02
3.041642373899044856e+02
3.048103727344628737e+02
3.035726038186618325e+02
3.009294608948629843e+02
2.973753615314927856e+02
2.932682306857201411e+02
2.887335834847983733e+02
2.836582132150678035e+02
2.777637580758909053e+02
2.707209599900913304e+02
2.622636288280135659e+02
2.522744922200390931e+02
2.408260915778230640e+02
2.281703976029925798e+02
2.146879848929679611e+02
2.008218286717719820e+02
1.870180609223700969e+02
1.736814143561068136e+02
1.611433181821679455e+02
1.496414019466182594e+02
1.393127551607213945e+02
1.302022389772259316e+02
1.222811801872951349e+02
1.154648385604200485e+02
1.096160385394376249e+02
1.045336874178169921e+02
9.994252575035817188e+01
9.550725875932801046e+01
9.088303373479055836e+01
8.579358805033869828e+01
8.010866344107512305e+01
7.388401369143166164e+01
6.734172246963649400e+01
6.079984739833618335e+01
5.458310226637533447e+01
4.894442583410420866e+01
4.401252518369455657e+01
3.977262049325398863e+01
3.608750227895691154e+01
3.275774020655260443e+01
2.959931524903843325e+01
2.650331061318751580e+01
2.345125261976728126e+01
2.048206163868933061e+01
1.762735627296989094e+01
1.484829560758544176e+01
1.201371207951270037e+01
8.941839879215407905e+00
5.489082291726589347e+00
1.636475335311189383e+00
-2.477692679722565572e+00
-6.602039302162410195e+00
-1.047559181159878960e+01
-1.394439569651440536e+01
-1.704043944484587314e+01
-1.998814598409300913e+01
-2.313019039969599078e+01
-2.679523029216123575e+01
-3.115898472669248065e+01
-3.616244856713805689e+01
-4.153062225376984884e+01
-4.688398281613234531e+01
-5.188257319466413264e+01
-5.632625437023935433e+01
-6.016688787658844717e+01
-6.344566481586244322e+01
-6.621191861014980873e+01
-6.848243517391449586e+01
-7.026498238775928940e+01
-7.162236393344426233e+01
-7.272494640444540437e+01
-7.384662400433290941e+01
-7.529392208839581713e+01
-7.729695045752197302e+01
-7.991215714836752682e+01
-8.298332323367566232e+01
-8.618655585776613748e+01
-8.915547676303114599e+01
-9.164732256595883086e+01
-9.368043530700373367e+01
-9.557296846974128357e+01
-9.785244517482493620e+01
-1.010628503911320593e+02
-1.055366024320343286e+02
-1.112100295825471790e+02
-1.175456371834714560e+02
-1.235873429692128980e+02
-1.281281704233049652e+02
-1.299345853067527230e+02
-1.279618677932477624e+02
-1.215085757311187535e+02
-1.102855548769507834e+02
-9.439854492459269864e+01
-7.426923821964979311e+01
-5.053408727261141564e+01
-2.396101922011257557e+01
4.590996513927635192e+00
3.417497672848124068e+01
6.375885771873029029e+01
9.227423118464724894e+01
1.187289325155667257e+02
1.423554301261044657e+02
1.627365926232447180e+02
1.798530891478648357e+02
1.940271281063124889e+02
2.057805257281495983e+02
2.156605668813678562e+02
2.240944502451339986e+02
2.313102042685169408e+02
2.373290402596234117e+02
2.420120366788948445e+02
2.451369999799553909e+02
2.464833543657638586e+02
2.459080511470935448e+02
2.433994290676040180e+02
2.390985617361673405e+02
2.332826962748518156e+02
2.263130615309966061e+02
2.185563663775189127e+02
2.102967286490827519e+02
2.016633363889309010e+02
1.926009202234302222e+02
1.828975651716972948e+02
1.722634991694252733e+02
1.604380670127157487e+02
1.472942600573007041e+02
1.329077160144873346e+02
1.175632017199459369e+02
1.016943214167208396e+02
8.578475579783214755e+01
7.027592971587802140e+01
5.551065587235133592e+01
4.171202364102168758e+01
2.898164353780124003e+01
1.730921106764370876e+01
6.598281219805350872e+00
-3.287556537863583372e+00
-1.246823848279183977e+01
-2.100392908222529087e+01
-2.888759150999252512e+01
-3.607986329935310721e+01
-4.256920519836021555e+01
-4.842328123006502949e+01
-5.379920371104035581e+01
-5.890311213339346352e+01
-6.392064622749452951e+01
-6.895694571855094068e+01
-7.401524523063957872e+01
-7.901618607794843285e+01
-8.383680966124845213e+01
-8.834409849368361733e+01
-9.241280947858560069e+01
-9.593705727153133012e+01
-9.885315635574116300e+01
-1.011812743081137285e+02
-1.030713638607847429e+02
-1.048188482212262613e+02
-1.068148245019845035e+02
-1.094230945204433283e+02
-1.128220731420895646e+02
-1.168867552882202858e+02
-1.211852607939665631e+02
-1.251147640435839605e+02
-1.281262549296556017e+02
-1.299345853067527230e+02
-1.306147137050201081e+02
-1.305439578046481017e+02
-1.302290824032403691e+02
-1.301108420733434059e+02
-1.304365711430510544e+02
-1.312407492988863282e+02
-1.324118875301869878e+02
-1.337871491017386916e+02
-1.352180329390472480e+02
-1.365848468753460452e+02
-1.377795418165144952e+02
-1.386933525043301643e+02
-1.392277061655264845e+02
-1.393192396552152559e+02
-1.389608681863925597e+02
-1.382085570861230224e+02
-1.371690019452121305e+02
-1.359644224889008797e+02
-1.346800351291746551e+02
-1.333187173074256009e+02
-1.317962731047655041e+02
-1.299921702512206707e+02
-1.278353330672947692e+02
-1.253816401350597687e+02
-1.228438812357804863e+02
-1.205573781357637699e+02
-1.188904191119474376e+02
-1.181284442696705952e+02
-1.183702918491223102e+02
-1.194732791513338412e+02
-1.210711173860658221e+02
