4.695008450237472175e+01
-2.751548069905895488e+01
-9.241910060194700804e+01
-1.406400466897531203e+02
-1.691388947878538147e+02
-1.791285863711379989e+02
-1.749993087417275888e+02
-1.625804781390902178e+02
-1.474181963010743175e+02
-1.335727804190821928e+02
-1.231456381273246450e+02
-1.164645609306408574e+02
-1.126771402848997923e+02
-1.104535808931599945e+02
-1.085631127873460571e+02
-1.062061764093289469e+02
-1.030964413846845957e+02
-9.935833364686442337e+01
-9.533326914037357369e+01
-9.138290441333776926e+01
-8.775377571562646040e+01
-8.453236411853791310e+01
-8.168058398897355232e+01
-7.911353657543799045e+01
-7.677365031101425075e+01
-7.466391330531138237e+01
-7.282363969848844931e+01
-7.126226784438827622e+01
-6.989638313854950979e+01
-6.853898361283674490e+01
-6.695995607013406925e+01
-6.499167464543268125e+01
-6.262431366077970551e+01
-6.003989219093421070e+01
-5.756636336365269813e+01
-5.557311402667139077e+01
-5.435541873004490299e+01
-5.405327776754751312e+01
-5.462499600964602564e+01
-5.587133378546883478e+01
-5.749678269740445558e+01
-5.919072619011583924e+01
-6.069932178274922308e+01
-6.184689351263969570e+01
-6.247657212271690241e+01
-6.232170994204903991e+01
-6.086910936132474603e+01
-5.729628339479012311e+01
-5.053830020942774581e+01
-3.947693928607333191e+01
-2.318444287472976839e+01
-1.136272356949149298e+00
2.666191818249768630e+01
5.964317957863299569e+01
9.673208389411740882e+01
1.364692929447750771e+02
1.771909950616333163e+02
2.172292218178423582e+02
2.550921534471419534e+02
2.896027140523995058e+02
3.199975152490332562e+02
3.459849597176034877e+02
3.677385871070297299e+02
3.857986029580612808e+02
4.008875952185178448e+02
4.136912107571791353e+02
4.246775292445513514e+02
4.340158037717534967e+02
4.416129027539496406e+02
4.472360484617178713e+02
4.506602630358094643e+02
4.517811378567702718e+02
4.506594313476596199e+02
4.474977461966500414e+02
4.425766182550124199e+02
4.361831750523954838e+02
4.285497439253835523e+02
4.198059265665877433e+02
4.099543207678111116e+02
3.988916563267499100e+02
3.864850242610823443e+02
3.726776986154584392e+02
3.575720801628081631e+02
3.414438181020141201e+02
3.246777308451394219e+02
3.076599952280123489e+02
2.906858397948616357e+02
2.739297182515463192e+02
2.574819217291070572e+02
2.414150433088644263e+02
2.258368833955744321e+02
2.109094129417837848e+02
1.968356481051724245e+02
1.838208886318217878e+02
1.720151502262309577e+02
1.614561466383947845e+02
1.520466079346535366e+02
1.435900433366412301e+02
1.358717738895074376e+02
1.287371154326086184e+02
1.221163949813799832e+02
1.159793598742861320e+02
1.102481805520276481e+02
1.047281979600946045e+02
9.910668399052381972e+01
9.302963388707689774e+01
8.622516205714129001e+01
7.861877587747554230e+01
7.038315721463264651e+01
6.188932021207765644e+01
5.357771296895938917e+01
4.581620742772992116e+01
3.881613654948213821e+01
3.263399286743963046e+01
2.723102901957979327e+01
2.253363570564604856e+01
1.844850956914865492e+01
1.482735558172724666e+01
1.141793589847301860e+01
7.852893695236062399e+00
3.704773072184465832e+00
-1.408265372065116594e+00
-7.712680071078352739e+00
-1.520893547318283368e+01
-2.365757179870936966e+01
-3.261916049251244942e+01
-4.153794494387256009e+01
-4.985393957323182690e+01
-5.712173303669618463e+01
-6.311171444317582768e+01
-6.787135480574104918e+01
-7.172552900652397057e+01
-7.520007261155086553e+01
-7.887460103232635333e+01
-8.320635254403470071e+01
-8.839180456901118532e+01
-9.432487932234974437e+01
-1.006692032995694319e+02
-1.070076319526767747e+02
-1.129968289928961269e+02
-1.184605998643672251e+02
-1.233961152225099056e+02
-1.279134103667866498e+02
-1.321556111037083099e+02
-1.362451618351072682e+02
-1.402747105764812545e+02
-1.443298931991159861e+02
-1.485155022333140664e+02
-1.529585916746863461e+02
-1.577711815480022608e+02
-1.629675856656086239e+02
-1.683531404697598646e+02
-1.734295890165493859e+02
-1.773745816638200949e+02
-1.791285863711379989e+02
-1.775740762606948522e+02
-1.717517990354853623e+02
-1.610466411617612721e+02
-1.452844452491448521e+02
-1.247160356267813199e+02
-9.991283976808628609e+01
-7.163698904566956571e+01
-4.074986681985259906e+01
-8.185182022015077052e+00
2.503596964387550727e+01
5.779944918474265592e+01
8.894946559807542030e+01
1.174113667394290985e+02
1.423528151286587615e+02
1.633174173844432175e+02
1.802718618925340479e+02
1.935501285910270894e+02
2.037241595703237920e+02
2.114512255549815336e+02
2.173403171484598317e+02
2.218581515359871332e+02
2.252778182671754053e+02
2.276684370676424010e+02
2.289273798328609928e+02
2.288541876636132315e+02
2.272492107286772978e+02
2.239995348652361145e+02
2.191118799578221115e+02
2.126787335450437411e+02
2.048050632953660113e+02
1.955472776993396451e+02
1.849041022909566436e+02
1.728602872037641305e+02
1.594488520205165116e+02
1.447914737812773751e+02
1.291000533533131147e+02
1.126513638530554147e+02
9.575527165379466510e+01
7.872508137217307933e+01
6.184952801535445133e+01
4.537246325144384684e+01
2.949245451549813879e+01
1.438358460638782077e+01
2.211441251572381361e-01
-1.280724466766778846e+01
-2.451370224345792082e+01
-3.474588824541239518e+01
-4.344354400345265788e+01
-5.070062448276715372e+01
-5.679887293347704968e+01
-6.217583356334350242e+01
-6.731849005011366671e+01
-7.261864168943827735e+01
-7.825513219064013981e+01
-8.415862495945766852e+01
-9.007261738785857119e+01
-9.567774844573590087e+01
-1.007235900836571147e+02
-1.051212105732142987e+02
-1.089754499857193366e+02
-1.125578284980264669e+02
-1.162318898914598435e+02
-1.203468854597717552e+02
-1.251209055338784708e+02
-1.305450229798277917e+02
-1.363495573634261291e+02
-1.420663938792673662e+02
-1.471844899909339688e+02
-1.513403120523021244e+02
-1.544525572502780335e+02
-1.567368038745561876e+02
-1.586036620290250028e+02
-1.604986917839773355e+02
-1.627526464516305964e+02
-1.654893441896171282e+02
-1.686091593835565163e+02
-1.718410795275568717e+02
-1.748420924861927688e+02
-1.773175867347198960e+02
-1.791285863711379989e+02
-1.803421181733939420e+02
-1.811929185680425576e+02
-1.819679463009579194e+02
-1.828714785681767978e+02
-1.839402998659713830e+02
-1.850476986493058007e+02
-1.859844943767262464e+02
-1.865665645064009084e+02
-1.867126856068700249e+02
-1.864632485252631682e+02
-1.859478139760203703e+02
-1.853325424353652977e+02
-1.847758664681086600e+02
-1.843993308630460035e+02
-1.842624742132716733e+02
-1.843365340527056730e+02
-1.844948468351722681e+02
-1.845451412093341901e+02
-1.843013607051816223e+02
-1.836545353072817193e+02
-1.825956795015063108e+02
-1.811787726734572175e+02
-1.794574330527171355e+02
-1.774473707387510331e+02
-1.751443165769245525e+02
-1.725801772594156489e+02
-1.698657196483641485e+02
