1.701739781153667863e+00
-4.164319883995148075e+01
-7.942816948841017677e+01
-1.074218202846100354e+02
-1.234852861959463155e+02
-1.276526324898331239e+02
-1.216151089363864060e+02
-1.079231718475256798e+02
-8.922836859018558187e+01
-6.777618528379220209e+01
-4.521074132675790480e+01
-2.262484196920155455e+01
-7.240250683592712733e-01
2.001798116218956380e+01
3.927367874896224009e+01
5.683716300917080844e+01
7.261384642760970110e+01
8.658764642577072834e+01
9.876652418349699758e+01
1.091374700149479651e+02
1.176617942726748396e+02
1.243155620304584232e+02
1.291504608167961976e+02
1.323388370120525792e+02
1.341807738277411488e+02
1.350770891117709027e+02
1.354847604070346279e+02
1.358635185082190446e+02
1.366126807786749850e+02
1.380005382146101738e+02
1.400999772801527001e+02
1.427523068578977927e+02
1.455779338531448275e+02
1.480356605842263775e+02
1.495137908599954244e+02
1.494314643341930093e+02
1.473354334286302105e+02
1.429799161438237718e+02
1.363725948710830380e+02
1.277725903093799928e+02
1.176406198247385504e+02
1.065553159214641710e+02
9.511710505837086771e+01
8.386480371756810825e+01
7.322452530550732774e+01
6.349186274992942458e+01
5.483151816668846124e+01
4.728030251858825039e+01
4.075460038576500210e+01
3.507201322042208602e+01
2.998959269786988813e+01
2.524898123745698442e+01
2.061633593869283487e+01
1.591125909618230239e+01
1.102367118688972703e+01
5.917277899138897013e+00
6.182622675844218207e-01
-4.808325715285796775e+00
-1.028680841914633959e+01
-1.575445634648616533e+01
-2.117471384707268101e+01
-2.653850781090611122e+01
-3.185277634999857810e+01
-3.711795629002821784e+01
-4.230474530921345888e+01
-4.734511525959094769e+01
-5.214399284419479130e+01
-5.660495873786211263e+01
-6.065887775922978875e+01
-6.428723803956927441e+01
-6.753436844815986717e+01
-7.050453815241843358e+01
-7.334430934879983965e+01
-7.621533020931441627e+01
-7.926422851746765730e+01
-8.259419576219194425e+01
-8.624042413830105147e+01
-9.015254973000897110e+01
-9.419092832718659736e+01
-9.814389371885037860e+01
-1.017672268527626755e+02
-1.048392701720723466e+02
-1.072195998866047830e+02
-1.088951030665941602e+02
-1.099950148241896386e+02
-1.107617444710120935e+02
-1.114800568173611452e+02
-1.123854205281812710e+02
-1.135829719283976402e+02
-1.150089937571121226e+02
-1.164558862711416083e+02
-1.176569764174557946e+02
-1.183973041056576250e+02
-1.186004127802997772e+02
-1.183528921267704277e+02
-1.178621911442378689e+02
-1.173772835618819812e+02
-1.171145715909913889e+02
-1.172175422250311669e+02
-1.177508610773657125e+02
-1.187083541263686044e+02
-1.200148405492683423e+02
-1.215215902271146007e+02
-1.230143737703276656e+02
-1.242529765689919827e+02
-1.250413287522207071e+02
-1.253037581178002000e+02
-1.251322162487274312e+02
-1.247770692432319919e+02
-1.245733229889260656e+02
-1.248152407574743137e+02
-1.256097249269104594e+02
-1.267500119026316412e+02
-1.276526324898331239e+02
-1.273888906320140819e+02
-1.248190645611496876e+02
-1.188097910224293088e+02
-1.084885755851508407e+02
-9.346991401108824959e+01
-7.398453492153078059e+01
-5.086791743109200326e+01
-2.541178491710027387e+01
8.739676349731277938e-01
2.652431684949110391e+01
5.034686213268425092e+01
7.156482213189335084e+01
8.984612724499801573e+01
1.052267361252536659e+02
1.179752756548382280e+02
1.284600238926915665e+02
1.370598482250693451e+02
1.441242581153117612e+02
1.499597611543821927e+02
1.548177880468488752e+02
1.588810152113887852e+02
1.622664379956521543e+02
1.650599310234947552e+02
1.673695758127691420e+02
1.693627199220086936e+02
1.712578452414390995e+02
1.732691238771311646e+02
1.755247415781107634e+02
1.779886482360086575e+02
1.804155776778169411e+02
1.823637770187332876e+02
1.832724886700589764e+02
1.825849227792444935e+02
1.798793930320123309e+02
1.749717474649866631e+02
1.679648014224703161e+02
1.592352342535698426e+02
1.493625058031313984e+02
1.390188073076307660e+02
1.288510441592255233e+02
1.193870796280622812e+02
1.109845517867451150e+02
1.038198717989394027e+02
9.790192192307327446e+01
9.309576873732983415e+01
8.915123918058445440e+01
8.574034010923287497e+01
8.250922775786020225e+01
7.914202040510819813e+01
7.542029411826042917e+01
7.125617782016880142e+01
6.668623897901079545e+01
6.183093233908419251e+01
5.683743617610463161e+01
5.182577083860139311e+01
4.685140138763320294e+01
4.189049033354621088e+01
3.685237146828978183e+01
3.162113978850025475e+01
2.611562587649020983e+01
2.034175624091534473e+01
1.441111436000676349e+01
8.518006994476088778e+00
2.887831532389336431e+00
-2.283013775174596915e+00
-6.878545472814966644e+00
-1.089339865135612584e+01
-1.443327997045766153e+01
-1.768369377249297614e+01
-2.085544763805572543e+01
-2.412504377498102315e+01
-2.758968540407135350e+01
-3.125039512187300517e+01
-3.502727730630702041e+01
-3.879893965922917687e+01
-4.244720169325295700e+01
-4.588893516937967831e+01
-4.908994868847621973e+01
-5.206664192017040449e+01
-5.488007218651927843e+01
-5.762117758717127458e+01
-6.038493020334824735e+01
-6.323518359193653282e+01
-6.616797660051835805e+01
-6.908885656676093845e+01
-7.182441574660649053e+01
-7.417892792819318970e+01
-7.602156311658993104e+01
-7.736398129308622629e+01
-7.838516278509545998e+01
-7.938680932700701476e+01
-8.069856988326635872e+01
-8.257274085596982616e+01
-8.510835205299026995e+01
-8.823219607775307338e+01
-9.174180500076479916e+01
-9.538796892615280854e+01
-9.895852165628674868e+01
-1.023320684717443072e+02
-1.054919902281981905e+02
-1.085090687102805447e+02
-1.115043192071424158e+02
-1.145966752381119562e+02
-1.178374652349668565e+02
-1.211416451874549836e+02
-1.242343323743530306e+02
-1.266297398061007442e+02
-1.276526324898331239e+02
-1.265077337602860865e+02
-1.223964444841840304e+02
-1.146664984400081977e+02
-1.029630647130288565e+02
-8.734092921691591016e+01
-6.830460204340320729e+01
-4.676365094593609939e+01
-2.391315641543220138e+01
-1.065159785181792884e+00
2.053489524905358010e+01
3.987123335970501614e+01
5.627048053087517587e+01
6.944699610595506556e+01
7.947967624887941440e+01
8.673206539564216655e+01
9.173609275796844997e+01
9.506667908902153385e+01
9.723793660178120035e+01
9.864438143937805137e+01
9.955198623916815848e+01
1.001250993837538061e+02
1.004681052215791084e+02
1.006650667593499264e+02
1.008048182149133964e+02
1.009774208512597511e+02
1.012324001030714129e+02
1.015098938838137741e+02
1.015795431442729182e+02
1.010271785721617590e+02
9.931328396541547932e+01
9.590169941537813258e+01
9.042993999313777920e+01
8.286941698610074525e+01
7.361601242322836924e+01
6.346468487337899234e+01
5.344892456565123950e+01
4.456299394719574281e+01
3.743638151306334549e+01
3.208329070730968624e+01
2.786212297860365084e+01
