2.680045967650484613e+02
4.445943818529610780e+01
-1.499725976587878336e+02
-2.936938534077614804e+02
-3.772049393499376038e+02
-4.033910584454806667e+02
-3.841637549449251310e+02
-3.353571162815128446e+02
-2.719179484499232444e+02
-2.047757771539119176e+02
-1.398391673085282036e+02
-7.875725779547047978e+01
-2.064134570241017741e+01
3.610227256780640914e+01
9.243274475692943781e+01
1.480770613622063934e+02
2.016097785252257211e+02
2.509618391925592391e+02
2.940713456846068539e+02
3.294513505182618474e+02
3.565428779714928851e+02
3.757983028064805922e+02
3.885029006745060087e+02
3.964078739375897840e+02
4.013022442837234394e+02
4.046589702348387618e+02
4.074421253024045200e+02
4.100865562555361521e+02
4.126039304742216700e+02
4.147519282730067971e+02
4.162120410780744919e+02
4.167317115430409444e+02
4.161972925262908234e+02
4.146275975259874258e+02
4.121080345877718969e+02
4.087020618100341380e+02
4.043721735441578176e+02
3.989276910485431245e+02
3.920054223826073780e+02
3.830882264950561762e+02
3.715715573971534695e+02
3.568859335552602374e+02
3.386626294191772217e+02
3.168974679129339620e+02
2.920488392936271680e+02
2.650212087417235693e+02
2.370272702842047465e+02
2.093655427426319307e+02
1.831783644892009306e+02
1.592630539556730582e+02
1.379924973739292113e+02
1.193609102470085475e+02
1.031215518565833520e+02
8.895008303100442504e+01
7.656543781324984366e+01
6.576712102691298867e+01
5.638951297930096018e+01
4.821397129615085220e+01
4.090098056514153768e+01
3.399146673117397199e+01
2.698296146559843578e+01
1.944377134538258645e+01
1.111461026129424212e+01
1.959656931482882669e+00
-7.849822635392349923e+00
-1.801359335784597704e+01
-2.821420698533057703e+01
-3.822031216540275977e+01
-4.794447367846636610e+01
-5.744345483277214726e+01
-6.687840279054321968e+01
-7.646327916209469322e+01
-8.641636336881231273e+01
-9.691221386257696224e+01
-1.080313378324947564e+02
-1.197185719813836045e+02
-1.317690527846433213e+02
-1.438533244412007548e+02
-1.555800465860407940e+02
-1.665846757097235127e+02
-1.766216696966884285e+02
-1.856275322969804336e+02
-1.937274841506435621e+02
-2.011852994296679924e+02
-2.083252942328039978e+02
-2.154638691233169538e+02
-2.228696385823770356e+02
-2.307422569274770012e+02
-2.391870980952067498e+02
-2.481791410755515130e+02
-2.575375407128385632e+02
-2.669419385875377770e+02
-2.760022368415705500e+02
-2.843619573320447671e+02
-2.917954147388753654e+02
-2.982619706604895100e+02
-3.038993396074728253e+02
-3.089595250960817339e+02
-3.137103591259775612e+02
-3.183387901881880566e+02
-3.228907082313402839e+02
-3.272664430899391164e+02
-3.312732344346593436e+02
-3.347217021945663191e+02
-3.375369269460570649e+02
-3.398382518592028418e+02
-3.419415371475768666e+02
-3.442641415980893953e+02
-3.471581745407942208e+02
-3.507402834340709887e+02
-3.548015279954049674e+02
-3.588518728630161263e+02
-3.622907895314936013e+02
-3.646365301060595812e+02
-3.657250474823796367e+02
-3.658078969360819883e+02
-3.655183683933896646e+02
-3.657170913000881569e+02
-3.672606109482165948e+02
-3.707543295288618879e+02
-3.763521239592384973e+02
-3.836457256630529855e+02
-3.916512732350118426e+02
-3.988689910137310335e+02
-4.033910584454806667e+02
-4.030614716718791897e+02
-3.957131441358600341e+02
-3.794877392036757442e+02
-3.531982571058262010e+02
-3.166473428195433257e+02
-2.708040993384981334e+02
-2.177722030576855445e+02
-1.605344436046795522e+02
-1.025131940479216155e+02
-4.703465815430431007e+01
3.177880132084652587e+00
4.634999510140372081e+01
8.175698238777309257e+01
1.095869526799437210e+02
1.306581211071128052e+02
1.461115291605470929e+02
1.571684941832935465e+02
1.649799508705003745e+02
1.705430723281998269e+02
1.746477071203887022e+02
1.778395494616318047e+02
1.804159709122154425e+02
1.824727070695105056e+02
1.839951303002788450e+02
1.849606780766894758e+02
1.854102210984257511e+02
1.854592209943155297e+02
1.852451189567631218e+02
1.848343978288521612e+02
1.841309878699540832e+02
1.828283875345846354e+02
1.804296508300791402e+02
1.763294810135004980e+02
1.699246778751187605e+02
1.607116062356678015e+02
1.483499289178744220e+02
1.327014054987378699e+02
1.138632447588343268e+02
9.220124113943853672e+01
6.836447909817781010e+01
4.325117463579093169e+01
1.790811567839165264e+01
-6.619437169030305768e+00
-2.943856543150312177e+01
-4.990610401650822325e+01
-6.764306221317615098e+01
-8.247623125719830739e+01
-9.435321234510041677e+01
-1.032904921291821552e+02
-1.093913082844773044e+02
-1.129182466879832418e+02
-1.143592553494079027e+02
-1.144208774235211479e+02
-1.139222000641149322e+02
-1.136196489469717221e+02
-1.140346449638136335e+02
-1.153608831767962783e+02
-1.174892270284667575e+02
-1.201279384947654876e+02
-1.229548567761765412e+02
-1.257389818437332991e+02
-1.283979545991699638e+02
-1.309876643676684580e+02
-1.336396431180050115e+02
-1.364749155164671208e+02
-1.395287724609504494e+02
-1.427137544316595381e+02
-1.458314107601324565e+02
-1.486279098244959300e+02
-1.508781837567369166e+02
-1.524749875463203352e+02
-1.534931959084387643e+02
-1.541995068934599544e+02
-1.549884413959228198e+02
-1.562528344478764097e+02
-1.582345370167354588e+02
-1.609225443880473279e+02
-1.640485647035925467e+02
-1.671821869085568437e+02
-1.698807663212139403e+02
-1.718298949590614484e+02
-1.729246235411629016e+02
-1.732745687544881150e+02
-1.731449122674164300e+02
-1.728590699650546298e+02
-1.726951288369897668e+02
-1.728136507523923910e+02
-1.732477373651732364e+02
-1.739564313256365153e+02
-1.749048227070857706e+02
-1.761181906989338586e+02
-1.776759887952988493e+02
-1.796522584682075205e+02
-1.820453727790014966e+02
-1.847451660027942353e+02
-1.875562145856006566e+02
-1.902608781320700473e+02
-1.926925379799733378e+02
-1.947954997973618561e+02
-1.966560763628388031e+02
-1.984947879378946709e+02
-2.006187864070471676e+02
-2.033480507819888885e+02
-2.069400120863049892e+02
-2.115368037282521811e+02
-2.171495299997299639e+02
-2.236814736475271275e+02
-2.309790831635693564e+02
-2.388887601955550508e+02
-2.472976573735348040e+02
-2.561501764051151895e+02
-2.654467788297542938e+02
-2.752379010013171410e+02
-2.856241046068012110e+02
-2.967635148588587413e+02
-3.088671604030962499e+02
-3.221464280344366671e+02
-3.366884406333083462e+02
-3.522762546738709943e+02
-3.682130119519102323e+02
-3.832248626392394613e+02
-3.955036242189538598e+02
-4.029191973065190950e+02
-4.033910584454806667e+02
-3.953558207625093246e+02
-3.782100561680076112e+02
-3.525747897375089224e+02
-3.202574312671263215e+02
-2.838822521458813526e+02
-2.462822215968142814e+02
-2.098391678714774002e+02
-1.759880148021203752e+02
-1.450526217812634400e+02
-1.164660006112468693e+02
-8.927558173956035148e+01
-6.269761368686944536e+01
-3.643990187433190897e+01
