6.625613502899699370e+01
-2.909079765810568574e+01
-1.123874401770624445e+02
-1.746072339487622003e+02
-2.117744065906871924e+02
-2.252163448234557563e+02
-2.202855050229894118e+02
-2.042511018572552075e+02
-1.841791050393813975e+02
-1.654084229985710408e+02
-1.508823321323607729e+02
-1.412743585972561107e+02
-1.356465703051541141e+02
-1.323126528641770108e+02
-1.296177057599238083e+02
-1.264457926836236652e+02
-1.223873984119058775e+02
-1.176127485032257596e+02
-1.125755575408884965e+02
-1.076960441062821303e+02
-1.031440725949431396e+02
-9.878340201052290581e+01
-9.427097906582122278e+01
-8.925226318727234798e+01
-8.356738669435753764e+01
-7.738365354944261298e+01
-7.119414691681782870e+01
-6.567095847473754588e+01
-6.142509679424432534e+01
-5.877233152493457169e+01
-5.760449450113733860e+01
-5.741800068787168243e+01
-5.748335107818914480e+01
-5.708488956381344792e+01
-5.574050250104070869e+01
-5.332844826621138168e+01
-5.008869101583164252e+01
-4.651059074343575617e+01
-4.315536119629817335e+01
-4.048198733363861379e+01
-3.874088821004812644e+01
-3.796733216557839796e+01
-3.805814711511848714e+01
-3.887739641755328535e+01
-4.033267337297613153e+01
-4.239103888191831970e+01
-4.503644830373835362e+01
-4.818550247376842322e+01
-5.157525824684654481e+01
-5.463461366781601214e+01
-5.636640632024986530e+01
-5.529583684049245562e+01
-4.955505024454382124e+01
-3.714597701822344789e+01
-1.635156125627838719e+01
1.381594292698750337e+01
5.327821317824107439e+01
1.007795898318415766e+02
1.540332133117936735e+02
2.100771721091253994e+02
2.657468415627892568e+02
3.181543200703534922e+02
3.650707788893468546e+02
4.051342430165086057e+02
4.378586133243119320e+02
4.634823497490224327e+02
4.827338300681333862e+02
4.965895958212850019e+02
5.060750283470036948e+02
5.121267027053206675e+02
5.155156712104724193e+02
5.168242375056997844e+02
5.164691161834045943e+02
5.147615373850978813e+02
5.119864685388905059e+02
5.084736955604748800e+02
5.046299999424894054e+02
5.009091900713452219e+02
4.977172533801180521e+02
4.952781720067382594e+02
4.935082271036091015e+02
4.919492646866350469e+02
4.897936360523061126e+02
4.860070606203857437e+02
4.795294068633666029e+02
4.695075127159454382e+02
4.554943566097903158e+02
4.375532798981669771e+02
4.162427366252597380e+02
3.925031565003693572e+02
3.674895010343315107e+02
3.423872307130402532e+02
3.182409955510742066e+02
2.958276454954175279e+02
2.756021378015285563e+02
2.577217105093266127e+02
2.421224835053581614e+02
2.286080490238529705e+02
2.169200487143596092e+02
2.067816659950716485e+02
1.979170568029244350e+02
1.900497610870608582e+02
1.828841689785758149e+02
1.760855876743494264e+02
1.692869521556538359e+02
1.621444439104087962e+02
1.544336487309573442e+02
1.461397090071844787e+02
1.374802537768672721e+02
1.288286533539136656e+02
1.205627763347212777e+02
1.129078165333140191e+02
1.058401651652126247e+02
9.908340974296118020e+01
9.218971637082250936e+01
8.467753812523272927e+01
7.618511750707540386e+01
6.659183941017241182e+01
5.606244432560437474e+01
4.499301721100557927e+01
3.387772508732534504e+01
2.315009047203892578e+01
1.306327041564864544e+01
3.655469101466735538e+00
-5.194566674842917564e+00
-1.366231432004138924e+01
-2.188227673870497370e+01
-2.990140182741018293e+01
-3.768143618811197371e+01
-4.513025268247869803e+01
-5.214462887307331584e+01
-5.865319203205092435e+01
-6.464825811948398382e+01
-7.019410904243130744e+01
-7.540479002957437160e+01
-8.039859733856306434e+01
-8.525045740417616003e+01
-8.996569330581164081e+01
-9.448831144298054596e+01
-9.874117565219469839e+01
-1.026787228838204271e+02
-1.063219807954252758e+02
-1.097528894497011152e+02
-1.130700749015551025e+02
-1.163322708122148583e+02
-1.195229357335446707e+02
-1.225596795429516419e+02
-1.253486809494561385e+02
-1.278560083172513089e+02
-1.301555493687834257e+02
-1.324303073691857549e+02
-1.349324949216077698e+02
-1.379207358351812616e+02
-1.415884065687894235e+02
-1.459949818090418034e+02
-1.510205098049466415e+02
-1.563693706824880110e+02
-1.616378520566777297e+02
-1.664319166513348307e+02
-1.704944885455316239e+02
-1.737946860461246672e+02
-1.765495001956338399e+02
-1.791775273447503878e+02
-1.822045955535879784e+02
-1.861448227324779054e+02
-1.913739360739830886e+02
-1.980027338258830127e+02
-2.057538580230304888e+02
-2.138522400873687275e+02
-2.209609701619177144e+02
-2.252163448234557563e+02
-2.244134527812296369e+02
-2.163518473966312285e+02
-1.992841389057756487e+02
-1.723504410402647409e+02
-1.358689037294470268e+02
-9.138631680351005571e+01
-4.145989320662918232e+01
1.077845036586010252e+01
6.215827600932656338e+01
1.099663749052632795e+02
1.522855748709013994e+02
1.881144950315390645e+02
2.172697368717996369e+02
2.401330119309670863e+02
2.573493369572699976e+02
2.695877662743511110e+02
2.774355414041001495e+02
2.814281527227873312e+02
2.821537435996700651e+02
2.803391061920618199e+02
2.768424048363619363e+02
2.725390553522015580e+02
2.681561480030180746e+02
2.641404460433031431e+02
2.606190674227423756e+02
2.574587855566795724e+02
2.543873676874019907e+02
2.511224044408525344e+02
2.474565861117730776e+02
2.432698778786764535e+02
2.384707903680016443e+02
2.328968827359514648e+02
2.262207253739486532e+02
2.179123050882157600e+02
2.072985255856983144e+02
1.937252864222603534e+02
1.767725861750002707e+02
1.564307371359276431e+02
1.331525606431601432e+02
1.077561362234875730e+02
8.122876560617302744e+01
5.452593475380446364e+01
2.844525780499840550e+01
3.602000629560819789e+00
-1.952216659541394961e+01
-4.051523427172843128e+01
-5.901301989723062036e+01
-7.474989377868679696e+01
-8.766539813881422560e+01
-9.800123162721781966e+01
-1.063090891148279127e+02
-1.133341692312363023e+02
-1.198152257427534266e+02
-1.262910116310284394e+02
-1.329936112107167219e+02
-1.398604972290341379e+02
-1.466443530633299588e+02
-1.530655439036599148e+02
-1.589466426690794378e+02
-1.642874135931241426e+02
-1.692658783777771134e+02
-1.741746041230380229e+02
-1.793188010578275566e+02
-1.849115658993950433e+02
-1.909982926462041064e+02
-1.974302689210506969e+02
-2.038941352025836409e+02
-2.099911379437746461e+02
-2.153445584733013618e+02
-2.196979792311348945e+02
-2.229652768340619104e+02
-2.252163448234557563e+02
-2.266188328459094805e+02
-2.273772242035796580e+02
-2.276999688831151047e+02
-2.277946285789482204e+02
-2.278667888071378798e+02
-2.281000357633003546e+02
-2.286184425008979701e+02
-2.294559573058218120e+02
-2.305552527136604226e+02
-2.317924763093964771e+02
-2.329999357297473921e+02
-2.339621653934213441e+02
-2.343910257104238326e+02
-2.339155290052809164e+02
-2.321264901650122567e+02
-2.286902481041735484e+02
-2.235021122722365590e+02
-2.168103343857123093e+02
-2.092323620314081154e+02
