-2.359839046157913955e+01
9.453747257098591206e+00
3.700441163521081478e+01
5.508774905405124400e+01
6.219533750441864584e+01
5.932780049574578385e+01
4.930117502542129415e+01
3.568275391988257184e+01
2.175615668952157478e+01
9.799715903698986708e+00
8.016932934874407835e-01
-5.412542806276650076e+00
-9.774523767129043250e+00
-1.347118362609074183e+01
-1.751707261646137681e+01
-2.250547919982489375e+01
-2.856063750812475988e+01
-3.544364785236270166e+01
-4.272951060113811650e+01
-4.997651151923536617e+01
-5.684103847546531796e+01
-6.312760413504037871e+01
-6.878463777542141599e+01
-7.386123429373525084e+01
-7.844330955681911632e+01
-8.259397651284905351e+01
-8.632259686416990974e+01
-8.959537072381290557e+01
-9.238252781291706128e+01
-9.471727864103044681e+01
-9.672680434807706717e+01
-9.860291688299471957e+01
-1.005184432053954424e+02
-1.025408708335948518e+02
-1.046047185647992421e+02
-1.065631066972106566e+02
-1.082802890870208330e+02
-1.097011125051350291e+02
-1.108586411969334762e+02
-1.118286640282992579e+02
-1.126687308974884303e+02
-1.133769512588294361e+02
-1.138870757945328194e+02
-1.140988837872453132e+02
-1.139327292974541024e+02
-1.133917774882383185e+02
-1.126121788523934129e+02
-1.118816008661848400e+02
-1.116119109104489269e+02
-1.122612918855162434e+02
-1.142132526425911863e+02
-1.176323038055201096e+02
-1.223237664470646564e+02
-1.276276508886965928e+02
-1.323782451427151159e+02
-1.349597914570886701e+02
-1.334736172062411583e+02
-1.260017895862841897e+02
-1.109212459210527015e+02
-8.720425131240911298e+01
-5.464018418267447430e+01
-1.393080974217647139e+01
3.335765957837821105e+01
8.497008534633766885e+01
1.382285790653239701e+02
1.903442385450760526e+02
2.387295124568067877e+02
2.812698981769913189e+02
3.165190295074103233e+02
3.437902066801075307e+02
3.631334324695296800e+02
3.752103343954922252e+02
3.811026327775464324e+02
3.821001186945512700e+02
3.795061644898518125e+02
3.744836007973655114e+02
3.679550377645662707e+02
3.605674264679905718e+02
3.527191642546454204e+02
3.446293151776210379e+02
3.364176181862209773e+02
3.281707538920293246e+02
3.199852146899693253e+02
3.119839345320555140e+02
3.043016627692960014e+02
2.970367789121328315e+02
2.901828408012177647e+02
2.835714179493182883e+02
2.768603591883683066e+02
2.695821597145218220e+02
2.612384923818734137e+02
2.514076032875845783e+02
2.398287239367761572e+02
2.264410373495183251e+02
2.113798018532184813e+02
1.949530933826894739e+02
1.776184728939873878e+02
1.599545025779785306e+02
1.426085874745521096e+02
1.262160603817650610e+02
1.113087749105706195e+02
9.824271539730085578e+01
8.716745556249294680e+01
7.804214837684007477e+01
7.068554831892288348e+01
6.484086468821905669e+01
6.023722404708176725e+01
5.663146831207246379e+01
5.381895715396879609e+01
5.161520278630501934e+01
4.982780104613838290e+01
4.824614197103942814e+01
4.666271381623199943e+01
4.491153066157441032e+01
4.289168912525042998e+01
4.055580328832548531e+01
3.787440183592899245e+01
3.480893855178553764e+01
3.131813598996789239e+01
2.739251875077086851e+01
2.308552058658896300e+01
1.850845520205976413e+01
1.378338715552783356e+01
8.981973639687240052e+00
4.092529153327163272e+00
-9.584199496876806279e-01
-6.238194861075740505e+00
-1.173264672723377089e+01
-1.731086022988968409e+01
-2.275694251144933844e+01
-2.785892112616538441e+01
-3.251334169716849942e+01
-3.679340552213692206e+01
-4.093973816481877748e+01
-4.526310894061063550e+01
-4.999191994211787460e+01
-5.513460075217042800e+01
-6.043043213059974050e+01
-6.542271423525508567e+01
-6.962825857688258679e+01
-7.273121855553003456e+01
-7.471737209488068743e+01
-7.589012465990370515e+01
-7.676206591411886393e+01
-7.787026778924189330e+01
-7.959039555661738063e+01
-8.201671822214910890e+01
-8.494620901079210284e+01
-8.796931865167701403e+01
-9.063568032087951565e+01
-9.263697175310039711e+01
-9.393861441057669026e+01
-9.480435404694719637e+01
-9.569678039593199514e+01
-9.709125095587162946e+01
-9.928265161720418064e+01
-1.022689492708890100e+02
-1.057599000246807179e+02
-1.093022242499481251e+02
-1.124621147576257840e+02
-1.149876823649567825e+02
-1.168950619886135485e+02
-1.184615608585414464e+02
-1.201355657421072749e+02
-1.223766604337209571e+02
-1.254428388119465012e+02
-1.291662229383483691e+02
-1.327918351171897484e+02
-1.349597914570886701e+02
-1.338691997282820410e+02
-1.275918661478314391e+02
-1.144518819464037733e+02
-9.337244055381049179e+01
-6.411468806238447371e+01
-2.736450695566966829e+01
1.534205945300593044e+01
6.182592441394063343e+01
1.095484462562015722e+02
1.559118421967100971e+02
1.985318344556231978e+02
2.354558516461651152e+02
2.653162893891501426e+02
2.874207454601123004e+02
3.017809902405974753e+02
3.090684669517580687e+02
3.104760421491685634e+02
3.074853037111170124e+02
3.015809896007020825e+02
2.939893649282598744e+02
2.855191851890331236e+02
2.765487656345744654e+02
2.671473250059266888e+02
2.572677092905582867e+02
2.469230325993365227e+02
2.362748041124490612e+02
2.256095147494239654e+02
2.152361982946606815e+02
2.053662129337672866e+02
1.960293952875217371e+02
1.870536299873247685e+02
1.781048820142613067e+02
1.687612785185573614e+02
1.585874886716351853e+02
1.471904290545612923e+02
1.342626857372260361e+02
1.196310970858407359e+02
1.033127356854708978e+02
8.555627237828045395e+01
6.684034535729675497e+01
4.781746024059511768e+01
2.921606205426878944e+01
1.173072772505753392e+01
-4.065420218543183140e+00
-1.776659010667501803e+01
-2.914697440983225363e+01
-3.816549283756138777e+01
-4.497526435243050003e+01
-4.992232118870052204e+01
-5.350438465691041756e+01
-5.627486848218978110e+01
-5.871141348838422402e+01
-6.110095937905903440e+01
-6.349903231854662522e+01
-6.578828619693733515e+01
-6.780908654691806703e+01
-6.949867484701195508e+01
-7.097602592984802072e+01
-7.253841512210834708e+01
-7.457237881335078100e+01
-7.741483613969869282e+01
-8.122292515245445088e+01
-8.591004487016869007e+01
-9.117386453865076135e+01
-9.659762448328439177e+01
-1.017775120345955742e+02
-1.064273340927228162e+02
-1.104282716443433969e+02
-1.138149498527883736e+02
-1.167131441735461266e+02
-1.192626979529307221e+02
-1.215635329811464658e+02
-1.236679475876823346e+02
-1.256124463376459062e+02
-1.274544578904262266e+02
-1.292766325626279809e+02
-1.311491531184690871e+02
-1.330754628685386933e+02
-1.349597914570886701e+02
-1.366178016647642721e+02
-1.378208310300508117e+02
-1.383451859200113176e+02
-1.380065884871779076e+02
-1.366872974416439206e+02
-1.343802109965047578e+02
-1.312575997873188385e+02
-1.277318107541659344e+02
-1.244482499461030898e+02
-1.221666271058631565e+02
-1.215412423356417122e+02
-1.228741537424381960e+02
-1.259491233297568158e+02
-1.300355404468771212e+02
