-9.084782905258890651e+00
-1.281614565049137511e+00
5.148587795384887755e+00
9.220513142258432993e+00
1.057001243825681058e+01
9.427635643474662430e+00
6.413693838882853271e+00
2.287988286481461131e+00
-2.239495713393026222e+00
-6.603162860852806126e+00
-1.040761470139178257e+01
-1.342670403907994015e+01
-1.559702188827592373e+01
-1.699950107565068080e+01
-1.781690722618279210e+01
-1.827377768929333968e+01
-1.858416158562541298e+01
-1.892667322981849054e+01
-1.944197461522434622e+01
-2.023322959982294833e+01
-2.135803421476067143e+01
-2.281633850381415130e+01
-2.454787679069185913e+01
-2.645287416652862333e+01
-2.844005071858524403e+01
-3.048543729245674783e+01
-3.266699543786211279e+01
-3.514238224506175357e+01
-3.806502750170202631e+01
-4.147191129109935304e+01
-4.520135946613106626e+01
-4.889352681803505618e+01
-5.208872807020305373e+01
-5.438638735179959838e+01
-5.559102933465636198e+01
-5.577792829817096276e+01
-5.525623727185491418e+01
-5.445808732710783318e+01
-5.380668443665705070e+01
-5.360996474864703742e+01
-5.400435724332208309e+01
-5.495194616120659248e+01
-5.628024654596632814e+01
-5.774579893796963859e+01
-5.910036364607849890e+01
-6.014365696154224139e+01
-6.075724690343277246e+01
-6.092175183915983894e+01
-6.071777546577821028e+01
-6.030628706360504765e+01
-5.988839670143980243e+01
-5.965743045578361858e+01
-5.976303307611319582e+01
-6.029819382494042657e+01
-6.130354887127661812e+01
-6.277190232090755728e+01
-6.463427557041541149e+01
-6.671730207674332291e+01
-6.868052355140112297e+01
-6.996474378251650705e+01
-6.979421513476809480e+01
-6.726337427849398409e+01
-6.150537065736476450e+01
-5.190230346540057127e+01
-3.827494550412256302e+01
-2.099045065328598625e+01
-9.467074283324095063e-01
2.057521929022563256e+01
4.216018349923307085e+01
6.254250870405030582e+01
8.083669310502348537e+01
9.664124848890355679e+01
1.099916463159819955e+02
1.212010526618290811e+02
1.306668185790961161e+02
1.387189272093924615e+02
1.455531844745003696e+02
1.512471430937475247e+02
1.558197384777260197e+02
1.592843608828327433e+02
1.616681997508777613e+02
1.630101182402810878e+02
1.633674008100737183e+02
1.628414602094890995e+02
1.616001634211625628e+02
1.598674456717177179e+02
1.578744518256791025e+02
1.557943818855094946e+02
1.536921789321034453e+02
1.515086064234904484e+02
1.490785660809983710e+02
1.461674730929684927e+02
1.425045627558043009e+02
1.378053317032881750e+02
1.318017151761051764e+02
1.243079761034269097e+02
1.153198052832283906e+02
1.050979197004384389e+02
9.417275380932056805e+01
8.324108903127080339e+01
7.298485268016617056e+01
6.388656821252725138e+01
5.611788930921829177e+01
4.954064148409010215e+01
4.380908724648746499e+01
3.852396749878627702e+01
3.337863905980696444e+01
2.825325665308147549e+01
2.323728434083264460e+01
1.858005580109633570e+01
1.458492444239446861e+01
1.147898458325676430e+01
9.302028013854368282e+00
7.856675437906975645e+00
6.745367238684799815e+00
5.491948422058250401e+00
3.708059601099506608e+00
1.231136779369801815e+00
-1.838676331809232067e+00
-5.225049651262935413e+00
-8.635562650879528235e+00
-1.190484774210968766e+01
-1.504957964045501484e+01
-1.822310894266908576e+01
-2.161106330093538475e+01
-2.532698888115985625e+01
-2.935038119065546880e+01
-3.351940225458169209e+01
-3.756845278578165903e+01
-4.119478679075899663e+01
-4.414053402800965387e+01
-4.627431467311436109e+01
-4.764943237590037484e+01
-4.851297761747690629e+01
-4.924926223137693171e+01
-5.026321054381239151e+01
-5.183886794646507212e+01
-5.402920588466319884e+01
-5.662825881230153868e+01
-5.924216851680029094e+01
-6.143010521580697514e+01
-6.285586328616746243e+01
-6.339049974293548928e+01
-6.313243113462004885e+01
-6.234955780803274195e+01
-6.137761494000889684e+01
-6.051625122544132296e+01
-5.995534263844918144e+01
-5.975094102489737224e+01
-5.985304176241977814e+01
-6.016576333627261874e+01
-6.060833275998668057e+01
-6.115344525579500612e+01
-6.183741956328931622e+01
-6.274506307806420580e+01
-6.396850455714711359e+01
-6.553705924833977292e+01
-6.732498620114407117e+01
-6.896279309248004097e+01
-6.979421513476809480e+01
-6.892175326387490486e+01
-6.535999846765338361e+01
-5.827426258648881685e+01
-4.723701053060219124e+01
-3.241142248307691176e+01
-1.458033832340144897e+01
5.011053131966249907e+00
2.495243556886426362e+01
4.399504456278869924e+01
6.128842193273990091e+01
7.645788786134048109e+01
8.952685257405121888e+01
1.007437372287345596e+02
1.103933625297393633e+02
1.186623915169583370e+02
1.255978770186667504e+02
1.311555571385697476e+02
1.352949559133916466e+02
1.380613187067710328e+02
1.396099933341803876e+02
1.401680272946033767e+02
1.399651312474863971e+02
1.391759181737962194e+02
1.378950858891857933e+02
1.361409125453748743e+02
1.338721463316441600e+02
1.310086035274418919e+02
1.274538847192018096e+02
1.231215902040514720e+02
1.179636128825213603e+02
1.119938897849759059e+02
1.052983529030816356e+02
9.802442319304599039e+01
9.035057438440183830e+01
8.244604750601092746e+01
7.443732904569154130e+01
6.639502363680674080e+01
5.834411902213793155e+01
5.029143282697380357e+01
4.225958273521186470e+01
3.431425305922154934e+01
2.657261695313397354e+01
1.918978369826828967e+01
1.233275924200247609e+01
6.156864433825351313e+00
7.926400722202764371e-01
-3.662074373829605989e+00
-7.157254345810160068e+00
-9.718406310366908940e+00
-1.147748564488129475e+01
-1.268750227873105985e+01
-1.370206272665605240e+01
-1.491292206126231434e+01
-1.665889918051885488e+01
-1.913813599090648765e+01
-2.235852340464160903e+01
-2.614548028859631046e+01
-3.020319848865688428e+01
-3.420530920769652283e+01
-3.787958346166803381e+01
-4.105592540803182544e+01
-4.366789467814865588e+01
-4.572109309862207027e+01
-4.725243703810009777e+01
-4.830226338100231942e+01
-4.891267843888658717e+01
-4.915156704936666188e+01
-4.914389206156609191e+01
-4.908282627566701706e+01
-4.920472088596905280e+01
-4.973587410715732915e+01
-5.083528075360456455e+01
-5.255738818253053068e+01
-5.484774776661635087e+01
-5.756775089098863418e+01
-6.052770826201680165e+01
-6.350408624973276517e+01
-6.623691610514941885e+01
-6.843152077482602635e+01
-6.979421513476809480e+01
-7.010709922855741638e+01
-6.931524017702696483e+01
-6.758406675512128459e+01
-6.529295726230972718e+01
-6.295773522666790711e+01
-6.110544532114032279e+01
-6.014096211496651989e+01
-6.024138218622618979e+01
-6.130364869635925373e+01
-6.296308447120415508e+01
-6.468648137549590160e+01
-6.591626227622427336e+01
-6.621851199929767517e+01
-6.538794820121395901e+01
-6.348445641454388522e+01
-6.080023305922621546e+01
-5.777294946992481783e+01
-5.486947992748361003e+01
-5.246825621802084783e+01
-5.076569265141253595e+01
-4.972750483740147587e+01
-4.910313595567571809e+01
