-6.189401637573701009e+01
-6.382850982564801257e+01
-6.570412355479911071e+01
-6.749829380435063797e+01
-6.923985678356142159e+01
-7.101746074796753305e+01
-7.296213239055528277e+01
-7.520350654824449066e+01
-7.781838767098358289e+01
-8.079892678085880675e+01
-8.405706364759531368e+01
-8.746160515258478085e+01
-9.088606008882429421e+01
-9.423862932131109460e+01
-9.745817463186121188e+01
-1.004848443276323309e+02
-1.032318107346031155e+02
-1.055831748054450827e+02
-1.074247156485483998e+02
-1.086892016302022341e+02
-1.093836932974417095e+02
-1.095781309106780981e+02
-1.093660894272197908e+02
-1.088308550331352933e+02
-1.080420950870449417e+02
-1.070818588892903023e+02
-1.060801433623639269e+02
-1.052390024172452883e+02
-1.048300619016371371e+02
-1.051565064509396734e+02
-1.064813292852735884e+02
-1.089398291477602498e+02
-1.124646556232840737e+02
-1.167447683704890835e+02
-1.212203219752556151e+02
-1.251012435909273250e+02
-1.273991458088205917e+02
-1.269749089517974738e+02
-1.226163845279980791e+02
-1.131648752241767397e+02
-9.769836470704160547e+01
-7.574981711628302605e+01
-4.750224837334874906e+01
-1.388365185018517067e+01
2.349694102227329040e+01
6.257680665794124764e+01
1.011698623773171875e+02
1.373024367247249415e+02
1.694689743323552875e+02
1.967671809337837772e+02
2.189135329712155453e+02
2.361579542212899696e+02
2.491230076517615544e+02
2.586081495343985921e+02
2.654168355442800475e+02
2.702551092448619556e+02
2.737066806640601158e+02
2.762441666979070760e+02
2.782288382398666613e+02
2.798838868394845463e+02
2.812641822050668452e+02
2.822566706322835444e+02
2.826273387581356360e+02
2.821032642376435433e+02
2.804626349537387000e+02
2.776058731629353247e+02
2.735866423169912878e+02
2.685879921497975715e+02
2.628450733712969054e+02
2.565427320380591709e+02
2.497330625357840859e+02
2.423050391179762642e+02
2.340063169646101642e+02
2.244965505339086462e+02
2.134157647469560857e+02
2.004667580431898273e+02
1.855157463335384023e+02
1.686986815550020538e+02
1.504914276788601910e+02
1.316918574210693578e+02
1.132938279768348906e+02
9.628902828127101543e+01
8.146952445651965036e+01
6.929525804825638602e+01
5.984909530973834535e+01
5.286431635299687315e+01
4.780108961095299236e+01
4.395953557288213887e+01
4.062023149278507361e+01
3.718941479836696118e+01
3.331133828968064847e+01
2.891192740414897244e+01
2.415938642072307374e+01
1.935828628129089424e+01
1.481697981800882502e+01
1.073330029451536660e+01
7.133422797923728353e+00
3.880030369139582547e+00
7.418757108110796139e-01
-2.506897637632576448e+00
-6.004003286999918032e+00
-9.774871713815272756e+00
-1.377863335140337142e+01
-1.798963090946354271e+01
-2.245171870881883081e+01
-2.726017273188072920e+01
-3.247807063745888456e+01
-3.803933405896007969e+01
-4.370037698203535115e+01
-4.907864998809209567e+01
-5.377488652098550403e+01
-5.753307492939477186e+01
-6.036732086165093847e+01
-6.259177868690811408e+01
-6.472740428472089036e+01
-6.731378113072908320e+01
-7.070268027110618902e+01
-7.492316726639695901e+01
-7.967226635089049580e+01
-8.442317935447813682e+01
-8.859705226413960588e+01
-9.173522362405658725e+01
-9.362302736315869822e+01
-9.433348173379862089e+01
-9.417988126501519730e+01
-9.359710416361654950e+01
-9.299936209270727261e+01
-9.266616686629278377e+01
-9.268972271874876867e+01
-9.299442520023474401e+01
-9.341986685366889276e+01
-9.383646330728321061e+01
-9.424093669777876414e+01
-9.477736481857120054e+01
-9.566359001434797449e+01
-9.705953892609265665e+01
-9.895516937318653561e+01
-1.011488226953060945e+02
-1.033344371466329932e+02
-1.052546053480006520e+02
-1.068442514603601268e+02
-1.082970137897029161e+02
-1.100169642588901553e+02
-1.124551474138787484e+02
-1.158678026382145418e+02
-1.200662469771134937e+02
-1.242462774752018078e+02
-1.269749089517974738e+02
-1.263705168236177627e+02
-1.204533240015465623e+02
-1.075900069387141542e+02
-8.691656760526176129e+01
-5.861614557688766070e+01
-2.396004017000137765e+01
1.490694987884566558e+01
5.536974526096463478e+01
9.481141393014627283e+01
1.310205818377243077e+02
1.624527325290404178e+02
1.883189110669523529e+02
2.085263318701187245e+02
2.235224619863399766e+02
2.340956543631647833e+02
2.411749261400301521e+02
2.456622656217886060e+02
2.483217743371795905e+02
2.497343175981125114e+02
2.503066959537694061e+02
2.503104950540591744e+02
2.499243308595738995e+02
2.492621481739465139e+02
2.483818269098944711e+02
2.472777384053742935e+02
2.458685663783026598e+02
2.439963262346686861e+02
2.414483104442668946e+02
2.379991288395798961e+02
2.334548054619856998e+02
2.276783304929879819e+02
2.205883698420770429e+02
2.121388828778162292e+02
2.022952456667474621e+02
1.910205465643033449e+02
1.782803209161169775e+02
1.640679865770877655e+02
1.484440292218837953e+02
1.315719810056226038e+02
1.137327327859361503e+02
9.530948470398186601e+01
7.675061274774924414e+01
5.852565108084780832e+01
4.108713764048057726e+01
2.484360496279159847e+01
1.014243447948949139e+01
-2.742317263616918410e+00
-1.362263171043558074e+01
-2.241402432128133171e+01
-2.915925266265921323e+01
-3.405269125110246620e+01
-3.744924579474412951e+01
-3.983701885620849481e+01
-4.176467557130753505e+01
-4.374013555965100863e+01
-4.613810465302071862e+01
-4.915124603000167269e+01
-5.279652557202054197e+01
-5.696496447938922358e+01
-6.149176384393739170e+01
-6.622169805944628251e+01
-7.104960967578453790e+01
-7.592900510306938600e+01
-8.085545160215872329e+01
-8.583383378456204582e+01
-9.083431290795380164e+01
-9.574742760216678050e+01
-1.003632397494488657e+02
-1.044030523192755879e+02
-1.076126582571488939e+02
-1.098888975752441866e+02
-1.113754249978200619e+02
-1.124577245864060728e+02
-1.136318954701346229e+02
-1.152988701573602839e+02
-1.175907570259473687e+02
-1.203224160887029370e+02
-1.230854947312600700e+02
-1.254206097095146220e+02
-1.269749089517974738e+02
-1.275864888037496314e+02
-1.272916859949995683e+02
-1.262816154052281661e+02
-1.248353702822691389e+02
-1.232502064361206919e+02
-1.217850617365978678e+02
-1.206267802269680374e+02
-1.198752096332834327e+02
-1.195345634228547169e+02
-1.195043431237458833e+02
-1.195768183847092985e+02
-1.194535468348246923e+02
-1.187881513568403307e+02
-1.172569313419928818e+02
-1.146527849799355465e+02
-1.109805219097669635e+02
-1.065100995145301539e+02
-1.017471495786246862e+02
-9.731871064449246944e+01
-9.381825052987638003e+01
-9.166977636845317079e+01
-9.104848887450661721e+01
-9.186171962422683634e+01
-9.377774608963532899e+01
-9.629189017736416645e+01
-9.881795709255256099e+01
-1.007819891813783215e+02
-1.016935710697926538e+02
-1.011891873993227904e+02
-9.906252216407915512e+01
-9.529330302478433623e+01
-9.006632161500571954e+01
-8.376320253877797484e+01
-7.692027916153001854e+01
