-4.256688631111435228e+01
-4.362682091607597101e+01
-4.516133232190175306e+01
-4.761222603811148701e+01
-5.125100101365922711e+01
-5.607130564178338972e+01
-6.173153961008411272e+01
-6.761228291681706537e+01
-7.300228029977158428e+01
-7.735351432478033473e+01
-8.049885715132099051e+01
-8.273226633231205085e+01
-8.470573800909376416e+01
-8.717109771018968445e+01
-9.065560076286962499e+01
-9.518612738525312977e+01
-1.001608164665513527e+02
-1.044144246930355848e+02
-1.064526227530582645e+02
-1.047740137582254789e+02
-9.818565278880215885e+01
-8.604477523165297725e+01
-6.839555604515356890e+01
-4.599068352357457456e+01
-2.019418132683084366e+01
7.229101909985587326e+00
3.440677679155061242e+01
5.966878633959056089e+01
8.178930972388062060e+01
1.001000887257954588e+02
1.144728372522844353e+02
1.252205432721160037e+02
1.329758446086873960e+02
1.385723450201718379e+02
1.429225853523096532e+02
1.468862185933159594e+02
1.511447274436793577e+02
1.561143112791276621e+02
1.619201846992633591e+02
1.684321617775943309e+02
1.753411424615649139e+02
1.822489664761553740e+02
1.887499426004446264e+02
1.944958783285544541e+02
1.992471879972625288e+02
2.029097954316783330e+02
2.055433716493511156e+02
2.073198242437150611e+02
2.084285756891630967e+02
2.089593805753736433e+02
2.088154960078103954e+02
2.076996528218442108e+02
2.051820033601048294e+02
2.008282411830149385e+02
1.943498873616866263e+02
1.857335511462626414e+02
1.753087554603871467e+02
1.637274738334702988e+02
1.518525019354628398e+02
1.405796342502228811e+02
1.306422859589389418e+02
1.224586357639410608e+02
1.160715117490631059e+02
1.111966651223344513e+02
1.073500299612395423e+02
1.039972160286759646e+02
1.006749421024127287e+02
9.706193557924714810e+01
9.300118093909831885e+01
8.848465581938424407e+01
8.361173895700805758e+01
7.853282372053871541e+01
7.339254354415173509e+01
6.828878043430640332e+01
6.325987267333526631e+01
5.830041761720836746e+01
5.339005942759182233e+01
4.851338131048429858e+01
4.366121203691736241e+01
3.882243909054633946e+01
3.398094838938815343e+01
2.912288458134324287e+01
2.424967254625468271e+01
1.938948013792573377e+01
1.459997528094807251e+01
9.957480337924849323e+00
5.535052614849810482e+00
1.379897641997068547e+00
-2.500951944300041419e+00
-6.146893954707330465e+00
-9.645555609631585980e+00
-1.312645907838351889e+01
-1.673625605994608634e+01
-2.059163593431055972e+01
-2.472336237368050149e+01
-2.903833689330080858e+01
-3.332407352978415815e+01
-3.730264549502081195e+01
-4.071794534464562787e+01
-4.342106266201936648e+01
-4.541530642164315168e+01
-4.684188269341211708e+01
-4.792021894902856616e+01
-4.888021908436159890e+01
-4.991952612880633922e+01
-5.119277977544555824e+01
-5.281658719697929882e+01
-5.486967582601627669e+01
-5.737699357141478629e+01
-6.028119723984394795e+01
-6.342178415646380074e+01
-6.654853557584445412e+01
-6.937950289320818342e+01
-7.168543016937046275e+01
-7.336600613079359334e+01
-7.448718049036885702e+01
-7.526467832174360240e+01
-7.599851068242919894e+01
-7.698195224379911394e+01
-7.841855897602225411e+01
-8.037596858008775769e+01
-8.278757082917017840e+01
-8.549100005509835398e+01
-8.827743453772278315e+01
-9.092908917515192968e+01
-9.324247151219269369e+01
-9.505341089012132727e+01
-9.627812479717591998e+01
-9.696284770864467362e+01
-9.731213371342725793e+01
-9.766451914720964567e+01
-9.840565751717535647e+01
-9.983181839058791240e+01
-1.019850422129301108e+02
-1.044902711420325119e+02
-1.064526227530582645e+02
-1.064962490370327401e+02
-1.029990712557199544e+02
-9.449490235397057347e+01
-8.011951560653908189e+01
-5.993441725866284742e+01
-3.499513158719599915e+01
-7.129633691241153315e+00
2.148824901906728257e+01
4.880810081326939809e+01
7.325816752301508927e+01
9.390797400104240467e+01
1.104543885517670532e+02
1.231032661206646424e+02
1.324196995129332208e+02
1.391867879505753649e+02
1.442782870703355229e+02
1.485374160603672635e+02
1.526647414806655547e+02
1.571333932460591996e+02
1.621502557730468084e+02
1.676691235625738727e+02
1.734498584327328103e+02
1.791507464142416666e+02
1.844352664700660966e+02
1.890671973400131378e+02
1.929639479847645589e+02
1.961867692408228550e+02
1.988705678966311439e+02
2.011207552648559727e+02
2.029136384054185669e+02
2.040327601552527312e+02
2.040664577598353731e+02
2.024798792053754255e+02
1.987521978916555554e+02
1.925425244393099433e+02
1.838286952160196961e+02
1.729634327980807313e+02
1.606191902635830786e+02
1.476381115054032023e+02
1.348419765399176526e+02
1.228667480844973312e+02
1.120660384189781666e+02
1.024949895319324327e+02
9.396283900728886351e+01
8.613607859070293671e+01
7.867048499203139045e+01
7.133594001490997982e+01
6.408366211832735360e+01
5.701754750828792595e+01
5.027963537267518035e+01
4.391674455008558908e+01
3.781224348959586479e+01
3.172194096417533160e+01
2.538185082871584086e+01
1.861752313308378959e+01
1.140118595218783781e+01
3.845337767717388999e+00
-3.847786148636718195e+00
-1.145435357908702834e+01
-1.879319465414938861e+01
-2.576794258429131190e+01
-3.237164945080642298e+01
-3.865217475227782273e+01
-4.465990809977247267e+01
-5.041217764780638788e+01
-5.589490745491993096e+01
-6.109102628357051401e+01
-6.600383793852516590e+01
-7.065044369689982773e+01
-7.502851068161763237e+01
-7.908426252173376270e+01
-8.271117116561458715e+01
-8.578933141084723957e+01
-8.824941700566802183e+01
-9.012534713030676414e+01
-9.155837005338509016e+01
-9.274213542488715234e+01
-9.384215450424525784e+01
-9.494607092089189848e+01
-9.607608291906842624e+01
-9.724211439187436667e+01
-9.848391803957704838e+01
-9.986692067530913164e+01
-1.014367827492227718e+02
-1.031640308985716956e+02
-1.049123193387492563e+02
-1.064526227530582645e+02
-1.075261989788644996e+02
-1.079337824852351844e+02
-1.076116118106024544e+02
-1.066609834187130730e+02
-1.053212867357499078e+02
-1.038994893102913295e+02
-1.026833705137532036e+02
-1.018710749866773710e+02
-1.015417828618779907e+02
-1.016691282379089216e+02
-1.021536944639095168e+02
-1.028458530621304021e+02
-1.035512345453492458e+02
-1.040369989599601581e+02
-1.040614411700491786e+02
-1.034289828384688690e+02
-1.020477459943912351e+02
-9.995949039299149774e+01
-9.732716686960925756e+01
-9.439074642760438394e+01
-9.141638482090530715e+01
-8.865657830444611420e+01
-8.632041738893164506e+01
-8.454537241262750058e+01
-8.337395771430655600e+01
-8.275313115591892199e+01
-8.256737247043510308e+01
-8.268837443343610971e+01
-8.300507666166694776e+01
-8.341327151787984917e+01
-8.378097986169116496e+01
-8.392611900421798055e+01
-8.363089332125261421e+01
-8.269035875224108167e+01
-8.097182503608651416e+01
-7.845637736276266594e+01
-7.524597329612424801e+01
-7.154113730291030038e+01
-6.760710267355898395e+01
