-1.397139229117631487e+01
-4.269366209266376444e-01
1.094208371956570858e+01
1.857494006911889883e+01
2.188958870910034449e+01
2.128194913694587598e+01
1.781998310670044461e+01
1.280376562638413063e+01
7.375787147116238174e+00
2.300875586038473308e+00
-2.062758949228982619e+00
-5.662173147878146295e+00
-8.611524412523461791e+00
-1.109065247610164562e+01
-1.330613459136436916e+01
-1.549456336653734034e+01
-1.792342934184714665e+01
-2.085169240724662032e+01
-2.444685794322680294e+01
-2.869665449908600863e+01
-3.337104042048625274e+01
-3.807035542721403942e+01
-4.235052414251634900e+01
-4.587321400166495522e+01
-4.851402758298151241e+01
-5.038491691494282776e+01
-5.177076612262774802e+01
-5.301543139958108242e+01
-5.440450778206631099e+01
-5.608396943643258226e+01
-5.803454196970329804e+01
-6.009960133828044349e+01
-6.204786136418938725e+01
-6.364582646525097687e+01
-6.471721514600248781e+01
-6.517464853343727782e+01
-6.502199507855577565e+01
-6.433875719844370167e+01
-6.326162653473772934e+01
-6.196969238125041102e+01
-6.066773831728359312e+01
-5.956062174144996391e+01
-5.882292058965884962e+01
-5.857719350611453990e+01
-5.889024354890825919e+01
-5.978503716886592656e+01
-6.125517260272843600e+01
-6.326480377014867429e+01
-6.572642104057268853e+01
-6.846791151671727960e+01
-7.121055206223974210e+01
-7.357196904294968931e+01
-7.509344481073631528e+01
-7.528183057147363400e+01
-7.365481470585599766e+01
-6.978095335017349043e+01
-6.330950308739313925e+01
-5.398865409963262607e+01
-4.167514465945168922e+01
-2.634306282112518716e+01
-8.101594195412225474e+00
1.277249917280786207e+01
3.579189697968096340e+01
6.022306839048013671e+01
8.508736723741279206e+01
1.092280908651909215e+02
1.314526236813721596e+02
1.507236061029839220e+02
1.663416193946967496e+02
1.780536758116152214e+02
1.860451473005041976e+02
1.908200160880545013e+02
1.930215090734578212e+02
1.932643695594510973e+02
1.920319897980200778e+02
1.896536752979023106e+02
1.863450494142625757e+02
1.822789704412423930e+02
1.776501678758372123e+02
1.727008114986907685e+02
1.676927552186879211e+02
1.628440600223786419e+02
1.582715203743673840e+02
1.539759900493680220e+02
1.498761934057876033e+02
1.458629014892674149e+02
1.418332877185283678e+02
1.376840052185671084e+02
1.332772688299012316e+02
1.284189065829370975e+02
1.228807358544033974e+02
1.164675013052746380e+02
1.090986595124650478e+02
1.008694108416413826e+02
9.206880097110085615e+01
8.314695791441846495e+01
7.463246220748837345e+01
6.701348308525213326e+01
6.061643231823063616e+01
5.552942701907267065e+01
5.160665529608464652e+01
4.855392439636474933e+01
4.605676277450004363e+01
4.389469949233538415e+01
4.199654561574327261e+01
4.042152669240685015e+01
3.928296904221207342e+01
3.865066241006491055e+01
3.847100264196949126e+01
3.853724507622689543e+01
3.852855279663753407e+01
3.810974972098904345e+01
3.704962743342906606e+01
3.530065652752412575e+01
3.300386684450546682e+01
3.042372037977779087e+01
2.784941986983847428e+01
2.550555618945362113e+01
2.349912631506419913e+01
2.180619670498554186e+01
2.028608384068683534e+01
1.871047446164748607e+01
1.680522757013674351e+01
1.431215647364921750e+01
1.107031610688645173e+01
7.088294113360099402e+00
2.558744518698773618e+00
-2.213118551836871006e+00
-6.940242333694804699e+00
-1.147183472027128914e+01
-1.583054476486633178e+01
-2.014990449739273970e+01
-2.455249293172147418e+01
-2.904045905966914631e+01
-3.345722831286940391e+01
-3.753424247814557191e+01
-4.098950623901740187e+01
-4.362432914733433620e+01
-4.537967102002988895e+01
-4.634573544690007907e+01
-4.673817426591239155e+01
-4.685138907836352473e+01
-4.699336269495366025e+01
-4.741526003097055764e+01
-4.826078603491370700e+01
-4.955249331480432318e+01
-5.120932155885813586e+01
-5.307758294611620897e+01
-5.496590268970659565e+01
-5.668608390212065729e+01
-5.809933833233415612e+01
-5.915491093671190015e+01
-5.990329694045898634e+01
-6.047771779330162190e+01
-6.105490276643604375e+01
-6.181306183345428451e+01
-6.289858118101265916e+01
-6.440402896673464284e+01
-6.635413633609233841e+01
-6.868931774990974759e+01
-7.123091227546278503e+01
-7.362374562433269887e+01
-7.528183057147363400e+01
-7.538592196960019010e+01
-7.297098182240061703e+01
-6.710202773829630019e+01
-5.709154607438885876e+01
-4.269165532454840672e+01
-2.420191823256227792e+01
-2.459742462067325164e+00
2.128878974764490906e+01
4.560927094719785657e+01
6.913230756317759074e+01
9.076364279072788577e+01
1.097886526800464964e+02
1.258567382070202001e+02
1.388841151943764203e+02
1.489369907094487644e+02
1.561446955010991928e+02
1.606629363135412518e+02
1.626783746725341473e+02
1.624264001974802341e+02
1.601939232909592761e+02
1.562999636748570538e+02
1.510709511816264126e+02
1.448320276652243592e+02
1.379166126410050026e+02
1.306739756418677132e+02
1.234518542082905128e+02
1.165511008660480599e+02
1.101729248787420659e+02
1.043868997034183792e+02
9.913563139878564812e+01
9.427044581856758043e+01
8.959726347587094608e+01
8.491222479840558890e+01
8.001920989327213363e+01
7.473506460820348707e+01
6.889386028660743477e+01
6.235793571127224766e+01
5.503832733382641607e+01
4.692614303491191663e+01
3.813319846909404731e+01
2.892759026182820392e+01
1.973714761160589859e+01
1.109845807716108190e+01
3.554237242000158226e+00
-2.469755912384501428e+00
-6.766121342269094896e+00
-9.396072489519298188e+00
-1.068159509438891241e+01
-1.114587991103691422e+01
-1.140966713151646417e+01
-1.205484269831325683e+01
-1.348134375001239782e+01
-1.579887955830222168e+01
-1.879586936407385522e+01
-2.200803485868295795e+01
-2.487287834167183931e+01
-2.692002862593167123e+01
-2.793134157773343773e+01
-2.801616750592425120e+01
-2.757810873680357844e+01
-2.718706505294468911e+01
-2.740185615022245358e+01
-2.860353913435563555e+01
-3.089419197277693030e+01
-3.409286621196297062e+01
-3.782447653021907286e+01
-4.166035023383238922e+01
-4.525002070702004175e+01
-4.839557571643800316e+01
-5.105531958919451085e+01
-5.329838764784669536e+01
-5.524522974984734702e+01
-5.701876600003279805e+01
-5.871258777642572113e+01
-6.037361552876382120e+01
-6.200038259194746360e+01
-6.356061552990091457e+01
-6.502317509025313313e+01
-6.638801154936136584e+01
-6.769592709821789356e+01
-6.901002676872612085e+01
-7.037719744468566319e+01
-7.179045048053831124e+01
-7.317226105970186723e+01
-7.438750710577755854e+01
-7.528183057147363400e+01
-7.573033492785815213e+01
-7.567410103509058672e+01
-7.512672914804460333e+01
-7.415212380318149599e+01
-7.283425479034730188e+01
-7.126496583087654813e+01
-6.956275003310895499e+01
-6.790797057318059160e+01
-6.655417882479147806e+01
-6.577659632441239523e+01
-6.575869544454668869e+01
-6.647254758179454370e+01
-6.763449913846399397e+01
