1.874080894559453725e+02
5.234552525429739944e+01
-6.453016973038182869e+01
-1.499207801939854221e+02
-1.984918182141721559e+02
-2.130896404690663530e+02
-2.025206635307258694e+02
-1.781000191047126577e+02
-1.503157849369883365e+02
-1.265723720519126800e+02
-1.103788203215165140e+02
-1.018016740816622132e+02
-9.867099411567039624e+01
-9.795701554968502478e+01
-9.687017730458018150e+01
-9.346988351003750495e+01
-8.678857494986550591e+01
-7.662147683758732342e+01
-6.318279229462120838e+01
-4.680078165206003860e+01
-2.774805615918219814e+01
-6.220035521916514654e+00
1.758313138979448809e+01
4.333828648694118613e+01
7.050745312718936475e+01
9.831509830071684064e+01
1.258074461586912065e+02
1.519750602099584853e+02
1.758974827624617205e+02
1.968645554480185638e+02
2.144419993179380981e+02
2.284712286831714323e+02
2.390162485651367490e+02
2.462846023361573202e+02
2.505512060270440600e+02
2.521088582267662446e+02
2.512607817990576109e+02
2.483544334771654007e+02
2.438315121474176408e+02
2.382505499697031439e+02
2.322446789973354271e+02
2.264113107307034340e+02
2.211725503201586776e+02
2.166674885100657661e+02
2.127266999293940728e+02
2.089446245930742236e+02
2.048272795997815479e+02
1.999646894369786310e+02
1.941648121922215751e+02
1.874948683123236606e+02
1.802122379622207404e+02
1.726195776311562327e+02
1.649168924704883921e+02
1.571213242593833570e+02
1.490878546918952452e+02
1.406160992574223485e+02
1.315907895672610550e+02
1.220884527771254966e+02
1.123974229631441091e+02
1.029388698775215971e+02
9.412504828916783595e+01
8.622393250967495248e+01
7.929795111181618950e+01
7.324486952615787061e+01
6.791073767274308182e+01
6.320311847208971301e+01
5.913435616984050114e+01
5.577054863837723531e+01
5.312436507595426605e+01
5.106596832713208300e+01
4.930890781418756319e+01
4.747226823006865004e+01
4.517428796770606425e+01
4.211050347154453277e+01
3.810012442189594850e+01
3.310927886394011921e+01
2.725658563513548671e+01
2.078975921435669250e+01
1.402271098514029646e+01
7.248979291246280710e+00
6.716736005259980047e-01
-5.618314957351186578e+00
-1.162120249256022220e+01
-1.739972759606566655e+01
-2.307229547164846295e+01
-2.882107150567087928e+01
-3.487747973239955002e+01
-4.145371656095385759e+01
-4.863342698037295264e+01
-5.628384233780818136e+01
-6.405959315521135977e+01
-7.151942219164607195e+01
-7.830571186926019323e+01
-8.429545922600915731e+01
-8.964455914607749776e+01
-9.470367095504715849e+01
-9.985220960544104685e+01
-1.053385422290579783e+02
-1.112025436107094976e+02
-1.172994941902060759e+02
-1.233845468562512337e+02
-1.291986373811244846e+02
-1.345252086783741561e+02
-1.392248444277271915e+02
-1.432644272528847864e+02
-1.467404283145367003e+02
-1.498788306883636778e+02
-1.529933603276839449e+02
-1.563993292015270526e+02
-1.603057057922426338e+02
-1.647297219431044368e+02
-1.694788154097804522e+02
-1.742161066593692738e+02
-1.785825605502962787e+02
-1.823206518978347503e+02
-1.853488512480643635e+02
-1.877664394222300643e+02
-1.898011436952572808e+02
-1.917289554708530375e+02
-1.937956520866303549e+02
-1.961629014707964700e+02
-1.988894108948038308e+02
-2.019375018434189712e+02
-2.051802445758491160e+02
-2.083887614010264997e+02
-2.112003743669663436e+02
-2.130896404690663530e+02
-2.133717631715085474e+02
-2.112569744355669457e+02
-2.059535059835018274e+02
-1.968063741109962734e+02
-1.834519383918313338e+02
-1.659582070622807066e+02
-1.449059399546054010e+02
-1.213648989717449922e+02
-9.674813296513595162e+01
-7.257416274822040236e+01
-5.020678604846595761e+01
-3.065459048691251098e+01
-1.448977602378361951e+01
-1.895250894913417028e+00
7.208364294555153151e+00
1.303606781139808390e+01
1.587531494616882810e+01
1.609451534871040224e+01
1.417916484049344206e+01
1.073559521939183981e+01
6.427170060514271199e+00
1.856573818011128196e+00
-2.549759757339728594e+00
-6.594455677127470494e+00
-1.027758873979132659e+01
-1.371054707651374827e+01
-1.702896107664365388e+01
-2.034271799427671112e+01
-2.372904971364411608e+01
-2.725228911616355276e+01
-3.098679054221315710e+01
-3.502235455418342269e+01
-3.944426288610885933e+01
-4.430172378011363321e+01
-4.959262346164054236e+01
-5.527938915689495047e+01
-6.131934733797355364e+01
-6.767746274858031086e+01
-7.430617928887856749e+01
-8.110578785699277660e+01
-8.789253793901028189e+01
-9.439632497651140852e+01
-1.002959108082237094e+02
-1.052847845404551919e+02
-1.091473079491155715e+02
-1.118162037460313627e+02
-1.133846465580764260e+02
-1.140626670142891754e+02
-1.140925785763447635e+02
-1.136579090800348695e+02
-1.128243377740284075e+02
-1.115386970946609466e+02
-1.096885089782681462e+02
-1.071989402159992437e+02
-1.041279620078416315e+02
-1.007202564682407342e+02
-9.739413177133121735e+01
-9.465805482477064459e+01
-9.297835694853202426e+01
-9.264049090217199023e+01
-9.365541476252423081e+01
-9.575157489204522676e+01
-9.845895650354722761e+01
-1.012504399522828891e+02
-1.036843244955369130e+02
-1.055020630350921351e+02
-1.066622738656329403e+02
-1.073147774196868482e+02
-1.077313080456162311e+02
-1.082181655394656730e+02
-1.090380301570274497e+02
-1.103571021519244226e+02
-1.122180008537075935e+02
-1.145340552324738468e+02
-1.171070094945875582e+02
-1.196745338849451912e+02
-1.219864166858258017e+02
-1.238901165258957349e+02
-1.253901513839379618e+02
-1.266483416534980790e+02
-1.279177489689958946e+02
-1.294374481568417536e+02
-1.313359086206046697e+02
-1.335855794851868268e+02
-1.360254066320292736e+02
-1.384369684080189984e+02
-1.406372218781637855e+02
-1.425450818503666710e+02
-1.441945956117381513e+02
-1.456965404319661275e+02
-1.471731360017502368e+02
-1.486951470167586535e+02
-1.502431304256884630e+02
-1.517056086325974320e+02
-1.529181696322940525e+02
-1.537353961440333023e+02
-1.541124111666316878e+02
-1.541610307505816309e+02
-1.541473365273899105e+02
-1.544208780937599101e+02
-1.553033774951526311e+02
-1.569903473971154426e+02
-1.595091356799062225e+02
-1.627385610438455785e+02
-1.664611821518902275e+02
-1.704152219557404919e+02
-1.743362478429536395e+02
-1.780031245618783373e+02
-1.813016486844562678e+02
-1.842886015230167231e+02
-1.872081882565484250e+02
-1.904197407751956064e+02
-1.942423704044177839e+02
-1.987716612553008702e+02
-2.037407558785280344e+02
-2.084792263022492023e+02
-2.119850362625858793e+02
-2.130896404690663530e+02
-2.106798678406978524e+02
-2.039409350891936015e+02
-1.925847966120948627e+02
-1.770158789439619795e+02
-1.583737742337357872e+02
-1.384029063187209942e+02
-1.191443099928404479e+02
-1.025105143176309355e+02
-8.985628871283114449e+01
-8.166696287439849300e+01
-7.745386906294412199e+01
-7.589578744472845528e+01
-7.521035564753593405e+01
-7.367879990948851798e+01
-7.018402843500149402e+01
-6.457931811752690976e+01
-5.772152950927019788e+01
