-3.832272658188448844e+01
-4.199494396202528890e+01
-4.522496218042249438e+01
-4.785889008847951231e+01
-5.007446685813191323e+01
-5.230743968138583710e+01
-5.505195717835764668e+01
-5.863543658418844018e+01
-6.305290335999261231e+01
-6.789562120770131060e+01
-7.236986779825264193e+01
-7.539279904121669063e+01
-7.575664497465592717e+01
-7.234511295054741709e+01
-6.436422805840430783e+01
-5.153136046986071506e+01
-3.416652179890138541e+01
-1.315356187691011769e+01
1.021997323738818153e+01
3.449297600575177114e+01
5.825717572203465977e+01
8.031670105919343428e+01
9.975490283652064250e+01
1.159258674899842418e+02
1.284160565268301752e+02
1.370196642914870040e+02
1.417407579604410728e+02
1.428009311984799581e+02
1.406239635727444011e+02
1.357902518522173807e+02
1.289744743248177770e+02
1.208789382129224919e+02
1.121607688442561539e+02
1.033460881293908074e+02
9.474093589305546459e+01
8.637449073954837786e+01
7.801672132449952812e+01
6.928638879972949383e+01
5.982217397650785529e+01
4.945537869342895476e+01
3.831393958757665530e+01
2.681220617118893301e+01
1.553357611113644055e+01
5.065657023157658756e+00
-4.134777198632857420e+00
-1.179738469453475957e+01
-1.781674668040683684e+01
-2.220091529036742628e+01
-2.504840715871220169e+01
-2.657700428904466605e+01
-2.716524155020448106e+01
-2.733188641902166083e+01
-2.761460284420293476e+01
-2.839253645958488548e+01
-2.975151208246536783e+01
-3.146970910759056750e+01
-3.313485431364326672e+01
-3.434302682541610352e+01
-3.489649566598568953e+01
-3.491720899498632491e+01
-3.482834580691542925e+01
-3.521740908407635828e+01
-3.664318296537364716e+01
-3.945622154741235477e+01
-4.367955711439775968e+01
-4.897386910209269217e+01
-5.469876628370339233e+01
-6.006461111568933120e+01
-6.433996921957863435e+01
-6.705333673558112650e+01
-6.812509337949131805e+01
-6.788898976695361398e+01
-6.699538968963851460e+01
-6.621795699497518228e+01
-6.621257401761606332e+01
-6.730221045826016280e+01
-6.936886710804868983e+01
-7.190302687714651597e+01
-7.419619438807075085e+01
-7.560048877594641681e+01
-7.575664497465592717e+01
-7.471001469781913329e+01
-7.287586531273974799e+01
-7.086903329199741108e+01
-6.926189967505693801e+01
-6.836744708672827642e+01
-6.813442736627550289e+01
-6.819127204169041079e+01
-6.801115159986265724e+01
-6.712434425011596772e+01
-6.529376761053131872e+01
-6.259485119158173916e+01
-5.938375192095563193e+01
-5.617313522605674336e+01
-5.345336870159360387e+01
-5.150818056159084790e+01
-5.027887691561686268e+01
-4.931730112906740260e+01
-4.783505567130039537e+01
-4.482741255272095771e+01
-3.924199018405653305e+01
-3.016633886244407847e+01
-1.700530908099722893e+01
3.939099189870773898e-01
2.171033252991037443e+01
4.621773781645430290e+01
7.291051536052724202e+01
1.006255251441923235e+02
1.281274405400505998e+02
1.541709841917535755e+02
1.775750402580071636e+02
1.973254351013927135e+02
2.126849291892252438e+02
2.232681856240026264e+02
2.290567862567642976e+02
2.303647181129996682e+02
2.277796189209333306e+02
2.220906446908883822e+02
2.141981864782375453e+02
2.050048148664843097e+02
1.953004825210456943e+02
1.856624205312052709e+02
1.763908580071677932e+02
1.674976660873389847e+02
1.587539334219601415e+02
1.497894747627709080e+02
1.402298617252914141e+02
1.298485747168234070e+02
1.186962734960584243e+02
1.071591724764543017e+02
9.591346713295671123e+01
8.578122960301254807e+01
7.753127645377793442e+01
7.168174093931688162e+01
6.835123845949235033e+01
6.719711270245029766e+01
6.747607171239575052e+01
6.823541273309072608e+01
6.858274628425297692e+01
6.793023459031803668e+01
6.611423073857375243e+01
6.335481803932786704e+01
6.009692647930257436e+01
5.681479583002943201e+01
5.385050380051207952e+01
5.132133702204070858e+01
4.910239820091003082e+01
4.687852631064811249e+01
4.425108528181515055e+01
4.087065283939175231e+01
3.655255545725442090e+01
3.133461215481563755e+01
2.546246409732940208e+01
1.932176584739525182e+01
1.335095906933908694e+01
7.954462753887447946e+00
3.415842057779308050e+00
-1.865811835462594104e-01
-3.032336897793207697e+00
-5.534333267772453269e+00
-8.217570227209400002e+00
-1.153501964509867861e+01
-1.569440117373570587e+01
-2.057000184014850674e+01
-2.573926121697824954e+01
-3.063057991467734809e+01
-3.471809149131539129e+01
-3.767993872589451598e+01
-3.946466685465843227e+01
-4.026468720949080193e+01
-4.043511691371196548e+01
-4.040034094745912796e+01
-4.057187122658574197e+01
-4.128076091050479590e+01
-4.271925598803238699e+01
-4.489576273988785715e+01
-4.762683909525978265e+01
-5.059417437827742958e+01
-5.346544922518316412e+01
-5.603296293106228632e+01
-5.830120311752146733e+01
-6.047384588757394397e+01
-6.283989454194795599e+01
-6.560843048846012948e+01
-6.876161114853090339e+01
-7.197426977013869021e+01
-7.460713419041424288e+01
-7.575664497465592717e+01
-7.435258049030969119e+01
-6.931363721321177707e+01
-5.976616324830638405e+01
-4.529059526654612000e+01
-2.611290115154317704e+01
-3.152014787890145442e+00
2.211503796040711478e+01
4.793353923929485916e+01
7.260454783118115074e+01
9.476300452739150160e+01
1.135174524715017270e+02
1.284283773067947436e+02
1.393746034084377925e+02
1.464028151452172324e+02
1.496417765072731356e+02
1.492991315089806221e+02
1.456966187390977723e+02
1.392864271872966242e+02
1.306244342959918185e+02
1.203143502771175122e+02
1.089508369718926701e+02
9.708119497922926655e+01
8.518652703428807627e+01
7.366666045520253192e+01
6.281510732408435871e+01
5.279256925649612242e+01
4.362249187148706397e+01
3.521952931189986202e+01
2.743989551258153270e+01
2.013764610278453659e+01
1.321818576453610916e+01
6.680971464506717972e+00
6.384107805716237038e-01
-4.699130079746051791e+00
-9.070518907592495239e+00
-1.223051572172071033e+01
-1.401721946660675400e+01
-1.440013318543958576e+01
-1.349298193120330680e+01
-1.152790816695940279e+01
-8.806241778445526691e+00
-5.654095192707821127e+00
-2.402836121439587913e+00
6.141834788453603977e-01
3.079016316936718844e+00
4.739161446906532404e+00
5.473492517112586775e+00
5.334778952611969771e+00
4.538309707029939410e+00
3.394985678880749980e+00
2.215815841779650519e+00
1.226415851138408897e+00
5.195960285741456630e-01
5.391655391527283570e-02
-3.085767212329431075e-01
-7.406607391951212094e-01
-1.385432106547593634e+00
-2.309289718633658062e+00
-3.482352955232446590e+00
-4.782569453886937438e+00
-6.012303128248177586e+00
-6.922050679504041071e+00
-7.250000178717964872e+00
-6.788334508848445026e+00
-5.465693096234421233e+00
-3.407470025870008357e+00
-9.315527697962799891e-01
1.533973443986162977e+00
3.581615251102082453e+00
4.945211170727978001e+00
5.556347233747956693e+00
5.520598289834882877e+00
5.045736546359497865e+00
4.374068561499290908e+00
