1.079890329388914161e+01
4.666157927610910150e+01
7.714145424132969708e+01
9.833744500888437301e+01
1.087375175114351151e+02
1.092661065637386741e+02
1.026006721602453666e+02
9.212775407253707272e+01
8.094477674245425192e+01
7.119382300052602375e+01
6.383045269184594162e+01
5.877149868911276087e+01
5.527672628781834874e+01
5.239631464761008317e+01
4.933883928270321917e+01
4.567234632918010817e+01
4.134924425762491040e+01
3.660904552001251488e+01
3.183080386327110389e+01
2.738697843023112455e+01
2.352674035034025835e+01
2.030860905472067657e+01
1.760054353417251605e+01
1.515276736457795970e+01
1.271943644409298280e+01
1.017616003146329717e+01
7.577484229797472715e+00
5.127500812668667862e+00
3.077005080079437960e+00
1.590796666482708233e+00
6.407900126181996781e-01
-2.825251770956449526e-02
-8.426771483908659377e-01
-2.273715054820139247e+00
-4.688753580594309689e+00
-8.234441330798153658e+00
-1.279433220369492297e+01
-1.803793470173465607e+01
-2.354194818504664966e+01
-2.893250563807689346e+01
-3.398838315307808955e+01
-3.866519009530213680e+01
-4.303842419731440572e+01
-4.720079910431326198e+01
-5.117112513726490874e+01
-5.486825842555312960e+01
-5.816906599566517855e+01
-6.101543482581564604e+01
-6.349938169285124445e+01
-6.587035631896851839e+01
-6.846127316278240471e+01
-7.157297982788088575e+01
-7.536549195411328128e+01
-7.979089509421716286e+01
-8.458469052967006974e+01
-8.931089665749709638e+01
-9.343430699633249503e+01
-9.638824730882252823e+01
-9.762682824498874368e+01
-9.667631953960326996e+01
-9.320180115615104910e+01
-8.708142624295382461e+01
-7.845674395883584396e+01
-6.772427440179586711e+01
-5.545439948680592579e+01
-4.226081334335999884e+01
-2.867508529754936220e+01
-1.507822503005158410e+01
-1.703257131745497865e+00
1.131626632666955246e+01
2.388572052540569857e+01
3.589434695093144967e+01
4.717183373854991402e+01
5.747198166552827558e+01
6.650769412530158320e+01
7.403980728889766283e+01
7.997954313832241269e+01
8.444529103232476075e+01
8.773962683438685417e+01
9.025478783029826957e+01
9.234224957126832578e+01
9.419117530759584156e+01
9.575990451379445290e+01
9.679268634000383997e+01
9.692354259207479572e+01
9.582708030330988436e+01
9.334852224860522085e+01
8.955632014059685275e+01
8.470591757831809332e+01
7.915174317035588558e+01
7.326411127302807813e+01
6.738686950303630852e+01
6.182930450301424230e+01
5.685818267607855603e+01
5.266224117390429882e+01
4.928924608773650107e+01
4.658274079749784136e+01
4.416015135894158306e+01
4.146797554694672527e+01
3.791783328724984159e+01
3.306300182252713427e+01
2.674944689867847814e+01
1.918464205165919978e+01
1.089917002879035657e+01
2.611430663967786003e+00
-4.963347048429723074e+00
-1.129930279066492105e+01
-1.618293250946521056e+01
-1.973837531370110199e+01
-2.235539351842997036e+01
-2.455098989791795105e+01
-2.680933888626809747e+01
-2.944331616093832338e+01
-3.251582756138343200e+01
-3.584745080801462791e+01
-3.910746603796321352e+01
-4.195153411863549309e+01
-4.415798427449116303e+01
-4.572610429932428389e+01
-4.691287702391022663e+01
-4.819094169612409928e+01
-5.012098808570274144e+01
-5.316064015700392531e+01
-5.747572499128339985e+01
-6.284294341879861889e+01
-6.869747659724734490e+01
-7.430078986031158195e+01
-7.894692110461269863e+01
-8.213122724791065821e+01
-8.365195931177120769e+01
-8.364983398946766613e+01
-8.258865120024788098e+01
-8.116422683451787634e+01
-8.013749536236475990e+01
-8.012593959503523422e+01
-8.142511215248276812e+01
-8.393535576913673424e+01
-8.722674595547151455e+01
-9.070827666461570971e+01
-9.381752527477317471e+01
-9.614607388274075106e+01
-9.745940792308070399e+01
-9.762682824498874368e+01
-9.651785239321758070e+01
-9.393080743036051672e+01
-8.959196067541657271e+01
-8.321594883603870585e+01
-7.458682734706404460e+01
-6.362717923794991037e+01
-5.044860218463291091e+01
-3.538397503392194210e+01
-1.898810750087614352e+01
-1.987034384917065966e+00
1.482683371708861841e+01
3.072803904479638959e+01
4.517472485389326664e+01
5.786633594968892425e+01
6.872683487480146880e+01
7.783515906865380884e+01
8.534873092596374988e+01
9.145809880997039443e+01
9.637594891039447020e+01
1.003320696452011020e+02
1.035461719884873020e+02
1.061785043614699475e+02
1.082837151026242566e+02
1.097961583447439295e+02
1.105583937449634959e+02
1.103826630056922653e+02
1.091206237995335044e+02
1.067164309295938693e+02
1.032282090603983420e+02
9.881497229955283501e+01
9.369725349318252938e+01
8.810738759844639389e+01
8.224508833745215952e+01
7.624841201504482058e+01
7.018607326948583136e+01
6.407393815845448160e+01
5.791207389630874047e+01
5.172915213540531454e+01
4.561388119094450389e+01
3.971572662870067916e+01
3.421137580513245524e+01
2.925265008676161571e+01
2.492477415725458911e+01
2.123927773934526186e+01
1.815980232383287785e+01
1.562953447263339513e+01
1.356592389817662792e+01
1.182063372736583595e+01
1.014219109170027444e+01
8.187395805412023719e+00
5.596758753398351161e+00
2.107389243037046445e+00
-2.342180976554629979e+00
-7.551070570073614263e+00
-1.305935514070839965e+01
-1.823113843439355364e+01
-2.242444819135575429e+01
-2.521981935013629439e+01
-2.662588942209284681e+01
-2.715382672554931176e+01
-2.769448931237544542e+01
-2.923069857040308506e+01
-3.250479617373331109e+01
-3.777705835156481839e+01
-4.475407383301180175e+01
-5.268884589353217507e+01
-6.060040725817778906e+01
-6.753868522623152160e+01
-7.282057542680780671e+01
-7.617716577542121570e+01
-7.777603892666529362e+01
-7.811846186630891964e+01
-7.785571830988882880e+01
-7.759918666773049267e+01
-7.779068715376226351e+01
-7.865895820349449252e+01
-8.024632970981807034e+01
-8.246970657691362305e+01
-8.518027731814746062e+01
-8.819600213386797805e+01
-9.129633164675551882e+01
-9.418877178224900604e+01
-9.647267701739606593e+01
-9.762682824498874368e+01
-9.703734092383875520e+01
-9.407258161896477588e+01
-8.820212838258775889e+01
-7.913778603306667492e+01
-6.695013610885406763e+01
-5.210721924076655398e+01
-3.540752298781161045e+01
-1.782223601288893988e+01
-2.955713682599361292e-01
1.643354313955166290e+01
3.193086947532268027e+01
4.605848669554971764e+01
5.887421410288980894e+01
7.049251086740676442e+01
8.097107202911536206e+01
9.026503320215097403e+01
9.825125537002452347e+01
1.047949221753193427e+02
1.098223586876059414e+02
1.133715487485305999e+02
1.156078731970528253e+02
1.168106946430023072e+02
1.173446288237962705e+02
1.176200867506678804e+02
1.180285014616542583e+02
1.188293733003982027e+02
1.199901161483078766e+02
1.210319748711573453e+02
1.209760868475910911e+02
1.184702357281141332e+02
1.121078186918068695e+02
1.008648249416038709e+02
8.451774523536826678e+01
6.388523876263319323e+01
4.077127100878680466e+01
