2.476744290422337258e+01
5.802868119568994132e+01
8.731646499202433631e+01
1.096824941533883333e+02
1.238500215603559127e+02
1.302262115904551933e+02
1.304206229535154478e+02
1.265436474108884681e+02
1.205567989319309561e+02
1.138505878635439075e+02
1.071031544442471102e+02
1.003772131047129648e+02
9.336961286890968381e+01
8.571548781698584207e+01
7.723953430428001354e+01
6.806119392185492245e+01
5.853210760954300440e+01
4.907831204620239163e+01
4.005418827058065290e+01
3.166811487098706124e+01
2.397394119038018800e+01
1.689574046941283569e+01
1.026186855903261375e+01
3.841834874337020977e+00
-2.605684546846708471e+00
-9.264511477354297142e+00
-1.618538531980919615e+01
-2.324285038021768557e+01
-3.016415100548734785e+01
-3.663647671769193437e+01
-4.245149582230335739e+01
-4.761056259853230443e+01
-5.231716304953544494e+01
-5.683992066713761915e+01
-6.131863808426972895e+01
-6.564404944465678682e+01
-6.950801858719839288e+01
-7.260634507985199093e+01
-7.486978705934305367e+01
-7.658230760607828813e+01
-7.832191606077250867e+01
-8.076384353336965205e+01
-8.444767008671095709e+01
-8.960475005672577709e+01
-9.609512228750939755e+01
-1.034540139644712298e+02
-1.110182769241468179e+02
-1.180927519914354349e+02
-1.241191419427602796e+02
-1.288154645037643604e+02
-1.322516816484279616e+02
-1.348240416112211051e+02
-1.371127294684211506e+02
-1.396605221149004308e+02
-1.427604912191823416e+02
-1.463478419650238322e+02
-1.500458771102262290e+02
-1.533437525498172818e+02
-1.558227125867245775e+02
-1.573305653907991086e+02
-1.580416552973068747e+02
-1.584058087990767092e+02
-1.590320804544554960e+02
-1.605409187212876247e+02
-1.633837845420407575e+02
-1.676308421050525794e+02
-1.727727240039912715e+02
-1.776222047420691013e+02
-1.803959568416272816e+02
-1.790066225045685258e+02
-1.715204410373875703e+02
-1.566603736328295611e+02
-1.341941112224609753e+02
-1.050718785719329986e+02
-7.126643519653273984e+01
-3.536882908309209483e+01
-5.702070172417039728e-02
3.242940443973885323e+01
6.068626836587440465e+01
8.431800089437896872e+01
1.038416849899179368e+02
1.203566726930941542e+02
1.351000294464211038e+02
1.490478409393876120e+02
1.626841967344906266e+02
1.759675972247102038e+02
1.884419876650298988e+02
1.994139031495919596e+02
2.081418100529756998e+02
2.140159009593109829e+02
2.167139918442806561e+02
2.163038219656928902e+02
2.132504587983861484e+02
2.083044486803644872e+02
2.022920171948153154e+02
1.958774085928864110e+02
1.893882747451647219e+02
1.827727222814143886e+02
1.757001930624929003e+02
1.677551579392770975e+02
1.586348325547498064e+02
1.482710562698077297e+02
1.368450955038974826e+02
1.247163176444472299e+02
1.123107220305683143e+02
1.000165912025918686e+02
8.812651351693287438e+01
7.684392609983768807e+01
6.633617467406035928e+01
5.678799739342268538e+01
4.841081538304994325e+01
4.138909631099243569e+01
3.578108902596390806e+01
3.142467335886006907e+01
2.790925852221043257e+01
2.464643387460245094e+01
2.101888952355048445e+01
1.654318118878106958e+01
1.097487400432942550e+01
4.318479357532077678e+00
-3.242175523190528708e+00
-1.144034375706514339e+01
-2.000016034653061681e+01
-2.867412544076236003e+01
-3.726185197453668252e+01
-4.562653025695617259e+01
-5.370326032785604298e+01
-6.148286136356595932e+01
-6.896801515452820297e+01
-7.612036235609645018e+01
-8.283204026613904603e+01
-8.895544949709329785e+01
-9.439907353931461387e+01
-9.924492590267125536e+01
-1.038027931387259457e+02
-1.085368097831632923e+02
-1.138800320394634298e+02
-1.200323526528954687e+02
-1.268531720121746673e+02
-1.339027782914346005e+02
-1.406011337932587253e+02
-1.464182706007566424e+02
-1.510136388177160143e+02
-1.542852158600360042e+02
-1.563378407202889093e+02
-1.574141913491466482e+02
-1.578426730152644666e+02
-1.580310826176040848e+02
-1.584798260424311422e+02
-1.597491162957039137e+02
-1.623277585690174192e+02
-1.664053691966729502e+02
-1.716155765710471428e+02
-1.768690753717134214e+02
-1.803959568416272816e+02
-1.800429665840408120e+02
-1.737576270846960256e+02
-1.601092251666508730e+02
-1.386843355424434208e+02
-1.102389843244007182e+02
-7.655946987976169282e+01
-4.006768321308897640e+01
-3.293217480833980915e+00
3.161318689235404022e+01
6.317597947595897523e+01
9.065320844715142812e+01
1.139199585690079317e+02
1.332852692563685082e+02
1.493189374437373260e+02
1.627095242167078197e+02
1.741496279013808817e+02
1.842464398068345020e+02
1.934538392901549457e+02
2.020130600959185472e+02
2.098971123219553760e+02
2.167868848971871785e+02
2.221301923189772083e+02
2.253096754905218120e+02
2.258768456456141394e+02
2.237492643376478441e+02
2.192687664935062628e+02
2.130884847769990813e+02
2.059474070167805735e+02
1.984404579659573642e+02
1.908782288490436088e+02
1.832802514992463898e+02
1.754905412265877942e+02
1.673566745720982851e+02
1.588853269905915511e+02
1.502965600519267753e+02
1.419521904051295564e+02
1.342039755323002339e+02
1.272464084607794916e+02
1.210404767122922038e+02
1.153250593183486927e+02
1.096964180021135888e+02
1.037258769227242539e+02
9.708265183311397095e+01
8.962308901907636027e+01
8.141573908870422827e+01
7.270436761014524052e+01
6.384248672699742144e+01
5.523148304414876719e+01
4.726854852172787957e+01
4.029395600500505736e+01
3.453144450208733218e+01
3.002794927009863102e+01
2.660955367628332979e+01
2.387506680553558169e+01
2.124132713677192541e+01
1.803827324188540970e+01
1.364038521099657153e+01
7.615348364304045603e+00
-1.428488653313827461e-01
-9.347244562493068898e+00
-1.936509292817850891e+01
-2.938790296100586019e+01
-3.867590055073780775e+01
-4.678544435500259624e+01
-5.368964203851079020e+01
-5.974805702036152866e+01
-6.553733203582577005e+01
-7.159726191504184101e+01
-7.818013858214439438e+01
-8.511017865519336567e+01
-9.183413373373247168e+01
-9.765829152769397581e+01
-1.020651785648006040e+02
-1.049624279935609081e+02
-1.067602438162619762e+02
-1.082533498007441608e+02
-1.103546182466252077e+02
-1.137866455749679062e+02
-1.188666219166607618e+02
-1.254787301583245522e+02
-1.332213108839862912e+02
-1.416165092527751312e+02
-1.502509268455080189e+02
-1.587778193594396043e+02
-1.667996603556591424e+02
-1.737143189946054918e+02
-1.786265490206760944e+02
-1.803959568416272816e+02
-1.778268444279342759e+02
-1.699387782198072898e+02
-1.562304428239556557e+02
-1.368728840696191469e+02
-1.128049711257060608e+02
-8.571291066847587103e+01
-5.786135605728959774e+01
-3.175272688592497516e+01
-9.656568562278769363e+00
6.861956717115514692e+00
1.725249782583414060e+01
2.202194421329155460e+01
2.250495264358648484e+01
2.045023850057378212e+01
1.755758168040538081e+01
1.509696124019480479e+01
1.369736258141755059e+01
1.332891142647682869e+01
1.344203959892209355e+01
