3.413617442765900734e+00
4.733175126371556019e+00
5.801622528031849413e+00
6.462140564204883475e+00
6.663407163193500793e+00
6.442167202615944888e+00
5.880520781631823013e+00
5.067770257614288454e+00
4.076816269414297977e+00
2.947057021878652705e+00
1.669414232386536412e+00
1.844272541085221206e-01
-1.594213526664789882e+00
-3.736333380155366868e+00
-6.254929731873799525e+00
-9.090392060908477845e+00
-1.212551959998913453e+01
-1.522294295194400959e+01
-1.826999638553432703e+01
-2.121557089439529875e+01
-2.408612721615774888e+01
-2.697353130354284900e+01
-2.999561286123164905e+01
-3.324116806231663190e+01
-3.672300374848276761e+01
-4.036627083054585086e+01
-4.404210261003331084e+01
-4.762482636435538552e+01
-5.103461181442393979e+01
-5.424457137050447386e+01
-5.726227905021747233e+01
-6.010872200474642568e+01
-6.280747557902655842e+01
-6.538182219316567512e+01
-6.785295642306073205e+01
-7.023720483236721179e+01
-7.254376910933967793e+01
-7.477329128008008752e+01
-7.691739695068477545e+01
-7.895996385649303306e+01
-8.087615023312197593e+01
-8.262171270880902796e+01
-8.411578872175209654e+01
-8.523785220045127176e+01
-8.585906276062937081e+01
-8.590272043100635813e+01
-8.540271064753584085e+01
-8.452723133221182650e+01
-8.355374887813150053e+01
-8.280160870596859013e+01
-8.254351834640206675e+01
-8.292751605928890513e+01
-8.394157228214157840e+01
-8.543554697015602528e+01
-8.718689775904665851e+01
-8.897744327754288918e+01
-9.064989275396538915e+01
-9.212768400222566356e+01
-9.339729209413165734e+01
-9.446417379891269661e+01
-9.530359647095079367e+01
-9.583337785929138875e+01
-9.592991205665290977e+01
-9.548901130612526345e+01
-9.450647036618651953e+01
-9.313469243620851046e+01
-9.167565427569111591e+01
-9.050122508968863144e+01
-8.993421386725293587e+01
-9.014679866866511304e+01
-9.111849694162123114e+01
-9.265951784040076689e+01
-9.447862763776798545e+01
-9.626925659432249915e+01
-9.779322283190586518e+01
-9.894629003152603275e+01
-9.978909187939527214e+01
-1.005228753981319585e+02
-1.013923981746064413e+02
-1.025202892130668744e+02
-1.037162404133961786e+02
-1.043387228751587941e+02
-1.032894647718666334e+02
-9.917999798593774585e+01
-9.063978755366888151e+01
-7.667211257336715846e+01
-5.694093246646667694e+01
-3.189906710755030872e+01
-2.727422325596137398e+00
2.888244237648979151e+01
6.102876123203292025e+01
9.189992864536104378e+01
1.200083509746263672e+02
1.443204969851894930e+02
1.642784608296801707e+02
1.797383363786566406e+02
1.908680680620921635e+02
1.980451346235024062e+02
2.017773313444987480e+02
2.026493388894784289e+02
2.012823433098305088e+02
1.982897624200165865e+02
1.942229186046081679e+02
1.895200703263053583e+02
1.844823336435407555e+02
1.792875478483153984e+02
1.740280291139655162e+02
1.687451230153733093e+02
1.634446642289869089e+02
1.580984401852350061e+02
1.526442261392388104e+02
1.469882874327900879e+02
1.410073585916896377e+02
1.345517747000344002e+02
1.274583715195438174e+02
1.195802093586056429e+02
1.108300965912056739e+02
1.012230606653546943e+02
9.089752012483596388e+01
8.010165712399093252e+01
6.914866154544166932e+01
5.836220645234789117e+01
4.803900611892797912e+01
3.844246149417901393e+01
2.981827871854915202e+01
2.240624576426977654e+01
1.642254580326474311e+01
1.200407085094217940e+01
9.134203473242122229e+00
7.593948969753457234e+00
6.981308805813720042e+00
6.806735004565680924e+00
6.625620155522939925e+00
6.147218855609152044e+00
5.277926304735222729e+00
4.094814427958412217e+00
2.773584330055153480e+00
1.503479629905257298e+00
4.158857085652396535e-01
-4.590121943152071227e-01
-1.204600690473991431e+00
-2.000586371344703629e+00
-3.076671349163203839e+00
-4.642635816142666627e+00
-6.815429738869242193e+00
-9.575858569256414654e+00
-1.277820248155076577e+01
-1.620719576169873832e+01
-1.965116872769961276e+01
-2.295735476883501036e+01
-2.605287285414696186e+01
-2.893530943895915186e+01
-3.164614245284718663e+01
-3.423821050129967603e+01
-3.674425430186390429e+01
-3.915313568539239242e+01
-4.140112219079348677e+01
-4.338363032872987901e+01
-4.498812066244347818e+01
-4.614233486241717230e+01
-4.686279444331348998e+01
-4.727962968337951111e+01
-4.761622210019305612e+01
-4.812223150336824062e+01
-4.898594395022265502e+01
-5.026655941535647543e+01
-5.187726136140062749e+01
-5.362276474920312097e+01
-5.527085513429830144e+01
-5.662921187165285630e+01
-5.760202484588455007e+01
-5.820868212882799497e+01
-5.856058040710061618e+01
-5.881002636322637045e+01
-5.909551751283579790e+01
-5.950218329418410690e+01
-6.004222183295787829e+01
-6.065281436118044667e+01
-6.121225162138530607e+01
-6.157808809909731451e+01
-6.164350685621568005e+01
-6.139232003008694960e+01
-6.092391447039932473e+01
-6.043010129840500610e+01
-6.013161307621177798e+01
-6.020330647483328335e+01
-6.071971365412534283e+01
-6.163844916324835310e+01
-6.281999995719971253e+01
-6.407056801919985389e+01
-6.519442036992961675e+01
-6.604672722292622211e+01
-6.657718785487688251e+01
-6.685051237857784656e+01
-6.703246429825735220e+01
-6.734244684636108502e+01
-6.798843924219322332e+01
-6.911027940451376139e+01
-7.075819199951916971e+01
-7.292078810205650541e+01
-7.558904395570741030e+01
-7.881060007213714869e+01
-8.267936270134228494e+01
-8.723912985248404084e+01
-9.233707018568635760e+01
-9.749770588291622175e+01
-1.018792415726754683e+02
-1.043387228751587941e+02
-1.035952280462482378e+02
-9.845280514404096550e+01
-8.803209004046370012e+01
-7.196216963178218862e+01
-5.049461431364654374e+01
-2.451326421428066737e+01
4.569063684211087661e+00
3.500853215199924762e+01
6.497837319592025551e+01
9.281330232918121226e+01
1.172060413713409019e+02
1.373285304135046374e+02
1.528652861454179401e+02
1.639601929857670939e+02
1.710938291201052834e+02
1.749242405346927853e+02
1.761341005616950497e+02
1.753250783127839441e+02
1.729813996891645047e+02
1.694923977173132243e+02
1.651948762202695775e+02
1.603909633962566090e+02
1.553224192702474511e+02
1.501220137257748206e+02
1.447860902516411556e+02
1.391995025996448021e+02
1.332070127085200397e+02
1.266969812598001113e+02
1.196612125220058545e+02
1.122082552693823772e+02
1.045216577313399426e+02
9.677153668824608701e+01
8.901146059418724121e+01
8.111023557785649984e+01
7.276146155553729500e+01
6.358067395816645728e+01
5.325695516214224057e+01
4.169782084000533473e+01
2.911086901343166033e+01
1.599740404193912191e+01
3.067255080779945686e+00
-8.896775348974585995e+00
-1.919023714969395655e+01
-2.731956696004620255e+01
-3.308514830630164028e+01
-3.659213930795979053e+01
-3.818086451048738894e+01
-3.829382449875080852e+01
-3.732743170504757302e+01
-3.553266167721455560e+01
-3.300863810052675973e+01
-2.978071059755225747e+01
-2.590389745754922757e+01
-2.152176620469481350e+01
