-2.864581618273109953e+01
-3.679670554252031422e+01
-4.285605321912609611e+01
-4.527537041051792954e+01
-4.335966616786435424e+01
-3.730967367366292819e+01
-2.801112773853616034e+01
-1.669382521287507259e+01
-4.593459058869864720e+00
7.295466696115205707e+00
1.833882757764530425e+01
2.825275253998612612e+01
3.699396949600401996e+01
4.461063343521576741e+01
5.112271605981000988e+01
5.647761412783687263e+01
6.058301558675056242e+01
6.337999896923144405e+01
6.490719379442990089e+01
6.532243854922489845e+01
6.487269239096221440e+01
6.382645237898755397e+01
6.240655470803164917e+01
6.076693677427451235e+01
5.902337301669015801e+01
5.729959080596911747e+01
5.573889576497076348e+01
5.446591419792051170e+01
5.351971902362825517e+01
5.279090642260155164e+01
5.199584495601709477e+01
5.071877552692305358e+01
4.852748227409851722e+01
4.512335281613307103e+01
4.046037880353691207e+01
3.478044614841729754e+01
2.854602311207377596e+01
2.229116353314846322e+01
1.645319643497423456e+01
1.126546639947883222e+01
6.759909786850043290e+00
2.863591453333645731e+00
-4.806355696920494580e-01
-3.250935069221388751e+00
-5.382046161348649882e+00
-6.867011158023754724e+00
-7.837484952585902498e+00
-8.548879785030802481e+00
-9.273168977126861279e+00
-1.017541242628241172e+01
-1.125382346876430084e+01
-1.236076584977357840e+01
-1.326381430100142822e+01
-1.370499519337621663e+01
-1.345077603061601934e+01
-1.234445178631650464e+01
-1.036539193593266361e+01
-7.686178474819637785e+00
-4.703475154926676893e+00
-2.001050049533560582e+00
-2.119645993777439230e-01
1.958268143516885829e-01
-8.834155922366555558e-01
-3.123667212207223542e+00
-5.876724177524298653e+00
-8.419232807300549126e+00
-1.022622660948402284e+01
-1.114775033628434642e+01
-1.141226535948203136e+01
-1.146819343276140657e+01
-1.175732982012684857e+01
-1.253790256917608303e+01
-1.382958903894912339e+01
-1.547798164816140343e+01
-1.727794692038892066e+01
-1.907587956644943006e+01
-2.079610951828036747e+01
-2.239661946383139934e+01
-2.381506376236336564e+01
-2.497117380992602165e+01
-2.583714439854555422e+01
-2.651916080519779229e+01
-2.727366399249198281e+01
-2.842979266424389806e+01
-3.025835019847898621e+01
-3.285571264897446753e+01
-3.608438122761581468e+01
-3.956980195608979756e+01
-4.273690905566163423e+01
-4.488064362787373085e+01
-4.527537041051792954e+01
-4.332047189370667439e+01
-3.869599645169908086e+01
-3.147630296984942078e+01
-2.213827654699572633e+01
-1.143352892075228056e+01
-1.636126482198250187e-01
1.104074778011017344e+01
2.183157185277465828e+01
3.210596133855467116e+01
4.186882634319028540e+01
5.109812186860253291e+01
5.969078686459462801e+01
6.749466928902076290e+01
7.437523104117700257e+01
8.026294735309123496e+01
8.515945950328890035e+01
8.910985569954152652e+01
9.216153721533578391e+01
9.433328490710610481e+01
9.561221620198065807e+01
9.598180290830723038e+01
9.546966414276704427e+01
9.419255224793957382e+01
9.236910795949009412e+01
9.028175022196001009e+01
8.820130356433628549e+01
8.631701948319540918e+01
8.471334137545657939e+01
8.340283776986294129e+01
8.238438854679307610e+01
8.167233574735533352e+01
8.125445879622768075e+01
8.098877930737950237e+01
8.051335839643445524e+01
7.926164177292812951e+01
7.661870948327529618e+01
7.216384550511615714e+01
6.589084308838022253e+01
5.830317405688570886e+01
5.032857786183453186e+01
4.306656772163569258e+01
3.745478543780772185e+01
3.398539339872505138e+01
3.258630303999381539e+01
3.270160525101526616e+01
3.351249020376011600e+01
3.419799974861061997e+01
3.415273208298840046e+01
3.311412035404000420e+01
3.117929976225193300e+01
2.872043977356857880e+01
2.623897919883746255e+01
2.421099356303719574e+01
2.295987998097375637e+01
2.257190997785297526e+01
2.286423634139553229e+01
2.341451673493408947e+01
2.365164817895479032e+01
2.299132009922285746e+01
2.098974978563509808e+01
1.748431543835591384e+01
1.268157396900159029e+01
7.146345608779686387e+00
1.663673307547465896e+00
-3.002111070038125717e+00
-6.365238810740180497e+00
-8.378556409412013295e+00
-9.415489677213521702e+00
-1.008119216922150940e+01
-1.094744411007616236e+01
-1.233678112455342557e+01
-1.424192188233120504e+01
-1.639030101298261144e+01
-1.839906221684168486e+01
-1.993998620840995528e+01
-2.084608936734960594e+01
-2.113104791554025752e+01
-2.094104183725343660e+01
-2.049060169963215117e+01
-2.002846226820490472e+01
-1.983590675281378424e+01
-2.021514296511436726e+01
-2.143177421873517119e+01
-2.363239549412747920e+01
-2.679301742444350509e+01
-3.071923393465841912e+01
-3.506687970017622291e+01
-3.935431556711129986e+01
-4.297977486973601913e+01
-4.527537041051792954e+01
-4.560723416748929537e+01
-4.349980323241779701e+01
-3.874398558691744654e+01
-3.144950475938959045e+01
-2.201826810692858771e+01
-1.104323838096675559e+01
8.326704537707101395e-01
1.303851440565079933e+01
2.511784391274303729e+01
3.667518425040884722e+01
4.728123232376435681e+01
5.642972559085725948e+01
6.360274201720523735e+01
6.842018928960845869e+01
7.079015873150504490e+01
7.097733562570937238e+01
6.955486126696558813e+01
6.726482189535288114e+01
6.485017595846976235e+01
6.291788673865630699e+01
6.185706856490644157e+01
6.180033553371040256e+01
6.261111826777254663e+01
6.390048170298074837e+01
6.509359876926093591e+01
6.555608971036397747e+01
6.475790381832602804e+01
6.242124504707958010e+01
5.859555432827905008e+01
5.363239527534859263e+01
4.807390472549939631e+01
4.249540673088677778e+01
3.735117376475771778e+01
3.286731400419428439e+01
2.900879149799885326e+01
2.552271794752378042e+01
2.203946912195872088e+01
1.820587845055002063e+01
1.382222887997569494e+01
8.942552379521531591e+00
3.888766927041033661e+00
-8.435405076469850716e-01
-4.750534104208782082e+00
-7.479664049455299946e+00
-8.918610744431177295e+00
-9.193270294087039218e+00
-8.596902141283628396e+00
-7.497786630660424834e+00
-6.271229900816390312e+00
-5.269549523018524084e+00
-4.805548666024830773e+00
-5.120113518098372118e+00
-6.335114320059583193e+00
-8.418633576904717586e+00
-1.118435487926671712e+01
-1.432840659862881871e+01
-1.749852498453554261e+01
-2.038460252536336270e+01
-2.280444646704139799e+01
-2.475041330820496910e+01
-2.637914753548855984e+01
-2.795280050468415567e+01
-2.975178831521642664e+01
-3.197789242674568655e+01
-3.466939893258891914e+01
-3.765889132085358426e+01
-4.060091775598300501e+01
-4.306989440184761264e+01
-4.469419047447854609e+01
-4.527537041051792954e+01
-4.484878211856884178e+01
-4.366237206366662349e+01
-4.207466732411557331e+01
-4.039976031819680458e+01
-3.875793266426647676e+01
-3.700801434968796144e+01
-3.480966969412378376e+01
-3.179218946871742446e+01
-2.774596497434131237e+01
-2.274843594704044847e+01
-1.717406316172748149e+01
