2.874868276574918724e+00
-1.210367703633619385e+01
-2.509865352603910083e+01
-3.470673587451320685e+01
-4.046315975892319017e+01
-4.283292493297262382e+01
-4.291604491241719899e+01
-4.202409361677465682e+01
-4.128101430460989718e+01
-4.135162434602614212e+01
-4.234551640770718706e+01
-4.389331757847755711e+01
-4.534957228436007171e+01
-4.605187458824351410e+01
-4.556470314361947516e+01
-4.384684004950126024e+01
-4.129539008677524947e+01
-3.864801752663926493e+01
-3.676841446680305125e+01
-3.637729919186466532e+01
-3.780930900686865215e+01
-4.087480705618160925e+01
-4.487983787173578065e+01
-4.880273942600228310e+01
-5.155994360998801795e+01
-5.225867473479741676e+01
-5.035873055584763591e+01
-4.572335925817154845e+01
-3.858011126000206303e+01
-2.942148933412950385e+01
-1.887262677439257175e+01
-7.557369131898248327e+00
3.997311281445474762e+00
1.538814839058729333e+01
2.630565452230502999e+01
3.650260703370197746e+01
4.580553623016321296e+01
5.415237469197780484e+01
6.159716354439665764e+01
6.824687660863597216e+01
7.415741185176480599e+01
7.925834263542893154e+01
8.336506246093830441e+01
8.627449829610117149e+01
8.787352104834522493e+01
8.818187369625323413e+01
8.731334283685586684e+01
8.540717441183224423e+01
8.259252793432258954e+01
7.900199361249795516e+01
7.479837577671864324e+01
7.016933538326216535e+01
6.527858874550483392e+01
6.020504691803065356e+01
5.491912452230710784e+01
4.932983367862861712e+01
4.339641871999253908e+01
3.725098005079601649e+01
3.125163914502736162e+01
2.590932550038250781e+01
2.170272779615172354e+01
1.886717049389735479e+01
1.726299714387675266e+01
1.639143361872186233e+01
1.556204455116671781e+01
1.415410705680541170e+01
1.187115904587441761e+01
8.884378774229450215e+00
5.806956863528457191e+00
3.511086702781395452e+00
2.848752181766680103e+00
4.356823397440221513e+00
8.034189426766220166e+00
1.327464517083492268e+01
1.900113063139178848e+01
2.397123641051612708e+01
2.714804262977215643e+01
2.799850190117183857e+01
2.660729012034085628e+01
2.356429386082041333e+01
1.967662938642989445e+01
1.563828533037205659e+01
1.181432091568311904e+01
8.229048552067229849e+00
4.721088821282494408e+00
1.136052719549333068e+00
-2.561076107167264304e+00
-6.282037240171955972e+00
-9.866665954860216914e+00
-1.312440030855458240e+01
-1.584759389493291692e+01
-1.782799345377017630e+01
-1.891486910932077592e+01
-1.911316212067340814e+01
-1.866546964322394331e+01
-1.804279222252887394e+01
-1.781484264034335752e+01
-1.845171449357928850e+01
-2.015543985124071824e+01
-2.279666531853442635e+01
-2.597012484664917054e+01
-2.913483536990310796e+01
-3.178959917334682217e+01
-3.363653092100997810e+01
-3.468675457973819221e+01
-3.526478139729105266e+01
-3.589078972457969030e+01
-3.707185895771949902e+01
-3.908827510904967539e+01
-4.187467303021441722e+01
-4.504922608753972213e+01
-4.806812140922384913e+01
-5.042863472807507463e+01
-5.183445040393337422e+01
-5.225867473479741676e+01
-5.188063186506671087e+01
-5.092705665967859119e+01
-4.949662776934519570e+01
-4.745826220594259581e+01
-4.447383875978513146e+01
-4.012738154055293904e+01
-3.408929273566213425e+01
-2.624029609188748680e+01
-1.672012664435629148e+01
-5.910782939303723893e+00
5.619694213278748407e+00
1.719341481226156887e+01
2.810421243377798817e+01
3.769166755814948289e+01
4.540644618056274595e+01
5.088020588350636331e+01
5.400659722453913503e+01
5.500932110046115753e+01
5.444692072647895742e+01
5.311179397796153978e+01
5.182477938651243932e+01
5.118172384681609799e+01
5.134533678148164881e+01
5.197648417382399799e+01
5.235691163541615367e+01
5.167576876512152495e+01
4.936864771720936318e+01
4.536363208337293429e+01
4.012839204979329111e+01
3.449722895680415746e+01
2.934430044411156047e+01
2.523321112317832160e+01
2.219226380970420820e+01
1.971801485224280270e+01
1.700725148777020834e+01
1.331307374947734345e+01
8.272132209282304416e+00
2.072404094735778912e+00
-4.597793309298918274e+00
-1.079051801139310385e+01
-1.563025134629697988e+01
-1.861682759354600591e+01
-1.980158323449559177e+01
-1.978311183745923785e+01
-1.952086493435519898e+01
-2.002124279977468646e+01
-2.199735886120529926e+01
-2.561831816493540614e+01
-3.043729558905938148e+01
-3.552726004906536161e+01
-3.977901215295682391e+01
-4.225831488818993620e+01
-4.250115776293738890e+01
-4.065207304268521682e+01
-3.740860342436792507e+01
-3.380437744023424784e+01
-3.091320463625303816e+01
-2.956627802463296462e+01
-3.015362889889100018e+01
-3.255250909966253658e+01
-3.619389326542648178e+01
-4.023849138729715946e+01
-4.380011253473823984e+01
-4.615015067724927178e+01
-4.685987935432884655e+01
-4.586265647490676400e+01
-4.343239564759177540e+01
-4.008606150450954431e+01
-3.643666913407599850e+01
-3.304183147391046305e+01
-3.029450657534874125e+01
-2.838335196479330591e+01
-2.732123128523593181e+01
-2.701494564568001522e+01
-2.733800636016616181e+01
-2.817728117488582740e+01
-2.944613030495523986e+01
-3.107552100739951939e+01
-3.300085942348793822e+01
-3.515411018361876927e+01
-3.745641062554693690e+01
-3.980516957103364462e+01
-4.206752038256345827e+01
-4.410229990505733610e+01
-4.581036320993224820e+01
-4.717794469337087548e+01
-4.827395690216494728e+01
-4.919979241825943461e+01
-5.003093507342919111e+01
-5.079030240390564188e+01
-5.145623907435255973e+01
-5.197841951688378259e+01
-5.228159362298738699e+01
-5.225867473479741676e+01
-5.175977688053997383e+01
-5.057899941568181390e+01
-4.844925336819655826e+01
-4.506930996644030074e+01
-4.017704588172966851e+01
-3.364933231541017733e+01
-2.558711067710018483e+01
-1.635083821907970858e+01
-6.530156385863085333e+00
3.150798275627323619e+00
1.197431120764677104e+01
1.938370413115316637e+01
2.510661647446608669e+01
2.919683573788832831e+01
3.196900835914728134e+01
3.385600185117647243e+01
3.526044343507224710e+01
3.646088887900722852e+01
3.758530094827373347e+01
3.862521923320908712e+01
3.945748744523465490e+01
3.985899098546546071e+01
3.952305835407971557e+01
3.810038156017876076e+01
3.528750801220033395e+01
3.096310667425332497e+01
2.532286583378285627e+01
1.892289164559614534e+01
1.256561273478027729e+01
7.053854663512055367e+00
2.923031263281199443e+00
2.693124671543234427e-01
-1.265043958337583874e+00
-2.350990853080530130e+00
-3.721048278448959579e+00
-5.886112038558032999e+00
-8.926320093789282595e+00
-1.244807217014296974e+01
-1.573127219673254196e+01
-1.800396262047515705e+01
-1.873106721791059925e+01
-1.781008200840476619e+01
-1.560945751470922005e+01
-1.284318798174741794e+01
-1.033384073424683436e+01
-8.755324878318717197e+00
-8.448853042546033976e+00
-9.371997126321547356e+00
-1.118491089748344436e+01
-1.342283707429617934e+01
-1.567838669002323115e+01
-1.772782552322284744e+01
-1.956258585897486313e+01
