6.344041753940388162e+01
2.975839334638571643e+01
-3.076992909301452528e-01
-2.412455099354400545e+01
-4.063864602895364442e+01
-5.045439268061828386e+01
-5.543025333757188378e+01
-5.800268271316822677e+01
-6.049158974185773729e+01
-6.458986593335320947e+01
-7.113085198126127295e+01
-8.010892277167728537e+01
-9.085047242724267846e+01
-1.022242113652571476e+02
-1.128229852333010257e+02
-1.210972066286741295e+02
-1.254459722324591411e+02
-1.242864450806105054e+02
-1.161373089008028927e+02
-9.975809905464645055e+01
-7.436746961835108038e+01
-3.991672782652098306e+01
2.665525345492469000e+00
5.138053683177313502e+01
1.033169271732167545e+02
1.550631583870251120e+02
2.032651441909330856e+02
2.451568243986218931e+02
2.789168162790463725e+02
3.037915102109988652e+02
3.200134184091756993e+02
3.285864790057999585e+02
3.310070044506036879e+02
3.289713848607490831e+02
3.241114216248706725e+02
3.177928356556576546e+02
3.110017986971722621e+02
3.043244073533792857e+02
2.979997466914001052e+02
2.920114629712165879e+02
2.861877817674125595e+02
2.802982957829372026e+02
2.741402634060911510e+02
2.675868396051157561e+02
2.605564110234042232e+02
2.528961957807737235e+02
2.442441772925816963e+02
2.339755486613062772e+02
2.213022114860793863e+02
2.055040485329412832e+02
1.862003965182345837e+02
1.635544996410608292e+02
1.383312159260608212e+02
1.117817036010882958e+02
8.539160697302861536e+01
6.057439948761466297e+01
3.839906687114254424e+01
1.941699663376449791e+01
3.618503616908707698e+00
-9.481029612915833127e+00
-2.065509259227101779e+01
-3.073883613338804111e+01
-4.042704360431585542e+01
-5.013805841976821398e+01
-5.995311957329329289e+01
-6.963210839137217079e+01
-7.870874252289912931e+01
-8.665302071383744931e+01
-9.305718896624716763e+01
-9.778167508469353209e+01
-1.010089381220776801e+02
-1.031869930951018404e+02
-1.048811887970401813e+02
-1.065857792279262810e+02
-1.085709790428766155e+02
-1.108358363689567057e+02
-1.131861948161782152e+02
-1.153846773639336192e+02
-1.172811889613063414e+02
-1.188588879724640179e+02
-1.201961340510954557e+02
-1.213942767984521112e+02
-1.225224907472506430e+02
-1.235984868240639258e+02
-1.245938625175122780e+02
-1.254459722324591411e+02
-1.260697199507408897e+02
-1.263746530108635397e+02
-1.262891084937342328e+02
-1.257847918987871338e+02
-1.248856331368524195e+02
-1.236579377411692064e+02
-1.221984222169050582e+02
-1.206345043476406289e+02
-1.191289142294562282e+02
-1.178701174724297260e+02
-1.170437943161836927e+02
-1.167938655327940580e+02
-1.171771284555390480e+02
-1.181120915621775680e+02
-1.193399698042820916e+02
-1.204400401895615857e+02
-1.209378488660976103e+02
-1.204946966075095673e+02
-1.190945995575118133e+02
-1.171071821495373513e+02
-1.151421712743061079e+02
-1.137107880223469891e+02
-1.128185529005523335e+02
-1.116735443774322789e+02
-1.086668980625455418e+02
-1.016761933863267586e+02
-8.860948750509299998e+01
-6.801213241924878616e+01
-3.953946345323767986e+01
-4.154212745468211843e+00
3.599711134007510793e+01
7.798068242043248688e+01
1.186271268838551975e+02
1.550874007325815001e+02
1.852551179329677780e+02
2.079780249288243681e+02
2.230597505922166306e+02
2.311065851631050805e+02
2.332813350000507455e+02
2.310070406776918617e+02
2.256562002897174466e+02
2.182799558516632032e+02
2.094523665762449696e+02
1.992922784985438511e+02
1.876650626845603256e+02
1.744806902257335537e+02
1.599450956129455790e+02
1.446357862175989624e+02
1.293614998514534591e+02
1.148785523714322920e+02
1.016074413517467576e+02
8.948466887122974356e+01
7.800756695928824058e+01
6.643519003817735324e+01
5.404901960811783113e+01
4.037058813330560980e+01
2.526643297229858831e+01
8.926291984219876241e+00
-8.244612957776800144e+00
-2.575239645184587545e+01
-4.310654379440995143e+01
-5.985637436525912847e+01
-7.558053586860597761e+01
-8.985415138919609035e+01
-1.022241833350347520e+02
-1.122264981743037993e+02
-1.194730693527480270e+02
-1.238049027441071530e+02
-1.254459722324591411e+02
-1.250524903636272711e+02
-1.235832932209450945e+02
-1.220172897850331282e+02
-1.210328018109812263e+02
-1.208006296682979155e+02
-1.209918955056509020e+02
-1.209911089491568106e+02
-1.201980014239297248e+02
-1.182686120086931254e+02
-1.152049342778033747e+02
-1.112979886577029731e+02
-1.069914887145539524e+02
-1.027402040335949067e+02
-9.890992424202970312e+01
-9.572933401758916716e+01
-9.327333770218483266e+01
-9.144844915333868585e+01
-8.997349687447147915e+01
-8.838653814093004257e+01
-8.612381913299452663e+01
-8.268179452298565479e+01
-7.780307817305828166e+01
-7.158168941117526174e+01
-6.441794724254251037e+01
-5.684953230057840301e+01
-4.935844318185299073e+01
-4.225134734622964316e+01
-3.565923153572811088e+01
-2.964919668329152458e+01
-2.440050333152546358e+01
-2.036429840446596984e+01
-1.831370957895176232e+01
-1.921951059464398170e+01
-2.395880304544760975e+01
-3.295145860411999905e+01
-4.587260000387617964e+01
-6.157249742786605395e+01
-7.825633740668682492e+01
-9.388048680633465892e+01
-1.066486988427647873e+02
-1.154570450836540232e+02
-1.201476692142907865e+02
-1.214911198194544397e+02
-1.209050866466424168e+02
-1.199937175880817364e+02
-1.200286234510739121e+02
-1.214971991575968531e+02
-1.238362972633559593e+02
-1.254459722324591411e+02
-1.240177789889658158e+02
-1.171157746620693274e+02
-1.028501882289589560e+02
-8.045164291843779836e+01
-5.057694993385716487e+01
-1.525696432271173819e+01
2.250782650819294872e+01
5.940464663785557775e+01
9.253369293885667446e+01
1.199724953095204683e+02
1.409937728642422599e+02
1.558820136030409458e+02
1.654547732092321439e+02
1.705125563686931400e+02
1.714645928814418880e+02
1.682875558164984113e+02
1.608021072487096603e+02
1.490867963582978746e+02
1.337869828056255983e+02
1.161539854079848340e+02
9.781290951306874604e+01
8.039671340062668037e+01
6.521530159519819847e+01
5.305936633199418395e+01
4.414528523639955893e+01
3.815520241363712728e+01
3.432775916046625753e+01
3.158346065155471649e+01
2.868999714478238161e+01
2.446605127556555459e+01
1.799199213841916389e+01
8.769894470903757622e+00
-3.219478985591790021e+00
-1.757644941337031241e+01
-3.362285014085028934e+01
-5.055393013074984765e+01
-6.753686627783059748e+01
-8.373746280831903732e+01
-9.831712609420465299e+01
-1.104652868567307706e+02
-1.194970916099025970e+02
-1.249866739284343424e+02
-1.268687878212056148e+02
-1.254459722324591411e+02
-1.212822051974172552e+02
-1.150261576306544953e+02
-1.072500654631056136e+02
-9.838316804488255229e+01
-8.876163876206165071e+01
-7.874221046599261342e+01
-6.878365610358243032e+01
-5.942443974843268961e+01
-5.116152181187787562e+01
-4.430409507596322527e+01
-3.888710472053030998e+01
-3.468480119579731991e+01
-3.130182453831780975e+01
-2.827827572233765352e+01
