-1.557037244129585218e+00
3.672942202099251574e+01
6.885688031162629841e+01
9.021333789393338520e+01
9.872170115747817931e+01
9.493261859812022863e+01
8.137162832483898001e+01
6.153508531384507307e+01
3.894242087779697670e+01
1.648950461409442880e+01
-3.843585727958590326e+00
-2.100030831441375412e+01
-3.468354519922801416e+01
-4.512240159544244023e+01
-5.284151616778062532e+01
-5.847515902700188661e+01
-6.264730588030781888e+01
-6.591990996803082226e+01
-6.879187402380961203e+01
-7.171505772793435085e+01
-7.508965698305087244e+01
-7.922009560171989051e+01
-8.425065327385388514e+01
-9.012821561894898537e+01
-9.663012838464658216e+01
-1.034558529379783920e+02
-1.103438802755891288e+02
-1.171634501460751494e+02
-1.239469555163999956e+02
-1.308589692941021951e+02
-1.381208126220461736e+02
-1.459181561679026515e+02
-1.543200124484308731e+02
-1.632330644076668023e+02
-1.724029310128064196e+02
-1.814584301204187682e+02
-1.899849424712744224e+02
-1.976086621713187981e+02
-2.040683216435735972e+02
-2.092481499169062999e+02
-2.131595049768793615e+02
-2.158881540380174897e+02
-2.175437735786588007e+02
-2.182400167740735810e+02
-2.181108122671025171e+02
-2.173502846941540554e+02
-2.162509296992972168e+02
-2.152068883252395324e+02
-2.146579151130403886e+02
-2.149805544841887865e+02
-2.163680026745052771e+02
-2.187519301056941572e+02
-2.218017064145573158e+02
-2.250080659482304384e+02
-2.278360613316323509e+02
-2.299108470615978206e+02
-2.311734500973303739e+02
-2.319308090616445099e+02
-2.327462668548436966e+02
-2.341667827324348252e+02
-2.363427009900219673e+02
-2.386541467607920595e+02
-2.394944874179446970e+02
-2.363430337639062770e+02
-2.261765899773733679e+02
-2.061494678734688648e+02
-1.743581877910011144e+02
-1.304504268774738875e+02
-7.587704035043545048e+01
-1.371052172085589405e+01
5.190258316818188433e+01
1.164905425665912730e+02
1.760108906065229633e+02
2.274353883347799297e+02
2.690520331792073421e+02
3.004650575089913218e+02
3.223663601917019150e+02
3.361948730193854544e+02
3.437817629332743081e+02
3.470321873811285514e+02
3.476592857104762970e+02
3.469789856915319888e+02
3.457833422169582036e+02
3.443125225402494038e+02
3.423285466389075964e+02
3.392656358082319912e+02
3.344112224102007076e+02
3.270721467180283071e+02
3.167032242494839807e+02
3.030049602718041797e+02
2.860089887602317731e+02
2.661506431793790171e+02
2.442947081496457145e+02
2.216679067341420080e+02
1.996767715387665874e+02
1.796375389816992652e+02
1.624921217992646518e+02
1.486105288986075266e+02
1.377630910590410735e+02
1.292777939521903363e+02
1.223093202231831640e+02
1.160949025937084400e+02
1.100959894276965372e+02
1.040022884318747458e+02
9.764480849958891895e+01
9.088908671787905291e+01
8.356549684948217305e+01
7.546215506433243547e+01
6.637348416766741366e+01
5.617369281882307774e+01
4.487396313502429734e+01
3.262810852809129614e+01
1.967663423170958481e+01
6.256920683550642792e+00
-7.465362010006643345e+00
-2.139641243440504326e+01
-3.544275665196789760e+01
-4.941720209359125704e+01
-6.299719266854756938e+01
-7.578613228438108251e+01
-8.746002220219523338e+01
-9.791485991573695458e+01
-1.073192091629273932e+02
-1.160316201721098821e+02
-1.244214769688744298e+02
-1.326845445301638335e+02
-1.407494242055036580e+02
-1.483280335539290320e+02
-1.550854422121302605e+02
-1.608321106743534870e+02
-1.656290277861992308e+02
-1.697575298558869576e+02
-1.735912614902908899e+02
-1.774527859550556457e+02
-1.815217974011275430e+02
-1.858176995669154792e+02
-1.902459178834475892e+02
-1.946852454876950844e+02
-1.990916257945397092e+02
-2.035868455331527684e+02
-2.084811541984646794e+02
-2.141665414550119522e+02
-2.208532909853681474e+02
-2.282158982243014975e+02
-2.351058309523938874e+02
-2.394944874179446970e+02
-2.387151057228756486e+02
-2.299502435576938524e+02
-2.108367157326188703e+02
-1.800370695686669364e+02
-1.376381701387566920e+02
-8.527158113128672312e+01
-2.591435740760890383e+01
3.658584695366883466e+01
9.813969157030072665e+01
1.550391059509406659e+02
2.044348281538995025e+02
2.445987132159966109e+02
2.749739502793288466e+02
2.960509942556156489e+02
3.091132976084788879e+02
3.159071313295975756e+02
3.183014045666559468e+02
3.179941049242441409e+02
3.162968826631577031e+02
3.140124890917894618e+02
3.114154391317783848e+02
3.083352199352532352e+02
3.043119271137150008e+02
2.987652381646080357e+02
2.911231567386993788e+02
2.809023406412704844e+02
2.677761510447288629e+02
2.516635571957675950e+02
2.328232696535893922e+02
2.118942273362368098e+02
1.898338290220692954e+02
1.677610238999255898e+02
1.467592626388807275e+02
1.276998713357223352e+02
1.111233300354922022e+02
9.719212172493533330e+01
8.571490658711527999e+01
7.623339769812568534e+01
6.815238030462022323e+01
6.087990222598408963e+01
5.394154034747540294e+01
4.704687263846692247e+01
4.010339589625729673e+01
3.317686294145487125e+01
2.639538394063956872e+01
1.980908342887646256e+01
1.325093520185134643e+01
6.271942312350632598e+00
-1.788934645097047138e+00
-1.160104283114844392e+01
-2.358092617918080691e+01
-3.768661308674607824e+01
-5.335421079149615764e+01
-6.960240342895602339e+01
-8.527275759216628614e+01
-9.933111396779258939e+01
-1.111296997013072172e+02
-1.205406238880769365e+02
-1.279255231827597186e+02
-1.339684390327948904e+02
-1.394354020908706104e+02
-1.449376780265965863e+02
-1.507739434802732603e+02
-1.568971266685730654e+02
-1.629967909241042037e+02
-1.686462475813063122e+02
-1.734625885791171527e+02
-1.772460988201133034e+02
-1.800697187612206847e+02
-1.822834991821741255e+02
-1.844126392195521191e+02
-1.869717876744847160e+02
-1.902690868785701639e+02
-1.942919739675790822e+02
-1.987337390619882740e+02
-2.031530860901802953e+02
-2.071963706335598658e+02
-2.107830369568273170e+02
-2.141663591115158454e+02
-2.178258126527506988e+02
-2.222115713309458727e+02
-2.274259362609946322e+02
-2.329611400565655686e+02
-2.375962486586995794e+02
-2.394944874179446970e+02
-2.364697639353334466e+02
-2.263479156928261204e+02
-2.073485037562114712e+02
-1.784292861922549491e+02
-1.395382865705509801e+02
-9.171956616735117507e+01
-3.704519881726115216e+01
2.161076574258657956e+01
8.091142023335508782e+01
1.374572537737008986e+02
1.881941090227635982e+02
2.307711396356552029e+02
2.637915313697943702e+02
2.869102338925027880e+02
3.007579222138849673e+02
3.067114495202697526e+02
3.065765834206855516e+02
3.022689192274019661e+02
2.955566172726153695e+02
2.878834231605272862e+02
2.802544187742867621e+02
2.731522781435862157e+02
2.664574174130642064e+02
2.593776633383256467e+02
2.504484843546995592e+02
2.377024209852632453e+02
2.190748816028153385e+02
1.930088214109779585e+02
1.590932411657798298e+02
1.184856771765366830e+02
7.388449371010553079e+01
