-6.645155594484016603e+00
1.756010834814711785e+01
3.785608129710591641e+01
5.124447682513229552e+01
5.624594068889886955e+01
5.298336395345823746e+01
4.282859784477784615e+01
2.782697528548041532e+01
1.013297011806797343e+01
-8.382438461784250450e+00
-2.630245708324997622e+01
-4.266019793070859834e+01
-5.685402872315894740e+01
-6.856785279609277950e+01
-7.773581138198187546e+01
-8.453967481753859659e+01
-8.939700947927438790e+01
-9.290105359577970034e+01
-9.570442614532147729e+01
-9.837991005026312052e+01
-1.013147722386371328e+02
-1.046802678813748315e+02
-1.084757934220435658e+02
-1.126128440563362005e+02
-1.170001464288264401e+02
-1.216081439663268071e+02
-1.265049876739495573e+02
-1.318561419167619420e+02
-1.378745558145942027e+02
-1.447184356471794331e+02
-1.523672608179901431e+02
-1.605423480915066534e+02
-1.687389949369329827e+02
-1.763844662266383523e+02
-1.830554150426501963e+02
-1.886400353703753012e+02
-1.933562889203837187e+02
-1.976197917829597657e+02
-2.018354999124117057e+02
-2.062176195002318764e+02
-2.107127109835857368e+02
-2.150403003782997189e+02
-2.188120158662971164e+02
-2.216678203534111731e+02
-2.233825128430898417e+02
-2.239312381353469448e+02
-2.235220858157922805e+02
-2.225904218640662293e+02
-2.217335626521748111e+02
-2.215773237086925747e+02
-2.225994019148329812e+02
-2.249636440264934265e+02
-2.284309376298260759e+02
-2.323992412844536091e+02
-2.360831064687837113e+02
-2.387829085622083767e+02
-2.401421566113302788e+02
-2.402780031197391679e+02
-2.397109549990446453e+02
-2.390968899783654535e+02
-2.388386544828868807e+02
-2.386992899663190144e+02
-2.375483473765323481e+02
-2.333461624730617814e+02
-2.234117815900841322e+02
-2.049447984873166604e+02
-1.756998059451030088e+02
-1.346527229280769689e+02
-8.246247540874016124e+01
-2.155401286494490876e+01
4.424532247866312673e+01
1.104271574593311698e+02
1.726635277480473292e+02
2.275552061117198548e+02
2.730783623756619818e+02
3.086604016268679516e+02
3.349334494245732685e+02
3.532949252439020711e+02
3.654346414669789738e+02
3.729626030086112678e+02
3.772026304112405342e+02
3.791360794453080416e+02
3.794257502046554578e+02
3.784464633106176734e+02
3.762900526089383675e+02
3.727632817764799711e+02
3.674185326999085532e+02
3.596411164584963558e+02
3.487872701561443591e+02
3.343470293300247249e+02
3.161003239089095587e+02
2.942338722549031331e+02
2.693868235014596166e+02
2.426040825564200532e+02
2.152029325417006191e+02
1.885862174154147226e+02
1.640461918036090765e+02
1.425946881656902008e+02
1.248385380690278765e+02
1.109102405669708418e+02
1.004665684230469793e+02
9.276504916468407203e+01
8.680688062537429062e+01
8.150883336070538121e+01
7.586008546301675892e+01
6.903791554468035940e+01
6.048231259242825786e+01
4.994301642604023783e+01
3.750446962775517079e+01
2.357480843005567905e+01
8.816618965992367052e+00
-5.986496147694181147e+00
-2.010327816460649686e+01
-3.302394611539867242e+01
-4.458121043541559203e+01
-5.498975036464189259e+01
-6.478560786523898685e+01
-7.467296771560131674e+01
-8.531851110148726036e+01
-9.715160702592986297e+01
-1.102226270979455620e+02
-1.241528375299918423e+02
-1.381886271088036438e+02
-1.513531652775889143e+02
-1.626689411900180176e+02
-1.714027511329166487e+02
-1.772663968613430256e+02
-1.805068242414184283e+02
-1.818472565007407979e+02
-1.822896173788843157e+02
-1.828413734118066145e+02
-1.842634085073366634e+02
-1.869277893210140746e+02
-1.908222112271299693e+02
-1.956672336575287261e+02
-2.010657205638000562e+02
-2.066119482435341865e+02
-2.119417777320784353e+02
-2.167579600935624455e+02
-2.208727510150199009e+02
-2.242723413990180177e+02
-2.271567787003547494e+02
-2.298840543940829377e+02
-2.327741409970338680e+02
-2.358017895468885570e+02
-2.382837127218723765e+02
-2.386992899663190144e+02
-2.347554696802928618e+02
-2.237319782035027345e+02
-2.030558105413069825e+02
-1.709767860104290378e+02
-1.271652135914975190e+02
-7.303900488911139632e+01
-1.167900015634360500e+01
5.268108922727279264e+01
1.154484560902316019e+02
1.725114458197637362e+02
2.208971469582444058e+02
2.591002746909421717e+02
2.870491708029171605e+02
3.057843614500496869e+02
3.169976368624825227e+02
3.225848597803620805e+02
3.243119751753254150e+02
3.236225714311104866e+02
3.215637680233455740e+02
3.187856477197298091e+02
3.155703782174362004e+02
3.118622236311620100e+02
3.072942976549265950e+02
3.012348000225896385e+02
2.928878566163077721e+02
2.814641435858026171e+02
2.663923345409418744e+02
2.475115052571987064e+02
2.251895341626401432e+02
2.003362125044878326e+02
1.743013433437864137e+02
1.486703289071925838e+02
1.249970366242877162e+02
1.045345738584736353e+02
8.802713136132048533e+01
7.561103683873145087e+01
6.684809899726823801e+01
6.088476704958259234e+01
5.669675582579055373e+01
5.334392660675745645e+01
5.014454829045003237e+01
4.670663627448445965e+01
4.282424768938388127e+01
3.831873289031507568e+01
3.292864727475951270e+01
2.630888823564242074e+01
1.812613016422486467e+01
8.189462320426411424e+00
-3.450191532147091067e+00
-1.647664650577432610e+01
-3.036675792314712652e+01
-4.449350086904181012e+01
-5.822557584752016169e+01
-7.100545023676039591e+01
-8.241653324423329252e+01
-9.224214453584129103e+01
-1.004953181796095834e+02
-1.073971775073445798e+02
-1.133048398315012406e+02
-1.186129479976908101e+02
-1.236599150897751542e+02
-1.286638301572836269e+02
-1.337021263610398023e+02
-1.387357090481424393e+02
-1.436630475464768040e+02
-1.483813656773252774e+02
-1.528385758761933744e+02
-1.570709563531754043e+02
-1.612187779913724341e+02
-1.655007655684229348e+02
-1.701390331125129478e+02
-1.752652192976441654e+02
-1.808661383013482862e+02
-1.868081064327562615e+02
-1.929282494494613331e+02
-1.991397611263436715e+02
-2.054886228814148978e+02
-2.121171542689597800e+02
-2.191214375427044843e+02
-2.263260732377470674e+02
-2.330362147195400553e+02
-2.378585464595307712e+02
-2.386992899663190144e+02
-2.330241491549895159e+02
-2.183787580329953926e+02
-1.930403512320523873e+02
-1.565782156981973685e+02
-1.101119423724195485e+02
-5.617456140570594414e+01
1.755282831640351482e+00
5.988079131642531650e+01
1.146917568473089517e+02
1.634219850348670207e+02
2.043008084264658919e+02
2.365880895963749424e+02
2.604251648417806564e+02
2.765742182556979287e+02
2.861324928774182581e+02
2.902880237842791757e+02
2.901518477389473674e+02
2.866756382291436580e+02
2.806430158098947913e+02
2.727057254798560280e+02
2.634256499704310954e+02
2.532831824729640573e+02
2.426269700824738322e+02
2.315741452734788481e+02
2.199129753035183512e+02
2.070823244234362619e+02
1.922811056432556995e+02
1.747016345597122324e+02
1.538152291655763406e+02
1.296049826495898571e+02
1.026608171812643775e+02
7.411036476968781983e+01
