-1.203104855221027947e+02
-1.498007291473416274e+02
-1.743889186565652665e+02
-1.902346180894372480e+02
-1.951045742083712469e+02
-1.885685928553606345e+02
-1.717824894161248039e+02
-1.470174477024344526e+02
-1.170970459308054927e+02
-8.484743412429483556e+01
-5.262785600021462074e+01
-2.200088814753200950e+01
6.407410419040388661e+00
3.282710507926941546e+01
5.804200896569113866e+01
8.292403461953219335e+01
1.079523844607350327e+02
1.329109016913026551e+02
1.568943834789058087e+02
1.786167864746161626e+02
1.968855153440489403e+02
2.110414362524149965e+02
2.211836275796241864e+02
2.280957084777871557e+02
2.329222081615920388e+02
2.367442998575843660e+02
2.402295683547812359e+02
2.434727880729803644e+02
2.460449272175297608e+02
2.471929361741740081e+02
2.461083729882263640e+02
2.421803630929587712e+02
2.351528655060919561e+02
2.251375829770165637e+02
2.124999495910390124e+02
1.977043591777860456e+02
1.812242551656206047e+02
1.635675957497488753e+02
1.453726132786734979e+02
1.274620389276854837e+02
1.107551486766484459e+02
9.602481072878319424e+01
8.360098159227075598e+01
7.318911510773978080e+01
6.394007854777339617e+01
5.478404818632519380e+01
4.489110182101251212e+01
3.403551576310179883e+01
2.267392713075540200e+01
1.168818790718465550e+01
1.922079593363800853e+00
-6.246663688474075826e+00
-1.308752770716384539e+01
-1.938743661963248854e+01
-2.610281024002636130e+01
-3.396406062579153229e+01
-4.319093245879183485e+01
-5.341285310630046723e+01
-6.380824394987253356e+01
-7.339876330886959011e+01
-8.137690830990372604e+01
-8.733842726840046566e+01
-9.134860074178668299e+01
-9.385875757786291729e+01
-9.554726107789210232e+01
-9.715882267229700631e+01
-9.937555370274662891e+01
-1.027157514619330527e+02
-1.074533875323236316e+02
-1.135721266507666485e+02
-1.207747284139593660e+02
-1.285478381448017160e+02
-1.362603558308530864e+02
-1.432764261075606669e+02
-1.490787701171423123e+02
-1.533937322065893056e+02
-1.562785842183955083e+02
-1.581047154868907114e+02
-1.593958729679521582e+02
-1.605709443586917473e+02
-1.617317780195378134e+02
-1.626365190574163080e+02
-1.628882379098834861e+02
-1.622296803727577128e+02
-1.607751153334590697e+02
-1.590617203273799021e+02
-1.579093010632345795e+02
-1.581645035399164954e+02
-1.604364174420276470e+02
-1.649054642761234390e+02
-1.712388178683211208e+02
-1.786150998969116017e+02
-1.858584160715065821e+02
-1.916766279110456992e+02
-1.949662537000474742e+02
-1.951045742083712469e+02
-1.921363083538380181e+02
-1.867893079669713927e+02
-1.803045518238387501e+02
-1.741160490986371485e+02
-1.694692017429838131e+02
-1.670916297138470270e+02
-1.670070069612828831e+02
-1.685227750547908556e+02
-1.703690220708534468e+02
-1.709410898921674686e+02
-1.685900060853415141e+02
-1.618988861436017430e+02
-1.498847422747774090e+02
-1.320875270682489031e+02
-1.085572300905019461e+02
-7.979847379231063087e+01
-4.672786919775097658e+01
-1.063064910029501675e+01
2.696040982738470859e+01
6.451795107060341650e+01
1.008562860174505147e+02
1.354058187860971998e+02
1.682710191502185353e+02
2.000139848199997346e+02
2.312551119074825010e+02
2.622846197373665973e+02
2.928618039130727198e+02
3.222623877114659763e+02
3.495054838713244862e+02
3.736286838547199523e+02
3.939042985592865307e+02
4.099672667293824588e+02
4.218867005751532133e+02
4.302026627819487885e+02
4.358868898276537038e+02
4.401575312447444048e+02
4.441423612814072612e+02
4.485021824341071124e+02
4.531918197570275879e+02
4.574823464062748144e+02
4.602304498746918853e+02
4.602638104765125036e+02
4.567307703746815832e+02
4.493219512619289162e+02
4.383352472120501488e+02
4.245834314197476260e+02
4.091665713516169944e+02
3.931789304919662982e+02
3.774576448391928807e+02
3.624599733455638670e+02
3.482888658315901012e+02
3.348271267386091381e+02
3.219152501616596282e+02
3.095005423160103533e+02
2.976886648676294271e+02
2.866694259739368817e+02
2.765663382133076880e+02
2.673110219798741127e+02
2.586165322808906808e+02
2.500507047249018342e+02
2.411633818669060076e+02
2.316197420751702509e+02
2.213009917567735840e+02
2.103349485038208968e+02
1.990351822003427174e+02
1.877705952270610226e+02
1.768285041226893668e+02
1.663384479229260080e+02
1.562869145680250540e+02
1.465971449972714993e+02
1.372073470427510244e+02
1.280878931054006671e+02
1.191928504326693314e+02
1.103983280389865484e+02
1.014953412398650840e+02
9.227086981462535675e+01
8.264640599427156076e+01
7.278806220225473567e+01
6.310408187927428969e+01
5.410993678999523127e+01
4.621888698252389105e+01
3.955906164700600414e+01
3.391192795632262857e+01
2.881084611925145111e+01
2.374739643637705910e+01
1.836255021523940911e+01
1.251503840859969330e+01
6.215228150745275570e+00
-4.976177373075501009e-01
-7.646663296803822618e+00
-1.534344088111349436e+01
-2.376290233594221490e+01
-3.308172815880995188e+01
-4.337073413112770481e+01
-5.444710011052563914e+01
-6.576038811177591015e+01
-7.643678075532636740e+01
-8.554829416372456308e+01
-9.251605688136777417e+01
-9.742614245178376109e+01
-1.010555471606893434e+02
-1.045689610901149535e+02
-1.090347364694743248e+02
-1.150006859855220398e+02
-1.223250386519495123e+02
-1.303146252512781587e+02
-1.380715140921734587e+02
-1.448774476665995508e+02
-1.504686249199031920e+02
-1.551180394977457979e+02
-1.595056169929537759e+02
-1.644207992157953129e+02
-1.704029006185771209e+02
-1.774447635217632637e+02
-1.848529919497230480e+02
-1.913063853377283010e+02
-1.951045742083712469e+02
-1.945440036339465735e+02
-1.883113824625171162e+02
-1.757809814797792001e+02
-1.571433308841337748e+02
-1.333426497511075581e+02
-1.058401952171758751e+02
-7.626253822941117733e+01
-4.603773208352197344e+01
-1.613968300073229045e+01
1.297763150768458473e+01
4.126106860921773034e+01
6.884077117169030657e+01
9.582561517210123725e+01
1.221881179114381410e+02
1.477493017594617299e+02
1.722134473881192775e+02
1.951875818854633167e+02
2.161645050702834112e+02
2.345083079455102109e+02
2.495003311707188516e+02
2.604747685245957882e+02
2.670293771488475159e+02
2.692526285373281212e+02
2.678664229606952745e+02
2.641775285560493103e+02
2.597978070594299993e+02
2.562053616740248003e+02
2.543017422077982701e+02
2.541282809135998377e+02
2.548432903232305762e+02
2.549624549975139303e+02
2.527706145772084483e+02
2.467683016347384921e+02
2.360315427705669151e+02
2.204090062128261138e+02
2.005284576472096205e+02
1.776312908638235797e+02
1.532970163539165469e+02
1.291420912386206510e+02
1.065693090403137688e+02
8.661511297749507321e+01
6.990556132166759085e+01
5.669448776850407512e+01
4.693578981800042271e+01
4.035364087686542689e+01
3.650539442098460086e+01
3.484433373391616584e+01
3.477685247359002574e+01
3.570072841448033074e+01
