-2.816298967409075260e+01
3.304835781691173224e+01
8.387940950111197935e+01
1.169059832331756184e+02
1.295388747441278952e+02
1.240663940227335615e+02
1.061562346831883872e+02
8.260067577849137876e+01
5.921294446263712530e+01
3.954227503962289347e+01
2.463560907617362261e+01
1.364211668187407156e+01
4.806933707847989012e+00
-3.606855009648448629e+00
-1.275739113346556763e+01
-2.308727523730598818e+01
-3.449923001379649889e+01
-4.665588039005211840e+01
-5.922969254127077932e+01
-7.200748490777138500e+01
-8.485678979922286658e+01
-9.763563745607912381e+01
-1.101367841547704245e+02
-1.221115934159758751e+02
-1.333573599957405804e+02
-1.438112984195566355e+02
-1.535924256758745798e+02
-1.629639064292258581e+02
-1.722288335100241454e+02
-1.815996199858230682e+02
-1.910927661411251393e+02
-2.005009055724208054e+02
-2.094728977331567989e+02
-2.176816731711511750e+02
-2.250026988940889794e+02
-2.316093976886535870e+02
-2.379329836347493483e+02
-2.445021940322703529e+02
-2.517309862835101342e+02
-2.597398750006185537e+02
-2.682796299335574304e+02
-2.767842654414712342e+02
-2.845317993935206573e+02
-2.908557726593562052e+02
-2.953371127097516364e+02
-2.979144057973132362e+02
-2.988786382305257234e+02
-2.987595102788847043e+02
-2.981501876036250565e+02
-2.975366057521708854e+02
-2.971866056303859978e+02
-2.971276480209096462e+02
-2.972182375819543267e+02
-2.972920819300608173e+02
-2.973196827180989885e+02
-2.975135262857891689e+02
-2.983235702394113105e+02
-3.003159539548861403e+02
-3.039662218084495180e+02
-3.094095773041491384e+02
-3.161850424958914800e+02
-3.230143174944316229e+02
-3.276794001453545775e+02
-3.270832049829141965e+02
-3.175599340653230342e+02
-2.954327521337146436e+02
-2.577194178355650251e+02
-2.028098353306883155e+02
-1.309214444389682512e+02
-4.419133058188342034e+01
5.362596971197869777e+01
1.577620637760726936e+02
2.631665920870374293e+02
3.651884686318537661e+02
4.600791242766225650e+02
5.452597956743579743e+02
6.193554018341003484e+02
6.820426076105032962e+02
7.337873224549791757e+02
7.755523937884769339e+02
8.085391437532118744e+02
8.339953751874015779e+02
8.530915130406433491e+02
8.668468343948335360e+02
8.760825651420780105e+02
8.813850523297950303e+02
8.830758706872632047e+02
8.812020292062052249e+02
8.755686925385607537e+02
8.658250650330048757e+02
8.515832166007045316e+02
8.325281210935161198e+02
8.084878887469212714e+02
7.794623849912270543e+02
7.456294986522774479e+02
7.073541971003185154e+02
6.652180732596057169e+02
6.200655632034520295e+02
5.730375218912797664e+02
5.255506652119555611e+02
4.791890021514474256e+02
4.355016210741673603e+02
3.957480031721631804e+02
3.606747692351767114e+02
3.304123579008474394e+02
3.045369243818979612e+02
2.822728587320209499e+02
2.627505597178234211e+02
2.452192827091164986e+02
2.291550256241090153e+02
2.142645795241030555e+02
2.004269150904060268e+02
1.876163440148562813e+02
1.758291877616110526e+02
1.650140782962287744e+02
1.550081045927731793e+02
1.455004986288618625e+02
1.360544323370455118e+02
1.261963416086346683e+02
1.155402926552003322e+02
1.038864087106785661e+02
9.124384321181884161e+01
7.777028412050439954e+01
6.366136104079927804e+01
4.904615719146437414e+01
3.394374437022503344e+01
1.830801174279460497e+01
2.142386089574728203e+00
-1.437433956680243341e+01
-3.082173757263115021e+01
-4.657793806467265085e+01
-6.096476001213648033e+01
-7.344658536079947453e+01
-8.380556454337050809e+01
-9.222483010445415630e+01
-9.924849539408899091e+01
-1.056319802599526270e+02
-1.121299487202373371e+02
-1.192871797133722112e+02
-1.273026239077977380e+02
-1.360214063852246227e+02
-1.450619846985421759e+02
-1.540185687402532153e+02
-1.626357769337325294e+02
-1.708709878068124794e+02
-1.788308020625437962e+02
-1.866410677615107261e+02
-1.943371221098755655e+02
-2.018317854795660082e+02
-2.089625496744591828e+02
-2.155772432882721432e+02
-2.216064989295753662e+02
-2.270844002858449926e+02
-2.321087748389404624e+02
-2.367700300732470282e+02
-2.410963825960186000e+02
-2.450479963000536827e+02
-2.485602566662123536e+02
-2.516110706826469254e+02
-2.542766535684759219e+02
-2.567494988907923812e+02
-2.593215059688380393e+02
-2.623607053251297998e+02
-2.662994917487041562e+02
-2.716108466871093015e+02
-2.787220214629374482e+02
-2.878350249471289999e+02
-2.986754404302040484e+02
-3.102392967171018086e+02
-3.206312382957919453e+02
-3.270832049829141965e+02
-3.262079578614618072e+02
-3.144760764453358775e+02
-2.888329028599795834e+02
-2.473053448959084903e+02
-1.894500937497242603e+02
-1.165353313118254164e+02
-3.141492278040763608e+01
6.187173151802957705e+01
1.586812378584676821e+02
2.544024020001814392e+02
3.450135857504824344e+02
4.274516951684615265e+02
4.997420652636041609e+02
5.609188796152952818e+02
6.108308333927668627e+02
6.499356689952076067e+02
6.791352966607421422e+02
6.996387481940732869e+02
7.128176343200871088e+02
7.200416124877335733e+02
7.225121651796196147e+02
7.211239980558682419e+02
7.163778168001884978e+02
7.083616704852884141e+02
6.968125995854559278e+02
6.812536624592453336e+02
6.611718825107385555e+02
6.361819116181828804e+02
6.061287061862695964e+02
5.711130582304801919e+02
5.314540936580224297e+02
4.876239753569994946e+02
4.402025142407264866e+02
3.898915923292144043e+02
3.375894781028587204e+02
2.844713256083036299e+02
2.319953600926544084e+02
1.817791826221319980e+02
1.353543313580067036e+02
9.387234197943126901e+01
5.786697024179332516e+01
2.716279804070290993e+01
9.727948239834915967e-01
-2.183447169457329551e+01
-4.238028267319624831e+01
-6.146023350369691940e+01
-7.938764219361630126e+01
-9.604772138601418874e+01
-1.111195276335145508e+02
-1.243563291271985918e+02
-1.358055705270579097e+02
-1.458865655808262431e+02
-1.553029447304274413e+02
-1.648304974401152379e+02
-1.750712671265664540e+02
-1.862757219111030906e+02
-1.982979543406635230e+02
-2.106893126244900714e+02
-2.228860008120015550e+02
-2.344205556608835650e+02
-2.450870608805355459e+02
-2.550076965364905845e+02
-2.645715955001397788e+02
-2.742497394317489920e+02
-2.843440676062066927e+02
-2.947819480112337374e+02
-3.050635905267218959e+02
-3.143939452708436875e+02
-3.219367878855370577e+02
-3.270832049829141965e+02
-3.296431695918251989e+02
-3.299136232337751835e+02
-3.286153014463202453e+02
-3.267166012548242975e+02
-3.251862577719092542e+02
-3.247394559373186098e+02
-3.256494708770974285e+02
-3.276771847980767234e+02
-3.301351472527456963e+02
-3.320708418083720517e+02
-3.325287596777555450e+02
-3.308296557446106476e+02
-3.267966493720924746e+02
-3.208693724050908713e+02
-3.140710962683642720e+02
-3.078191359226916575e+02
-3.035988835237913008e+02
-3.025627957512385251e+02
-3.051580769647057423e+02
-3.109095916072652130e+02
-3.184669439406980587e+02
