-1.549173993929215953e+00
8.403624905904129605e+01
1.568766006372979120e+02
2.075894002998415715e+02
2.322435489154005666e+02
2.325072224477916905e+02
2.141581865409103216e+02
1.847842665995349591e+02
1.515690775703842803e+02
1.197900074360696294e+02
9.226038657201823412e+01
6.959667040046356590e+01
5.098250973720766410e+01
3.505460867606963404e+01
2.061288214454175716e+01
6.999434017910957095e+00
-5.860776072944950954e+00
-1.765605989108574647e+01
-2.797519326746706980e+01
-3.655557081645309836e+01
-4.341334754959369491e+01
-4.883901853524733383e+01
-5.329664413812272272e+01
-5.729267193392084323e+01
-6.127035803911907408e+01
-6.555201195984001572e+01
-7.032254407216632330e+01
-7.563936727866342835e+01
-8.145793309042007024e+01
-8.766554616606163108e+01
-9.411543535598585208e+01
-1.006538958712116170e+02
-1.071392003532589001e+02
-1.134584504715980273e+02
-1.195496766182996566e+02
-1.254258580523658821e+02
-1.311821257187090737e+02
-1.369657479425542306e+02
-1.429095549185207119e+02
-1.490574061883679633e+02
-1.553208298051966949e+02
-1.614915783095710253e+02
-1.673062531051086523e+02
-1.725321080848463566e+02
-1.770327767189320980e+02
-1.807877656744706769e+02
-1.838702695753688374e+02
-1.864085137293820367e+02
-1.885513064508270134e+02
-1.904408215816792733e+02
-1.921870267618917012e+02
-1.938452562053426504e+02
-1.954084538473939574e+02
-1.968228335609828434e+02
-1.980199638412589422e+02
-1.989463842468600490e+02
-1.995772642496468450e+02
-1.999166535216287741e+02
-1.999949804078939053e+02
-1.998662508545597802e+02
-1.995958091963961749e+02
-1.992343459284525409e+02
-1.987940196558523667e+02
-1.982522542354040240e+02
-1.975898002415795531e+02
-1.968376994941460225e+02
-1.960947628132192619e+02
-1.954963157804465368e+02
-1.951514159972877280e+02
-1.950910614444117925e+02
-1.952629831447048616e+02
-1.955741084850673985e+02
-1.959492213565422389e+02
-1.963709793078839141e+02
-1.968896912967426545e+02
-1.976122959518455389e+02
-1.986779513821007299e+02
-2.002131419760810900e+02
-2.022561928892954199e+02
-2.046567034836201344e+02
-2.069768144554562355e+02
-2.084318407874445711e+02
-2.079006626761889720e+02
-2.040173137268892276e+02
-1.953359603206009183e+02
-1.805470723922784089e+02
-1.587097967896933142e+02
-1.294542941549833017e+02
-9.310683569357954070e+01
-5.070608608911986437e+01
-3.905836526854045587e+00
4.521555649689673828e+01
9.440654372109352721e+01
1.415203374077564717e+02
1.847802429954372485e+02
2.229819128394875918e+02
2.555819669144627539e+02
2.826479969805779433e+02
3.046873739806253525e+02
3.224109914146291658e+02
3.365079252718235239e+02
3.474986807537752043e+02
3.556982909857863433e+02
3.612733369624169200e+02
3.643429701766182802e+02
3.650655572290613122e+02
3.636681786817147213e+02
3.604076757774853377e+02
3.554863348828508833e+02
3.489670993356921826e+02
3.407326826056163895e+02
3.305123537664688342e+02
3.179701594620143510e+02
3.028231263529906983e+02
2.849507591339217925e+02
2.644699175250749477e+02
2.417678357350373233e+02
2.174943048442736142e+02
1.925120964725792305e+02
1.678063688104749929e+02
1.443640339380995954e+02
1.230426948798615285e+02
1.044495970440720498e+02
8.885071117846192124e+01
7.613329900745148393e+01
6.584459219153555409e+01
5.731221212905572315e+01
4.981727916358745745e+01
4.275935820694409273e+01
3.575258636538005419e+01
2.862914292922404513e+01
2.137142858327565520e+01
1.401825044983740653e+01
6.588407538328317159e+00
-9.506617730229158791e-01
-8.662521189812244060e+00
-1.658692418008314817e+01
-2.468793056816661746e+01
-3.284482549566055809e+01
-4.090173288675198648e+01
-4.875157044039677601e+01
-5.640097933585376211e+01
-6.396898181530561089e+01
-7.161225923554923156e+01
-7.941773439510330945e+01
-8.732554899911274049e+01
-9.512590810835544630e+01
-1.025269162550942639e+02
-1.092540415394439464e+02
-1.151373056092514560e+02
-1.201586016391960072e+02
-1.244480084491356706e+02
-1.282317442407402837e+02
-1.317514299165861189e+02
-1.351883609492535925e+02
-1.386244247877659745e+02
-1.420513534937051077e+02
-1.454141222264895816e+02
-1.486582044320616092e+02
-1.517538924706089460e+02
-1.546907787058056840e+02
-1.574559893941435860e+02
-1.600159747083872332e+02
-1.623133076110173647e+02
-1.642779838201568055e+02
-1.658460779337808333e+02
-1.669790775088523560e+02
-1.676812188214576338e+02
-1.680132677678310529e+02
-1.680971333038772855e+02
-1.681032751247136332e+02
-1.682188330740468132e+02
-1.686046647583467575e+02
-1.693548015892239107e+02
-1.704701473503460534e+02
-1.718553898432300571e+02
-1.733467387807379225e+02
-1.747711390661617941e+02
-1.760218370197017634e+02
-1.771237810452666963e+02
-1.782657153968056036e+02
-1.797841294052148839e+02
-1.820886506765283741e+02
-1.855281080066971811e+02
-1.902176047458175674e+02
-1.958682471468472954e+02
-2.016700265383634019e+02
-2.062736052140074605e+02
-2.079006626761889720e+02
-2.045843433171158097e+02
-1.945041022963479804e+02
-1.763442656192505069e+02
-1.495882850569551579e+02
-1.146706914879075896e+02
-7.294244296633482350e+01
-2.645117250519570007e+01
2.241213807435004668e+01
7.130514396631605223e+01
1.182566214537176563e+02
1.618434436897004502e+02
2.012059589497411878e+02
2.359394685763554662e+02
2.659289937049350101e+02
2.911986036898656494e+02
3.118267786427020383e+02
3.279411483336078845e+02
3.397663644172523050e+02
3.476781009925134640e+02
3.522210685013550346e+02
3.540697041395598035e+02
3.539341350734610501e+02
3.524340089511355814e+02
3.499751861619557189e+02
3.466673920758813097e+02
3.423125522751620338e+02
3.364718679097862832e+02
3.285932468505048405e+02
3.181647316770433349e+02
3.048572294068326300e+02
2.886233992717172896e+02
2.697285465093247012e+02
2.487101400817112733e+02
2.262902699906713337e+02
2.032805225891911789e+02
1.805082653167483215e+02
1.587678632619059726e+02
1.387822123820340323e+02
1.211590234904834347e+02
1.063365324628214807e+02
9.452588688006716211e+01
8.566657181006874566e+01
7.941328141077704572e+01
7.516850716812223254e+01
7.216872168774111174e+01
6.962129536843610822e+01
6.686767908442541852e+01
6.352305905149582088e+01
5.953762055910377171e+01
5.515347702788564987e+01
5.077809413010270134e+01
4.682884042917557110e+01
4.360448095033692795e+01
4.121246315224870216e+01
3.955103146601207698e+01
3.833502039151525764e+01
3.715998753192526749e+01
3.560270911444000319e+01
3.334861399210285526e+01
3.032029864855012136e+01
2.676177789572755117e+01
2.322678868875932068e+01
2.044438115091767116e+01
1.908634948630508887e+01
1.950827455422813728e+01
2.155213157171728255e+01
2.448328372746605908e+01
2.710253240202051472e+01
2.803102901491360299e+01
2.611274134612170528e+01
2.082445422580194005e+01
1.254625958807394426e+01
2.555207591926325961e+00
