-2.294500644883566309e+01
-8.813617099877637884e+01
-1.447683349735939089e+02
-1.866003515165268141e+02
-2.111527207129706767e+02
-2.197609664421405569e+02
-2.164851595848890042e+02
-2.064893266615264054e+02
-1.945385665120433600e+02
-1.840404192327412716e+02
-1.767528920934870769e+02
-1.730297735785048872e+02
-1.723428876108682459e+02
-1.738177065059429935e+02
-1.766088000941993243e+02
-1.800667770359985127e+02
-1.837464449195466898e+02
-1.873431624185469389e+02
-1.906302245369033699e+02
-1.934320516909418473e+02
-1.956275223351440502e+02
-1.971555095373388724e+02
-1.980052052941370562e+02
-1.982016418655237260e+02
-1.978065866435641453e+02
-1.969370766727236628e+02
-1.957844855182073331e+02
-1.946176775983617517e+02
-1.937642981789557268e+02
-1.935653209825880197e+02
-1.942914592613875016e+02
-1.960128733990949854e+02
-1.984351041853372521e+02
-2.007461548422669466e+02
-2.015411178731841062e+02
-1.988866701468872407e+02
-1.905628191301591698e+02
-1.744798518129837248e+02
-1.492054542526076091e+02
-1.144561316924295227e+02
-7.136246320567208556e+01
-2.237067365497405547e+01
2.921703116533573308e+01
7.991757538256806015e+01
1.267405733655535300e+02
1.676603707376034720e+02
2.017717254487466789e+02
2.291378941837261038e+02
2.504527791449414735e+02
2.666814859542504337e+02
2.787990182547222275e+02
2.876603992020311011e+02
2.939671328840074125e+02
2.982720758448322727e+02
3.009833981494727482e+02
3.023665720301774513e+02
3.025673906906006323e+02
3.016646201662305202e+02
2.997240375248420605e+02
2.968110312420732839e+02
2.929470473896423641e+02
2.880404266198593177e+02
2.818474429470908262e+02
2.740089244665166461e+02
2.641684810080863599e+02
2.521308660140002189e+02
2.379898765846918991e+02
2.221628015958731908e+02
2.053110808315087468e+02
1.881822294250179937e+02
1.714437474507250840e+02
1.555736879068168150e+02
1.408327359114187800e+02
1.272994190884580803e+02
1.149280078855473732e+02
1.035947987619093880e+02
9.312481482796358989e+01
8.331395168241905935e+01
7.395930413560444094e+01
6.489068885479898086e+01
5.598638571934402108e+01
4.716513297292623008e+01
3.836265729396848201e+01
2.951393939536584909e+01
2.056304999485059426e+01
1.150105927479464007e+01
2.401593654926260868e+00
-6.582967341181308996e+00
-1.527419411038127350e+01
-2.354580144626445559e+01
-3.138864562555475146e+01
-3.892614179555929610e+01
-4.636426239199963106e+01
-5.389645177377197172e+01
-6.161132448929879502e+01
-6.944716854285061913e+01
-7.720911821432119382e+01
-8.463489768578753569e+01
-9.147756418263605838e+01
-9.757348902212972064e+01
-1.028778490074193286e+02
-1.074646401773478317e+02
-1.114930310644637927e+02
-1.151468317232725838e+02
-1.185723649302434382e+02
-1.218548462445730962e+02
-1.250523377426004856e+02
-1.282546817130015313e+02
-1.316019133009767756e+02
-1.352230592032471463e+02
-1.391269013155942389e+02
-1.431307507579500395e+02
-1.469011542784599555e+02
-1.501070219563123658e+02
-1.526063439377576003e+02
-1.545600822641432046e+02
-1.564056849860272393e+02
-1.586976790274923701e+02
-1.618897291899099855e+02
-1.661587370559294357e+02
-1.713469935757569829e+02
-1.770395618166513145e+02
-1.827337661072521371e+02
-1.880245015799749808e+02
-1.927334646904381543e+02
-1.969419837181617083e+02
-2.009228635634412399e+02
-2.049909670854632395e+02
-2.093096167758718025e+02
-2.137064143540148393e+02
-2.175552705419178778e+02
-2.197609664421405569e+02
-2.188546465030363493e+02
-2.131924155438188961e+02
-2.012375957213742765e+02
-1.818842579259874697e+02
-1.547501756933401680e+02
-1.203548654798178319e+02
-8.011922735604829882e+01
-3.617150726278848794e+01
8.999049187252989412e+00
5.295293828347220710e+01
9.366771506630814770e+01
1.297711070116906455e+02
1.605982431598970095e+02
1.860923258501713349e+02
2.066150685316135593e+02
2.227469893707900610e+02
2.351353472181335746e+02
2.444049890629651713e+02
2.511113506748947088e+02
2.557058870337037320e+02
2.585026223985557863e+02
2.596604856951047964e+02
2.592053657490914134e+02
2.571006002781012967e+02
2.533464054524656888e+02
2.480634064137933024e+02
2.415092242222465586e+02
2.340056595286778247e+02
2.258097751976643508e+02
2.170047581942067438e+02
2.074789927573916941e+02
1.970082380117821970e+02
1.853950678416700839e+02
1.725933562132740917e+02
1.587670365051170052e+02
1.442773427984849377e+02
1.296228003489101184e+02
1.153553146478718077e+02
1.019829664374238121e+02
8.987359071163439239e+01
7.918994353026668875e+01
6.988572022511119997e+01
6.176104044160143758e+01
5.454442744488262917e+01
4.796168930164254363e+01
4.176734592365966847e+01
3.573845336255825345e+01
2.965449237797785287e+01
2.329774076447525744e+01
1.649429861945259290e+01
9.181492990956119371e+00
1.458686351931088865e+00
-6.418865020382597208e+00
-1.411177984148244668e+01
-2.130717079468940511e+01
-2.782240970991923135e+01
-3.365906600967318241e+01
-3.898506414383663810e+01
-4.405364667040259974e+01
-4.909546027037920624e+01
-5.423304405796723415e+01
-5.945733259980793406e+01
-6.467451905765597076e+01
-6.979283580676570864e+01
-7.479718535484651909e+01
-7.977279757567737306e+01
-8.487463738061003937e+01
-9.026262222165624394e+01
-9.601975085084090722e+01
-1.020646883808123278e+02
-1.080863299750350421e+02
-1.135502757725817986e+02
-1.178174464538038961e+02
-1.203625228092184756e+02
-1.210178101780588094e+02
-1.201370480657554509e+02
-1.185887473836933736e+02
-1.175459677031111454e+02
-1.181263909184503405e+02
-1.210188174358045643e+02
-1.262555978171435811e+02
-1.332269579397427890e+02
-1.409179664516854302e+02
-1.482525471401108916e+02
-1.544008129418725446e+02
-1.589493152947825649e+02
-1.619137180629584236e+02
-1.636417575568601421e+02
-1.646798985929829371e+02
-1.656594194232544055e+02
-1.672177809796664292e+02
-1.699360982316370041e+02
-1.742637398452303614e+02
-1.804185001600287421e+02
-1.882779332803825980e+02
-1.972947721687271496e+02
-2.064699350390794450e+02
-2.144027003208606743e+02
-2.194181993114132752e+02
-2.197609664421405569e+02
-2.138385765834259757e+02
-2.004840076528735153e+02
-1.791825157913555131e+02
-1.502078379376208090e+02
-1.146410845730177783e+02
-7.427431807377979567e+01
-3.140866712723463650e+01
1.143894940678359262e+01
5.188101427459315573e+01
8.798093225324657851e+01
1.184663522589919751e+02
1.427850746849712209e+02
1.610123800689645464e+02
1.736662300094609463e+02
1.815026691875860649e+02
1.853457703622585200e+02
1.859715051666603642e+02
1.840362448269072786e+02
1.800332768291656578e+02
1.742745828093035527e+02
1.669123931331630217e+02
1.580130138243955571e+02
1.476702126685096346e+02
1.361169508625648348e+02
1.237833160823073229e+02
1.112584465116724459e+02
9.914319282600840211e+01
8.783217972497948267e+01
7.732370267701749356e+01
6.717571108040652916e+01
