-1.350254376514108046e+01
1.654111529717864926e+01
4.044022767134229923e+01
5.382948004323613134e+01
5.517315052870226566e+01
4.579703010352807269e+01
2.905345557790516864e+01
9.075786746123291948e+00
-1.039086996126736651e+01
-2.675267112925249791e+01
-3.882035017665285181e+01
-4.664051881241768882e+01
-5.108718683602857169e+01
-5.339414852072768269e+01
-5.475475714737971344e+01
-5.605606849086369436e+01
-5.776988384165267831e+01
-5.998807539815250323e+01
-6.255707452487985165e+01
-6.524530817082748513e+01
-6.788039669152183819e+01
-7.041911291752548152e+01
-7.294656308049086135e+01
-7.562389223544380457e+01
-7.861074364050055863e+01
-8.198864329339224355e+01
-8.571160770880243263e+01
-8.960506612811771276e+01
-9.341795128685186000e+01
-9.691270617890546646e+01
-9.996413587646145515e+01
-1.026313724580156901e+02
-1.051677379058138513e+02
-1.079499100446529951e+02
-1.113440196188157785e+02
-1.155620674016132767e+02
-1.205689609079206406e+02
-1.260752595672872332e+02
-1.316154936627819154e+02
-1.366838074173691098e+02
-1.408805221356272739e+02
-1.440189958578112055e+02
-1.461579898270691160e+02
-1.475559406030436662e+02
-1.485743886729208612e+02
-1.495732608528630294e+02
-1.508339899345313881e+02
-1.525223697184798652e+02
-1.546792303261148049e+02
-1.572224250965533088e+02
-1.599578035169746215e+02
-1.626101627439803394e+02
-1.648823352065331846e+02
-1.665332200887293084e+02
-1.674456290357222770e+02
-1.676486876762714644e+02
-1.672804038151500663e+02
-1.665148702800813112e+02
-1.655013257621434377e+02
-1.643458465743217971e+02
-1.631302451234407158e+02
-1.619439024136143530e+02
-1.609099324349531912e+02
-1.601948371587782276e+02
-1.599894112268863182e+02
-1.604529431817230716e+02
-1.616351559380669016e+02
-1.634163737420016105e+02
-1.655088840413719709e+02
-1.675328182946879849e+02
-1.691375674058259051e+02
-1.701133762484860767e+02
-1.704426289811006825e+02
-1.702703117381182665e+02
-1.698068151187889043e+02
-1.691938088050456486e+02
-1.683645643604231736e+02
-1.669292743260565146e+02
-1.641209523922556741e+02
-1.588358390242631515e+02
-1.497822322984573020e+02
-1.357208677382424753e+02
-1.157516333255970409e+02
-8.957990070038019326e+01
-5.768590972024973240e+01
-2.133377406359758410e+01
1.760224543453158219e+01
5.695893312983019996e+01
9.466714117527465078e+01
1.290910615645704240e+02
1.592358295577612353e+02
1.847796946312019202e+02
2.059421110571509246e+02
2.232519864549030046e+02
2.373121122230015203e+02
2.486446552087873840e+02
2.576483791014994722e+02
2.646360308156999963e+02
2.698915266232955901e+02
2.736997013295373904e+02
2.763345533974957107e+02
2.780224611082539354e+02
2.789110189691253936e+02
2.790644049516961900e+02
2.784810439180736239e+02
2.771132954645296422e+02
2.748747014585275679e+02
2.716339765973628460e+02
2.672010975705223927e+02
2.613144186662984794e+02
2.536457993208249491e+02
2.438434530581131128e+02
2.316180770210219748e+02
2.168532988743458247e+02
1.997040473905428541e+02
1.806466598066919858e+02
1.604593782341938777e+02
1.401304625723383595e+02
1.207067226909003352e+02
1.031106929571003405e+02
8.797170399467107416e+01
7.552460736018548459e+01
6.561518299822776612e+01
5.781142382209679909e+01
5.157352129166356747e+01
4.641049511440242981e+01
4.196448001637539704e+01
3.800704059297445525e+01
3.437886067960803160e+01
3.092682590496188055e+01
2.748001306824328083e+01
2.387042177828373113e+01
1.997140190479420951e+01
1.571978143995062993e+01
1.110868351647509833e+01
6.164206804747959012e+00
9.268775690158861380e-01
-4.551923175054739090e+00
-1.020193801279491908e+01
-1.592582282808504601e+01
-2.160446314638501164e+01
-2.712300785083447607e+01
-3.240801156216685541e+01
-3.745143227576754441e+01
-4.230261065208593863e+01
-4.703331291172968065e+01
-5.169944266621374140e+01
-5.631959843512196784e+01
-6.087565658920728140e+01
-6.533041986484313668e+01
-6.965237555405563796e+01
-7.383355692924217806e+01
-7.788937641890358066e+01
-8.184273892167132658e+01
-8.570713003105610994e+01
-8.948121298793911649e+01
-9.315394619231558693e+01
-9.670975565699001208e+01
-1.001260539087480055e+02
-1.033647788021266933e+02
-1.063670446368711424e+02
-1.090607189457298603e+02
-1.113826427702365436e+02
-1.133051827074535254e+02
-1.148530157628211441e+02
-1.161043683096650057e+02
-1.171796646441572420e+02
-1.182203863983940266e+02
-1.193590002628362754e+02
-1.206862687764968314e+02
-1.222288512863567860e+02
-1.239458103636431758e+02
-1.257401132556989296e+02
-1.274759130725216210e+02
-1.290015170089210699e+02
-1.301882854292017839e+02
-1.309869653794301598e+02
-1.314762724840300052e+02
-1.318638476190514268e+02
-1.324218661381689799e+02
-1.333835257567288011e+02
-1.348527041274500391e+02
-1.367680593499124200e+02
-1.389311631187938758e+02
-1.410820983823230108e+02
-1.429950527144880539e+02
-1.445649927684059151e+02
-1.458590028012212088e+02
-1.471137048194276247e+02
-1.486747162817730441e+02
-1.508910506036539232e+02
-1.539898381570393155e+02
-1.579588983450508408e+02
-1.624551512322900635e+02
-1.667457176049855150e+02
-1.696922478154635883e+02
-1.698068151187889043e+02
-1.654142966361319509e+02
-1.549296291934795420e+02
-1.372062841417682648e+02
-1.118642281286750801e+02
-7.948945002998935649e+01
-4.162440121565461482e+01
-5.305857701948539784e-01
4.122229385265680435e+01
8.122817663036818203e+01
1.176440107275983564e+02
1.494097483873963768e+02
1.762465062876377431e+02
1.984662948927414163e+02
2.166853171069415396e+02
2.315528739379678314e+02
2.435826889837048270e+02
2.531175674938596387e+02
2.603996133566134858e+02
2.656802401316082864e+02
2.692980413317262105e+02
2.716778875754778824e+02
2.732504126374089992e+02
2.743359920914442682e+02
2.750564559785807432e+02
2.753198558457230547e+02
2.748821047785152700e+02
2.734504941939975424e+02
2.707770513631884342e+02
2.666992172337495504e+02
2.611153806567490960e+02
2.539199748928358531e+02
2.449484037851168807e+02
2.339795580005556701e+02
2.208112178490526958e+02
2.053790534802588752e+02
1.878613449548140011e+02
1.687179423236750608e+02
1.486475321448571378e+02
1.284854881717619151e+02
1.090818291959112543e+02
9.119268828794798765e+01
7.540283243309673367e+01
6.208414383857407870e+01
5.138894155354614668e+01
4.327212694074450638e+01
3.752722018869340559e+01
3.381495840251519525e+01
3.167306839798838780e+01
3.052283196087597972e+01
2.971049051764344995e+01
2.861237607241164227e+01
2.678795927071803362e+01
2.411594892044233518e+01
2.083780177651020082e+01
1.747200316401055886e+01
1.462085617910645396e+01
1.273340935369355620e+01
1.190301505135572668e+01
1.177105204664146498e+01
1.158258532275774044e+01
1.039639224644409055e+01
7.397839694045821091e+00
2.214675049946308150e+00
-4.884680889063680809e+00
-1.300399693529512746e+01
