-2.365989323381192122e+01
-7.965154240707857269e+00
5.134640303861672805e+00
1.377680186961168829e+01
1.723902351616513329e+01
1.594811902073890053e+01
1.113941460817969897e+01
4.352592225690628425e+00
-3.035553848535510468e+00
-1.009896924516377226e+01
-1.642212402143112726e+01
-2.197756833108024921e+01
-2.692851230157529940e+01
-3.147022401929155322e+01
-3.577457749341129301e+01
-4.002218981841202350e+01
-4.444707520959750724e+01
-4.932204301387311318e+01
-5.487017813537430300e+01
-6.114753259865929635e+01
-6.796485450790564187e+01
-7.489883371256993883e+01
-8.140136966049767864e+01
-8.696851706962874573e+01
-9.130285258861312059e+01
-9.440794214889908176e+01
-9.658277823206648804e+01
-9.832023079490707573e+01
-1.001459471014963754e+02
-1.024543032149167487e+02
-1.053981246542574439e+02
-1.088685272139775719e+02
-1.125663194199792088e+02
-1.161278953768937612e+02
-1.192460809336574812e+02
-1.217378715550076151e+02
-1.235506049832168003e+02
-1.247340749117192615e+02
-1.254095235901665859e+02
-1.257428528065323832e+02
-1.259123605976586475e+02
-1.260706095822206692e+02
-1.263187425674486661e+02
-1.267115801421343235e+02
-1.272885745219624027e+02
-1.281013252079430345e+02
-1.292088332249305722e+02
-1.306405850957247026e+02
-1.323586855138209444e+02
-1.342520716797558862e+02
-1.361676171083193481e+02
-1.379556371273437776e+02
-1.395038247045539492e+02
-1.407464825126658639e+02
-1.416499498407983140e+02
-1.421867604148864928e+02
-1.423182811085420383e+02
-1.420020979699466466e+02
-1.412252070858042430e+02
-1.400466794099469894e+02
-1.386276719111672833e+02
-1.372352333719912565e+02
-1.362159683310379137e+02
-1.359369262412960495e+02
-1.366925480671253581e+02
-1.385878204457363267e+02
-1.414250535683778196e+02
-1.446337178633702081e+02
-1.472787988489332918e+02
-1.481585408409113143e+02
-1.459679036477700436e+02
-1.394829307601938808e+02
-1.277288761977248868e+02
-1.101206215014508416e+02
-8.657870354262624346e+01
-5.761180769482572828e+01
-2.433209292209230057e+01
1.163626429267540630e+01
4.836641238711280266e+01
8.391653338364181991e+01
1.166161710362912771e+02
1.452700936856298028e+02
1.692381172586971161e+02
1.884035922094362832e+02
2.030774042883291202e+02
2.138810294460155603e+02
2.216256757807126121e+02
2.271854877245270643e+02
2.313671295983000959e+02
2.347949748533734748e+02
2.378401377203009019e+02
2.406144139889443636e+02
2.430319828575821077e+02
2.449177964742422091e+02
2.461173433618204172e+02
2.465544975510827328e+02
2.462096558951419922e+02
2.450393965775712957e+02
2.428947386579804970e+02
2.394905584212351641e+02
2.344436190776401077e+02
2.273619706347222973e+02
2.179510239532022524e+02
2.060994000682452167e+02
1.919193023791616213e+02
1.757388247001285890e+02
1.580621970728064127e+02
1.395165550617372219e+02
1.207967112489702401e+02
1.026136295856175593e+02
8.564825146739448769e+01
7.050620153048141958e+01
5.766442334023399496e+01
4.740564869032577633e+01
3.975169610465173520e+01
3.442436346129524338e+01
3.086976235940541358e+01
2.836409134574397939e+01
2.617787141819917807e+01
2.373922177119570165e+01
2.073442724893412503e+01
1.711673690996687824e+01
1.303720765917043956e+01
8.738461876611852475e+00
4.453583519739792607e+00
3.374365613789729323e-01
-3.558364536018910229e+00
-7.269316025305179174e+00
-1.087791054520614153e+01
-1.447643989202658865e+01
-1.815353037567654937e+01
-2.200350409857342981e+01
-2.613404552315462226e+01
-3.064198205572798628e+01
-3.555078763600349845e+01
-4.074335071416361131e+01
-4.594575609432493479e+01
-5.079754150703239191e+01
-5.499019591921486949e+01
-5.840660815191802158e+01
-6.118633382992892678e+01
-6.368035923766345263e+01
-6.631670567781544889e+01
-6.943930248074519795e+01
-7.318883534990231965e+01
-7.746889211419281196e+01
-8.200044767259076650e+01
-8.643262979098707888e+01
-9.045977235235858416e+01
-9.389678112152061829e+01
-9.668774409666323777e+01
-9.886086750398865775e+01
-1.004743005810170473e+02
-1.015965167189266651e+02
-1.023297361951609616e+02
-1.028443809786717225e+02
-1.033806919434131828e+02
-1.041981827112296060e+02
-1.054919269595068272e+02
-1.073169709768213664e+02
-1.095567614591144405e+02
-1.119493998370875545e+02
-1.141636465343564453e+02
-1.159012929202105795e+02
-1.169928676358036057e+02
-1.174532396690842688e+02
-1.174775960145628630e+02
-1.173805014307198462e+02
-1.174985090469667171e+02
-1.180867478758881077e+02
-1.192449105963638658e+02
-1.209020590337577232e+02
-1.228659663540862255e+02
-1.249119708951994028e+02
-1.268689723486615435e+02
-1.286668591727626278e+02
-1.303346763138252129e+02
-1.319642180062183456e+02
-1.336621094577508870e+02
-1.355056395346886120e+02
-1.375098953497794412e+02
-1.396148112308290763e+02
-1.417020709648841148e+02
-1.436407532372186040e+02
-1.453362029139354092e+02
-1.467365693217263924e+02
-1.477610433540903614e+02
-1.481585408409113143e+02
-1.473603357221001602e+02
-1.444184724313952586e+02
-1.380998408825061574e+02
-1.271376495039163501e+02
-1.105641459148565957e+02
-8.800901217957273559e+01
-5.986707106395564892e+01
-2.729329221972127328e+01
7.964256692426531004e+00
4.384789526099554990e+01
7.832530456151226872e+01
1.097051382982797207e+02
1.368702710102417086e+02
1.593858022289052769e+02
1.774670204853132418e+02
1.918226317863527584e+02
2.034150883487330930e+02
2.131980580333619173e+02
2.218967460593562748e+02
2.298860169345698523e+02
2.371913120362202960e+02
2.435944296053174867e+02
2.487905506798486499e+02
2.525339684058195644e+02
2.547274714140630465e+02
2.554379552728601936e+02
2.548455208836514885e+02
2.531525747040373062e+02
2.504924098548658264e+02
2.468766923045294277e+02
2.422025602476439303e+02
2.363099942158102920e+02
2.290565208280142429e+02
2.203726564052749666e+02
2.102775102389868209e+02
1.988571425954453673e+02
1.862240842995431365e+02
1.724803349821826828e+02
1.577035254138311302e+02
1.419706091152567637e+02
1.254215880686458320e+02
1.083431561078982241e+02
9.122838563730060457e+01
7.476661653151498399e+01
5.974728321379924267e+01
4.690221560316029326e+01
3.673655491815788565e+01
2.940339540986477473e+01
2.466689115967704282e+01
2.197187709997667326e+01
2.059842312766991768e+01
1.984588534645581959e+01
1.918166217194975331e+01
1.830711091510434940e+01
1.712746224155781860e+01
1.565294835203976476e+01
1.388994408711709738e+01
1.178509908649279225e+01
9.254792762241685011e+00
6.282003044131144520e+00
3.020712541977690790e+00
-1.624957372058482008e-01
-2.751121347963447761e+00
-4.232900536269816882e+00
-4.284886317653537446e+00
-2.916275483084561415e+00
-5.197887127889977421e-01
2.181508072636894724e+00
4.279311673905059621e+00
4.889154660680166131e+00
3.380786820457370112e+00
-4.264360192777054692e-01
-6.163752604102924693e+00
-1.295684928391958834e+01
