6.067463607491138333e+00
-1.068504924043797999e+01
-2.535763043369569658e+01
-3.655367347516894938e+01
-4.396971160303148451e+01
-4.830168041494873421e+01
-5.079982662767443458e+01
-5.273335705715619781e+01
-5.500239941205516914e+01
-5.800540960360497422e+01
-6.172699968581466123e+01
-6.592683601846511010e+01
-7.031277650800230106e+01
-7.464272414281127510e+01
-7.876048306401324339e+01
-8.259455227609802819e+01
-8.614222807754372013e+01
-8.944670853642939790e+01
-9.256569274701791983e+01
-9.553264439121312535e+01
-9.832237189685882583e+01
-1.008381443566862004e+02
-1.029347950703661354e+02
-1.044819224414255814e+02
-1.054449398409073524e+02
-1.059301136726303554e+02
-1.061478538398136919e+02
-1.063133883100402954e+02
-1.065651026882353705e+02
-1.069672317500194509e+02
-1.075881628253955284e+02
-1.085841215488945011e+02
-1.102167985372243635e+02
-1.127777775111844960e+02
-1.164451454626534428e+02
-1.211342324950686873e+02
-1.264120710662047600e+02
-1.315135216026269518e+02
-1.354389059967431876e+02
-1.370741178000942853e+02
-1.352879325030659743e+02
-1.290087657223596977e+02
-1.173192950529201255e+02
-9.960589873156533258e+01
-7.576016553554751454e+01
-4.636932912655083783e+01
-1.279327647471453488e+01
2.294707257767996822e+01
5.846018303654562231e+01
9.136652506483713410e+01
1.196683853642094135e+02
1.420303907095503462e+02
1.579307405206308772e+02
1.676655231348993027e+02
1.722028139631256920e+02
1.729092688285461179e+02
1.712110877124288493e+02
1.682778442112815753e+02
1.648157625504584018e+02
1.610324783275238474e+02
1.567840765477328659e+02
1.518367739018718510e+02
1.461156453277355638e+02
1.398253963510527456e+02
1.334048419165863493e+02
1.273598927523484861e+02
1.220652638507571055e+02
1.176244263416991203e+02
1.138420436327313610e+02
1.103092198316882531e+02
1.065518008549344131e+02
1.021732908183724788e+02
9.694355765358433530e+01
9.081813040308618667e+01
8.389730388023563989e+01
7.635004554428275014e+01
6.834147193426336742e+01
6.000731779345078820e+01
5.149822447303230177e+01
4.306771166107679960e+01
3.513093977850071781e+01
2.822301106286147743e+01
2.284473818332857675e+01
1.925858068773780829e+01
1.733864743427839983e+01
1.656471643593804188e+01
1.618593025638957528e+01
1.549205518362282419e+01
1.406481969919714103e+01
1.188241183084030972e+01
9.228435289215880744e+00
6.472836899169314151e+00
3.863678583878291661e+00
1.434518304269809974e+00
-9.704398054940277518e-01
-3.621217553224243879e+00
-6.835183196273974637e+00
-1.092890229248795109e+01
-1.616629312992845513e+01
-2.267941572453167964e+01
-3.036508860850982217e+01
-3.879916347793668763e+01
-4.723240140725050651e+01
-5.471611401640201677e+01
-6.034917947546789208e+01
-6.356353340395699547e+01
-6.432616158365709680e+01
-6.317366020729377141e+01
-6.108263874623784773e+01
-5.924289054981513658e+01
-5.880537711996556283e+01
-6.064945739572023342e+01
-6.519306219339830477e+01
-7.227230494465456445e+01
-8.113434829215377420e+01
-9.059028920883754665e+01
-9.933114301234878951e+01
-1.063224887948792912e+02
-1.111211221358418442e+02
-1.139695431222118458e+02
-1.156265646780268526e+02
-1.170193084439392379e+02
-1.188787182249407124e+02
-1.215111701214505615e+02
-1.247754970972203665e+02
-1.282317903270518684e+02
-1.313655787927692700e+02
-1.337890760879188292e+02
-1.353576599264602578e+02
-1.361822958728808430e+02
-1.365488198255968655e+02
-1.367701122432843022e+02
-1.370036985120540862e+02
-1.370741178000942853e+02
-1.363521358003225998e+02
-1.337533927029415395e+02
-1.279015733362843719e+02
-1.174409245516494735e+02
-1.014064376566482082e+02
-7.952820550266274324e+01
-5.238154602718856978e+01
-2.135411989789992404e+01
1.155798438258608130e+01
4.408564713911496113e+01
7.408488189570101667e+01
9.990911978496447432e+01
1.206643469903155932e+02
1.362681090844599225e+02
1.472764337318586740e+02
1.545322403461760814e+02
1.587861544712239379e+02
1.604671681288357377e+02
1.597000350122607699e+02
1.565256238419215435e+02
1.511707657723773366e+02
1.442028525386459705e+02
1.364876185666628032e+02
1.289802318649010999e+02
1.224547725315619289e+02
1.172949315464552598e+02
1.134360688279213605e+02
1.104736509756073843e+02
1.078617392880350252e+02
1.050772843598091697e+02
1.016694901494580563e+02
9.722099805417347795e+01
9.132544899988465659e+01
8.366384810764797919e+01
7.416561441568376267e+01
6.315973833720246944e+01
5.141687127356793496e+01
4.003761075688039028e+01
3.020518349755333531e+01
2.286776956592491672e+01
1.845072674785130573e+01
1.671238605731169713e+01
1.681752272126077585e+01
1.760683548311923019e+01
1.794676346151299384e+01
1.702245334051076853e+01
1.449421328114117102e+01
1.051395788079991789e+01
5.636651357920491989e+00
6.585338286976050171e-01
-3.598181729986015043e+00
-6.524269825968016079e+00
-7.924892289532804668e+00
-8.105656601305103237e+00
-7.796414967812861363e+00
-7.933747374021224985e+00
-9.382005405169712375e+00
-1.268622828791158064e+01
-1.792298557497481681e+01
-2.467847251959586430e+01
-3.215517480703849884e+01
-3.938399898383783437e+01
-4.549181668187271299e+01
-4.995105007970471434e+01
-5.273076705212202597e+01
-5.429015491135339033e+01
-5.540935281964550541e+01
-5.692085803112249209e+01
-5.944745795108389075e+01
-6.324230584368958574e+01
-6.817549695825873357e+01
-7.385259910960229490e+01
-7.980382020070230453e+01
-8.565526449021719202e+01
-9.120173612300257560e+01
-9.635831196685032296e+01
-1.010505450624713006e+02
-1.051434773621366361e+02
-1.084666506303157973e+02
-1.109075472036903847e+02
-1.124981097088491993e+02
-1.134391370766564364e+02
-1.140605556452497922e+02
-1.147492058295242288e+02
-1.158709196849766982e+02
-1.176952226559170214e+02
-1.203306788698930632e+02
-1.236916501210196770e+02
-1.275096700351181340e+02
-1.313691374291048817e+02
-1.347278904993108029e+02
-1.369068789554982288e+02
-1.370741178000942853e+02
-1.342669396281332581e+02
-1.274867410318425129e+02
-1.158751817199200929e+02
-9.894588967877430719e+01
-7.680568835576031006e+01
-5.027584433797920838e+01
-2.084557582933836528e+01
9.544508746363922214e+00
3.882418799575449952e+01
6.512672884427016129e+01
8.705195475377958303e+01
1.038135147483830565e+02
1.152648353125890281e+02
1.218267134824451858e+02
1.243459262125775666e+02
1.239060460542007149e+02
1.216101712946230720e+02
1.183715335758399050e+02
1.147672711248455926e+02
1.110066597111622286e+02
1.070254776154654621e+02
1.026604047563571811e+02
9.782118098898949654e+01
9.258990272109954844e+01
8.722080221789326515e+01
8.205390193147106004e+01
7.737772140884243299e+01
7.329067963525551477e+01
6.961969107435430715e+01
6.594060161847446011e+01
6.170444250893812921e+01
5.642790073863567812e+01
4.987866219597400175e+01
4.218515835591576035e+01
3.382662546597683217e+01
