3.561153077804007694e+01
6.806804773222825133e+01
9.558407115752652317e+01
1.146541703962754752e+02
1.240913085461298238e+02
1.249691702173296335e+02
1.198518976697006053e+02
1.117476111314698670e+02
1.032052985243495300e+02
9.580162677535273019e+01
9.006317092187714479e+01
8.571737863919651090e+01
8.209245163633866582e+01
7.848741390921934169e+01
7.438991580142251792e+01
6.951560447318699687e+01
6.374469464845955002e+01
5.707293826342073828e+01
4.963996582112616096e+01
4.179816930000318109e+01
3.412934919610466977e+01
2.734268352336458463e+01
2.206377589559812691e+01
1.859643904202838627e+01
1.676950880025076529e+01
1.595485170082002035e+01
1.526665312019114928e+01
1.386383498192765096e+01
1.123340292606764557e+01
7.357683457282379713e+00
2.725086310163900905e+00
-1.817234382094540024e+00
-5.342792649668416161e+00
-7.182048004986203438e+00
-7.190104963104818836e+00
-5.828509219063159108e+00
-4.024734993703578567e+00
-2.874760993753646687e+00
-3.313129299396100791e+00
-5.866181386764509398e+00
-1.054950863728406318e+01
-1.691083873175371011e+01
-2.417975178832483607e+01
-3.146728413928666868e+01
-3.795737805527718223e+01
-4.304870671448451702e+01
-4.643326322796924899e+01
-4.811856382271520971e+01
-4.840176500353411626e+01
-4.779528029010312906e+01
-4.690303620110083216e+01
-4.626766268465751608e+01
-4.624283243490511808e+01
-4.695229007165949753e+01
-4.834923914584548044e+01
-5.032005237101390804e+01
-5.275059774929805201e+01
-5.551527446275798638e+01
-5.842193705188917363e+01
-6.119142300821677338e+01
-6.352734761174535549e+01
-6.525092931959399323e+01
-6.640266126153562709e+01
-6.721736122997928931e+01
-6.796852922759401849e+01
-6.878028684214119437e+01
-6.953298271530033503e+01
-6.992466843711795832e+01
-6.965485608860566913e+01
-6.863223523281216387e+01
-6.709605661594373771e+01
-6.558198061635820864e+01
-6.474544091734698270e+01
-6.513449829159337412e+01
-6.702092707779024749e+01
-7.034300739583302686e+01
-7.474170811631866229e+01
-7.963795390283840447e+01
-8.430265120295466375e+01
-8.788958490631790710e+01
-8.942884991944474393e+01
-8.781595922659319342e+01
-8.186197184916066760e+01
-7.046122491083656314e+01
-5.286792024225420050e+01
-2.898529071649108602e+01
4.647437029525427477e-01
3.397494543525275645e+01
6.948443049213297229e+01
1.047336457696675751e+02
1.376332591032731330e+02
1.665409251138312356e+02
1.903871640159534877e+02
2.086663180642178190e+02
2.213603267075791905e+02
2.288519450805350743e+02
2.318296224597506239e+02
2.311554624293635243e+02
2.277017368330625686e+02
2.222202152432162734e+02
2.153119448595102199e+02
2.074922816287283354e+02
1.992665012954095687e+02
1.911291040378046659e+02
1.834803873866307526e+02
1.765351410901018312e+02
1.703008452904074943e+02
1.646383993859813870e+02
1.593642587583146906e+02
1.543475910267335678e+02
1.495684702786440141e+02
1.451043282714891802e+02
1.410272207022770772e+02
1.372536461266687411e+02
1.334534375824215999e+02
1.291161634887105549e+02
1.237756232975358728e+02
1.172792734705506206e+02
1.099445178853838740e+02
1.024931985611825382e+02
9.577184849320566684e+01
9.039189765157017575e+01
8.648387251219703842e+01
8.369599315329389810e+01
8.141343700146335038e+01
7.904752559865526962e+01
7.623814089033469088e+01
7.290903377289795628e+01
6.921615975034004009e+01
6.546070614324598580e+01
6.200899721229080086e+01
5.922305644319710893e+01
5.739004019441477311e+01
5.664311200300665661e+01
5.688160742910496026e+01
5.772133687094592602e+01
5.852133437663317750e+01
5.851522454354085312e+01
5.702297391452988506e+01
5.366951827127745389e+01
4.852657932955501963e+01
4.212220489373017784e+01
3.530592546617494065e+01
2.900256427905390311e+01
2.393120807297612629e+01
2.038922478194738375e+01
1.817853955465794513e+01
1.669066032644308706e+01
1.511004268867713307e+01
1.266601648588483897e+01
8.853522415392170331e+00
3.551154149471997812e+00
-2.997169300700996075e+00
-1.031209332507201282e+01
-1.784827371098390358e+01
-2.512369485383183587e+01
-3.176741978875803341e+01
-3.750637030369158254e+01
-4.215343843833616688e+01
-4.564397190867603626e+01
-4.810393416157140223e+01
-4.987857462839076561e+01
-5.145981075012615236e+01
-5.331795612840670628e+01
-5.571374731427827953e+01
-5.859166639744877614e+01
-6.162186204752944718e+01
-6.438128652043799605e+01
-6.658522445822727320e+01
-6.824855690194605984e+01
-6.969656837502895996e+01
-7.143045713607068592e+01
-7.391902875239939874e+01
-7.739219617323094269e+01
-8.167612080756531157e+01
-8.608921787535633996e+01
-8.942884991944474393e+01
-9.008574906747703892e+01
-8.629723513969845783e+01
-7.650414372558563514e+01
-5.973472196252988908e+01
-3.592491998941946463e+01
-6.086277257425258824e+00
2.774519264613310554e+01
6.279336225730028787e+01
9.600470861767215069e+01
1.245826409277189981e+02
1.464720848460649449e+02
1.606861439062585077e+02
1.673946772605914362e+02
1.677457099278160513e+02
1.634718769634513365e+02
1.564142443262191478e+02
1.481211203381263317e+02
1.396322288661366429e+02
1.314734480789726376e+02
1.238072182096756393e+02
1.166347166351294504e+02
1.099488813383247248e+02
1.037928298108741103e+02
9.824335099217002210e+01
9.336507452578821642e+01
8.916490866745201060e+01
8.555302892799784331e+01
8.231179335836259270e+01
7.908257668185207478e+01
7.538537492602864631e+01
7.068062338623656160e+01
6.447024846045786717e+01
5.641957800835148618e+01
4.646928579075672161e+01
3.490425024262446385e+01
2.235526770557360621e+01
9.724248653333127379e+00
-1.960483724138764927e+00
-1.173466617986265348e+01
-1.889445904398775156e+01
-2.315229289715014716e+01
-2.470958744585628608e+01
-2.421620895031897902e+01
-2.261388374680983304e+01
-2.090331050135622348e+01
-1.991037496911774696e+01
-2.012816032755906548e+01
-2.167377250540261713e+01
-2.434512170450494395e+01
-2.772566298154346143e+01
-3.128647829169349848e+01
-3.447024338236725782e+01
-3.677792165289950077e+01
-3.787830025450287508e+01
-3.771950697916159356e+01
-3.658544432817672742e+01
-3.505359843637469908e+01
-3.386285398946465364e+01
-3.373839560770161938e+01
-3.521819713402977925e+01
-3.850944713951088261e+01
-4.340908847685786043e+01
-4.933485664870019605e+01
-5.548609029486861743e+01
-6.108661621576791845e+01
-6.560947331062750720e+01
-6.888834127035669042e+01
-7.107764017972959891e+01
-7.249876545671602912e+01
-7.346545920907303184e+01
-7.418311885239405967e+01
-7.475934428742968407e+01
-7.528695298701374838e+01
-7.591998814837839404e+01
-7.687684608009674037e+01
-7.835704768130686659e+01
-8.042056987193453210e+01
-8.291256365654770377e+01
-8.549302779073754266e+01
-8.776451229358625028e+01
-8.942884991944474393e+01
-9.038634512733676729e+01
-9.072831401407049157e+01
-9.064519295027039902e+01
-9.032857776511632153e+01
