-1.304932464226121525e+01
-3.391920211911296690e+01
-5.368206991499146596e+01
-7.161336031193798135e+01
-8.757063827982398152e+01
-1.019527952693945565e+02
-1.154682334007539595e+02
-1.288376900261690139e+02
-1.425468497515502975e+02
-1.567059794995960260e+02
-1.710217501669870330e+02
-1.848658840126152541e+02
-1.974223492494375307e+02
-2.078848779755055034e+02
-2.156573715336177202e+02
-2.204996778117155145e+02
-2.225736975191473732e+02
-2.223777794059751045e+02
-2.205993124657975386e+02
-2.179463367269244145e+02
-2.150182287709327227e+02
-2.122442102666898620e+02
-2.098821494250646253e+02
-2.080498551754815253e+02
-2.067586437856959947e+02
-2.059323381592533053e+02
-2.054196880255079520e+02
-2.050255487156975676e+02
-2.045771505257464469e+02
-2.040110935553564389e+02
-2.034376267383757124e+02
-2.031350508944311173e+02
-2.034579465650040788e+02
-2.046921668100117131e+02
-2.069247203580661392e+02
-2.099940355934711533e+02
-2.135447191720784872e+02
-2.171550242122607415e+02
-2.204724809822939449e+02
-2.233020611226342851e+02
-2.256252257289418139e+02
-2.275603733393885477e+02
-2.292924883471945634e+02
-2.310010491180033796e+02
-2.328055745532312812e+02
-2.347364584148131996e+02
-2.367308468583200920e+02
-2.386484732175080978e+02
-2.402995480731783573e+02
-2.414794517716913447e+02
-2.420125253981902915e+02
-2.418084386905399015e+02
-2.409212388199949544e+02
-2.395846740449098888e+02
-2.381979744104345684e+02
-2.372564705086612378e+02
-2.372416922188037631e+02
-2.384883813470133589e+02
-2.410374142496613388e+02
-2.444854710094136010e+02
-2.478622027499545197e+02
-2.495880669413824364e+02
-2.475711157773215518e+02
-2.394780986215523626e+02
-2.231601504051881761e+02
-1.971380340821571906e+02
-1.609991616972062616e+02
-1.155758488713810834e+02
-6.285746259392732327e+01
-5.679702275722185334e+00
5.271694530018994840e+01
1.091609706403210112e+02
1.609692882511382948e+02
2.062411014835368519e+02
2.439765146413797936e+02
2.740120101390330092e+02
2.968218092530497643e+02
3.132691593384795397e+02
3.243773886748695077e+02
3.311490038196677688e+02
3.344358812839660686e+02
3.348660889904681994e+02
3.328376508859423097e+02
3.285768972320430521e+02
3.222383542884198278e+02
3.140109014700042280e+02
3.041918630632998202e+02
2.931947903879831756e+02
2.814776765667062364e+02
2.694166380123696172e+02
2.571795084098430380e+02
2.446506707954318358e+02
2.314332677341515421e+02
2.169325769191909217e+02
2.005089144953193454e+02
1.816696238058677579e+02
1.602494721469479089e+02
1.365221303205285324e+02
1.112029423589590351e+02
8.534041603367745665e+01
6.013200732426346917e+01
3.671755504046751639e+01
1.599507989987223766e+01
-1.515494098273979517e+00
-1.574325819053019693e+01
-2.705052839069946202e+01
-3.611590668297529305e+01
-4.373518269206500975e+01
-5.060137393291108765e+01
-5.714200228219775113e+01
-6.346723267987196948e+01
-6.943291875372148070e+01
-7.478084411728534064e+01
-7.930331593707914806e+01
-8.298165888594328976e+01
-8.605612799493000864e+01
-8.900314570140911030e+01
-9.242653517692605192e+01
-9.689892235339969773e+01
-1.028061109294674509e+02
-1.102469790752665233e+02
-1.190192713606901265e+02
-1.286831947866617725e+02
-1.386662015820043905e+02
-1.483746081532891310e+02
-1.572983102973975065e+02
-1.651045997555663973e+02
-1.717070900165301737e+02
-1.772830427565673688e+02
-1.822170035055682433e+02
-1.869753294285603999e+02
-1.919508484838841866e+02
-1.973379314662983575e+02
-2.030915925011377396e+02
-2.089876957750889517e+02
-2.147488348481302864e+02
-2.201648126186687477e+02
-2.251472665161274733e+02
-2.297072570116683892e+02
-2.338896980244181520e+02
-2.377057503473245674e+02
-2.410856730383698334e+02
-2.438653756729904103e+02
-2.458260686108313280e+02
-2.467985262177004699e+02
-2.468039437231047941e+02
-2.461566738496763946e+02
-2.454426184003205833e+02
-2.453300998398762829e+02
-2.462492215814104668e+02
-2.480479718116119159e+02
-2.497597594700526713e+02
-2.495880669413824364e+02
-2.451456429084312560e+02
-2.339013261403503350e+02
-2.137156152705356931e+02
-1.833169991927037188e+02
-1.426000376437937973e+02
-9.268908169872203473e+01
-3.577512589410113719e+01
2.521873424897718508e+01
8.705770568760047468e+01
1.466104726893587156e+02
2.011927044031396008e+02
2.488108585762226710e+02
2.883018154051729880e+02
3.193656600884498857e+02
3.424861367878820602e+02
3.587418731403394077e+02
3.695349251549517930e+02
3.762931410644594052e+02
3.802186468511205248e+02
3.821395145856565705e+02
3.824842673382063367e+02
3.813629314804352362e+02
3.787136485634355267e+02
3.744580359239640757e+02
3.686077752624212280e+02
3.612902023897893287e+02
3.527037301766421251e+02
3.430460353171707766e+02
3.324587970290104977e+02
3.210091816704789380e+02
3.087016744400909829e+02
2.955013406146020998e+02
2.813541975873585557e+02
2.662012008062889663e+02
2.499889270004567265e+02
2.326846235116352375e+02
2.143096231724152858e+02
1.950039320539889331e+02
1.751143781061753657e+02
1.552664877257775515e+02
1.363632212804546384e+02
1.194724720678076153e+02
1.056122175507236136e+02
9.549205935655750466e+01
8.930127061745469064e+01
8.662986780024783684e+01
8.656067296375547926e+01
8.789588547192974488e+01
8.942823548722708438e+01
9.016456895970968333e+01
8.944703360802466818e+01
8.696621104186331763e+01
8.270163371855659307e+01
7.684168220129927818e+01
6.971853475797090027e+01
6.176038392593331139e+01
5.344157469665807980e+01
4.521410543423590411e+01
3.742209294091063043e+01
3.022169789616573610e+01
2.354098071755939259e+01
1.710535495963853947e+01
1.052681749074502449e+01
3.428580180217807083e+00
-4.433997954650862994e+00
-1.309224961697777445e+01
-2.234852932621729593e+01
-3.183405262606447650e+01
-4.112156544661857538e+01
-4.984851033476884652e+01
-5.780458035753953538e+01
-6.496616219807552284e+01
-7.148992935995515552e+01
-7.768101836870543764e+01
-8.393884283237559885e+01
-9.068021401882387522e+01
-9.824924708396017081e+01
-1.068372050914009890e+02
-1.164416414969073799e+02
-1.268817473052147307e+02
-1.378595047833701415e+02
-1.490387387377823813e+02
-1.601212025211735863e+02
-1.709123336332182248e+02
-1.813677337846946216e+02
-1.916011003158377264e+02
-2.018312869262234983e+02
-2.122546927410190563e+02
-2.228517641019475093e+02
-2.331746569000835905e+02
-2.421995413501074097e+02
-2.483293813419290643e+02
-2.495880669413824364e+02
-2.439788563934451702e+02
-2.299263273845562878e+02
-2.066973988606933403e+02
-1.746983284365965687e+02
-1.355655769619504838e+02
-9.200974407585962922e+01
-4.743013759965691634e+01
-5.378775378520167294e+00
3.100377519565917694e+01
5.944911380353791230e+01
7.881758297822389636e+01
8.911269531008305478e+01
9.128870479674532135e+01
8.694334313837549644e+01
7.800658762161629056e+01
6.651295372484450752e+01
