-2.429738248840407167e+01
-3.209602448507625638e+01
-3.920942119114410929e+01
-4.508218522317046251e+01
-4.938279737068998543e+01
-5.205782380920206265e+01
-5.332796618326705840e+01
-5.362649552528583996e+01
-5.349579756842592815e+01
-5.346645534185024928e+01
-5.394363089107886822e+01
-5.512253429804076887e+01
-5.695180727460451919e+01
-5.915845553069265605e+01
-6.133538361859531562e+01
-6.307067421579923661e+01
-6.407523277997580635e+01
-6.426007223805574142e+01
-6.373624091466208341e+01
-6.274685270382989444e+01
-6.156825409388412140e+01
-6.042350115848214642e+01
-5.943836729615458836e+01
-5.864698382580336755e+01
-5.803284030777903979e+01
-5.758030048091899289e+01
-5.731162203923412335e+01
-5.729054045775831838e+01
-5.758616152098430518e+01
-5.821120961779685388e+01
-5.906918609906642814e+01
-5.994925024858910945e+01
-6.058489872462016734e+01
-6.075544485732189059e+01
-6.038470480710279276e+01
-5.959128543056132088e+01
-5.866210311151545653e+01
-5.794718965515489373e+01
-5.770498345070438262e+01
-5.795146597551250522e+01
-5.836712259563650207e+01
-5.829086848471104076e+01
-5.680014512264893511e+01
-5.286078938932394067e+01
-4.552431091067669655e+01
-3.413884893965079215e+01
-1.852591490438676303e+01
9.247235059645637634e-01
2.326925421241167058e+01
4.713236476047811863e+01
7.091426175350574113e+01
9.304164302200106818e+01
1.122112332888756754e+02
1.275737024138285420e+02
1.388183752306824204e+02
1.461424015209469758e+02
1.501164549125949179e+02
1.514865303090390398e+02
1.509703496616254483e+02
1.491099813882424598e+02
1.462245063409520185e+02
1.424666577603008477e+02
1.379385116933703443e+02
1.327946387766705811e+02
1.272789664402840089e+02
1.216901339115267859e+02
1.163117810625252275e+02
1.113526546005498545e+02
1.069196010186740864e+02
1.030173624676277768e+02
9.955465057138964369e+01
9.634416908843365945e+01
9.310616235952088005e+01
8.949938573314938139e+01
8.519274263695966454e+01
7.996093792827585389e+01
7.376402347291117678e+01
6.677380173923197049e+01
5.933676481427215776e+01
5.189291044750378745e+01
4.488203630316718318e+01
3.866122831065924004e+01
3.344497105883641552e+01
2.927619013114724211e+01
2.603782529150850067e+01
2.350739913424007455e+01
2.143951059633347356e+01
1.964503924715820204e+01
1.803489072600333643e+01
1.661297627721712900e+01
1.542658561546727825e+01
1.449930823561739146e+01
1.377779346679010963e+01
1.311817871490837106e+01
1.232022188131362306e+01
1.119474929525936702e+01
9.637164691307502196e+00
7.680438679522236356e+00
5.506699809380140920e+00
3.403623798848133930e+00
1.667944228906016235e+00
4.854479721141906623e-01
-1.622674260727698936e-01
-5.197013253330666771e-01
-9.950487314117211213e-01
-2.036691358802936946e+00
-3.993100907932738863e+00
-7.002435849363706666e+00
-1.094501944154743001e+01
-1.547110057304082886e+01
-2.009507621523904675e+01
-2.433021512326678248e+01
-2.782541944578928650e+01
-3.045883048401169191e+01
-3.234910443603430963e+01
-3.377272107125988043e+01
-3.502051444516776968e+01
-3.626259252568272728e+01
-3.748804843436187895e+01
-3.854309065948466184e+01
-3.923937562665460632e+01
-3.947553331471081606e+01
-3.931817483755486364e+01
-3.901339007227634426e+01
-3.892931710806847434e+01
-3.945163622294271022e+01
-4.086317657016512328e+01
-4.324219631186015533e+01
-4.641394132989131549e+01
-4.997791203656849746e+01
-5.340466741371101023e+01
-5.616685138615125084e+01
-5.786093473619068561e+01
-5.829086848471104076e+01
-5.750376647308021916e+01
-5.577611775466384358e+01
-5.355164802358589782e+01
-5.133787359499062575e+01
-4.958427680744219401e+01
-4.858129641484268291e+01
-4.842055547202019739e+01
-4.903058016320601098e+01
-5.025965226902870597e+01
-5.195039783806583955e+01
-5.396136605566262290e+01
-5.612806508520176862e+01
-5.818867093910932908e+01
-5.971163231741303434e+01
-6.006133542639700806e+01
-5.843057081012754850e+01
-5.394943320234355610e+01
-4.585114734039747475e+01
-3.365301909903802624e+01
-1.730840428217055660e+01
2.703443309236217118e+00
2.537368120615558809e+01
4.926347868974001898e+01
7.270644828629014000e+01
9.408175901230568172e+01
1.120928169119672759e+02
1.259710260551053409e+02
1.355418948987249053e+02
1.411406608249494923e+02
1.434218438419665347e+02
1.431405736021911252e+02
1.409801511743164610e+02
1.374691800837802589e+02
1.329903935369567307e+02
1.278460431989922057e+02
1.223230243405563016e+02
1.167089210173828491e+02
1.112509693327204587e+02
1.060969817140029647e+02
1.012712048559034628e+02
9.670810975483387040e+01
9.232092024964980226e+01
8.805608146650264700e+01
8.389680208002766904e+01
7.981689971978295262e+01
7.572075297305759989e+01
7.141165216437028107e+01
6.660991966955720045e+01
6.101618145685343109e+01
5.440239252432564143e+01
4.670944502992862368e+01
3.812305338720862835e+01
2.909354738077335512e+01
2.027546010097852047e+01
1.239101269059326427e+01
6.053742652208738306e+00
1.609061895425853095e+00
-9.534721495810338787e-01
-1.987754514523012439e+00
-2.087380339367306714e+00
-1.927047829944361190e+00
-2.095479915983323060e+00
-2.963315033334787962e+00
-4.617116025370938459e+00
-6.869162749420871350e+00
-9.331293953486206050e+00
-1.153194453919210716e+01
-1.305574099469593286e+01
-1.368061956148969571e+01
-1.347438548180167395e+01
-1.280603376175786323e+01
-1.224767609930702150e+01
-1.239047737780364677e+01
-1.364399990828161613e+01
-1.610112944642158439e+01
-1.952204012407595712e+01
-2.343713165862899572e+01
-2.731903469349749258e+01
-3.075097769898678735e+01
-3.352861217281926542e+01
-3.566573759717124403e+01
-3.731774572436024329e+01
-3.867244834586675495e+01
-3.986617762338541127e+01
-4.095823322142344125e+01
-4.195818788563438773e+01
-4.287395070846098122e+01
-4.374488673074568368e+01
-4.464072471478134219e+01
-4.563259382243639095e+01
-4.676064270982992355e+01
-4.802115834192480293e+01
-4.937862572079380641e+01
-5.079000894088684959e+01
-5.222269500347942994e+01
-5.365488941558173508e+01
-5.505859389130100823e+01
-5.637458586559722562e+01
-5.749726396241315740e+01
-5.829086848471104076e+01
-5.864583579507042543e+01
-5.855389755588760181e+01
-5.815475195788360452e+01
-5.771358841746548762e+01
-5.752907462412314032e+01
-5.781405465534385257e+01
-5.860485386650893957e+01
-5.973794468751633246e+01
-6.090160802243232752e+01
-6.173943101007779433e+01
-6.196375960910373237e+01
-6.144003886437010920e+01
-6.022200973071052488e+01
-5.853613448294788668e+01
-5.672412289068451230e+01
-5.515951616248960931e+01
-5.415880873838139564e+01
-5.390568250394241545e+01
-5.439941305477884725e+01
-5.543174103919184148e+01
-5.659630090388121459e+01
-5.733942351893058742e+01
-5.705936331193888833e+01
-5.524284808248931711e+01
-5.160262682565052472e+01
-4.617100742334411478e+01
-3.932033107724738841e+01
-3.170556502818859101e+01
