-8.048241595177148611e+01
-8.293692677123235057e+01
-8.077166785171969821e+01
-7.068816435075606819e+01
-5.146358731179776669e+01
-2.408552158648286934e+01
8.754303641219351562e+00
4.354449025033602538e+01
7.687700834801532324e+01
1.061346931545385672e+02
1.298133585402608787e+02
1.474967414540931827e+02
1.596011437676312426e+02
1.670337346493564041e+02
1.708770346169062293e+02
1.721597837157100059e+02
1.717309455924171289e+02
1.702221651906469049e+02
1.680613169068380159e+02
1.654974115328416531e+02
1.626227289495699608e+02
1.594080991578738917e+02
1.557659265292420514e+02
1.516219405907755799e+02
1.469520578625481733e+02
1.417590869172267958e+02
1.360089569044371274e+02
1.295729773541239638e+02
1.222137220844974905e+02
1.136282497475907718e+02
1.035430163175792018e+02
9.183724185420773267e+01
7.865359794506447599e+01
6.444937644629932549e+01
4.995702560042226992e+01
3.605464072336688730e+01
2.358149057650481240e+01
1.315604473225534576e+01
5.053483439288967816e+00
-8.227005687179058668e-01
-4.873301492552016612e+00
-7.668824925343788124e+00
-9.794678530071507794e+00
-1.172361145230754786e+01
-1.374608741114711918e+01
-1.596553514051083233e+01
-1.834646855795766385e+01
-2.079180347558024167e+01
-2.322103440665252805e+01
-2.562596398233025852e+01
-2.809284704047483672e+01
-3.079063778791736183e+01
-3.393092534941470717e+01
-3.770943490310843771e+01
-4.224363244756356295e+01
-4.752354361317703280e+01
-5.339197804201562292e+01
-5.956610384336484287e+01
-6.570016426477484117e+01
-7.146714997610740738e+01
-7.662201608677521847e+01
-8.102223738203680625e+01
-8.461561323570845161e+01
-8.742576301360108459e+01
-8.955326282916526281e+01
-9.118155534664546735e+01
-9.256139293180957850e+01
-9.395846951681444637e+01
-9.557516172036571334e+01
-9.747837832724395923e+01
-9.956798469759731063e+01
-1.016037188565968847e+02
-1.032828834836175815e+02
-1.043407047163486254e+02
-1.046391003910494817e+02
-1.042150279215852606e+02
-1.032699662521443713e+02
-1.020982088555548444e+02
-1.009760037453595203e+02
-1.000568417710200038e+02
-9.932190350193229733e+01
-9.860924570953864077e+01
-9.770447451136524819e+01
-9.644763945183163401e+01
-9.481080115323081259e+01
-9.291950396357398745e+01
-9.101408191420458138e+01
-8.936584902743143743e+01
-8.817759328592316592e+01
-8.750546990168393791e+01
-8.723491448985930674e+01
-8.712473654274467094e+01
-8.690774316199880900e+01
-8.641127617058648980e+01
-8.564374638745533730e+01
-8.479476836173117249e+01
-8.412667599998735568e+01
-8.378502371728669118e+01
-8.359694894776814067e+01
-8.293692677123235057e+01
-8.071992800306159666e+01
-7.554278201105660173e+01
-6.594553202493491995e+01
-5.072049671722544417e+01
-2.918658672803825027e+01
-1.369541342689259977e+00
3.193889708223926505e+01
6.924895771472525041e+01
1.085606662742609387e+02
1.476462830024851769e+02
1.843801164974844369e+02
2.170512807485989129e+02
2.445903950785016718e+02
2.666563011870360924e+02
2.835652455218187242e+02
2.960910798361868501e+02
3.052014287592454025e+02
3.118072826709806122e+02
3.165896082540266434e+02
3.199344774352834975e+02
3.219717387253250536e+02
3.226840763732511164e+02
3.220400582448230580e+02
3.201059368812269668e+02
3.171012582866239882e+02
3.133787945225401472e+02
3.093315642148389770e+02
3.052593748284798494e+02
3.012519361442263062e+02
2.971441172095609318e+02
2.925665090246760656e+02
2.870718993834110506e+02
2.802892628964029882e+02
2.720499928559009959e+02
2.624457498060682497e+02
2.518073937122230461e+02
2.406250225665638141e+02
2.294450249047169166e+02
2.187781539367103960e+02
2.090393770441799006e+02
2.005232944056973565e+02
1.934046749563182459e+02
1.877469154962876132e+02
1.835044180401141034e+02
1.805170355726936862e+02
1.785092305600236386e+02
1.771127256011300801e+02
1.759220379879115228e+02
1.745708945275418955e+02
1.727981581180333706e+02
1.704705514426344450e+02
1.675523723649225190e+02
1.640471506180900292e+02
1.599552856761361568e+02
1.552757642262061495e+02
1.500405993157312992e+02
1.443422945047798862e+02
1.383216328070764689e+02
1.321164767579789725e+02
1.258030398548537221e+02
1.193695056287264151e+02
1.127462139458958035e+02
1.058839607367352613e+02
9.883683891321135206e+01
9.179289126638661855e+01
8.502253850003745583e+01
7.876778942121239879e+01
7.313436788389397236e+01
6.804526933743684936e+01
6.327557109331296203e+01
5.854420589799219243e+01
5.361431985309034332e+01
4.835913025138839316e+01
4.277688270590145692e+01
3.696683711964112717e+01
3.109057821603988714e+01
2.533660383128871274e+01
1.989175539345866639e+01
1.491425431970824889e+01
1.050827579578593429e+01
6.712330112627995504e+00
3.511558141293662061e+00
8.608556126832098698e-01
-1.310564767763025884e+00
-3.125701662709289508e+00
-4.794363360414308772e+00
-6.614953231826362412e+00
-8.919795711454284515e+00
-1.197933416705889442e+01
-1.591068545765357101e+01
-2.063491648656616917e+01
-2.590079511459562411e+01
-3.136420524399258625e+01
-3.669620733387225187e+01
-4.168798176886900819e+01
-4.632298103600422223e+01
-5.079171325611517318e+01
-5.543101769272220736e+01
-6.058303725390891259e+01
-6.639708212413427191e+01
-7.263379582540937918e+01
-7.855141979575302003e+01
-8.293692677123235057e+01
-8.429280947964102211e+01
-8.113055360148899808e+01
-7.228736727439377319e+01
-5.718107743507493979e+01
-3.594686275606883896e+01
-9.434109687942552114e+00
2.092306255735483234e+01
5.331613064425283710e+01
8.579419827597283188e+01
1.164737337846512162e+02
1.437131216763430643e+02
1.662586318726853278e+02
1.833621803204379432e+02
1.948518595776479003e+02
2.011262759077389433e+02
2.030538852757175334e+02
2.017850397984896347e+02
1.985160150408241293e+02
1.942655200727414240e+02
1.897225852744770691e+02
1.851992626381379523e+02
1.806847040518673566e+02
1.759673228147219675e+02
1.707786757945285103e+02
1.649131609724878160e+02
1.582886437130346735e+02
1.509370905543021308e+02
1.429450296999493162e+02
1.343822467448748057e+02
1.252511502563436068e+02
1.154692476288111465e+02
1.048843257060978971e+02
9.332108755061500460e+01
8.065473345263957583e+01
6.689335709499137295e+01
5.223981025703437098e+01
3.710904652770732071e+01
2.209341828443789524e+01
7.881306988584933393e+00
-4.857824491196550021e+00
-1.559844160176068506e+01
-2.405919698103117810e+01
-3.024473765478867193e+01
-3.441724342601775533e+01
-3.701854388276569807e+01
-3.858350920987363963e+01
-3.967769259885348276e+01
-4.086461749379618880e+01
-4.267966025048191625e+01
-4.557610788682438852e+01
-4.982746872051744447e+01
-5.541323574586662914e+01
-6.195222872439465789e+01
-6.874551731619035877e+01
-7.494587149376467039e+01
-7.980893173436962229e+01
-8.293692677123235057e+01
-8.442055829009633783e+01
-8.481928250089617904e+01
