-7.399443690226444659e+00
-8.982299530854868408e+01
-1.625207577625989188e+02
-2.186682247858631740e+02
-2.558746342675383403e+02
-2.761237896489241166e+02
-2.843039582719713962e+02
-2.860941964859614473e+02
-2.860202466303745723e+02
-2.862385238687554647e+02
-2.862496538021441665e+02
-2.834306200776837841e+02
-2.740824105056815370e+02
-2.546308087444962496e+02
-2.226616541742236564e+02
-1.775761938846813450e+02
-1.207787060990553556e+02
-5.542123116706699193e+01
1.419207692557765910e+01
8.338920990635452313e+01
1.479214211967283461e+02
2.045819950151516196e+02
2.515250861882601328e+02
2.882499425815905170e+02
3.153182343271762420e+02
3.339428446220684918e+02
3.455937895725662656e+02
3.517134971757683388e+02
3.535610408814130778e+02
3.521590087028162088e+02
3.483063717489408191e+02
3.426236562971873809e+02
3.355996618145123307e+02
3.276174952114761254e+02
3.189528200810947283e+02
3.097509923310507816e+02
2.999994007869226493e+02
2.895170506505859294e+02
2.779797116127602976e+02
2.649824323669454884e+02
2.501213290954930528e+02
2.330699042622411525e+02
2.136385190754170651e+02
1.918259232366264371e+02
1.678774020776141924e+02
1.423468166173437623e+02
1.161305958670019152e+02
9.042257450500230220e+01
6.655271653479304916e+01
4.572703459546671922e+01
2.875200050113380712e+01
1.585451199188470639e+01
6.672243956591721314e+00
4.120903535215774127e-01
-3.896794722986200554e+00
-7.159372580221177174e+00
-1.006330880663486838e+01
-1.304579237034169736e+01
-1.635070047193902099e+01
-2.012502741780319582e+01
-2.450488397857068890e+01
-2.965237433091089159e+01
-3.572730661358759363e+01
-4.281366160162993140e+01
-5.085220499190597820e+01
-5.963429254091778375e+01
-6.888027951304978558e+01
-7.837392573501949755e+01
-8.808282158522773386e+01
-9.819208390021431399e+01
-1.090179460030379346e+02
-1.208267764148197045e+02
-1.336333547953594802e+02
-1.470709378552879798e+02
-1.604094132151029157e+02
-1.727453695694071598e+02
-1.833068019519473353e+02
-1.917429971095169776e+02
-1.982607510991113315e+02
-2.035374748605699722e+02
-2.084496161421816964e+02
-2.137407313616755289e+02
-2.197728163938946864e+02
-2.264505473332075667e+02
-2.333206222665975531e+02
-2.397806926296153449e+02
-2.453074378447466586e+02
-2.496249113347737989e+02
-2.527692221387816005e+02
-2.550470039018212844e+02
-2.569148011258698716e+02
-2.588205458190137733e+02
-2.610559640531761261e+02
-2.636692338211228162e+02
-2.664677807259370184e+02
-2.691045702280727596e+02
-2.712091910612378456e+02
-2.725106366150555459e+02
-2.729026477260605361e+02
-2.724276770830702503e+02
-2.711985040991403935e+02
-2.693134325359005743e+02
-2.668244494255733912e+02
-2.637834359926634420e+02
-2.603401094677161609e+02
-2.568265394451852899e+02
-2.537601606949740187e+02
-2.517332959345145014e+02
-2.512137225334553534e+02
-2.523336679337552937e+02
-2.547715091254167419e+02
-2.578083186290180606e+02
-2.605664404419063658e+02
-2.623462138151172667e+02
-2.629229293471155415e+02
-2.626763340942305831e+02
-2.624888859304012385e+02
-2.634330149921835869e+02
-2.663382849074984051e+02
-2.713668885188861282e+02
-2.777226604864925434e+02
-2.835786329902470015e+02
-2.862496538021441665e+02
-2.825813919320970626e+02
-2.694838674758468642e+02
-2.445056468566513104e+02
-2.063299479562162730e+02
-1.550866145121152613e+02
-9.241256736013372119e+01
-2.124565630340651268e+01
5.460593493573515644e+01
1.310245720302102370e+02
2.041500681178421814e+02
2.708322959520356790e+02
3.288886028876366368e+02
3.771498906584803876e+02
4.153445452674232570e+02
4.439031000958025288e+02
4.637534014565800362e+02
4.761357267757634304e+02
4.824372885767427874e+02
4.840427388784109439e+02
4.822080993201471983e+02
4.779726792337186225e+02
4.721218133916513011e+02
4.652008837715576988e+02
4.575594910836937856e+02
4.493890117820736236e+02
4.407267193375048464e+02
4.314326528071770213e+02
4.211747970527452480e+02
4.094633179841670199e+02
3.957569898547526464e+02
3.796323119954661820e+02
3.609658493252707103e+02
3.400541913878790297e+02
3.176104092001937147e+02
2.946298243943090256e+02
2.721752237828554826e+02
2.511588475752900820e+02
2.321921468122832835e+02
2.155451543250864290e+02
2.012124907087471399e+02
1.890380015387414687e+02
1.788319162858258551e+02
1.704337539412593401e+02
1.637104174191747461e+02
1.585062818007181136e+02
1.545751351676916840e+02
1.515284260752097225e+02
1.488283616214297354e+02
1.458348979049029026e+02
1.418946697068644198e+02
1.364511939384007064e+02
1.291530184836968829e+02
1.199282558516502206e+02
1.089897975180222858e+02
9.675599538728432947e+01
8.371455844763637799e+01
7.029116578767079204e+01
5.677884250660702037e+01
4.334286500859703040e+01
3.007153589521327319e+01
1.702589150185563227e+01
4.256224349843868993e+00
-8.217067674594424886e+00
-2.043598363938896512e+01
-3.251638780700140785e+01
-4.460947947347429476e+01
-5.681483984152509947e+01
-6.909035357552140511e+01
-8.122201641981587272e+01
-9.288396620145562110e+01
-1.037608787159361157e+02
-1.136690474131126223e+02
-1.226205624273775072e+02
-1.308093217578871474e+02
-1.385294628218564128e+02
-1.460561011681885191e+02
-1.535306894825618826e+02
-1.608971046756511782e+02
-1.679182952943618545e+02
-1.742684742920141048e+02
-1.796624894542441382e+02
-1.839689065608958742e+02
-1.872589966156191679e+02
-1.897701312267687399e+02
-1.918068998615780458e+02
-1.936441083749092797e+02
-1.954942583420740050e+02
-1.975473226042727504e+02
-2.000272635587611205e+02
-2.031970406265609768e+02
-2.072906125655256346e+02
-2.124116835799537455e+02
-2.184683153751841473e+02
-2.251957851796606178e+02
-2.322699081496649001e+02
-2.394567749971123476e+02
-2.467139046032017973e+02
-2.541714613564525962e+02
-2.619741783586746919e+02
-2.700269300606551042e+02
-2.777296608176060317e+02
-2.837979860407851902e+02
-2.862496538021441665e+02
-2.826023051644162933e+02
-2.702771400028983635e+02
-2.471413104443517454e+02
-2.120633399001605426e+02
-1.653227138609062763e+02
-1.087332098621404270e+02
-4.542057330290424488e+01
2.069027270691728049e+01
8.553247805738811849e+01
1.455252744315739903e+02
1.980312879630968723e+02
2.415674808766005981e+02
2.757684521806430098e+02
3.011621132636298057e+02
3.188478235851980003e+02
3.301648177137468565e+02
3.364190348029960091e+02
3.387096735204035554e+02
3.378645894680831816e+02
3.344636926288582117e+02
3.289127161796379255e+02
3.215249103291521351e+02
3.125713429901512654e+02
3.022787902390483623e+02
2.907877936369199574e+02
2.781116582418212033e+02
2.641414261599999804e+02
2.487225719358871174e+02
2.317956262164900352e+02
2.135549687843268032e+02
1.945488713976900215e+02
1.756369800119820752e+02
1.577629279432192675e+02
1.415961700495502669e+02
1.272053762030213164e+02
1.139634712344133476e+02
