-1.363006250236736889e+02
-1.530924510369498535e+02
-1.678522155987947144e+02
-1.786199746333965948e+02
-1.833462459385740715e+02
-1.799817091080376201e+02
-1.666957497731911815e+02
-1.421927467678082735e+02
-1.060501712158987573e+02
-5.898560842965532913e+01
-2.966180655806738287e+00
5.890355760397730478e+01
1.227362979564730381e+02
1.844161610819023451e+02
2.402383401168766568e+02
2.874706175612690231e+02
3.246790832187061824e+02
3.517364170712991154e+02
3.695470805866115711e+02
3.796193027805226166e+02
3.836420295400245095e+02
3.831814305821188782e+02
3.795314603453409177e+02
3.736846983440738086e+02
3.663622169736458432e+02
3.580521344425580423e+02
3.490345544203532882e+02
3.393956988712273528e+02
3.290480425098591013e+02
3.177745651508011520e+02
3.053017699707240240e+02
2.913833496581549412e+02
2.758628379137677484e+02
2.586936039098816309e+02
2.399210906132589116e+02
2.196541669719042034e+02
1.980547307769513452e+02
1.753588524188502618e+02
1.519205364127238056e+02
1.282508923576926918e+02
1.050203972013198950e+02
8.300817076922314186e+01
6.301060288789609842e+01
4.573566678273563468e+01
3.170004629788935091e+01
2.113696379749551824e+01
1.393168914197386599e+01
9.614280037047912231e+00
7.428539676685644189e+00
6.462451195261616377e+00
5.798642927332363861e+00
4.645872255827384834e+00
2.432199775767410088e+00
-1.145822811228214277e+00
-6.121187789295980508e+00
-1.230373895028659348e+01
-1.937092482814768601e+01
-2.698284367183920551e+01
-3.489023765411032230e+01
-4.299935444658031258e+01
-5.136644722033511812e+01
-6.012177789138594619e+01
-6.935993810108942625e+01
-7.905467286554784323e+01
-8.904159982442882892e+01
-9.906979808135017151e+01
-1.088833594265454110e+02
-1.182801364730242142e+02
-1.271124575664295548e+02
-1.352363271079346134e+02
-1.424578912098627370e+02
-1.485336270600347177e+02
-1.532431034404240506e+02
-1.565010653617140122e+02
-1.584484080136786304e+02
-1.594721026914165520e+02
-1.601377271227514427e+02
-1.610528799642198976e+02
-1.627026214296441537e+02
-1.653074353155730876e+02
-1.687517276417254664e+02
-1.726153716136118135e+02
-1.763093300307386642e+02
-1.792749870671707697e+02
-1.811767488630081004e+02
-1.820177582710985860e+02
-1.821349855081019484e+02
-1.820647947496611607e+02
-1.823034309151331911e+02
-1.830155367964302116e+02
-1.837641791132973879e+02
-1.833462459385740715e+02
-1.798123482970845828e+02
-1.707153300717550621e+02
-1.535602513603855925e+02
-1.263413924777210866e+02
-8.801624498644034134e+01
-3.879361948771881430e+01
1.982399997915766221e+01
8.524035652205436975e+01
1.541523246657835102e+02
2.230302130636925426e+02
2.885823037135857589e+02
3.481113276085627604e+02
3.997147475562840668e+02
4.423323006623210176e+02
4.756830460944820516e+02
5.001486003394360296e+02
5.166455291951299387e+02
5.264972046717313106e+02
5.312878365195557535e+02
5.326797471301382529e+02
5.321998251810207421e+02
5.310337390395752664e+02
5.298813798452775927e+02
5.289119578208279790e+02
5.278245579700861754e+02
5.259899229648414121e+02
5.226310343916035208e+02
5.169968211319428519e+02
5.084962943467839978e+02
4.967810926512486276e+02
4.817791616831211741e+02
4.636886065806174315e+02
4.429461853583930520e+02
4.201886004623446524e+02
3.962154998205202219e+02
3.719430146394929579e+02
3.483288007661577694e+02
3.262673550008721008e+02
3.064810516926814330e+02
2.894431475804680076e+02
2.753568619803744468e+02
2.641897697427720004e+02
2.557405073016460619e+02
2.497032703646664231e+02
2.456953431267281758e+02
2.432308778509912202e+02
2.416661600025845758e+02
2.401821502634403203e+02
2.378641091611746958e+02
2.338791748889647693e+02
2.276868342045891893e+02
2.191891904402837099e+02
2.087472987231819843e+02
1.970446764601487075e+02
1.848461197324859882e+02
1.727458089022809133e+02
1.609989673677263511e+02
1.494892393794547445e+02
1.378265394461956816e+02
1.255281245052399015e+02
1.122206273847262992e+02
9.780176773388943445e+01
8.250795399348743331e+01
6.685741231076319480e+01
5.148556549866600562e+01
3.693968813833879494e+01
2.351928299732702499e+01
1.122381591448271365e+01
-1.838578923564000434e-01
-1.104054973174626753e+01
-2.163491721201600626e+01
-3.210070989471910252e+01
-4.238224366374510055e+01
-5.228319535805832174e+01
-6.158386459794829193e+01
-7.018160781023902928e+01
-7.819122395341588572e+01
-8.595363436389243361e+01
-9.394349126551233553e+01
-1.026164087857351035e+02
-1.122605446792365171e+02
-1.229039236302405982e+02
-1.342993526985082724e+02
-1.459836135811981706e+02
-1.573800729280904136e+02
-1.678785463305900123e+02
-1.768169879301736103e+02
-1.833462459385740715e+02
-1.862583461027503802e+02
-1.839193600236876875e+02
-1.744162700695167985e+02
-1.559198239265234349e+02
-1.271646880265102197e+02
-8.789104137317934828e+01
-3.909364762365771639e+01
1.701197498849222711e+01
7.729199526958410615e+01
1.381610966907587965e+02
1.960835843508322114e+02
2.480092470758470427e+02
2.916867580399668327e+02
3.258272750069147605e+02
3.501158533297400481e+02
3.650949015082638880e+02
3.719628724799624706e+02
3.723334181625947394e+02
3.679894190118664028e+02
3.606534407743720863e+02
3.517888306973952695e+02
3.424472106220256364e+02
3.331857139042707558e+02
3.240777830862792825e+02
3.148198565766175534e+02
3.048972136505466324e+02
2.937456842032336226e+02
2.808596778481693832e+02
2.658425261285489682e+02
2.484329084294225254e+02
2.285403287867267750e+02
2.062910265675245682e+02
1.820594592718536830e+02
1.564634346513875869e+02
1.303203908643394584e+02
1.045722682246340298e+02
8.018450181483765959e+01
5.802786527380285975e+01
3.876289792135658274e+01
2.275048581403098780e+01
1.000502087942066964e+01
2.003950820341700023e-01
-7.263066153959751858e+00
-1.313131217203608614e+01
-1.813005752035885010e+01
-2.280647965858539550e+01
-2.744329304789371449e+01
-3.209317384329918355e+01
-3.672352313602149820e+01
-4.139458994595990049e+01
-4.637016524778081816e+01
-5.209748391387381616e+01
-5.906325618169807257e+01
-6.759553545634810234e+01
-7.770909383451147789e+01
-8.907139139295898644e+01
-1.011035151103613714e+02
-1.131605297381412356e+02
-1.247023692956690297e+02
-1.353869890307447861e+02
-1.450704710723740050e+02
-1.537453338833387591e+02
-1.614632405775742541e+02
-1.682746677466607252e+02
-1.741983510091940559e+02
-1.792239827041265698e+02
-1.833462459385740715e+02
-1.866140392600232190e+02
-1.891631091757604111e+02
-1.912026785978756891e+02
-1.929510233369249192e+02
-1.945474495995719906e+02
-1.959912676857796612e+02
-1.971556548978224157e+02
-1.978871316371132139e+02
-1.981456010878558800e+02
-1.981036391355587796e+02
-1.981354072237889454e+02
-1.986804054955403558e+02
-2.000366430342300532e+02
-2.021861105302529609e+02
-2.047515530446385981e+02
