-2.346320124744740809e+01
-2.931402365754037476e+01
-3.378552250305777704e+01
-3.579193561176818861e+01
-3.469636430930256665e+01
-3.037777967582363914e+01
-2.315528281398698596e+01
-1.360442629104666246e+01
-2.344489842380745870e+00
1.012039167226397396e+01
2.345997997563484461e+01
3.747849479737550382e+01
5.201130808971390707e+01
6.680562023899544499e+01
8.143658069175612013e+01
9.530207072484117248e+01
1.077103481476574558e+02
1.180321807283351063e+02
1.258578613621042024e+02
1.310966368843914154e+02
1.339783738025393234e+02
1.349552687227821934e+02
1.345453668301100834e+02
1.331891988558841717e+02
1.311821417866088098e+02
1.286980880965036818e+02
1.258663386628319927e+02
1.228399729060350296e+02
1.198104625942312680e+02
1.169615808949102131e+02
1.143907454990409462e+02
1.120418161411561471e+02
1.096854923668558257e+02
1.069590774973814717e+02
1.034521427877402573e+02
9.881214047962490099e+01
9.284470453698810388e+01
8.558569644102078655e+01
7.732088546281869412e+01
6.853624398758333314e+01
5.980611624923071901e+01
5.165513383420705651e+01
4.444247368743852888e+01
3.830733952099708972e+01
3.318839203788429870e+01
2.889852954416617337e+01
2.521557439561696157e+01
2.195183546473943537e+01
1.898762539123330839e+01
1.627660148265243834e+01
1.383830511840938726e+01
1.174549743540380220e+01
1.010290521492021298e+01
9.012220614914076222e+00
8.527109765526253327e+00
8.611357735295136706e+00
9.115089935247265629e+00
9.781243802281412769e+00
1.029021340309811094e+01
1.033905862103379647e+01
9.731275037273039885e+00
8.439133304123426882e+00
6.610118675074533101e+00
4.516804473407814768e+00
2.472477255092911719e+00
7.408969095307327279e-01
-5.339072000476576818e-01
-1.355554080238501768e+00
-1.849551541372498775e+00
-2.195299200113019822e+00
-2.551141873488539602e+00
-3.011424822384757505e+00
-3.608062320461584704e+00
-4.332524698180410638e+00
-5.144170601482237259e+00
-5.960038358871397435e+00
-6.657615851966880882e+00
-7.121365879844859137e+00
-7.320772056970419328e+00
-7.365784771403411924e+00
-7.488892842466839284e+00
-7.949807859464236515e+00
-8.909723046029029092e+00
-1.034221410640829930e+01
-1.202872837617581325e+01
-1.364189096482014207e+01
-1.487487487477022796e+01
-1.555582266817505399e+01
-1.570156197333421488e+01
-1.549942877954403997e+01
-1.523827284747089550e+01
-1.522559906174492994e+01
-1.572090109846548245e+01
-1.689419493953754170e+01
-1.880419867802505252e+01
-2.138986754542145974e+01
-2.447211955535441774e+01
-2.776512544545322925e+01
-3.090256441928047337e+01
-3.348957602936287259e+01
-3.518414943213483781e+01
-3.579193561176818861e+01
-3.534130912737004593e+01
-3.410427385029242231e+01
-3.254291575040878826e+01
-3.118377739844166996e+01
-3.045428945942057197e+01
-3.053989712792921551e+01
-3.131806390764069903e+01
-3.239501745858348869e+01
-3.323183693519920467e+01
-3.331643128476368787e+01
-3.232552806733084338e+01
-3.022616643018216820e+01
-2.728521333226441214e+01
-2.398440259150155640e+01
-2.087034328829366103e+01
-1.839109075982032238e+01
-1.677572676202807145e+01
-1.600116105899561347e+01
-1.585835615826743350e+01
-1.608233886803087387e+01
-1.647538223322096940e+01
-1.696266738240127836e+01
-1.756882905163125486e+01
-1.835103839765274358e+01
-1.933591295524289677e+01
-2.048440870064818853e+01
-2.167891858669531047e+01
-2.271818978919057486e+01
-2.331962304576619971e+01
-2.314022815850350412e+01
-2.181941305049728896e+01
-1.903001053518243424e+01
-1.451939749434369986e+01
-8.132721575230775102e+00
1.797460011290539228e-01
1.036672162940543984e+01
2.228362419711825027e+01
3.568897913248973452e+01
5.021915300964423778e+01
6.535495738233416319e+01
8.041810642023651212e+01
9.463542503415575879e+01
1.072779440334957712e+02
1.178347803826949018e+02
1.261462169705980898e+02
1.324262787293784527e+02
1.371551592897043292e+02
1.408835322828473693e+02
1.440287451829741485e+02
1.467445689319825419e+02
1.489131447506989332e+02
1.502516145634987765e+02
1.504754438558223910e+02
1.494438272852050318e+02
1.472312759297113587e+02
1.441063670945289914e+02
1.404378201536754318e+02
1.365740775290879583e+02
1.327427378433337424e+02
1.289964718126613263e+02
1.252123944737431032e+02
1.211415686844736115e+02
1.164971437663323286e+02
1.110573464014903777e+02
1.047499624857399283e+02
9.768960500119956691e+01
9.015749449761426604e+01
8.253263202378855112e+01
7.519546654629621685e+01
6.843387269194262501e+01
6.238480077807152213e+01
5.703337495432174364e+01
5.226473548465251895e+01
4.793852120282200957e+01
4.394774757084407923e+01
4.023689304995194504e+01
3.677983790686717214e+01
3.354269426718977343e+01
3.046663678853672863e+01
2.749379250239480044e+01
2.462705339353121659e+01
2.198101681894590698e+01
1.977511191408187941e+01
1.825355356347472124e+01
1.756702565721287712e+01
1.767858995306469794e+01
1.834284865738331405e+01
1.916851169682352563e+01
1.973801020291309527e+01
1.973810647546765296e+01
1.905295431649123117e+01
1.778334924927514393e+01
1.618177735515697435e+01
1.452847424565339196e+01
1.300419166134940063e+01
1.161918702230365241e+01
1.022931377074335479e+01
8.626518788021655837e+00
6.656775012883078269e+00
4.310129355968388865e+00
1.746960478118561255e+00
-7.437299539230401990e-01
-2.834383617157607560e+00
-4.267884976243260908e+00
-4.951590111786723369e+00
-5.000592411476294075e+00
-4.707441823355415167e+00
-4.448576496131250835e+00
-4.568864292091969759e+00
-5.288272516625454500e+00
-6.654069346947901309e+00
-8.544748271357425651e+00
-1.072357540029906886e+01
-1.292485370376641285e+01
-1.493790037045287633e+01
-1.665557455501337358e+01
-1.807825352852565715e+01
-1.928534838820639052e+01
-2.039085594755351494e+01
-2.149741642717209089e+01
-2.266303648137415294e+01
-2.389075530800748126e+01
-2.514166287085163631e+01
-2.636314098721427257e+01
-2.752158625044857487e+01
-2.862762645898608582e+01
-2.973916954974402671e+01
-3.093126767313888692e+01
-3.223963940735380618e+01
-3.360747098468644367e+01
-3.487011905966464553e+01
-3.579193561176818861e+01
-3.614279949833092331e+01
-3.578710025297327491e+01
-3.475174146913343520e+01
-3.323927521777296334e+01
-3.156995906280756614e+01
-3.007430637583789235e+01
-2.898842270051669345e+01
-2.840017915963592188e+01
-2.826010390033653508e+01
-2.843617671028103544e+01
-2.877879469848892313e+01
-2.917070368830165350e+01
-2.955155430492124324e+01
-2.991744507115805973e+01
-3.030407787355869687e+01
-3.076733241484427950e+01
-3.136826693412072942e+01
-3.215355115714838519e+01
-3.311856262057351330e+01
-3.416023001743667464e+01
-3.504952018281835535e+01
-3.544979369467702668e+01
-3.497879857853729391e+01
-3.329173211476209104e+01
-3.016912608009332786e+01
-2.560260663824740135e+01
-1.985666524271365319e+01
-1.346397795412307730e+01
