4.185485389204439599e+01
5.653012329182630680e+01
6.830405984203137848e+01
7.499878181388774578e+01
7.565842926190838114e+01
7.059486941336800214e+01
6.111398642546803472e+01
4.909966485161307759e+01
3.659095199622311156e+01
2.541494737160374129e+01
1.690295110381842392e+01
1.171999401690268172e+01
9.838821170899146651e+00
1.066113147954136053e+01
1.323848653882074977e+01
1.650879048949686023e+01
1.947481432579281702e+01
2.130367940454866726e+01
2.137983948056209726e+01
1.935856584232877964e+01
1.523278048639565441e+01
9.372730140208815897e+00
2.474388683160569258e+00
-4.612349418541739965e+00
-1.113079664609346686e+01
-1.663992925758653385e+01
-2.112006243081498980e+01
-2.493140746431226162e+01
-2.866308259227034227e+01
-3.294493855703778706e+01
-3.828746583017647964e+01
-4.497819242452411714e+01
-5.302425447136229764e+01
-6.212611959742091017e+01
-7.169971781597821803e+01
-8.098153913129375780e+01
-8.921204775764665840e+01
-9.583362545316347791e+01
-1.006261285223469599e+02
-1.037439667344666248e+02
-1.056675685864897787e+02
-1.070998766481492055e+02
-1.088257637635525867e+02
-1.115423665164695848e+02
-1.156875786641597017e+02
-1.213249426386690004e+02
-1.281428401678078615e+02
-1.355793268991515959e+02
-1.430210882356975333e+02
-1.499867033165115515e+02
-1.562140067710409994e+02
-1.616286339586378347e+02
-1.662453284587651581e+02
-1.700916617057290807e+02
-1.732110866815481529e+02
-1.757237962579131363e+02
-1.778688175237410007e+02
-1.799676028363342937e+02
-1.823172276713873146e+02
-1.850740264945970068e+02
-1.881880783439011680e+02
-1.914164185501441580e+02
-1.944124666804989658e+02
-1.968657773414714711e+02
-1.986415203623033960e+02
-1.998515192767432040e+02
-2.008026571279577297e+02
-2.018269042479253699e+02
-2.030707720341117692e+02
-2.043501850457221281e+02
-2.051300064772293865e+02
-2.046033000066058491e+02
-2.017924693899071542e+02
-1.956129631592840781e+02
-1.849082212991257279e+02
-1.685145752923556870e+02
-1.454026494022429290e+02
-1.148863873885400722e+02
-7.683548876316547194e+01
-3.180060453345923577e+01
1.901651287392620304e+01
7.394234806199119703e+01
1.310769307394771204e+02
1.885016084759200794e+02
2.443954711186030408e+02
2.970797776539893675e+02
3.450529266793816987e+02
3.870658169680367564e+02
4.222316493131710331e+02
4.501159537723331141e+02
4.707587929632924215e+02
4.846306899314404291e+02
4.925607254058265880e+02
4.956631316172220068e+02
4.952448429749406387e+02
4.926516499535549656e+02
4.890408960665220093e+02
4.851363629772673676e+02
4.810690163114342113e+02
4.763928537040694664e+02
4.702928843575786004e+02
4.619172646428716007e+02
4.507152937068902929e+02
4.366586918592875008e+02
4.202537768544514165e+02
4.023207301386343033e+02
3.836237369177075607e+02
3.645347848592703031e+02
3.449266230658952281e+02
3.243772066340517881e+02
3.025778313014857304e+02
2.796976042196833987e+02
2.564827390434088557e+02
2.340474331391929184e+02
2.135001841822345341e+02
1.956096401526008606e+02
1.806405687359030594e+02
1.683792617938474052e+02
1.583031217069237186e+02
1.498331245345553100e+02
1.425943543046889772e+02
1.365880201631649697e+02
1.321873905906128357e+02
1.299381390317014962e+02
1.302469763757138139e+02
1.331170099288535482e+02
1.380720634671458527e+02
1.443028452576440088e+02
1.509380146393835389e+02
1.572806007341287682e+02
1.628912876627273647e+02
1.675138744882019068e+02
1.709443517484031929e+02
1.729633547297310088e+02
1.733739593161704988e+02
1.720920630576657118e+02
1.692101764479521364e+02
1.649982082850223719e+02
1.598488425903847485e+02
1.541822756766255225e+02
1.483256472385257325e+02
1.424054791364616221e+02
1.363090053271327236e+02
1.297423327538904232e+02
1.223525627894553907e+02
1.138413106324856585e+02
1.040149608421090335e+02
9.277779482152803325e+01
8.012222726565141784e+01
6.615836102935426766e+01
5.116621430861660258e+01
3.561115395711674125e+01
2.007940608002289196e+01
5.145821687995862703e+00
-8.774976587385083349e+00
-2.154464794328154653e+01
-3.335045181292849747e+01
-4.466187264190440942e+01
-5.608764367352696922e+01
-6.816765865660073587e+01
-8.117260427725207705e+01
-9.499311649101008470e+01
-1.091730678875742910e+02
-1.230809225387928052e+02
-1.361400955491097591e+02
-1.480013715378156860e+02
-1.585764597544267360e+02
-1.679434640290304230e+02
-1.762118006669029739e+02
-1.834382348129223317e+02
-1.896257878674419146e+02
-1.947723912016474230e+02
-1.989162069521087517e+02
-2.021492403125734825e+02
-2.046033000066058491e+02
-2.064232646304919570e+02
-2.077357158958638195e+02
-2.086190773193766006e+02
-2.090794545615410414e+02
-2.090534479270159238e+02
-2.084615630771548638e+02
-2.073097418623818555e+02
-2.057938223788068228e+02
-2.043406507527227802e+02
-2.035411688188144979e+02
-2.039773875077090395e+02
-2.059890169251665100e+02
-2.094510788812239923e+02
-2.136352509296672508e+02
-2.172062049298973818e+02
-2.183663450556441319e+02
-2.151186693674687831e+02
-2.055853747525565325e+02
-1.883145997014250383e+02
-1.625238344754740751e+02
-1.282454213863631765e+02
-8.634859313603030273e+01
-3.842330656656935162e+01
1.346339550355022574e+01
6.708305902158087974e+01
1.203330284771798517e+02
1.713964315442857469e+02
2.187509757345529522e+02
2.611000012068243450e+02
2.973342079241731994e+02
3.265836662245542357e+02
3.483418090802400116e+02
3.625932535844438576e+02
3.698722138563942963e+02
3.712071072046758786e+02
3.679485782971009940e+02
3.615161871972875929e+02
3.531312808571303776e+02
3.436215156777186621e+02
3.333608722643099327e+02
3.223463971538766373e+02
3.103535884293414711e+02
2.970974359796712179e+02
2.823483658940923533e+02
2.659795911210183021e+02
2.479432004810614671e+02
2.281974842265618975e+02
2.066369150159575838e+02
1.830845210401546979e+02
1.573762627307866921e+02
1.295143083481565895e+02
9.982495487468733586e+01
6.904987184691623270e+01
3.832267363630464274e+01
9.012825211712424789e+00
-1.755341502290914946e+01
-4.043913224130142225e+01
-5.939232215188251018e+01
-7.495257152277814328e+01
-8.829302336335813095e+01
-1.008376311321184176e+02
-1.137962675130847003e+02
-1.277968432461618136e+02
-1.427445338633079359e+02
-1.579300526474972344e+02
-1.723057564182248598e+02
-1.848037474962218880e+02
-1.945900732870070442e+02
-2.012056302368752085e+02
-2.046033000066058491e+02
-2.051216027227335985e+02
-2.034237112976500157e+02
-2.003982943904192382e+02
-1.970073212448033928e+02
-1.940938726656881954e+02
-1.922063868759911429e+02
-1.915141700803612252e+02
-1.918587153799832095e+02
-1.929194999448876615e+02
-1.944184141396036409e+02
-1.962830086677275006e+02
-1.987200718564298256e+02
-2.021721154242445664e+02
-2.071410049488585230e+02
-2.139118810254309437e+02
-2.222951511724097884e+02
-2.315450785904529312e+02
