6.647833453303046980e+00
1.087852165997835812e+02
1.946150561784221509e+02
2.524036627399581505e+02
2.777954323787534463e+02
2.739050569989943824e+02
2.491558896041487117e+02
2.140475787999848762e+02
1.781069816199909042e+02
1.478750955669114830e+02
1.262224142674266005e+02
1.128080980987595012e+02
1.052269575401642641e+02
1.003332299288665439e+02
9.533591487561989197e+01
8.844838944234959399e+01
7.906588139747393029e+01
6.757814783230682565e+01
5.498098369911818395e+01
4.244538294724880245e+01
3.096427529745245621e+01
2.114279518280118708e+01
1.314400486291828152e+01
6.762146499189134907e+00
1.573547095119565142e+00
-2.895035868352888286e+00
-7.038721993747689254e+00
-1.112025305620320026e+01
-1.527671890880210270e+01
-1.954178897732580822e+01
-2.384899968232284806e+01
-2.802501107650314793e+01
-3.181017796185912516e+01
-3.492870976828574925e+01
-3.719015616498599996e+01
-3.857579564755253188e+01
-3.926677646035569325e+01
-3.959723417483205310e+01
-3.994734954519371684e+01
-4.061656972689780787e+01
-4.172900734471219408e+01
-4.321375587193746526e+01
-4.486944341320482010e+01
-4.647825358048432065e+01
-4.790695462053636788e+01
-4.914015122066983565e+01
-5.022932090953622719e+01
-5.118641255700235604e+01
-5.187704876569132750e+01
-5.196507816181599537e+01
-5.093511320146259891e+01
-4.818851639959896715e+01
-4.318476841709096448e+01
-3.558932587438840045e+01
-2.538682185231914445e+01
-1.292277628973402415e+01
1.144702056263493972e+00
1.596712550391990604e+01
3.065350430304495433e+01
4.439266194235402452e+01
5.652882971549135505e+01
6.660437576764235246e+01
7.439076847692979300e+01
7.990668211862985970e+01
8.340168363434335674e+01
8.529209356937244024e+01
8.606395928723578947e+01
8.617644717437696045e+01
8.599267907015905621e+01
8.574619106325349094e+01
8.553726950933926787e+01
8.534987375610137406e+01
8.508301895622720679e+01
8.459454054363735054e+01
8.375453958842524571e+01
8.249762745041589085e+01
8.085096933793994367e+01
7.891251967617611740e+01
7.677634186391145477e+01
7.444378224084314866e+01
7.178469486153258572e+01
6.859026404129329535e+01
6.470059073225743873e+01
6.014044184974938645e+01
5.518737619051573517e+01
5.032941766750367663e+01
4.612505345774007992e+01
4.302638172971590791e+01
4.124126144929488902e+01
4.068849346607302664e+01
4.105680890804710259e+01
4.193435128095801190e+01
4.294890995823077873e+01
4.386208595370794683e+01
4.459012520816995107e+01
4.516237844130164092e+01
4.565388771823985792e+01
4.613089160462816096e+01
4.663056659692275474e+01
4.717044519446371709e+01
4.776271661152857462e+01
4.840734424365479782e+01
4.905869140561114250e+01
4.958656977720360715e+01
4.976093365330729057e+01
4.927693884970980776e+01
4.782036851267152144e+01
4.516006679380496536e+01
4.123844857049204649e+01
3.621968241032858060e+01
3.046742229415712444e+01
2.446027506622736070e+01
1.868327903691958625e+01
1.353343108716336296e+01
9.257741462310629998e+00
5.927203772769470191e+00
3.445396126376987667e+00
1.588873694097074463e+00
7.289861167961930732e-02
-1.371187767538135205e+00
-2.929033080709697145e+00
-4.669591065669681740e+00
-6.553994081943248062e+00
-8.475705753321335578e+00
-1.030942419678744670e+01
-1.195182168263946920e+01
-1.334883907516547197e+01
-1.450692040570688590e+01
-1.548109745085822908e+01
-1.633669294764131052e+01
-1.709928458423192410e+01
-1.772421378423713634e+01
-1.811182137355082489e+01
-1.816647146030963711e+01
-1.786844393866675773e+01
-1.732079539393165390e+01
-1.674916186140263363e+01
-1.645374970901239919e+01
-1.672637406615042721e+01
-1.775409445699711597e+01
-1.954070559002597918e+01
-2.188214459077763507e+01
-2.441827422958641591e+01
-2.674898632500841700e+01
-2.856737619796616912e+01
-2.975543452717034398e+01
-3.041346573023342614e+01
-3.082725414211500237e+01
-3.139073208101008561e+01
-3.249919915953933014e+01
-3.443020438793831062e+01
-3.724326045758059678e+01
-4.073746521848740798e+01
-4.448883702105258209e+01
-4.795312205113798143e+01
-5.059049771635157811e+01
-5.196507816181599537e+01
-5.179206020523322707e+01
-4.993088215336921820e+01
-4.634123711191480766e+01
-4.102835012071206933e+01
-3.401013762345503721e+01
-2.533022737799075941e+01
-1.511616242823078693e+01
-3.655048862593424985e+00
8.555868349478011226e+00
2.082246771355896442e+01
3.234694770040869116e+01
4.238130961801860508e+01
5.038806682769919831e+01
5.614485600314205271e+01
5.975380931953414176e+01
6.156123499075766148e+01
6.202747230627533526e+01
6.159492474299761255e+01
6.059525788424111425e+01
5.922552545903491961e+01
5.759859508031361486e+01
5.583059951514291441e+01
5.409545533781099635e+01
5.259350436965680586e+01
5.144600158401729573e+01
5.058710986485306194e+01
4.973084650462785561e+01
4.844213157274327131e+01
4.627879464805145915e+01
4.293655068044271417e+01
3.833692031441358239e+01
3.263418367750921334e+01
2.615554912941708920e+01
1.931178541551829397e+01
1.251687882081504100e+01
6.136030323242540163e+00
4.574127900952760228e-01
-4.324562969869582219e+00
-8.117713593290581287e+00
-1.092839078845207368e+01
-1.284497706060616906e+01
-1.401237424521591635e+01
-1.460262298261902636e+01
-1.479065005452741133e+01
-1.474691389393812635e+01
-1.464930178947669859e+01
-1.469915870406773095e+01
-1.511895319071491706e+01
-1.612058802620579456e+01
-1.785443436375980042e+01
-2.036346404725297532e+01
-2.356455221053798610e+01
-2.726324815523786427e+01
-3.119150731413963840e+01
-3.505233426259994900e+01
-3.856420648248317917e+01
-4.150977964008977494e+01
-4.378909860449246594e+01
-4.545648876037682129e+01
-4.670743923567461309e+01
-4.779928447007586101e+01
-4.892960149795114688e+01
-5.013022423885533385e+01
-5.123765297965660181e+01
-5.196507816181599537e+01
-5.204381270881060573e+01
-5.136024900720735076e+01
-5.001955229200794406e+01
-4.831141887213405539e+01
-4.659971650652863673e+01
-4.518301704872550317e+01
-4.417992487128566381e+01
-4.348644075734800651e+01
-4.282602192135359331e+01
-4.186942251836680384e+01
-4.036671792788159507e+01
-3.823448548145086079e+01
-3.557396199645262413e+01
-3.263150388874558416e+01
-2.972575914660986740e+01
-2.716004750438206372e+01
-2.513581055391150443e+01
-2.369218539587673433e+01
-2.269935290411483919e+01
-2.191267235319500273e+01
-2.106563968966124634e+01
-1.996848315344397307e+01
-1.858432304175352101e+01
-1.705757388894897275e+01
-1.567091768646133332e+01
-1.472522854838243944e+01
-1.437273707681232437e+01
-1.446819735211814972e+01
-1.451579564740676886e+01
-1.376978979526379021e+01
-1.149370243449816087e+01
-7.312799790233356134e+00
-1.537544336512112864e+00
4.682048953415872461e+00
9.477805643649311662e+00
1.068756815762400691e+01
6.503492272673824459e+00
-3.840222220476505299e+00
-1.959900457873557400e+01
-3.851609667342241750e+01
