-1.021409117597599447e+01
-1.656550660408912989e+01
-2.190907903163194348e+01
-2.552751748827795453e+01
-2.717432344643519571e+01
-2.707685279624048036e+01
-2.578852843708461862e+01
-2.397260214847560533e+01
-2.220740149036396360e+01
-2.086834728662441663e+01
-2.009844823128329949e+01
-1.985052787909645033e+01
-1.997061942631837539e+01
-2.028538168868088221e+01
-2.066029471257925110e+01
-2.101361560222763103e+01
-2.129472366628358770e+01
-2.145162978361484818e+01
-2.141586480547130833e+01
-2.112290373704573554e+01
-2.056293835363542399e+01
-1.982977366203741809e+01
-1.912645686538370526e+01
-1.870880027286721869e+01
-1.878764556024982824e+01
-1.943598967156371771e+01
-2.054223533622410258e+01
-2.182771954126380010e+01
-2.292468063618244756e+01
-2.349506532822273286e+01
-2.335490844925568865e+01
-2.255559067376537286e+01
-2.137827828581478684e+01
-2.023176037823704121e+01
-1.949199024444010675e+01
-1.935222290225032538e+01
-1.974517788528723372e+01
-2.036134571359153256e+01
-2.074654346832206997e+01
-2.043613599955678595e+01
-1.907645999589451691e+01
-1.649452832136798008e+01
-1.270241102925885990e+01
-7.852413969785310144e+00
-2.177865217187687108e+00
4.047305902331315153e+00
1.051666707094278230e+01
1.687981181633209360e+01
2.274162885694988745e+01
2.769946035461874345e+01
3.142159419981150492e+01
3.374077814387131014e+01
3.471904854725435996e+01
3.464482394955011557e+01
3.394866790543667889e+01
3.306153451872387450e+01
3.227249762815849721e+01
3.165126554325869890e+01
3.107210967769016463e+01
3.032234652952074327e+01
2.923440759625004759e+01
2.777461482739622767e+01
2.605295108717905705e+01
2.426196624129757495e+01
2.258420920555608902e+01
2.111308526540726049e+01
1.981536879901436166e+01
1.854150213912382839e+01
1.707559226620365322e+01
1.520950794252883398e+01
1.281988292879333002e+01
9.925366600582432142e+00
6.705976357783779207e+00
3.473857181595857213e+00
5.961842088260134176e-01
-1.609624257515493984e+00
-2.968867437379819840e+00
-3.490621089262655463e+00
-3.341648757420803584e+00
-2.772886443702371473e+00
-2.041060502942724675e+00
-1.365346404780678480e+00
-9.315747129986955422e-01
-9.200557219396792163e-01
-1.513477551935454191e+00
-2.856635010940850261e+00
-4.980587314981301361e+00
-7.738324769114816704e+00
-1.080096417701394174e+01
-1.373176473699711231e+01
-1.611110705738353133e+01
-1.765750960152924876e+01
-1.829436451523242724e+01
-1.814347342026015042e+01
-1.746253942586569963e+01
-1.656204267164201838e+01
-1.573078760185773639e+01
-1.518272986798951507e+01
-1.502807899465388708e+01
-1.527047244118851843e+01
-1.582876208702254317e+01
-1.657372998344559534e+01
-1.736482324672079258e+01
-1.807605673201378949e+01
-1.861048854707273392e+01
-1.890929982870865089e+01
-1.895828184050321852e+01
-1.878806636862342927e+01
-1.846576877747942547e+01
-1.808305208262284225e+01
-1.774696228899906814e+01
-1.757205464004756834e+01
-1.766562037775648619e+01
-1.810095403448495688e+01
-1.888370136689797363e+01
-1.992511309880296722e+01
-2.103815461680121857e+01
-2.196653534287936438e+01
-2.244448506298641632e+01
-2.227183953988548382e+01
-2.138172921822139116e+01
-1.987965158748533412e+01
-1.803957723376488786e+01
-1.625168107037477228e+01
-1.492834678784037017e+01
-1.439097946402426587e+01
-1.477400181732308582e+01
-1.598346105993837618e+01
-1.773005871883538376e+01
-1.962699546576352461e+01
-2.131707453715098310e+01
-2.258245547012323584e+01
-2.339679734648225917e+01
-2.390110051641744704e+01
-2.431555800475079110e+01
-2.482723152948480916e+01
-2.550201384170030039e+01
-2.625499098372681672e+01
-2.688740283503415895e+01
-2.717432344643519571e+01
-2.696810351144203466e+01
-2.626974728778102275e+01
-2.522565579094973387e+01
-2.404159005464639520e+01
-2.285468795063222913e+01
-2.163187101283971003e+01
-2.014775296319413656e+01
-1.805210914035379943e+01
-1.499650597240381877e+01
-1.076904555171782540e+01
-5.386551326714006827e+00
8.893361425964764200e-01
7.617435830873760416e+00
1.429776351651531208e+01
2.049917512555554922e+01
2.594307534124564185e+01
3.051468827564776731e+01
3.421124737584005970e+01
3.706834410374973032e+01
3.910991711330277099e+01
4.034355689010465085e+01
4.079363580219018104e+01
4.054780317964434033e+01
3.978650738528880026e+01
3.877031251792259781e+01
3.778215411244896416e+01
3.705152752294171847e+01
3.669855250389177570e+01
3.671778371309544298e+01
3.699462922383673913e+01
3.733581331257009595e+01
3.750310416141158498e+01
3.725233291810552316e+01
3.638287202069911075e+01
3.479338571995414497e+01
3.252683276427023884e+01
2.978275205674215442e+01
2.688258359627281635e+01
2.419032946101647141e+01
2.200846328273457786e+01
2.048203676529994866e+01
1.954890614600925858e+01
1.896537626303958746e+01
1.840919311529007274e+01
1.762202322171122404e+01
1.652491987269868545e+01
1.524858813329490381e+01
1.406579126500217036e+01
1.326423135785742957e+01
1.302091236931266849e+01
1.332825255378230622e+01
1.399527739118035186e+01
1.471854144403011766e+01
1.519235401364529991e+01
1.521283876215828101e+01
1.473443421926157093e+01
1.386102417656869612e+01
1.278264048109204154e+01
1.168598929538048559e+01
1.067094393350497050e+01
9.704250268414579494e+00
8.635523638296607629e+00
7.278824766399633717e+00
5.527753382441100705e+00
3.446173238857067389e+00
1.283572812164420096e+00
-5.974593662774543290e-01
-1.848965016430204500e+00
-2.262542340369608773e+00
-1.840113539190654457e+00
-7.918387387250218623e-01
5.223612812533495742e-01
1.678556154040097503e+00
2.282841339995536512e+00
2.064940281817905454e+00
9.578386106023377700e-01
-8.626309679069992242e-01
-3.006953417968911246e+00
-4.979186803298773611e+00
-6.334008079412969394e+00
-6.822011987206353822e+00
-6.459494351522582889e+00
-5.493545893870258823e+00
-4.284323937280793970e+00
-3.164454083016602581e+00
-2.340497461070586205e+00
-1.871530488079280907e+00
-1.714081344251622951e+00
-1.791603919429199721e+00
-2.048568479706589507e+00
-2.473072242289125811e+00
-3.092609985705768949e+00
-3.953504941838120956e+00
-5.091077051643646101e+00
-6.495579809553026607e+00
-8.085110742434846287e+00
-9.705860788884065116e+00
-1.117487250952536471e+01
-1.235446920726407782e+01
-1.322154068625998136e+01
-1.389357776942435407e+01
-1.459555682816444389e+01
-1.557834307540421293e+01
-1.701784668353604246e+01
-1.893313590921757594e+01
-2.115903431608222363e+01
-2.339031371755505262e+01
-2.528399621794154584e+01
-2.657798046628233379e+01
-2.717432344643519571e+01
-2.715076823247990490e+01
-2.669733129497953428e+01
-2.600860012153789569e+01
-2.517992611559032312e+01
-2.414968687059825925e+01
-2.270555762850969828e+01
-2.054601295793928983e+01
-1.737415226128548440e+01
-1.299932408870358103e+01
-7.421524835777450591e+00
-8.718043027120154775e-01
6.210476204946164813e+00
