-1.617471450364571695e+01
-3.457490603975915633e+01
-5.041843822141400722e+01
-6.191570004599325472e+01
-6.849266489995575569e+01
-7.075929642832034006e+01
-7.009699586085514511e+01
-6.809186483610498897e+01
-6.604248610071576309e+01
-6.468546252067966407e+01
-6.416938804625874582e+01
-6.421752947334420014e+01
-6.437685731938339018e+01
-6.425299023007346477e+01
-6.366073800066501320e+01
-6.266356715070698158e+01
-6.151704421633935738e+01
-6.055637344836041791e+01
-6.007331954720791600e+01
-6.022002652712481563e+01
-6.096311448807923483e+01
-6.209547110162586847e+01
-6.329883704051441384e+01
-6.423801794975977941e+01
-6.465796329921022334e+01
-6.445314893666478895e+01
-6.368906771042907877e+01
-6.257467062692548865e+01
-6.140238988563394429e+01
-6.047911831476476863e+01
-6.006403254069203967e+01
-6.031586135640375801e+01
-6.124818217396098419e+01
-6.270031371726252445e+01
-6.433832306716666949e+01
-6.569233864753171304e+01
-6.622067997319514632e+01
-6.538423650805616205e+01
-6.271745970359294375e+01
-5.788573791943792202e+01
-5.072065605600894855e+01
-4.123074318230153068e+01
-2.959550478261957096e+01
-1.615547923363860150e+01
-1.404537343808999417e+00
1.402301878348146857e+01
2.938752789331238802e+01
4.391392318570694897e+01
5.689236630568231590e+01
6.778751327756452838e+01
7.632569841565343438e+01
8.253177529761224207e+01
8.670011982440875897e+01
8.930519074329664875e+01
9.087832092358075897e+01
9.188931423049089631e+01
9.266827585347336083e+01
9.338439222804878170e+01
9.407246361217497110e+01
9.468131960898617194e+01
9.511914875815952541e+01
9.528193641677147241e+01
9.506425518855364487e+01
9.436378073105680642e+01
9.309486223918136716e+01
9.121377806068254301e+01
8.873832794056804119e+01
8.574158548519794465e+01
8.231980833843849155e+01
7.855362869563487038e+01
7.448168643464447314e+01
7.009703074982100190e+01
6.537132323630720521e+01
6.030419945287780337e+01
5.497911943996571438e+01
4.959473725963563595e+01
4.444795412647736299e+01
3.986829365740126008e+01
3.612611527146164292e+01
3.334876361420769086e+01
3.147689377016406098e+01
3.027760146507830541e+01
2.940804309052740351e+01
2.850576201431958268e+01
2.727623825770698218e+01
2.555239968815737583e+01
2.331211271183096301e+01
2.065348749053207911e+01
1.773940653638170417e+01
1.473069735296381033e+01
1.172955037322661020e+01
8.748599229048627635e+00
5.711748962331554935e+00
2.487491120287769419e+00
-1.049406791530010707e+00
-4.944129308527854150e+00
-9.107391731404938184e+00
-1.331344832044339199e+01
-1.726146447387240457e+01
-2.067597652145113329e+01
-2.339911266716411831e+01
-2.543315294083410549e+01
-2.692060537116544339e+01
-2.807948934823146203e+01
-2.912734162345738298e+01
-3.022471290731127880e+01
-3.145267869282492512e+01
-3.281937594553444626e+01
-3.428085423200090531e+01
-3.576659768943753193e+01
-3.720838842676123903e+01
-3.856920083317136516e+01
-3.986038441787388109e+01
-4.113467123431362182e+01
-4.245399556536469277e+01
-4.384653048762846339e+01
-4.527616229473148479e+01
-4.664323108354021485e+01
-4.781831297407931913e+01
-4.869182990920812415e+01
-4.921504549609722545e+01
-4.941525029549488579e+01
-4.938211381708705972e+01
-4.923678920865519615e+01
-4.910421719881214386e+01
-4.910356905731013910e+01
-4.935294949340419635e+01
-4.996899607301134694e+01
-5.104562427622613541e+01
-5.261685116412278518e+01
-5.462812595719103115e+01
-5.693965441786690462e+01
-5.936157171005318389e+01
-6.169475426990146616e+01
-6.374811547501508358e+01
-6.532778151426190050e+01
-6.622067997319514632e+01
-6.619571982069187754e+01
-6.502209240115992372e+01
-6.248760875219738864e+01
-5.840868943335416930e+01
-5.264370788900210130e+01
-4.512504187828329094e+01
-3.590519232489200618e+01
-2.518840711996310233e+01
-1.331964919158891547e+01
-7.323103364425449513e-01
1.211488236355767256e+01
2.478285344247810684e+01
3.687551813403732126e+01
4.805659999130335791e+01
5.807133869822045114e+01
6.676831278233615308e+01
7.410610274610161241e+01
8.013478260853598556e+01
8.495960247982655744e+01
8.870828495739226582e+01
9.151905412569682596e+01
9.354641917948484320e+01
9.496521370779441895e+01
9.595492689878818737e+01
9.666316146167851286e+01
9.716586724255826368e+01
9.744841302510847925e+01
9.741896352698478267e+01
9.694340757773684913e+01
9.587869212528919149e+01
9.408979098257714213e+01
9.145601207438410540e+01
8.788491236989146671e+01
8.334448340390524379e+01
7.790341866092653333e+01
7.175448383201108982e+01
6.520093005705490441e+01
5.860664359358739972e+01
5.233041510768126869e+01
4.666912162707681944e+01
4.182465586600196872e+01
3.789681746687227104e+01
3.489577772750683948e+01
3.276152776863210647e+01
3.137622556935295393e+01
3.056529416232162077e+01
3.009963425066077036e+01
2.971670049749018361e+01
2.916427542688908048e+01
2.825079083648902056e+01
2.687819369419545268e+01
2.504273067188775315e+01
2.280776504657035275e+01
2.026771609062433299e+01
1.752306475633514538e+01
1.467348889741608886e+01
1.182041197602800509e+01
9.063537631346743950e+00
6.483288139886274948e+00
4.117194741330699514e+00
1.948991547356591969e+00
-7.779845356921200050e-02
-2.029619886091655889e+00
-3.956436747520128527e+00
-5.883582977617179743e+00
-7.819977680486107197e+00
-9.769102766493379164e+00
-1.173026067518179438e+01
-1.368829146159134602e+01
-1.559935431258483263e+01
-1.738127509549698857e+01
-1.891319605525443137e+01
-2.004819675203370366e+01
-2.064335324966582874e+01
-2.060725243997377376e+01
-1.995337469134437924e+01
-1.883695272026812972e+01
-1.755340931311280173e+01
-1.649065451514078973e+01
-1.604642402321370298e+01
-1.653356716204976706e+01
-1.809747341887498351e+01
-2.066676237991131160e+01
-2.395550907204200541e+01
-2.752757526055263426e+01
-3.091339039907565223e+01
-3.374230788733080999e+01
-3.584024209360458002e+01
-3.725680735370930563e+01
-3.821812364517257521e+01
-3.903011505879602083e+01
-3.997339696074493531e+01
-4.123202873782670252e+01
-4.287890748932336749e+01
-4.490608216776336548e+01
-4.726409999706505971e+01
-4.988091510184669630e+01
-5.265851938720011560e+01
-5.546747379938769740e+01
-5.815946985172527661e+01
-6.059882319611453028e+01
-6.269119109673464862e+01
-6.438066547861380684e+01
-6.560366549062734975e+01
-6.622067997319514632e+01
-6.597196593240734330e+01
-6.449891380844834998e+01
-6.143802405978336623e+01
-5.655316582263227332e+01
-4.985052972727341114e+01
-4.162917558954430319e+01
-3.245114108153213550e+01
-2.304945749718753234e+01
-1.420898485217094276e+01
-6.648485479453165148e+00
-9.168747269248740395e-01
2.691285327915295511e+00
4.192186165715014567e+00
3.924705363501612254e+00
2.499686321352530882e+00
6.761932001780479595e-01
-8.260046652804131639e-01
-1.535876901428851582e+00
-1.386990700472699345e+00
-7.386409661999540077e-01
