-7.011914715146128074e+00
-4.701505348071429324e+01
-8.172826999980840412e+01
-1.073908852592295204e+02
-1.226857784126983404e+02
-1.286920159848519631e+02
-1.280826457251662021e+02
-1.240360022170970922e+02
-1.193120412673431616e+02
-1.157335558293209772e+02
-1.140856066023672781e+02
-1.143132083631043798e+02
-1.158609590449572266e+02
-1.180180134887782231e+02
-1.201721910198621259e+02
-1.219248759784812819e+02
-1.230763466768597709e+02
-1.235464972608743039e+02
-1.233110046524273287e+02
-1.223918393892619036e+02
-1.208805809802605040e+02
-1.189437377985530446e+02
-1.167785909618570486e+02
-1.145380558618491733e+02
-1.122840693521616089e+02
-1.100208493647782575e+02
-1.077988003058255515e+02
-1.058159719263760081e+02
-1.044356300087263918e+02
-1.040924996971891829e+02
-1.051282053320763623e+02
-1.076330462785793571e+02
-1.113674449845248802e+02
-1.157978802404502261e+02
-1.202215290076144782e+02
-1.239070198845710422e+02
-1.261834432859368746e+02
-1.264604571606573558e+02
-1.242130032194800009e+02
-1.189793084665814575e+02
-1.104029667208876475e+02
-9.831750225127434817e+01
-8.283894376685351801e+01
-6.441546713260404999e+01
-4.379792582713768923e+01
-2.193119423228644749e+01
2.015241457579064477e-01
2.173176276850852773e+01
4.200579484876480763e+01
6.060506646165584499e+01
7.730295105703599745e+01
9.200322444776108455e+01
1.046978319359016467e+02
1.154485133567836357e+02
1.243748727272237034e+02
1.316377364901780993e+02
1.374203363340539852e+02
1.419101455997657126e+02
1.452815303746781979e+02
1.476852137043732114e+02
1.492515514440229936e+02
1.501024892405201854e+02
1.503578578550893496e+02
1.501255906780714326e+02
1.494737211678873905e+02
1.483921389911317874e+02
1.467659548034831118e+02
1.443843630555526829e+02
1.409888354866678810e+02
1.363442716728004598e+02
1.303167557549724620e+02
1.229463222848156647e+02
1.144924730902046548e+02
1.054174174444491001e+02
9.628395894796933874e+01
8.758598151333796977e+01
7.957833443529715112e+01
7.219546311821663664e+01
6.511665979839837348e+01
5.795680524612238571e+01
5.048349880847104032e+01
4.274385323440566964e+01
3.504417859885263908e+01
2.781437703045127563e+01
2.143850946922991341e+01
1.612528365090811633e+01
1.185577621402351411e+01
8.407674964644517246e+00
5.429448820014917132e+00
2.534356897389899999e+00
-6.037162022982176524e-01
-4.166784733194729640e+00
-8.146077696898837317e+00
-1.235817296512287022e+01
-1.652823231434221896e+01
-2.041451350296465250e+01
-2.392807347386809624e+01
-2.719371692111872107e+01
-3.051050405117156572e+01
-3.421644996428970842e+01
-3.852349760933297773e+01
-4.341201375251888805e+01
-4.863324612709688921e+01
-5.380265753981451837e+01
-5.853175436824158595e+01
-6.254777488093220938e+01
-6.576307569276198706e+01
-6.827328047728869365e+01
-7.029629122172744360e+01
-7.209802644382395442e+01
-7.394752936014013756e+01
-7.609806075149667492e+01
-7.875029354351590882e+01
-8.196846113905353093e+01
-8.557903038326541889e+01
-8.912512213680743400e+01
-9.193949903995795125e+01
-9.334475307398615485e+01
-9.292220362390499133e+01
-9.073948363168149456e+01
-8.742018240054250100e+01
-8.399650275035598668e+01
-8.158854500383181119e+01
-8.104370397422805183e+01
-8.269138312338417052e+01
-8.630964570266095848e+01
-9.129520641410670123e+01
-9.693107665495585934e+01
-1.026104437855699842e+02
-1.079260005220450580e+02
-1.126340189877470266e+02
-1.165712202099086028e+02
-1.195975355790168493e+02
-1.215926836869816299e+02
-1.224996720677029600e+02
-1.223933314693342709e+02
-1.215396934341431177e+02
-1.204017571839121388e+02
-1.195589976602103803e+02
-1.195471977299074098e+02
-1.206672863518703025e+02
-1.228319765754161068e+02
-1.255128248581921895e+02
-1.278195142926387149e+02
-1.286920159848519631e+02
-1.271383769603331473e+02
-1.224358262508625330e+02
-1.142348428142548897e+02
-1.025491799206596824e+02
-8.766414326339226193e+01
-7.003242829726150376e+01
-5.022442077252557624e+01
-2.895025871305249154e+01
-7.103349824475678531e+00
1.426287958635536768e+01
3.408487443108531778e+01
5.153683970184195573e+01
6.626149202757608236e+01
7.845408966791052308e+01
8.873837512945904393e+01
9.787717434375812786e+01
1.064460786764506111e+02
1.146253860907993385e+02
1.222091965641012905e+02
1.288091680940081005e+02
1.341185902489586397e+02
1.380814575849277048e+02
1.408922657857842182e+02
1.428649169343378844e+02
1.442697790027131077e+02
1.452199366238249922e+02
1.456303854378850531e+02
1.452356977104380178e+02
1.436535225903371042e+02
1.404940070788649109e+02
1.355028842178248851e+02
1.286929018485749907e+02
1.204005753250884396e+02
1.112256783175963193e+02
1.018616477745280946e+02
9.288196861804178184e+01
8.457867879039949344e+01
7.692934509975179935e+01
6.970685092044391240e+01
6.268014234034197329e+01
5.581510809621733671e+01
4.938135832593474106e+01
4.390258571120856601e+01
3.995505943140931038e+01
3.790025944332197838e+01
3.768255953630126243e+01
3.879215022855034078e+01
4.040777451015529920e+01
4.165030143005816399e+01
4.183655083988814027e+01
4.063635772213791597e+01
3.809591910887922950e+01
3.455766576993755734e+01
3.053462438413764346e+01
2.657931074832505658e+01
2.316096529453522379e+01
2.056254575889997582e+01
1.882061744366287925e+01
1.772684531504685879e+01
1.688621500536401498e+01
1.581247970412025339e+01
1.404692796086825268e+01
1.128586421207721280e+01
7.479226751138979168e+00
2.849295204059929532e+00
-2.190489002446632583e+00
-7.177696900706595606e+00
-1.172979336435451181e+01
-1.560405100968824676e+01
-1.868835217920511482e+01
-2.096799184564601504e+01
-2.251336038200258116e+01
-2.349355532092775789e+01
-2.418089390581499742e+01
-2.490908493197807871e+01
-2.598492879267427824e+01
-2.759240115566846541e+01
-2.973370262464109715e+01
-3.222800267976290201e+01
-3.476330700908988547e+01
-3.698524039094735372e+01
-3.860250238936588119e+01
-3.948565996470244244e+01
-3.973704875846074458e+01
-3.971617283456461678e+01
-4.001017271427960509e+01
-4.133960524335267905e+01
-4.439520366600872592e+01
-4.962577191148655231e+01
-5.704061212099590250e+01
-6.611984549471803518e+01
-7.590161437865990024e+01
-8.523859525418590977e+01
-9.313794062047003308e+01
-9.906305235254181696e+01
-1.030873783096080700e+02
-1.058368655563300251e+02
-1.082293917893781128e+02
-1.110993947530991193e+02
-1.148519245487906346e+02
-1.192905701544100339e+02
-1.236951016547732820e+02
-1.271087277001573739e+02
-1.286920159848519631e+02
-1.279778073517925350e+02
-1.249347593130827079e+02
-1.198586689082251979e+02
-1.131802978322166666e+02
-1.052779812844425606e+02
-9.634583875352169002e+01
-8.633477677487772439e+01
-7.496946542262850244e+01
-6.184563420929542588e+01
-4.660681692611297677e+01
-2.916541725495189041e+01
-9.882700060306540024e+00
1.039561048144156885e+01
