-2.884226300921537245e+01
-6.334404377512172601e+01
-9.351108275508917700e+01
-1.162642190981492831e+02
-1.305227066210184432e+02
-1.371863550911173775e+02
-1.384818688506692297e+02
-1.370165584869872646e+02
-1.349197796448946747e+02
-1.333485760057963603e+02
-1.324504034649963558e+02
-1.316876900561932189e+02
-1.303160776417681461e+02
-1.278059792836526896e+02
-1.240754874609526723e+02
-1.195016099666999168e+02
-1.147549223620756464e+02
-1.105498100831624271e+02
-1.074149796493967699e+02
-1.055609411405533962e+02
-1.048672471705502005e+02
-1.049651864561435701e+02
-1.053690178559269839e+02
-1.056079808514812868e+02
-1.053263628330522579e+02
-1.043401127372047625e+02
-1.026519331098823216e+02
-1.004285600189540446e+02
-9.794299895116701293e+01
-9.549125387610916960e+01
-9.330958574492790092e+01
-9.153113949464180621e+01
-9.020859252748124391e+01
-8.939172414031577318e+01
-8.921348774029048911e+01
-8.992868664940553458e+01
-9.186699460015059060e+01
-9.530348559271151032e+01
-1.003041671195822886e+02
-1.066336982498358026e+02
-1.137792848447513450e+02
-1.210644889609025796e+02
-1.277687679442529429e+02
-1.331840852105784734e+02
-1.366075581382460769e+02
-1.373252603542826762e+02
-1.346459978744694013e+02
-1.280006056572931925e+02
-1.170677157454710908e+02
-1.018622511643173141e+02
-8.274622374754770249e+01
-6.036919124798550484e+01
-3.557662641257778802e+01
-9.323459519651770222e+00
1.738904256374952340e+01
4.355874661672011428e+01
6.823502362074985683e+01
9.060011032942496456e+01
1.100730004490007587e+02
1.263987983943886491e+02
1.396822106875369514e+02
1.503462301715928220e+02
1.590256137088699404e+02
1.664241180254361439e+02
1.731692967904412797e+02
1.796913409912300779e+02
1.861441640533180930e+02
1.923837609304912348e+02
1.980136823473636980e+02
2.024958264778258297e+02
2.053084107383102435e+02
2.061105031203279623e+02
2.048512000800586463e+02
2.017660506545608996e+02
1.972477806885934513e+02
1.916401329015889985e+02
1.850437657192054530e+02
1.772240928503232738e+02
1.676761880734232477e+02
1.558375137289646375e+02
1.413646587501874876e+02
1.243500285539956707e+02
1.053863069107578099e+02
8.547422199967360257e+01
6.584389711398384293e+01
4.776539953802055294e+01
3.237469795297501207e+01
2.050183612126807020e+01
1.250144456187702069e+01
8.134035836795858287e+00
6.572443609004977816e+00
6.570072993578635945e+00
6.749991083486930776e+00
5.922241399729513134e+00
3.340173499427159687e+00
-1.164185422523394742e+00
-7.198058034342826872e+00
-1.397698021169882310e+01
-2.059341242994101506e+01
-2.629385186332771696e+01
-3.067584740746411143e+01
-3.375751929825312914e+01
-3.591881631783636664e+01
-3.774279722589784569e+01
-3.980232534796061827e+01
-4.245563911943890645e+01
-4.572437390630607013e+01
-4.930554575466942424e+01
-5.271501664552545918e+01
-5.550564867632979826e+01
-5.747262985753069131e+01
-5.875654982598685194e+01
-5.979003179387683531e+01
-6.110568297991166276e+01
-6.309607205293468724e+01
-6.584207172217831783e+01
-6.909151513443487147e+01
-7.240107771143478033e+01
-7.537706132736228426e+01
-7.788858670420789565e+01
-8.012259565763531555e+01
-8.243527627318839279e+01
-8.508673601422358956e+01
-8.802690120372629679e+01
-9.086836486574850369e+01
-9.306628914507643913e+01
-9.421312279802238265e+01
-9.430504801004197191e+01
-9.384740175968042308e+01
-9.372662117383133307e+01
-9.488120513287425695e+01
-9.791227088984099680e+01
-1.028168299918035160e+02
-1.089745430243297477e+02
-1.153994649555584715e+02
-1.211373369776554512e+02
-1.256139348849629016e+02
-1.287738643346644096e+02
-1.309732332582786967e+02
-1.327142032457252867e+02
-1.343601575761075821e+02
-1.359458650596429834e+02
-1.371365610300621825e+02
-1.373252603542826762e+02
-1.358099882007788892e+02
-1.319777299931482730e+02
-1.254400162008986399e+02
-1.160959884541055658e+02
-1.041224556328147770e+02
-8.989917044049677486e+01
-7.388208794452661721e+01
-5.644973969153899418e+01
-3.776996400753822769e+01
-1.775389346471268937e+01
3.845679990346711818e+00
2.719518166759471001e+01
5.209501356621761659e+01
7.779879525743803015e+01
1.030525687551869822e+02
1.263563724784281419e+02
1.463391614846207744e+02
1.621008986387147388e+02
1.734127410760118835e+02
1.807280087842550245e+02
1.850126475878161045e+02
1.874534504429300910e+02
1.891374690681506650e+02
1.907986663335775290e+02
1.926960565663682985e+02
1.946412038466832257e+02
1.961520631334957727e+02
1.966755445250846606e+02
1.957911485406272902e+02
1.933089513300342901e+02
1.892336917874193318e+02
1.836517740888579056e+02
1.766391369334176886e+02
1.682523904221165481e+02
1.585907191107567940e+02
1.478672160864957164e+02
1.364340389851598729e+02
1.247417922938548429e+02
1.132492595416002814e+02
1.023262980147014929e+02
9.220017083828005866e+01
8.296923674929199422e+01
7.466125601096007358e+01
6.728788251348504446e+01
6.086626297895242033e+01
5.541868056096723194e+01
5.097571397157277318e+01
4.758778317172599515e+01
4.532907927536918891e+01
4.427940645401159969e+01
4.447931515360846788e+01
4.586261094761490398e+01
4.818590021494559039e+01
5.098824223720378512e+01
5.360689277750041981e+01
5.525606554468627252e+01
5.516336410335515694e+01
5.274823624297209079e+01
4.780302080382607954e+01
4.060674626111265439e+01
3.189950544373286689e+01
2.269840020731010100e+01
1.402102259215932811e+01
6.634660478623481517e+00
9.273977889310440759e-01
-3.078237946320877327e+00
-5.618844167383198140e+00
-7.062683216108514017e+00
-7.811698709742403324e+00
-8.252876603381666953e+00
-8.754713323593646734e+00
-9.682343071248117994e+00
-1.139180272407006278e+01
-1.417725872567035950e+01
-1.818302519033846210e+01
-2.332830421261465403e+01
-2.929640424828905410e+01
-3.560542728304269389e+01
-4.173325384888354961e+01
-4.725170084389502279e+01
-5.193286865409319830e+01
-5.579829876987307102e+01
-5.908556521826435670e+01
-6.213337049840687598e+01
-6.523689273023154556e+01
-6.855515034699416788e+01
-7.212213933959358769e+01
-7.594170707871283810e+01
-8.009014022510174868e+01
-8.475051748275190278e+01
-9.015321087102371678e+01
-9.645776051254743777e+01
-1.036402915314705240e+02
-1.114338865619556458e+02
-1.193307466056557047e+02
-1.266327300848187889e+02
-1.325437929011119422e+02
-1.363026917655015211e+02
-1.373252603542826762e+02
-1.352931836715062559e+02
-1.301495826587017177e+02
-1.220297953799801434e+02
-1.111926970736878246e+02
-9.799164553762552998e+01
-8.288199211834363211e+01
-6.644958256763582938e+01
-4.944511928657640709e+01
-3.279016293042757013e+01
-1.750340908398611717e+01
-4.530873813148549090e+00
5.459840641841694264e+00
1.222135480706535660e+01
1.594523689335497352e+01
1.716878927672193811e+01
1.661180528176881666e+01
1.498148312325922049e+01
1.279520722732798532e+01
1.029666481799993250e+01
