-1.373574304698593096e+00
-6.524796745888366445e+01
-1.199576686736338331e+02
-1.588690578760840708e+02
-1.794853469674297912e+02
-1.835761074242285247e+02
-1.760148660144513713e+02
-1.629267075615049123e+02
-1.498544680509887996e+02
-1.404912442178146250e+02
-1.362332770570556875e+02
-1.364997216204921529e+02
-1.395348943883560651e+02
-1.433173619122511298e+02
-1.462604626448620593e+02
-1.475483857228325633e+02
-1.471251173717265885e+02
-1.454659131874567208e+02
-1.432819574498182078e+02
-1.412645639599295180e+02
-1.399170483689288176e+02
-1.394770921113346844e+02
-1.399044873778560714e+02
-1.409096861777998981e+02
-1.420248885733718680e+02
-1.427324765690198092e+02
-1.426365383338685433e+02
-1.416179013191382410e+02
-1.398981659705604557e+02
-1.379679892316394216e+02
-1.363882543475028513e+02
-1.355199995911008557e+02
-1.352646822145910050e+02
-1.349048427215065260e+02
-1.331269930485577504e+02
-1.282647618245916021e+02
-1.187152462518599521e+02
-1.033938120970666716e+02
-8.205979448138886312e+01
-5.539420643001848532e+01
-2.481563069340176497e+01
7.875953191828447331e+00
4.088836649177826388e+01
7.274196218164827599e+01
1.024362652255253181e+02
1.294803870326723541e+02
1.538099469637216430e+02
1.756178920924417071e+02
1.951423829604314051e+02
2.124768162608951343e+02
2.274668487220571365e+02
2.397269085761729173e+02
2.487656915293379143e+02
2.541786446664522430e+02
2.558463130646903494e+02
2.540698015058903252e+02
2.495885140182107875e+02
2.434605467505415390e+02
2.368267572634942155e+02
2.306174545937532230e+02
2.252935191021340984e+02
2.207200710975597531e+02
2.162260283577923587e+02
2.108257043073131172e+02
2.035214465817517748e+02
1.935935383587222418e+02
1.807974978568819324e+02
1.654157801920295867e+02
1.481564194539961079e+02
1.299481156027221118e+02
1.117180783772358410e+02
9.423108392960469359e+01
7.802473613809469555e+01
6.342639097356393307e+01
5.060411727810394211e+01
3.959933642333125903e+01
3.031869878827501807e+01
2.251184756137154253e+01
1.578828635089278976e+01
9.702810814721106070e+00
3.884638909422952757e+00
-1.853401634370800188e+00
-7.482195870144589200e+00
-1.281089955384076440e+01
-1.759340670358430714e+01
-2.164107498462534096e+01
-2.491786841730384694e+01
-2.761084463155243895e+01
-3.015633215851694260e+01
-3.318195995717705671e+01
-3.734176553570355850e+01
-4.308411966772428059e+01
-5.045125929870619785e+01
-5.901078216255744024e+01
-6.795968528196462444e+01
-7.636155591396128273e+01
-8.342378306510859431e+01
-8.871688303177978696e+01
-9.227269675572514984e+01
-9.454554236808883161e+01
-9.626090911227174729e+01
-9.820129152329957378e+01
-1.009864700014485521e+02
-1.049053548566036653e+02
-1.098507976467857077e+02
-1.153786334165956333e+02
-1.208583288103258297e+02
-1.256481443204337438e+02
-1.292432119165998188e+02
-1.313850157644764636e+02
-1.321364510176338172e+02
-1.319028662926475306e+02
-1.313556646285848046e+02
-1.312413409100932995e+02
-1.321310180483233694e+02
-1.342225951001917679e+02
-1.372946249026300052e+02
-1.408300356066467316e+02
-1.442334536745927380e+02
-1.470244653572033826e+02
-1.489304273000261105e+02
-1.498892290213744047e+02
-1.500270521617772204e+02
-1.496569365537778538e+02
-1.492818598850911940e+02
-1.495435477793882058e+02
-1.510753202529894850e+02
-1.542859045158405138e+02
-1.591681511136828249e+02
-1.652349938536308400e+02
-1.716251538512313743e+02
-1.773368489772999226e+02
-1.814965767843539766e+02
-1.835761074242285247e+02
-1.835075444300381093e+02
-1.816710686593842183e+02
-1.787394941851242720e+02
-1.753932953177890113e+02
-1.719785423420304653e+02
-1.682336316486647831e+02
-1.632133927340520643e+02
-1.554740328577717605e+02
-1.434730622322931026e+02
-1.260429273480203847e+02
-1.027694625145877296e+02
-7.415259755450264834e+01
-4.151381598576105603e+01
-6.705904990710351399e+00
2.825737507300548401e+01
6.152862605483497305e+01
9.163840728928292378e+01
1.175883837037737010e+02
1.388698988300444626e+02
1.554526797460520413e+02
1.677515805481291693e+02
1.765412502554436571e+02
1.827923077551151891e+02
1.874549199397827408e+02
1.912695501772787452e+02
1.946822113079271048e+02
1.978757845986862947e+02
2.008555651840503913e+02
2.035122417688930057e+02
2.056356540601661891e+02
2.069088701695680754e+02
2.069238350305411132e+02
2.052368646460859054e+02
2.014574480616207950e+02
1.953453773921250445e+02
1.868783179836020736e+02
1.762585570700177868e+02
1.638571526944771790e+02
1.501218716173226539e+02
1.354859631209326380e+02
1.203149865755931955e+02
1.049168640517090125e+02
8.960735493742183166e+01
7.478905636623380815e+01
6.099663543977931113e+01
4.887691411297483057e+01
3.908533669929067855e+01
3.209986740978686726e+01
2.800209615618808812e+01
2.632973967701587270e+01
2.610682846427276615e+01
2.608721746698606125e+01
2.514424763316852562e+01
2.265836468036084739e+01
1.873085916533274542e+01
1.411021923931796351e+01
9.850530771571939681e+00
6.858139545606380949e+00
5.532785890865966394e+00
5.646631518466072919e+00
6.481682475248103259e+00
7.133562949978852430e+00
6.830123191944352357e+00
5.126390035399293055e+00
1.921713551882433535e+00
-2.644260379312477482e+00
-8.302359846396980103e+00
-1.469510489915868234e+01
-2.136245475532880178e+01
-2.774567773955110539e+01
-3.327125105695620988e+01
-3.751247028436657871e+01
-4.035586914500829891e+01
-4.207298056738956404e+01
-4.323978483534092021e+01
-4.452802613364143269e+01
-4.645942016977487299e+01
-4.923083775137431672e+01
-5.268147574424916968e+01
-5.640106427057321525e+01
-5.991137438760648593e+01
-6.283142245193474906e+01
-6.496715042593413614e+01
-6.631969823495427363e+01
-6.704395260552109903e+01
-6.739284723380383468e+01
-6.766559948171465066e+01
-6.816304023248882515e+01
-6.914774432288206185e+01
-7.080677670488967124e+01
-7.322111047289996577e+01
-7.635542181112964499e+01
-8.008322008230157962e+01
-8.424652922045738990e+01
-8.872136824260800836e+01
-9.344486281910538139e+01
-9.838459606041568861e+01
-1.034801395762701333e+02
-1.086091000446981099e+02
-1.136092586701774820e+02
-1.183534756572750410e+02
-1.228427539914426063e+02
-1.272610808690454434e+02
-1.319465788118968987e+02
-1.372823095947780132e+02
-1.435544224234046737e+02
-1.508279199279405987e+02
-1.588658988123953577e+02
-1.671020876943113649e+02
-1.746760034555003642e+02
-1.805339885516364404e+02
-1.835761074242285247e+02
-1.828096729703151198e+02
-1.774803566174567777e+02
-1.671778354227141676e+02
-1.519228561320467179e+02
-1.322344899626787651e+02
-1.091630360227413377e+02
-8.425467523271194636e+01
-5.940173589972530266e+01
-3.656011541151542588e+01
-1.738390551413450069e+01
-2.891039705502346457e+00
6.713237294484764917e+00
1.197829026442638778e+01
1.393515136846863456e+01
1.373640136391863820e+01
1.239495549007787645e+01
