-2.969782752094221934e+00
7.614956248132283179e+01
1.429911983072989585e+02
1.886849648383145563e+02
2.099266195472093557e+02
2.089978801819061687e+02
1.921176502749762847e+02
1.670501754586440484e+02
1.408855707017428074e+02
1.185714386825951294e+02
1.023752418220147717e+02
9.215003261356176267e+01
8.610899486601238095e+01
8.177271872553558296e+01
7.680251661164128052e+01
6.954184214445164969e+01
5.922144357548242510e+01
4.589504680004559134e+01
3.022302106756276885e+01
1.321035104864446907e+01
-4.038491136274167559e+00
-2.052629837084699815e+01
-3.552541016197974955e+01
-4.868255460621521280e+01
-6.004897337839965132e+01
-7.002943410787946732e+01
-7.925891107105368860e+01
-8.842993115619401578e+01
-9.811332056456811301e+01
-1.086290251772226156e+02
-1.200064071744190102e+02
-1.320273305562108703e+02
-1.443081373199039206e+02
-1.563785909325167438e+02
-1.677478705464269524e+02
-1.779746749526739507e+02
-1.867533695897456312e+02
-1.939960625835200005e+02
-1.998671656385715494e+02
-2.047416958739728443e+02
-2.090982771329649097e+02
-2.133853920730297773e+02
-2.179009587520176296e+02
-2.227160745347530337e+02
-2.276655682750845529e+02
-2.324136660395488718e+02
-2.365764157263580216e+02
-2.398586772528410620e+02
-2.421631713586957346e+02
-2.436464397403371720e+02
-2.447076892722105299e+02
-2.459000398966580860e+02
-2.477724273413543585e+02
-2.506886557557175195e+02
-2.546973750229611255e+02
-2.595123223606791498e+02
-2.646117280878991664e+02
-2.694149302935132368e+02
-2.734705957760430124e+02
-2.765935836418618692e+02
-2.789029832928825385e+02
-2.807385907161896625e+02
-2.824697236855082565e+02
-2.842490052859928937e+02
-2.857832239929222737e+02
-2.861836945076535699e+02
-2.839335360914498096e+02
-2.769916795243437946e+02
-2.630473387265769247e+02
-2.399194625540071115e+02
-2.060400661646957587e+02
-1.608907607719719124e+02
-1.052394532021922373e+02
-4.108475057690699828e+01
2.867373630357928960e+01
1.007301452603866636e+02
1.718949709159642794e+02
2.395325294320406044e+02
3.018409081409033661e+02
3.579386241305000453e+02
4.077594508724066031e+02
4.518003257486309963e+02
4.908049653011520945e+02
5.254792291958924579e+02
5.563147234520045004e+02
5.835502450670687722e+02
6.072472303278827894e+02
6.274205021176574064e+02
6.441572921965062051e+02
6.576692460974718415e+02
6.682525688501125387e+02
6.761764116789968284e+02
6.815550298979003401e+02
6.842615457102299388e+02
6.839168000835732073e+02
6.799603361301826681e+02
6.717909671307836561e+02
6.589451482518020384e+02
6.412662344911261698e+02
6.190185746909172622e+02
5.929160760909180681e+02
5.640558287158208941e+02
5.337706813608735956e+02
5.034375496176000411e+02
4.742908517736968861e+02
4.472854394258554294e+02
4.230317470838381837e+02
4.017947546405370076e+02
3.835249645699468601e+02
3.678950238484808324e+02
3.543471302670080831e+02
3.421803799840747615e+02
3.306946115203783165e+02
3.193639908187026322e+02
3.079727002081978071e+02
2.966410249292429171e+02
2.857140014619334920e+02
2.755517843013836341e+02
2.663083230738688485e+02
2.577896883551925384e+02
2.494523255140080096e+02
2.405487988361697091e+02
2.303670780493247889e+02
2.184646203186028970e+02
2.047992427432376132e+02
1.897075491119693140e+02
1.737510483687217970e+02
1.575047641382834627e+02
1.413799808546916097e+02
1.255493934202431063e+02
1.099929294504253647e+02
9.462758677834710852e+01
7.944942651115246690e+01
6.461541990736429852e+01
5.042299145116547265e+01
3.719301464040177052e+01
2.511360811461128151e+01
1.413115027485042674e+01
3.951806553431026714e+00
-5.851590340258553624e+00
-1.569153785925669808e+01
-2.584373350994709995e+01
-3.638125360235309813e+01
-4.717063519717169129e+01
-5.793267187822283404e+01
-6.835745482938642681e+01
-7.823061522522840505e+01
-8.751048019287736679e+01
-9.632011242978012433e+01
-1.048673671108297185e+02
-1.133436863469953551e+02
-1.218564258030683050e+02
-1.304214846656831810e+02
-1.390004952982031909e+02
-1.475386465912245626e+02
-1.559698487211046540e+02
-1.641968315640313563e+02
-1.720851752165917219e+02
-1.795026430794300722e+02
-1.863970045854733826e+02
-1.928710309967067360e+02
-1.992101609501107760e+02
-2.058452525472851562e+02
-2.132655470883248654e+02
-2.219090309568414341e+02
-2.320405223382899749e+02
-2.436058142808450953e+02
-2.560617092266404597e+02
-2.682327895854992335e+02
-2.782906140896535021e+02
-2.839335360914498096e+02
-2.827581211913952188e+02
-2.727155246178081143e+02
-2.525138809554858881e+02
-2.218499165944417086e+02
-1.814315115162003167e+02
-1.328155306392620219e+02
-7.812161419593363121e+01
-1.969924884741132587e+01
4.017351086376147862e+01
9.949988623652009778e+01
1.566612675962232117e+02
2.104199477923552308e+02
2.598685893511824929e+02
3.043691628242869456e+02
3.435138071725976374e+02
3.771224367123097068e+02
4.052703920660503627e+02
4.283185640146280662e+02
4.469044048324637970e+02
4.618542692956176552e+02
4.740047505451521488e+02
4.839723193822479175e+02
4.919605446231741439e+02
4.976980245164739358e+02
5.005416686521283509e+02
4.996994583083184693e+02
4.944809186816272017e+02
4.844898151943345397e+02
4.697095402850666801e+02
4.504706617880898420e+02
4.273235843949105970e+02
4.008703061684261115e+02
3.716305078680450151e+02
3.400072967583031414e+02
3.063697968275786820e+02
2.712070602046805448e+02
2.352651705431517541e+02
1.995808170685536709e+02
1.653730005745413791e+02
1.338242632113507398e+02
1.058326535784445070e+02
8.182365651648535732e+01
6.168367145930243112e+01
4.482673865531653234e+01
3.035598987608659627e+01
1.726172759395127798e+01
4.611178351317860802e+00
-8.301994817213895317e+00
-2.187884404050129206e+01
-3.622247440411462804e+01
-5.121276750347566065e+01
-6.660608580025672154e+01
-8.212097982067373891e+01
-9.748605724448316323e+01
-1.124445715738198004e+02
-1.267373498581750226e+02
-1.401068275167266108e+02
-1.523520928374042853e+02
-1.634200075464324016e+02
-1.734784705532726719e+02
-1.829185619472052906e+02
-1.922705271732332335e+02
-2.020622328930852234e+02
-2.126680852225145486e+02
-2.241888685192124626e+02
-2.363874884326679364e+02
-2.486985597039792424e+02
-2.603276118109864115e+02
-2.704386734947249238e+02
-2.783890814977315813e+02
-2.839335360914498096e+02
-2.873208726339070154e+02
-2.892469008940196318e+02
-2.906745372875401472e+02
-2.925690989787073022e+02
-2.956239725627830808e+02
-3.000635221476429138e+02
-3.055850172199903909e+02
-3.114417244807505085e+02
-3.166184504306710892e+02
-3.200495701445217946e+02
-3.208647479992313833e+02
-3.186622640309930716e+02
-3.137707187762907779e+02
-3.073996441281298075e+02
-3.015567145484918115e+02
-2.986508966297928396e+02
-3.008072355916464744e+02
-3.090738083149173576e+02
-3.228389678607511541e+02
-3.397852964541322649e+02
