-3.345579727373497292e+01
-2.449031076585073663e+01
-1.725353189283717015e+01
-1.299149656248173379e+01
-1.218527524614725444e+01
-1.454959593568035814e+01
-1.926121889525615671e+01
-2.528663542990468471e+01
-3.167809449759477403e+01
-3.775678914281757415e+01
-4.316742296115151589e+01
-4.783771420324108448e+01
-5.189134316431895400e+01
-5.555093292597845078e+01
-5.905091228631497557e+01
-6.257103376049094123e+01
-6.619754977526902451e+01
-6.991539712433976206e+01
-7.363070765555990249e+01
-7.721836031466551731e+01
-8.058112226595724792e+01
-8.369664276464993691e+01
-8.662652093990212165e+01
-8.947652885376579945e+01
-9.232346948201170278e+01
-9.514627983381267029e+01
-9.780177513726752636e+01
-1.000627902425851943e+02
-1.017013625485532771e+02
-1.025791859986726990e+02
-1.027125935538062578e+02
-1.022927371543583064e+02
-1.016493349645205200e+02
-1.011573935336664789e+02
-1.011111845477060598e+02
-1.016164975356741991e+02
-1.025553609737713003e+02
-1.036449162106432880e+02
-1.045603463693401238e+02
-1.050567531015734488e+02
-1.050330957470568336e+02
-1.045240562612322748e+02
-1.036474245571526183e+02
-1.025478611601120917e+02
-1.013638003818491882e+02
-1.002210617256883296e+02
-9.923959632201510317e+01
-9.853392117916637005e+01
-9.819271949969972013e+01
-9.823783352441076033e+01
-9.858458900927028878e+01
-9.904074234252797737e+01
-9.936918228715090606e+01
-9.939732334201430319e+01
-9.911569069960512479e+01
-9.870485749015513477e+01
-9.846292528961235746e+01
-9.864724280208561424e+01
-9.927587139511032888e+01
-9.995538911813005711e+01
-9.980755340638286555e+01
-9.754578675317610248e+01
-9.170287832483052171e+01
-8.095508373579650652e+01
-6.445175463414605588e+01
-4.205554122176881293e+01
-1.442244684348878536e+01
1.710343238291772749e+01
5.074844391888668582e+01
8.464087160542062804e+01
1.171184021490329883e+02
1.469340870940873742e+02
1.733249505837092954e+02
1.959546182272720216e+02
2.147811941250474206e+02
2.299206930500326678e+02
2.415640645177469992e+02
2.499659341803080679e+02
2.554782659894901258e+02
2.585801290183238166e+02
2.598658645048552103e+02
2.599831936402733845e+02
2.595374206340695764e+02
2.589890063248905108e+02
2.585753075119276332e+02
2.582867132979248481e+02
2.579153078306376301e+02
2.571649468741084092e+02
2.557776831653990257e+02
2.536192768944499107e+02
2.506904595591922771e+02
2.470721538692105810e+02
2.428385930908460182e+02
2.379737439798044534e+02
2.323216428022736295e+02
2.255966069098383286e+02
2.174601901949909006e+02
2.076373184872223305e+02
1.960207022853591639e+02
1.827217978453734304e+02
1.680590515161428016e+02
1.525037500667935717e+02
1.366132916443018814e+02
1.209720044243935035e+02
1.061429596561465445e+02
9.262314308539276908e+01
8.079493486718624240e+01
7.087742411215324978e+01
6.289387917034783015e+01
5.667578223873740484e+01
5.191234721330376090e+01
4.823259208860785208e+01
4.529020182824129392e+01
4.282200812320298411e+01
4.066554119688913715e+01
3.873482398467956500e+01
3.696133950420226455e+01
3.521961368598512365e+01
3.327590015344561891e+01
3.080298816167979226e+01
2.747584666044082979e+01
2.311374405601763016e+01
1.779754695560513511e+01
1.189194259781091745e+01
5.945776628981050749e+00
5.087959587097472536e-01
-4.050322453413173207e+00
-7.642782098837358262e+00
-1.044002619980116719e+01
-1.275792905196277616e+01
-1.490746334452286703e+01
-1.708407012072812847e+01
-1.934358420159804837e+01
-2.166419072022057435e+01
-2.404589910485246662e+01
-2.657845261141287097e+01
-2.942796244380950554e+01
-3.274187655600680102e+01
-3.652475947969968217e+01
-4.056297497867403479e+01
-4.445474802231603917e+01
-4.774246417286590827e+01
-5.008473376750703210e+01
-5.138434792892425662e+01
-5.181450212823212098e+01
-5.174057415344387323e+01
-5.158509343644026046e+01
-5.170112204454275684e+01
-5.229867761615000177e+01
-5.343007311671250648e+01
-5.501204396285450571e+01
-5.686073718712563618e+01
-5.873191039238379574e+01
-6.037138154559035286e+01
-6.157569042569669193e+01
-6.224680228262758419e+01
-6.241751541441547602e+01
-6.223640406773937173e+01
-6.192256862840984866e+01
-6.171426441154626730e+01
-6.183217844428570231e+01
-6.245877692680058146e+01
-6.371585037635396986e+01
-6.562685021508765715e+01
-6.807979789972462470e+01
-7.082881466500644763e+01
-7.355907326073334218e+01
-7.599885051716579198e+01
-7.802783416033223318e+01
-7.973071002911781591e+01
-8.137577165450035466e+01
-8.332934783019304348e+01
-8.592523154242461203e+01
-8.930565502909585973e+01
-9.326265840107335237e+01
-9.713344481458194934e+01
-9.980755340638286555e+01
-9.986859058863159078e+01
-9.584193725200596248e+01
-8.648879349629045521e+01
-7.107835308284570885e+01
-4.957977905892934700e+01
-2.272859441655968737e+01
8.056279690427267326e+00
4.089328457611286183e+01
7.374562143008442661e+01
1.047402171731251883e+02
1.324249998222549607e+02
1.559114536332427861e+02
1.748812971506089866e+02
1.894793955449844702e+02
2.001557321758419334e+02
2.075271685831310151e+02
2.122928826411631462e+02
2.151852876026826493e+02
2.169152319201728574e+02
2.180909021213761321e+02
2.191280958443263103e+02
2.201895598589591145e+02
2.211817395517349496e+02
2.218132503536382671e+02
2.216972748915752618e+02
2.204660574575822807e+02
2.178621801146871633e+02
2.137817231733858989e+02
2.082661217827137250e+02
2.014586377015904759e+02
1.935447910985357680e+02
1.846895998943232939e+02
1.749841244534296152e+02
1.644191925033198629e+02
1.528998769080593263e+02
1.402968703315306129e+02
1.265140158810528135e+02
1.115474363492761114e+02
9.552194777979282492e+01
7.870554011013499007e+01
6.151045051708851474e+01
4.448387313137582311e+01
2.827618278791454998e+01
1.356458380110875339e+01
9.263771822952602264e-01
-9.302160648197087767e+00
-1.711461570600330617e+01
-2.282082678521020824e+01
-2.693775804209834490e+01
-3.004507021537218847e+01
-3.267313513138765302e+01
-3.525081507694783056e+01
-3.809227074402984670e+01
-4.138934537513476641e+01
-4.520015965233433519e+01
-4.945010768850050908e+01
-5.396217262111738933e+01
-5.851505819945953846e+01
-6.290854712390962789e+01
-6.700856474745549463e+01
-7.075501314715354795e+01
-7.413768906699161221e+01
-7.716278971396687325e+01
-7.983309024001096077e+01
-8.215232380058577633e+01
-8.414759166773981747e+01
-8.589047017115028382e+01
-8.749644389461465721e+01
-8.909641806614622794e+01
-9.079339316972243523e+01
-9.262708391600094160e+01
-9.456248472984091791e+01
-9.650137373358228388e+01
-9.830359293857344483e+01
-9.980755340638286555e+01
-1.008516164897751537e+02
-1.013061236382635428e+02
-1.011195105631057345e+02
-1.003622123371704049e+02
-9.923570694041151796e+01
-9.802285342228864806e+01
-9.699140808269392267e+01
-9.629714616641120983e+01
-9.593448638653423188e+01
-9.575123857243235648e+01
