-1.028423674721537395e+01
1.464046022803439229e+01
3.595211371211131990e+01
5.098897675228779036e+01
5.862337456710656625e+01
5.929691941260637122e+01
5.460775634455933414e+01
4.668444876521935782e+01
3.758033105819635011e+01
2.884373259113345966e+01
2.132487117200275861e+01
1.520156893984916735e+01
1.015683795063998929e+01
5.625338509262324038e+00
1.034834799502235114e+00
-4.012335750642987975e+00
-9.651843904918989026e+00
-1.577092889548447552e+01
-2.209797923895803606e+01
-2.832161833959123243e+01
-3.419275270977163217e+01
-3.958044797732075892e+01
-4.447625293902645893e+01
-4.896195402104836347e+01
-5.316566837216240060e+01
-5.722662402694272288e+01
-6.127272874300508221e+01
-6.540063508939925896e+01
-6.964981486983040782e+01
-7.397829632794311294e+01
-7.826073295232174587e+01
-8.232312687164633758e+01
-8.600308394102736997e+01
-8.920104997378545875e+01
-9.189144082150851034e+01
-9.409216665675586455e+01
-9.581927514451288630e+01
-9.705892534063521282e+01
-9.777433895719674695e+01
-9.794392959232469309e+01
-9.760921967661069232e+01
-9.690382760151634045e+01
-9.604041085256757526e+01
-9.525217771305570125e+01
-9.471412620781123337e+01
-9.448769544399402776e+01
-9.452294856043732807e+01
-9.471939328064073038e+01
-9.501293647766787842e+01
-9.544078089816760269e+01
-9.614341010122765852e+01
-9.729143298155152308e+01
-9.896730124418463959e+01
-1.010663091461359215e+02
-1.032799527242371624e+02
-1.051814237987066605e+02
-1.063764377527367202e+02
-1.066517865215161294e+02
-1.060633633278699079e+02
-1.049379078637035860e+02
-1.037927239524920537e+02
-1.031926248456657333e+02
-1.035663026336611949e+02
-1.050069550784263299e+02
-1.070961595077341855e+02
-1.088122759381724904e+02
-1.085905313505376597e+02
-1.045674873835748002e+02
-9.497384772072260262e+01
-7.857292966803645129e+01
-5.501400117152364544e+01
-2.499077180947768539e+01
9.845943825489740675e+00
4.719706907658382988e+01
8.455587292028002366e+01
1.196586727240939609e+02
1.508339477821226069e+02
1.771805407219675317e+02
1.985591894882308566e+02
2.154272501030405351e+02
2.285784102495290426e+02
2.388676237987587001e+02
2.469998303385499980e+02
2.534321552755044991e+02
2.583909958189171334e+02
2.619617151529466241e+02
2.641925161772885531e+02
2.651685801629571984e+02
2.650414395438573933e+02
2.640219781458679336e+02
2.623536367670178606e+02
2.602790658891045723e+02
2.580080438382036618e+02
2.556901616773725436e+02
2.533906109218493157e+02
2.510654695379509462e+02
2.485403871808409235e+02
2.455067170223705375e+02
2.415472777677377394e+02
2.361904901437123954e+02
2.289838454485832244e+02
2.195814507912163549e+02
2.078382599095145338e+02
1.938855639042178041e+02
1.781496476797927357e+02
1.612927085023756604e+02
1.440939230855173889e+02
1.273168359010588517e+02
1.116066963339210218e+02
9.743697190311803524e+01
8.510134748857825571e+01
7.473788945086926105e+01
6.636949202117915547e+01
5.994154236800476099e+01
5.533853155073683894e+01
5.237408343246039522e+01
5.076804762951278605e+01
5.013379008688634997e+01
4.999161501167169774e+01
4.981017944532921859e+01
4.906919064264359065e+01
4.733403531051995117e+01
4.432961325748158288e+01
3.999571667860285373e+01
3.450519289587636251e+01
2.823207720708628798e+01
2.166854008971058931e+01
1.530427286304880141e+01
9.497492946316391738e+00
4.378858283831469578e+00
-1.699415743519452349e-01
-4.442167474859317622e+00
-8.759249404685945706e+00
-1.331785724751007649e+01
-1.810588342859360012e+01
-2.292240579959504032e+01
-2.747843181920366362e+01
-3.152225325675691181e+01
-3.493918253442642197e+01
-3.779847742713495506e+01
-4.033684941448451866e+01
-4.287924626769705583e+01
-4.571657902459452316e+01
-4.898433114463304605e+01
-5.259619457526164865e+01
-5.626883437382707598e+01
-5.963275939124574165e+01
-6.238022342064587633e+01
-6.437998169147793703e+01
-6.570797078274249259e+01
-6.659226314341320574e+01
-6.731497318449123668e+01
-6.812457301989230984e+01
-6.918916542269114700e+01
-7.058694688508164461e+01
-7.231032210210871369e+01
-7.426620290772756050e+01
-7.627637151434019813e+01
-7.809711055917195210e+01
-7.947262686459164627e+01
-8.021512303242944597e+01
-8.028242351016648115e+01
-7.981845346552178455e+01
-7.913592056096804583e+01
-7.864420569059340949e+01
-7.874518802066451428e+01
-7.972797005080049360e+01
-8.169214308596421859e+01
-8.452289768874372555e+01
-8.792879520229821821e+01
-9.153296235859919250e+01
-9.498756121557714494e+01
-9.806990265326321321e+01
-1.007232939319998053e+02
-1.030270183251969769e+02
-1.051068243229140506e+02
-1.070125896722225463e+02
-1.085905313505376597e+02
-1.093789122072566755e+02
-1.085650017418093540e+02
-1.050410274639272785e+02
-9.756825158211852056e+01
-8.502510947643254724e+01
-6.668973424336935807e+01
-4.249101770137346534e+01
-1.315295569781256546e+01
1.983196471773003822e+01
5.441904550641257288e+01
8.836897005694275720e+01
1.196453901341630797e+02
1.467403224675707065e+02
1.688466935172850185e+02
1.858521409031848748e+02
1.981853530437202267e+02
2.065871326010380926e+02
2.118870334105657207e+02
2.148423975767512957e+02
2.160597832222675265e+02
2.159883246003388422e+02
2.149541385789997321e+02
2.131977220476532011e+02
2.108911442785265535e+02
2.081409376291495619e+02
2.050000323868736700e+02
2.015032977713320292e+02
1.977153006211870547e+02
1.937563410746595878e+02
1.897740126348666365e+02
1.858589965763564464e+02
1.819456568730665822e+02
1.777552932600983127e+02
1.728156485223289565e+02
1.665455118557662786e+02
1.583665697965084291e+02
1.478104913219733021e+02
1.346079372312298119e+02
1.187551405761472552e+02
1.005513925328574203e+02
8.059768044402358100e+01
5.974935212311376631e+01
3.902423855305875833e+01
1.947889135037249275e+01
2.074221922505621762e+00
-1.244685175583288306e+01
-2.365401443815615323e+01
-3.148976535071643568e+01
-3.629020609808002007e+01
-3.875408305987735957e+01
-3.984404998211402926e+01
-4.061813773336273670e+01
-4.201882575914127926e+01
-4.467297574495839285e+01
-4.876282933423323129e+01
-5.401435630047600966e+01
-5.981547875013019677e+01
-6.542864897842160588e+01
-7.022386316617527768e+01
-7.385661039125406546e+01
-7.634755077803626477e+01
-7.805717145728652895e+01
-7.956994407281122506e+01
-8.151497439114497467e+01
-8.436544449184026462e+01
-8.827531161159311068e+01
-9.301420504884660545e+01
-9.803524432874303329e+01
-1.026570925252229642e+02
-1.062869776579770473e+02
-1.085905313505376597e+02
-1.095437076503674803e+02
-1.093652353801566335e+02
-1.083854615168618523e+02
-1.069257119437180847e+02
-1.052373290789465585e+02
-1.035043567869431484e+02
-1.018787342787617263e+02
-1.005090553331323662e+02
-9.953916290344429285e+01
-9.907514622270477389e+01
-9.913772287082842638e+01
-9.962716403457324077e+01
-1.003247811844721724e+02
