-3.083826607660893160e+01
-2.384787844371826893e+01
-1.776056727093362397e+01
-1.329314764212458577e+01
-1.083279237779584747e+01
-1.041459227848881142e+01
-1.178915334403900594e+01
-1.453523768452854092e+01
-1.817115357328093950e+01
-2.223589500652176199e+01
-2.633664002562963447e+01
-3.017913973902705038e+01
-3.359630814820730649e+01
-3.656934895244389594e+01
-3.921871318531339057e+01
-4.175138699133442088e+01
-4.438122024886705219e+01
-4.726093500491488442e+01
-5.045604748795544481e+01
-5.395988362616795797e+01
-5.772148389411444214e+01
-6.165510895506893974e+01
-6.562387829470534939e+01
-6.942308570098592213e+01
-7.280196836038805941e+01
-7.554058818379476747e+01
-7.755587119796879847e+01
-7.898045011787667136e+01
-8.016300188446005848e+01
-8.157648412872282506e+01
-8.366607878132477083e+01
-8.669501152939690769e+01
-9.064471614543658973e+01
-9.520471310723544889e+01
-9.985853331471297167e+01
-1.040407190044910095e+02
-1.073125339919825052e+02
-1.094935793176969128e+02
-1.107030785574492171e+02
-1.113005558203609979e+02
-1.117512352695844413e+02
-1.124624412148155983e+02
-1.136387858360677825e+02
-1.151875945586388070e+02
-1.166838905237652710e+02
-1.173947315320001508e+02
-1.163694422309776400e+02
-1.126043652639539658e+02
-1.052658419615304837e+02
-9.391172233072384756e+01
-7.862795790510952543e+01
-6.002209721986555735e+01
-3.907845616378577347e+01
-1.693878614280740891e+01
5.307860902159436733e+00
2.676549606652036672e+01
4.678351611018147338e+01
6.493688314392741745e+01
8.096531315075304747e+01
9.470519002900225303e+01
1.060463358191635592e+02
1.149357376064780851e+02
1.214228684611036471e+02
1.257095685431138747e+02
1.281616919168579614e+02
1.292663263453520983e+02
1.295510088618599411e+02
1.294952605600190338e+02
1.294594711898216417e+02
1.296450567919287096e+02
1.300910969144786122e+02
1.307048344237489914e+02
1.313150245882112586e+02
1.317316347557136851e+02
1.317952351999865073e+02
1.314030937039860873e+02
1.305057970948662387e+02
1.290796326197182111e+02
1.270935583244648086e+02
1.244961476455358991e+02
1.212385687742462181e+02
1.173256919207891684e+02
1.128636167016055367e+02
1.080688957235918082e+02
1.032292014034884318e+02
9.863808453974104395e+01
9.453993573676309836e+01
9.110614021531331730e+01
8.843510072375778464e+01
8.655115903302706215e+01
8.538416145753097908e+01
8.473693363505384468e+01
8.427158340995740105e+01
8.354564953156169338e+01
8.210111171231272920e+01
7.957473497164026810e+01
7.578587468532327875e+01
7.077256783635272086e+01
6.477003986849183548e+01
5.814330140269986913e+01
5.129574814782635883e+01
4.457902569224062006e+01
3.822649022559301812e+01
3.232580971376339818e+01
2.683506509333378176e+01
2.163121300739664576e+01
1.656783730819191192e+01
1.151959835438699287e+01
6.402844089761227764e+00
1.175561343851953211e+00
-4.173368013353965011e+00
-9.634735605650121215e+00
-1.517960674277391320e+01
-2.074583320692107691e+01
-2.621789086543417113e+01
-3.141683428523496957e+01
-3.611583588237247966e+01
-4.008506665584408779e+01
-4.315612289060719320e+01
-4.528942445322286403e+01
-4.662707418352034949e+01
-4.751101997837919555e+01
-4.844311604554751227e+01
-4.997432349844491739e+01
-5.254411799384635628e+01
-5.633151468099035242e+01
-6.119158347205866733e+01
-6.671665199120663203e+01
-7.239678284846063150e+01
-7.780222415758584020e+01
-8.270647055878256992e+01
-8.711089839285152436e+01
-9.118494267419784194e+01
-9.516457044877958538e+01
-9.925003323328428451e+01
-1.035251206661197045e+02
-1.078996123154447275e+02
-1.120679405544250926e+02
-1.154871340170562632e+02
-1.173947315320001508e+02
-1.168897820489756043e+02
-1.130786010524929566e+02
-1.052573465610414303e+02
-9.308251508504520189e+01
-7.668196329296719682e+01
-5.667749021592324254e+01
-3.411702400500533372e+01
-1.033714528704973645e+01
1.321355746528239550e+01
3.516326797295058526e+01
5.440031502657292606e+01
7.023425391607923984e+01
8.250114862491400913e+01
9.156394440411730784e+01
9.817703172890897179e+01
1.032418470116209051e+02
1.075401966038179182e+02
1.115473970491767233e+02
1.153862209102740195e+02
1.189140640832611098e+02
1.218813661507949035e+02
1.240835527334565569e+02
1.254503886576924145e+02
1.260562294948954190e+02
1.260670823610068396e+02
1.256527029786502538e+02
1.248943464024485763e+02
1.237248369741424625e+02
1.219365379162208427e+02
1.192644871342509418e+02
1.155066266228839993e+02
1.106184604094124779e+02
1.047382994884165868e+02
9.814560923010046167e+01
9.119078579411305441e+01
8.423445581989977882e+01
7.760792089080831602e+01
7.158446891368771503e+01
6.635033922383206573e+01
6.197562671359291642e+01
5.839624091711554854e+01
5.542360016204928286e+01
5.279442948743628961e+01
5.025225029168269941e+01
4.762436787857259191e+01
4.485207384386798424e+01
4.196199059529244124e+01
3.900848339539389542e+01
3.603194279069989392e+01
3.305461688609508286e+01
3.009943859962779911e+01
2.719978536484856591e+01
2.437982870094574395e+01
2.161286872715791318e+01
1.878671665414238490e+01
1.570558553969763160e+01
1.213953389424916196e+01
7.909662160093231975e+00
2.978174815055275815e+00
-2.499623543812012016e+00
-8.197048915535395608e+00
-1.371289853281095716e+01
-1.870300999110255447e+01
-2.298788703653144339e+01
-2.659374039027334291e+01
-2.971802221578686698e+01
-3.263945721914959108e+01
-3.560778529419485494e+01
-3.875357946440054491e+01
-4.205364105377999095e+01
-4.536583160961928485e+01
-4.851318151117002486e+01
-5.137288419267601824e+01
-5.392854587641434705e+01
-5.626853612895937573e+01
-5.854274468105159457e+01
-6.090876364233639606e+01
-6.349427394091769372e+01
-6.637876927020681705e+01
-6.957974417181367244e+01
-7.303640059858685163e+01
-7.660723633628686002e+01
-8.010666138155747262e+01
-8.338379883126289371e+01
-8.641004271581864771e+01
-8.932458062048081615e+01
-9.240467943781769122e+01
-9.596272812339124414e+01
-1.001991349881024149e+02
-1.050536892775586466e+02
-1.101053333258128504e+02
-1.145669012794498087e+02
-1.173947315320001508e+02
-1.174895996928540711e+02
-1.139311095709349786e+02
-1.061799024518874717e+02
-9.419865688220158972e+01
-7.847344212219471160e+01
-5.994675994269013586e+01
-3.988610083840753617e+01
-1.970582216338982207e+01
-7.565367367145725552e-01
1.588605893445903661e+01
2.957383300943034499e+01
4.012108817252037340e+01
4.770843400845539861e+01
5.270786453431877305e+01
5.551609734282025954e+01
5.646338842256385249e+01
5.581095298341014654e+01
5.380157883157494325e+01
5.070891048989334138e+01
4.684147373822492000e+01
4.249027979413885703e+01
3.785102382819172817e+01
3.297584235194092628e+01
2.779070906291654808e+01
2.216646578647171850e+01
1.599907681606378418e+01
9.262047104771163220e+00
2.021241605517694495e+00
-5.579006974719199263e+00
