-5.548200407718649529e+01
8.367235657389088033e+01
2.016399088895980185e+02
2.831051943711561876e+02
3.222536598479594545e+02
3.229008710507359865e+02
2.956976232969806802e+02
2.539239955201106795e+02
2.095110989295627064e+02
1.704385520962553073e+02
1.399237805079580141e+02
1.171608948801084580e+02
9.897473215607669772e+01
8.166629244808143540e+01
6.246173475363204375e+01
4.023891247749409672e+01
1.550569934752057577e+01
-1.014942627009938292e+01
-3.479917049153038278e+01
-5.681033630554001235e+01
-7.520217912919852665e+01
-8.972041889523113412e+01
-1.007202393478821421e+02
-1.089713888789518705e+02
-1.154577809880040462e+02
-1.211960638586754015e+02
-1.270792122676025855e+02
-1.337544060927014584e+02
-1.415445046655949000e+02
-1.504190029899441754e+02
-1.600265579270453600e+02
-1.698070971667137883e+02
-1.791814439196515423e+02
-1.877683200598692679e+02
-1.955379353009114709e+02
-2.028202889868408079e+02
-2.101497595347503591e+02
-2.180070791330968518e+02
-2.265724565764299427e+02
-2.356089923300683608e+02
-2.445464866466590763e+02
-2.527398127658865690e+02
-2.597776837402246883e+02
-2.656821863341135668e+02
-2.708944388829214631e+02
-2.760536677777313344e+02
-2.816833262724745168e+02
-2.879420737625134734e+02
-2.945555983798584521e+02
-3.009468316847271581e+02
-3.064885754577309172e+02
-3.107560997869269954e+02
-3.136672636288771514e+02
-3.154594771567853968e+02
-3.165403039448900699e+02
-3.173074449044985386e+02
-3.180264064578059333e+02
-3.188015294283766252e+02
-3.196277091089012856e+02
-3.204850101348068847e+02
-3.214276819763209687e+02
-3.226263965198787673e+02
-3.243536219697685965e+02
-3.269293716458377048e+02
-3.306345601338961160e+02
-3.355708487062606764e+02
-3.414533689455460603e+02
-3.473762018047947322e+02
-3.516418546393082352e+02
-3.517559377615478979e+02
-3.446551329900206611e+02
-3.271681373560696784e+02
-2.966231235132531765e+02
-2.514520171241625519e+02
-1.916348352530060311e+02
-1.188726118022966034e+02
-3.644695327715881206e+01
5.120950466116620703e+01
1.391554006380871726e+02
2.226740926596395411e+02
2.979383447493935364e+02
3.624448918430417734e+02
4.151224146723247372e+02
4.561282246432290890e+02
4.864471555049132689e+02
5.074448877050734268e+02
5.205057623094550081e+02
5.268283238482447359e+02
5.273859333319096550e+02
5.230019706836442310e+02
5.144582725720121061e+02
5.025656377641558379e+02
4.881650872309226656e+02
4.720710499178539408e+02
4.549963674216377854e+02
4.375051514110045332e+02
4.200151960731456597e+02
4.028296504235518682e+02
3.861536866866275659e+02
3.700663219546059963e+02
3.544540467488142781e+02
3.389452732514284321e+02
3.229009474613399107e+02
3.055081541886339096e+02
2.859790110044798439e+02
2.637905796469188999e+02
2.388616899916923160e+02
2.115873573490541730e+02
1.827251870830496330e+02
1.531995334509245481e+02
1.239168880276341156e+02
9.566223992100131568e+01
6.909331592388578258e+01
4.479824862152836573e+01
2.335054668778458620e+01
5.292469714243008383e+00
-8.987410213565759420e+00
-1.945038446968618473e+01
-2.657980945461959266e+01
-3.140885238885984165e+01
-3.532912053076423575e+01
-3.971199743415343875e+01
-4.549069670743240579e+01
-5.289892010201448613e+01
-6.149479003370041141e+01
-7.045313811133082993e+01
-7.898082679917405358e+01
-8.666920412592349976e+01
-9.364422980112986750e+01
-1.004684932521323901e+02
-1.078545777429797283e+02
-1.163299188270772220e+02
-1.260083391764518694e+02
-1.365607771510054249e+02
-1.473736197204249834e+02
-1.577964202387662738e+02
-1.673577626466539812e+02
-1.758726550165175126e+02
-1.834332026034490752e+02
-1.903189083244198230e+02
-1.968773047013178257e+02
-2.034248429480245761e+02
-2.102003143521474726e+02
-2.173644900283612742e+02
-2.250064410002621003e+02
-2.331234507486403231e+02
-2.415804848274545975e+02
-2.500857234357652601e+02
-2.582177111026471721e+02
-2.655165732936412155e+02
-2.716197267966315962e+02
-2.763903550060671250e+02
-2.799744980515210386e+02
-2.827520964831955439e+02
-2.852090006841339118e+02
-2.878037759652539194e+02
-2.908976329533646208e+02
-2.947681818393966751e+02
-2.996717970821954395e+02
-3.058789089875522791e+02
-3.136028149316018698e+02
-3.227959363347363251e+02
-3.328799648127932187e+02
-3.425415978291320585e+02
-3.497103611221216397e+02
-3.517559377615478979e+02
-3.458575466149886211e+02
-3.294505929870307455e+02
-3.006581665817582234e+02
-2.586379636980036025e+02
-2.037921083589980071e+02
-1.377934170065036596e+02
-6.341477798381487219e+01
1.579490715058931727e+01
9.591446430692268166e+01
1.730723580218532902e+02
2.438442291019386516e+02
3.055843679331671296e+02
3.566444771649767063e+02
3.964395171511959006e+02
4.253421982313904550e+02
4.444254955680412422e+02
4.551198014567405039e+02
4.588823557947545169e+02
4.569677203476919090e+02
4.503461742057463084e+02
4.397649533442179290e+02
4.258969315348561508e+02
4.094844950197411890e+02
3.913896082219893060e+02
3.725160819409289843e+02
3.536462180581671078e+02
3.352848081577681114e+02
3.176022410251309793e+02
3.005124424444823035e+02
2.838365922946369437e+02
2.674483378381479497e+02
2.513171191193385994e+02
2.354442930511639247e+02
2.197557612609205364e+02
2.040313458620869369e+02
1.879237271447044861e+02
1.710765933196096000e+02
1.533096684054235368e+02
1.348045578840593066e+02
1.162066891229910937e+02
9.856728964382344316e+01
8.310166964577929605e+01
7.083142463767303809e+01
6.225839451226465115e+01
5.722162488165985650e+01
5.500060145554891733e+01
5.460467739483052441e+01
5.510569121227872103e+01
5.586857136172194060e+01
5.660483539414467202e+01
5.727226030031030035e+01
5.791402488241756430e+01
5.853632397017587863e+01
5.907351962471940254e+01
5.942748778802490506e+01
5.953382462253317442e+01
5.941118251802625849e+01
5.917120135250410584e+01
5.898416456510136641e+01
5.900806354103099949e+01
5.930361817440824268e+01
5.976986325374493703e+01
6.013084209285658233e+01
5.998383578098731306e+01
5.889722271055361347e+01
5.653199416853126991e+01
5.275627015261004971e+01
4.772200752028484061e+01
4.187451754329136122e+01
3.587636357415807709e+01
3.045557990577997387e+01
2.622188109881225770e+01
2.351164101757205316e+01
2.231570697363740408e+01
2.231617229465314978e+01
2.301004024470513798e+01
2.385132662132784986e+01
2.434451901232333881e+01
2.407989688951916918e+01
2.275688891845334894e+01
2.024161502430228055e+01
1.666273556434723346e+01
1.251071715974709520e+01
8.685180988349312514e+00
6.424831006858506832e+00
7.063142852956479700e+00
1.160623747509692549e+01
2.022616828865402283e+01
3.185166569282364080e+01
4.405678913041204225e+01
5.338089267500707535e+01
5.609052294633450941e+01
4.924272060461685641e+01
3.175283974467985715e+01
5.067669052974473232e+00
-2.691175773693351658e+01
