-1.276611572082860135e+01
-3.757726285654425169e+01
-5.900641910035012927e+01
-7.461302451787001644e+01
-8.349975092109016828e+01
-8.633512750639059163e+01
-8.490130075434754531e+01
-8.141158461168912197e+01
-7.786237222940424374e+01
-7.560203303755616844e+01
-7.518048943871653478e+01
-7.644134490961219797e+01
-7.876172983566515029e+01
-8.133631370606353528e+01
-8.342529329934640714e+01
-8.452022146492814159e+01
-8.441552419812828134e+01
-8.320322209778825595e+01
-8.122243956852805979e+01
-7.898524877704471692e+01
-7.707942712327843537e+01
-7.604328441711842856e+01
-7.622789536665997900e+01
-7.768739918187475268e+01
-8.013878504922978152e+01
-8.300343442224890111e+01
-8.550831438949654739e+01
-8.681191898421714370e+01
-8.613050320202951582e+01
-8.285313107253293197e+01
-7.663314154412675805e+01
-6.743568526269899621e+01
-5.552597046248448009e+01
-4.140626733897371281e+01
-2.573133741819055587e+01
-9.229263586205664893e+00
7.366731153063243553e+00
2.338296125377739187e+01
3.826632345401719704e+01
5.162771036730836016e+01
6.325148763345759306e+01
7.306731570509671769e+01
8.109995624099764200e+01
8.742548750223076581e+01
9.215717205340091311e+01
9.546147413656795777e+01
9.757861734636536255e+01
9.881211946326131113e+01
9.946936840162716464e+01
9.977212747946725813e+01
9.978502799615600338e+01
9.940688883360152772e+01
9.843450912134693453e+01
9.666623281305703586e+01
9.399070182853510858e+01
9.041810672422647599e+01
8.604964775804734245e+01
8.101911793650049276e+01
7.545048210871304661e+01
6.945418662452489400e+01
6.315570100662473862e+01
5.673320087544315982e+01
5.043791363971989483e+01
4.457410800507214077e+01
3.943011820916132137e+01
3.518136741979033388e+01
3.181460627109898454e+01
2.912278738440355497e+01
2.678589704148143724e+01
2.450433720276814853e+01
2.211673985392088682e+01
1.963806439013441363e+01
1.720108127318805202e+01
1.494434559618705549e+01
1.291681129405522199e+01
1.104785641668565610e+01
9.188417370309236887e+00
7.195656048931748039e+00
5.016183757108356289e+00
2.718964036343745061e+00
4.494064898837175637e-01
-1.675777930136904459e+00
-3.668050673434777309e+00
-5.694455604204158305e+00
-8.013305926766197018e+00
-1.085469799144531855e+01
-1.430772151160647176e+01
-1.826395925766402684e+01
-2.243738184106735645e+01
-2.645274138578210810e+01
-2.997207782289713052e+01
-3.281280557938224263e+01
-3.501013092942311289e+01
-3.679941768090614573e+01
-3.853115836434892572e+01
-4.055848072771052415e+01
-4.313834630765148859e+01
-4.636972105029541780e+01
-5.017588848369806698e+01
-5.433217435303654952e+01
-5.853255519530900131e+01
-6.247243224145630336e+01
-6.591536529347189344e+01
-6.872203132787582547e+01
-7.084176184070790327e+01
-7.228428127290747796e+01
-7.309372545795299914e+01
-7.333845954950440671e+01
-7.311339429373998655e+01
-7.253859794466245603e+01
-7.174298353996945821e+01
-7.084240354455845079e+01
-6.993369733951396938e+01
-6.911195648079558396e+01
-6.849214308460445011e+01
-6.820815694922011119e+01
-6.837998338386893238e+01
-6.906505714836649190e+01
-7.022531399367017002e+01
-7.173763706057364686e+01
-7.345128971644255955e+01
-7.526341825680302122e+01
-7.716498024866527317e+01
-7.921859797421552685e+01
-8.146311223698297965e+01
-8.378069822208128414e+01
-8.578867245481603732e+01
-8.681191898421714370e+01
-8.595813648284075725e+01
-8.228167322230554248e+01
-7.499881604488422226e+01
-6.370314640045209842e+01
-4.851873008569971546e+01
-3.013423368670600055e+01
-9.693414628212412509e+00
1.143241272063998792e+01
3.191844952635674559e+01
5.071690629623398650e+01
6.717622117794989833e+01
8.103447237499833022e+01
9.232364808375068321e+01
1.012430091541145742e+02
1.080510947036828213e+02
1.130039059648603796e+02
1.163422125739332103e+02
1.183066356609840852e+02
1.191464659929389427e+02
1.191022314735019307e+02
1.183761012701775428e+02
1.171254319537764843e+02
1.154973598820569975e+02
1.136799239481813260e+02
1.119186063189889069e+02
1.104623310594237608e+02
1.094501263093529246e+02
1.087960869992497521e+02
1.081429384979771982e+02
1.069227033315959687e+02
1.045085292279560605e+02
1.003998632574401455e+02
9.437372611729074379e+01
8.655606830717890432e+01
7.740370734372118022e+01
6.761619363745060696e+01
5.800361680194050251e+01
4.933195836139073265e+01
4.217214720346817103e+01
3.678992686694476077e+01
3.311059906885849102e+01
3.076776385514247636e+01
2.921377751007558032e+01
2.785354495121421081e+01
2.616847991854802302e+01
2.381119566346136196e+01
2.065978753884759911e+01
1.682317223630837333e+01
1.259463130592172675e+01
8.363590116855236900e+00
4.509812498177502960e+00
1.309875137450914551e+00
-1.121169235627902161e+00
-2.844847068307173821e+00
-4.076875325461712052e+00
-5.139921952011683004e+00
-6.401760557958587228e+00
-8.202638628009118804e+00
-1.077719529818442012e+01
-1.418983496964619739e+01
-1.831215017510405829e+01
-2.285891038703183753e+01
-2.747074758002555228e+01
-3.180948995877163199e+01
-3.563101417021042039e+01
-3.881782126139910361e+01
-4.137558405116315186e+01
-4.341051280634786735e+01
-4.510158129268273086e+01
-4.666890573737081382e+01
-4.833075347106924369e+01
-5.024831681237518666e+01
-5.247438623182213746e+01
-5.493049820233181180e+01
-5.742738903096924474e+01
-5.972434603689185906e+01
-6.160661540044142725e+01
-6.295322010736065721e+01
-6.377263269853262528e+01
-6.419607011479632774e+01
-6.443025084835983307e+01
-6.468306447645898061e+01
-6.508906432470303116e+01
-6.566958968134596830e+01
-6.635186369994636379e+01
-6.704048283227837146e+01
-6.770020670680904118e+01
-6.839852578598186028e+01
-6.928340059734446754e+01
-7.051491536464025955e+01
-7.219242404948398928e+01
-7.430893978445195103e+01
-7.674313248035205959e+01
-7.928704546737495207e+01
-8.170123779532812591e+01
-8.377817468792925126e+01
-8.538480947984231761e+01
-8.646041364552776542e+01
-8.696692349934376409e+01
-8.681191898421714370e+01
-8.577556150634731580e+01
-8.347210649472013699e+01
-7.937007378651576062e+01
-7.288356150451726023e+01
-6.352669293837458753e+01
-5.109568095177381508e+01
-3.582051295024299975e+01
-1.842503642265105057e+01
-5.575949794783308100e-02
1.791938271263992277e+01
3.419334873785338402e+01
4.779854222621143123e+01
5.829167873375185138e+01
6.578677684035132245e+01
7.083260158481078861e+01
7.418460336626604601e+01
7.655476686715310564e+01
7.842473758688194607e+01
7.997673166673578748e+01
8.114464366857860966e+01
8.173838673444375047e+01
8.157307326818349225e+01
8.055005689355226650e+01
7.867394737050871356e+01
7.602251844094851663e+01
7.269952106158565641e+01
6.879649759641586115e+01
6.437874311652412018e+01
5.949702680842625568e+01
5.421155017739305748e+01
4.860558970959137781e+01
4.277438633594560002e+01
3.679757598398435192e+01
3.072114172356715400e+01
