4.278322826072538021e+01
-2.358137213953243361e+01
-8.148690291191448409e+01
-1.247649309918061959e+02
-1.508326879659248334e+02
-1.606795897964136657e+02
-1.577448019128929104e+02
-1.463065839750715895e+02
-1.300381246042526868e+02
-1.111684949764314183e+02
-9.037453614339514729e+01
-6.725142536136074511e+01
-4.105228662118918237e+01
-1.137538887772671359e+01
2.142268699262798037e+01
5.616428243068387616e+01
9.108505806510694924e+01
1.242314114439251114e+02
1.538642149391975522e+02
1.787446041035079247e+02
1.982463244962166300e+02
2.123113172843017935e+02
2.213104659187958418e+02
2.258785759545907013e+02
2.267710731616102464e+02
2.247597655431179078e+02
2.205645082526764327e+02
2.148122262399115527e+02
2.080166799377163898e+02
2.005725589373774369e+02
1.927556859600686039e+02
1.847211598988222647e+02
1.764946207398052707e+02
1.679602050301930660e+02
1.588621183900582707e+02
1.488448084538991338e+02
1.375458477118131100e+02
1.247272265751544325e+02
1.104026848585935170e+02
9.490926050737851938e+01
7.888722540138653017e+01
6.316680676124337168e+01
4.859528227047827897e+01
3.585799470508248277e+01
2.534593476133794354e+01
1.710529746480484192e+01
1.087928966017357624e+01
6.225439786402915843e+00
2.666168219483701307e+00
-1.844446088400957251e-01
-2.564303223110293573e+00
-4.586731289185863147e+00
-6.312204206778233129e+00
-7.820474457971947402e+00
-9.247878160542015280e+00
-1.077915249126530739e+01
-1.260385704224236747e+01
-1.486023369485627654e+01
-1.759361480167832070e+01
-2.075073761108212977e+01
-2.421562857995505169e+01
-2.787255882378633487e+01
-3.166694067299476956e+01
-3.563416531087365513e+01
-3.988043702095484377e+01
-4.452297643380138936e+01
-4.961910933785402733e+01
-5.512184902681514131e+01
-6.088552225563583420e+01
-6.671524308953385685e+01
-7.242918370977281484e+01
-7.790086366765638104e+01
-8.306824504648680829e+01
-8.791852309570467128e+01
-9.246712344917099813e+01
-9.674583688743612697e+01
-1.008045821024066129e+02
-1.047200438288757880e+02
-1.085980602216064028e+02
-1.125598892058327749e+02
-1.167140719912562759e+02
-1.211260651972060316e+02
-1.257985890357659855e+02
-1.306689647427764953e+02
-1.356240663271375126e+02
-1.405308142108171126e+02
-1.452730859760096394e+02
-1.497722323372613289e+02
-1.539621047466555694e+02
-1.577062121621927133e+02
-1.606795897964136657e+02
-1.622687497393978333e+02
-1.615502109224350988e+02
-1.573889550843650511e+02
-1.486461487053401243e+02
-1.344464876412187664e+02
-1.144296040326317154e+02
-8.890984457080517700e+01
-5.889577995321485560e+01
-2.596456287923184902e+01
7.970719634427244848e+00
4.093592539724650692e+01
7.114652888577141709e+01
9.718973266798852251e+01
1.181258229162812370e+02
1.335200047675562871e+02
1.434215349552494274e+02
1.482998074511463926e+02
1.489392367044050332e+02
1.462969104826948978e+02
1.413405434060911716e+02
1.348986843019020512e+02
1.275570942944342221e+02
1.196214466852544547e+02
1.111446319241863989e+02
1.019984462188075724e+02
9.196319248543574076e+01
8.081435031449008477e+01
6.839373373232699294e+01
5.465704219253011331e+01
3.969336493182183290e+01
2.371945665659603719e+01
7.059026805159959395e+00
-9.883033047653960068e+00
-2.664928175752039508e+01
-4.276438256670526528e+01
-5.777702267747406495e+01
-7.130579658211411243e+01
-8.308208108522659074e+01
-9.297919670729905306e+01
-1.010158954956408763e+02
-1.073294544672497750e+02
-1.121283602348561601e+02
-1.156456799403090088e+02
-1.181113034647815994e+02
-1.197459616210543913e+02
-1.207660648904669074e+02
-1.213875873854684215e+02
-1.218249747646580943e+02
-1.222854142656123173e+02
-1.229584250194791366e+02
-1.240018422801654197e+02
-1.255274565572308774e+02
-1.275881622148688734e+02
-1.301663314189704010e+02
-1.331673473633937590e+02
-1.364293552383460906e+02
-1.397575554026239217e+02
-1.429762872704115466e+02
-1.459784260294309775e+02
-1.487509022754848331e+02
-1.513637015672615007e+02
-1.539177645418602083e+02
-1.564544209586383943e+02
-1.588426358281420789e+02
-1.606795897964136657e+02
-1.612515471671785861e+02
-1.595915344738822341e+02
-1.546350479046981832e+02
-1.454482793308552004e+02
-1.314690059834162810e+02
-1.126896324388553836e+02
-8.972695646223304777e+01
-6.375901028114153490e+01
-3.634946269842974687e+01
-9.206051253664384149e+00
1.607384782615986296e+01
3.822198573962724311e+01
5.644297098549721170e+01
7.045886744972580118e+01
8.045252538046381119e+01
8.693118379745459379e+01
9.055088536528778320e+01
9.194970423625140654e+01
9.162949387150938207e+01
8.990594454681493630e+01
8.692369789937117730e+01
8.271359249393532309e+01
7.725974000783293150e+01
7.055146275113506249e+01
6.261457960794179201e+01
5.353184832061197085e+01
4.346210423688023639e+01
3.265688342198630778e+01
2.146544871700105261e+01
1.032042043880991855e+01
-2.976731158362184715e-01
-9.913011903231009114e+00
-1.811485364519101893e+01
-2.461046004782375718e+01
-2.925397957051597331e+01
-3.204147905231436511e+01
-3.307551598464240783e+01
-3.251615988867551010e+01
-3.054091256924551701e+01
-2.732922720285223761e+01
-2.307325051721912956e+01
-1.800345486963167474e+01
-1.241064517690115565e+01
-6.646795687263342245e+00
-1.097876488033513454e+00
3.861968132537356269e+00
7.916193565419945344e+00
1.083974780391935866e+01
1.252358210709839170e+01
1.299454627885516800e+01
1.242219364652016367e+01
1.109430892233294230e+01
9.352895138914853135e+00
7.506201962968631847e+00
5.751264760378550278e+00
4.140014898742016669e+00
2.599293242414422167e+00
9.873286758179986577e-01
-8.429316133595463612e-01
-2.995685265832242372e+00
-5.508038199444351690e+00
-8.351555529076206241e+00
-1.145841340024325383e+01
-1.476295481232806495e+01
-1.823843890085272790e+01
-2.190696355796734451e+01
-2.581451621527935458e+01
-2.998520903711577290e+01
-3.438330714069245886e+01
-3.890701067225330689e+01
-4.341667568523080689e+01
-4.777827371087806796e+01
-5.189650732847562153e+01
-5.572423624915985840e+01
-5.925399042480344747e+01
-6.250792689067371555e+01
-6.553901534663542350e+01
-6.844349432122569965e+01
-7.137139528717546000e+01
-7.451750370260317879e+01
-7.808480597915503552e+01
-8.223107406810049724e+01
-8.702483448646174224e+01
-9.244007164492276729e+01
-9.840386637124623803e+01
-1.048777530538288545e+02
-1.119185547800374252e+02
-1.196577075614786168e+02
-1.281741909554640415e+02
-1.372964738053242968e+02
-1.464172538750307524e+02
-1.544144464744656773e+02
-1.597397329242037074e+02
-1.606795897964136657e+02
-1.557347100945722218e+02
-1.440162943417562360e+02
-1.255352630477881917e+02
-1.012793334003287953e+02
-7.303596609141587237e+01
-4.300357417096702761e+01
-1.330472089089988685e+01
1.445147220462877158e+01
3.942724428344088494e+01
6.157399052619596347e+01
8.145207294458273850e+01
9.997374629618892072e+01
