8.201074976931995053e+00
8.725412687466771899e+01
1.537588040218119261e+02
1.986487309838268800e+02
2.184996156875687348e+02
2.155766457004122003e+02
1.961480443637071005e+02
1.679929438873087690e+02
1.380882192725464392e+02
1.111338762613748941e+02
8.912346855383698596e+01
7.178706842150050704e+01
5.752681511890932597e+01
4.443251723467103886e+01
3.105973349684391849e+01
1.681085967767005585e+01
1.919751091703410850e+00
-1.284053258356891902e+01
-2.655061818887503478e+01
-3.847439120696064663e+01
-4.823014746900247474e+01
-5.579611616604886137e+01
-6.140599265276148344e+01
-6.540891409515461419e+01
-6.815450852046171804e+01
-6.993585726846967532e+01
-7.099169776090033679e+01
-7.154236870051467179e+01
-7.182284927052367607e+01
-7.208501514442014013e+01
-7.256270294998991233e+01
-7.341584648059662754e+01
-7.468385493929793029e+01
-7.627670847400493415e+01
-7.801487773329354525e+01
-7.970512700220531599e+01
-8.122216517814710812e+01
-8.256436773165522425e+01
-8.386264749396502793e+01
-8.533813092195342165e+01
-8.722326023949010221e+01
-8.967644690518329753e+01
-9.272219838792210567e+01
-9.623554334666269483e+01
-9.997246996515548290e+01
-1.036351071755672706e+02
-1.069517281678978691e+02
-1.097475285661750632e+02
-1.119841348480851195e+02
-1.137541105260794581e+02
-1.152305944502942054e+02
-1.165884122858395671e+02
-1.179258838155630116e+02
-1.192210097162418236e+02
-1.203455578238922214e+02
-1.211333379191973876e+02
-1.214692832361599670e+02
-1.213569888379299897e+02
-1.209384498973545448e+02
-1.204634250087820391e+02
-1.202212332536071813e+02
-1.204530664420517780e+02
-1.212624699875763810e+02
-1.225386456799352288e+02
-1.239039051645781058e+02
-1.246941130469269865e+02
-1.239790290069855700e+02
-1.206291838021936655e+02
-1.134377949563318992e+02
-1.013033016061053502e+02
-8.345929937394352294e+01
-5.970498714761129122e+01
-3.056215810787329445e+01
2.710410837027814157e+00
3.827342846605564119e+01
7.400450911856299285e+01
1.078558128810006025e+02
1.381693322125393024e+02
1.638675083738065439e+02
1.844897337581578256e+02
2.001001024654173648e+02
2.111230372880143022e+02
2.181675874010369114e+02
2.218864234753961853e+02
2.228899408165721923e+02
2.217095005669344516e+02
2.187883843108701569e+02
2.144790069761361906e+02
2.090362499264490737e+02
2.026116292932532303e+02
1.952609801689378060e+02
1.869725492339495077e+02
1.777088949351380052e+02
1.674480588791376192e+02
1.562127048733840411e+02
1.440853039512368241e+02
1.312155398613869011e+02
1.178278763695717686e+02
1.042304901214691597e+02
9.081601941874676243e+01
7.804049144529035686e+01
6.637430818054104975e+01
5.623204681625873036e+01
4.789860495271042851e+01
4.147457726052275007e+01
3.686056006068226054e+01
3.378724063669380939e+01
3.188086537724638703e+01
3.074075903054590597e+01
3.000374615482792251e+01
2.937980438208666101e+01
2.865716480604565675e+01
2.768607346743142017e+01
2.635617053593027492e+01
2.458269387995155597e+01
2.231007281499426398e+01
1.952840039969091279e+01
1.628623122689388936e+01
1.268331094495131062e+01
8.840814037846115525e+00
4.861740478284712452e+00
7.981014046896497405e-01
-3.363933433388698546e+00
-7.696733154563233370e+00
-1.230376690433729436e+01
-1.727984030974527485e+01
-2.267027638211115459e+01
-2.844160770326631393e+01
-3.447706778278989503e+01
-4.060560654820297088e+01
-4.665705581765389809e+01
-5.251578303525482738e+01
-5.814041920713012246e+01
-6.353792385417173705e+01
-6.871221769450893646e+01
-7.362495715961499343e+01
-7.819474016336614852e+01
-8.233158083753224332e+01
-8.598119059381942009e+01
-8.915367023892324028e+01
-9.192638247890431558e+01
-9.442585022664232497e+01
-9.680199977933840216e+01
-9.920939399825815030e+01
-1.018022059332039078e+02
-1.047331901538313730e+02
-1.081322289328356874e+02
-1.120419844240886391e+02
-1.163109473280746045e+02
-1.204750165616227378e+02
-1.236794844602752619e+02
-1.246941130469269865e+02
-1.220537969958944302e+02
-1.143194889285321949e+02
-1.004087237141520887e+02
-7.990589756335684513e+01
-5.325392475276407822e+01
-2.175623301092339545e+01
1.262492308845251365e+01
4.762143018790411020e+01
8.106119168921196660e+01
1.112041125583704257e+02
1.369287738051594943e+02
1.577467244909206272e+02
1.736814715900914337e+02
1.850840318312624220e+02
1.924576988615799280e+02
1.963381254847766115e+02
1.972370990552622914e+02
1.956293447338369162e+02
1.919547246767138802e+02
1.866199256925637826e+02
1.799972046520389029e+02
1.724204851871341759e+02
1.641744153720517261e+02
1.554711463556059527e+02
1.464182227419400988e+02
1.369941229110636414e+02
1.270541483871341342e+02
1.163802686031068845e+02
1.047677867777773031e+02
9.212311492628334975e+01
7.854164229039795941e+01
6.434119972761365602e+01
5.003754448917676712e+01
3.626218405579214732e+01
2.364198683171787962e+01
1.267821853079914973e+01
3.664711102345311389e+00
-3.335749040345890037e+00
-8.465635308164323192e+00
-1.201892563076412301e+01
-1.437461038730839746e+01
-1.592433625492437699e+01
-1.700385029313504148e+01
-1.784700388441281760e+01
-1.858177719765776459e+01
-1.927159139981442237e+01
-1.997814264120227890e+01
-2.080373449730478796e+01
-2.188184583713903919e+01
-2.332255151901562229e+01
-2.515439960402004260e+01
-2.730689647689698063e+01
-2.964889525271736659e+01
-3.206293002900171984e+01
-3.451534223418875058e+01
-3.708313175035712561e+01
-3.991871679904910764e+01
-4.316642389138211655e+01
-4.687324421305746824e+01
-5.094105043115509801e+01
-5.514434309822274116e+01
-5.920469531789300532e+01
-6.288971195369622080e+01
-6.609642198399018298e+01
-6.888563034248258532e+01
-7.145365277473543131e+01
-7.405513648041016950e+01
-7.691184487554184557e+01
-8.014405350723657762e+01
-8.374315674736105564e+01
-8.758166025254671183e+01
-9.144708640993874837e+01
-9.509116971840940380e+01
-9.829149170273770153e+01
-1.009181429261428775e+02
-1.029878626390202925e+02
-1.046850236849895026e+02
-1.063353536351475270e+02
-1.083273158344821923e+02
-1.109862279420576670e+02
-1.144217205196325580e+02
-1.183859652698111944e+02
-1.221869691817141472e+02
-1.246941130469269865e+02
-1.244571772732582673e+02
-1.199382180399560696e+02
-1.098250943996156792e+02
-9.335906234252132663e+01
-7.058372830697169320e+01
-4.243068207204086661e+01
-1.060388679131947143e+01
2.270977458167146779e+01
5.522381674300244470e+01
8.492969786571109125e+01
1.103830595085646991e+02
1.308486592981973331e+02
1.462941399799367730e+02
1.572533020540321900e+02
1.645959527897964279e+02
1.692493370061619089e+02
1.719209218181709105e+02
1.728726000587800513e+02
1.717914362468122249e+02
1.677952771577291742e+02
1.596013173688892266e+02
1.458614751914435033e+02
1.256206408286020348e+02
9.878655840565352264e+01
6.643941003324229655e+01
3.080519980222449306e+01
