-2.762710765334423257e+01
-4.662884360388017058e+01
-6.660524983165328194e+01
-8.787523541342123679e+01
-1.097635495658339977e+02
-1.307656929246693096e+02
-1.490483110669791245e+02
-1.630261496786926330e+02
-1.717979987217486268e+02
-1.753331553893433750e+02
-1.744063465646646307e+02
-1.703502469797766423e+02
-1.647236790413067524e+02
-1.589884133405413706e+02
-1.542638702124014571e+02
-1.512003183258937611e+02
-1.499809088163112847e+02
-1.504306294990063861e+02
-1.521831857473435150e+02
-1.548465679077231130e+02
-1.581183903078158437e+02
-1.618276539005282189e+02
-1.659111892189063440e+02
-1.703569735119960455e+02
-1.751496973952231997e+02
-1.802384027525026227e+02
-1.855283660547744660e+02
-1.908913217080252309e+02
-1.961869821467313102e+02
-2.012878133389557718e+02
-2.060972140699853696e+02
-2.105531614350299208e+02
-2.146175523033947456e+02
-2.182605385896031578e+02
-2.214508635648220434e+02
-2.241564191001193649e+02
-2.263511253519268109e+02
-2.280216185797858657e+02
-2.291700882864061555e+02
-2.298141834198474669e+02
-2.299876701456514638e+02
-2.297429816970479237e+02
-2.291507723832429235e+02
-2.282913172167569940e+02
-2.272409792602263963e+02
-2.260634602315711277e+02
-2.248118285821131224e+02
-2.235388289133838100e+02
-2.223083080156290237e+02
-2.212003211403135197e+02
-2.203044148180113950e+02
-2.197005128822630127e+02
-2.194334637545626663e+02
-2.194909374290484720e+02
-2.197935274644875960e+02
-2.202030044275088017e+02
-2.205511798605434137e+02
-2.206874551148135595e+02
-2.205368353138805730e+02
-2.201521761363906933e+02
-2.197383468888383504e+02
-2.196263671708275353e+02
-2.201826513506287597e+02
-2.216489262499620168e+02
-2.239228189784670064e+02
-2.263151418911905921e+02
-2.273583260702350231e+02
-2.247696466274155966e+02
-2.156596469400539888e+02
-1.970060012491551049e+02
-1.663075982045715477e+02
-1.222417960391390181e+02
-6.511823755554998172e+01
3.024375411372847822e+00
7.871547311815339754e+01
1.576497810664199051e+02
2.354028327972193608e+02
3.080744136511741544e+02
3.727310110161014336e+02
4.276052416291349800e+02
4.720781567346955399e+02
5.065045520139150312e+02
5.319497210052850278e+02
5.498985698613987552e+02
5.619828670445116359e+02
5.697572026571671131e+02
5.745417136626230104e+02
5.773379517470826841e+02
5.788118711490628812e+02
5.793271036886130787e+02
5.790086195107397771e+02
5.778227844443714503e+02
5.756646060324339942e+02
5.724376377587855131e+02
5.681034517336966019e+02
5.626815907693868439e+02
5.562028765242525878e+02
5.486449980458910431e+02
5.398880103259230054e+02
5.297115197829139106e+02
5.178288162410303812e+02
5.039355470106746679e+02
4.877501066681869588e+02
4.690364301360394848e+02
4.476198093311024877e+02
4.234217742872848476e+02
3.965354364795038009e+02
3.673302973600499399e+02
3.365337304287608049e+02
3.052225500941673317e+02
2.746931679062689113e+02
2.462419092175238973e+02
2.209319603742232232e+02
1.994218515609464362e+02
1.818945443633913897e+02
1.680874622166796257e+02
1.574000111698080104e+02
1.490446850203941267e+02
1.422035689916700392e+02
1.361518034740238079e+02
1.303187415901122392e+02
1.242823277593896876e+02
1.177247233020694495e+02
1.103937737161198669e+02
1.021001636824330205e+02
9.274692807441698505e+01
8.236444588576691217e+01
7.112359782178243961e+01
5.931293056276416564e+01
4.728029700179331485e+01
3.535377751211552777e+01
2.376777985887591171e+01
1.261975741815709284e+01
1.871007187793793491e+00
-8.609228018477750766e+00
-1.896897381427035612e+01
-2.929165737204095876e+01
-3.953774514291606579e+01
-4.953502252504932812e+01
-5.902320295390956062e+01
-6.773528455615362986e+01
-7.548417727112891384e+01
-8.222488677067386220e+01
-8.807533954385783659e+01
-9.329207310206172110e+01
-9.820606926272719761e+01
-1.031341508340015878e+02
-1.082933907601873500e+02
-1.137482661798837569e+02
-1.194051957418413110e+02
-1.250476839536267732e+02
-1.303938793232682372e+02
-1.351603974139912623e+02
-1.391245190694345126e+02
-1.421825737222150394e+02
-1.443991489705886977e+02
-1.460308949795449678e+02
-1.475025196711208935e+02
-1.493240281832720768e+02
-1.519632417882428683e+02
-1.557083806554162777e+02
-1.605620689008885336e+02
-1.662044703468475007e+02
-1.720533496072800688e+02
-1.774281065498209102e+02
-1.817875819306689493e+02
-1.849655329123760055e+02
-1.873006318511533266e+02
-1.895794021901725444e+02
-1.927809769439321883e+02
-1.976936333274249762e+02
-2.045190763620769587e+02
-2.125767922037273081e+02
-2.201867334449043199e+02
-2.247696466274155966e+02
-2.231697768631163115e+02
-2.121701368673314789e+02
-1.891319651736137928e+02
-1.526293494063467335e+02
-1.029139002654560500e+02
-4.205076199272409099e+01
2.635345732430661769e+01
9.777702149011543042e+01
1.675864608200708119e+02
2.317886687806283135e+02
2.875457155714647115e+02
3.333724789252629535e+02
3.690464510571133587e+02
3.953229752129116150e+02
4.135621684259607491e+02
4.253590685946435315e+02
4.322440402808209683e+02
4.354911002570715937e+02
4.360410999436721795e+02
4.345200960145683666e+02
4.313157184074211727e+02
4.266702495436408071e+02
4.207592570179612039e+02
4.137420338896309886e+02
4.057834157341193304e+02
3.970503303916005962e+02
3.876861874726599808e+02
3.777698206326723493e+02
3.672728596410128148e+02
3.560333780373132413e+02
3.437603621043696194e+02
3.300745302243107062e+02
3.145792307997878083e+02
2.969431168815008277e+02
2.769690813895166457e+02
2.546283785286048271e+02
2.300558765058368067e+02
2.035213870761470218e+02
1.753992358993011464e+02
1.461512797125608643e+02
1.163254631673680137e+02
8.655955774846543704e+01
5.757245070558953159e+01
3.012808531399100787e+01
4.969445864300276128e+00
-1.726637728154586426e+01
-3.613449730546798122e+01
-5.145290423789167988e+01
-6.334155912575232605e+01
-7.221548691721469027e+01
-7.872621551186772137e+01
-8.366117250503401692e+01
-8.782362258200694782e+01
-9.192122863035993419e+01
-9.648862940778047914e+01
-1.018587174395986494e+02
-1.081811965756178608e+02
-1.154703744783738131e+02
-1.236538236872655006e+02
-1.325983447126599799e+02
-1.421105114555286661e+02
-1.519303561482137752e+02
-1.617409932100809442e+02
-1.712050667051356072e+02
-1.800231447613078899e+02
-1.879956204240724560e+02
-1.950616880906094934e+02
-2.012948292022425676e+02
-2.068546283345043548e+02
-2.119149754555087384e+02
-2.165950641531251506e+02
-2.209128554776226849e+02
-2.247696466274155682e+02
-2.279651127785684253e+02
-2.302358620170422796e+02
-2.313080680563513454e+02
-2.309585562416561402e+02
-2.290866478815008236e+02
-2.258009019159489412e+02
-2.215104333599823008e+02
-2.169821117574630591e+02
-2.133026609266434264e+02
-2.116946353306936999e+02
-2.131879389066006638e+02
-2.182291218784139915e+02
-2.263849270864205039e+02
-2.363145965467106180e+02
