-8.060940294425481056e+01
-4.858542301399958063e+01
-2.234045354909361691e+01
-6.035852618254153867e+00
-1.221169356768470493e+00
-6.811191051850485678e+00
-1.985546993060473397e+01
-3.667370357675471126e+01
-5.391864335037112710e+01
-6.927812013557107207e+01
-8.172052012739970905e+01
-9.134596608383057514e+01
-9.899402307582975880e+01
-1.057752880085800626e+02
-1.126612546563506640e+02
-1.202169583175919456e+02
-1.285132556705309526e+02
-1.372091710103439937e+02
-1.457492277546080004e+02
-1.535921995151809369e+02
-1.603915088991892617e+02
-1.660775482760927275e+02
-1.708307784899043611e+02
-1.749703248439563765e+02
-1.788101337202781451e+02
-1.825438774570774001e+02
-1.862016403574480137e+02
-1.896832945109792661e+02
-1.928394775373261893e+02
-1.955595882688656957e+02
-1.978345602451042282e+02
-1.997773941640378723e+02
-2.015986165396999752e+02
-2.035450157746968216e+02
-2.058183715840584114e+02
-2.084976362424911258e+02
-2.114914452938473914e+02
-2.145427216440582754e+02
-2.172924037956333621e+02
-2.193904406677385168e+02
-2.206253811523088189e+02
-2.210343692872911276e+02
-2.209567737059640535e+02
-2.210035937342121315e+02
-2.219240655825057047e+02
-2.243636746268283844e+02
-2.285358373417437292e+02
-2.338739571043885519e+02
-2.387745318189369641e+02
-2.405601498624279202e+02
-2.357594445948759585e+02
-2.207101835604938458e+02
-1.923670040269908839e+02
-1.490947113961686341e+02
-9.120479990618284205e+01
-2.106074738895592446e+01
5.729003927173741317e+01
1.388532116462794477e+02
2.185833675934501912e+02
2.922012797356586589e+02
3.567464525326766989e+02
4.107772462862310476e+02
4.542340709992308803e+02
4.880619402315949173e+02
5.137333037229417414e+02
5.328106181981879672e+02
5.466432336931009104e+02
5.562300058208721794e+02
5.622276266241213989e+02
5.650564902758131893e+02
5.650452112234167998e+02
5.625555886315435146e+02
5.580432037226260036e+02
5.520359622586430532e+02
5.450458020778826267e+02
5.374541961078780332e+02
5.294203456657329525e+02
5.208490888814289974e+02
5.114279115273553202e+02
5.007125283730640035e+02
4.882248997351250637e+02
4.735333569601856425e+02
4.563053535399917564e+02
4.363446087454914846e+02
4.136297309473924315e+02
3.883552176801517248e+02
3.609542616334972536e+02
3.320806903364756408e+02
3.025487004571068610e+02
2.732518415511556213e+02
2.450855762310827117e+02
2.188828912441138925e+02
1.953578710234322102e+02
1.750495426070530129e+02
1.582657523022544410e+02
1.450369731511650286e+02
1.350960353908747891e+02
1.278978429532833587e+02
1.226849302579823302e+02
1.185943502448685223e+02
1.147891117427527803e+02
1.105850935934327879e+02
1.055406608393119683e+02
9.948573854199332800e+01
9.248510092694296247e+01
8.475166489441531326e+01
7.654375577217355442e+01
6.808447416448836975e+01
5.952500144815843441e+01
5.094684812269649399e+01
4.237964940982789130e+01
3.381212870857171993e+01
2.518985186766305162e+01
1.641085389348613433e+01
7.337370489861399392e+00
-2.165100625478856955e+00
-1.216738819756955081e+01
-2.261862747596407530e+01
-3.332088774977725620e+01
-4.395566831853858503e+01
-5.415855526483539961e+01
-6.361678362771806405e+01
-7.215388240950571230e+01
-7.976850922970939450e+01
-8.661127782620584981e+01
-9.290978210073438959e+01
-9.887462963033439678e+01
-1.046247196947344094e+02
-1.101584756467970294e+02
-1.153788752041178327e+02
-1.201601589823634413e+02
-1.244262806105285790e+02
-1.282043261978117812e+02
-1.316293487491631140e+02
-1.349034682333002593e+02
-1.382320564374336413e+02
-1.417636467052439002e+02
-1.455540713598420552e+02
-1.495656149633297787e+02
-1.536990359015847503e+02
-1.578435982274076537e+02
-1.619252589422677602e+02
-1.659360642783008188e+02
-1.699323489251400474e+02
-1.739982965546560081e+02
-1.781916654507365365e+02
-1.825075136514822134e+02
-1.868903353665423879e+02
-1.912950935230126674e+02
-1.957666738375476143e+02
-2.004929242292089953e+02
-2.057898240911836183e+02
-2.119930996912478349e+02
-2.192544823663765214e+02
-2.272715773044344587e+02
-2.350163942313577081e+02
-2.405601498624279202e+02
-2.411038127821902890e+02
-2.332965568849389228e+02
-2.138489139013357772e+02
-1.803215921288150980e+02
-1.318698041620172603e+02
-6.969328340830304569e+01
2.984799079740341199e+00
8.143652132507494912e+01
1.603060440452983642e+02
2.345895209304572120e+02
3.004427679357062857e+02
3.556210686559654164e+02
3.994959128994555613e+02
4.327308843566993914e+02
4.567792133378085850e+02
4.733720916572667647e+02
4.841207873468713387e+02
4.902907715732129077e+02
4.927466548908017785e+02
4.920243036345457881e+02
4.884660804602129360e+02
4.823567502214306728e+02
4.740161541698661267e+02
4.638317451533901590e+02
4.522384826524547634e+02
4.396659263559565716e+02
4.264718912039962788e+02
4.128764897180783464e+02
3.989077851299791178e+02
3.843728463656856889e+02
3.688703363318238644e+02
3.518538914593710274e+02
3.327384800291377474e+02
3.110252950470788846e+02
2.864146663875669674e+02
2.588817551729082425e+02
2.287022399164728483e+02
1.964303595650449381e+02
1.628441110211970511e+02
1.288763458824709858e+02
9.554379308959245520e+01
6.387404940797057407e+01
3.482438923538526154e+01
9.191140806144126429e+00
-1.248182573133410855e+01
-2.997870257624614965e+01
-4.344892819536341477e+01
-5.338482741992074665e+01
-6.053327840092900658e+01
-6.575875049214015178e+01
-6.989567084668939856e+01
-7.363496219436267154e+01
-7.747688207043745479e+01
-8.175260014393720098e+01
-8.668479892683441790e+01
-9.244270979299004409e+01
-9.915992198800188362e+01
-1.069140555473325236e+02
-1.156919432323889652e+02
-1.253675282503773190e+02
-1.357080455330172128e+02
-1.464095670240922971e+02
-1.571504658683768412e+02
-1.676427261096401651e+02
-1.776628628841810098e+02
-1.870586037036341907e+02
-1.957414067832153250e+02
-2.036748118194698804e+02
-2.108610110800697157e+02
-2.173272848757613360e+02
-2.231170701298133281e+02
-2.282856442221943212e+02
-2.328921649195760324e+02
-2.369815035460750323e+02
-2.405601498624279202e+02
-2.435793209669391786e+02
-2.459393902074741618e+02
-2.475222577518528624e+02
-2.482442156948223158e+02
-2.481080124787378054e+02
-2.472281664331733282e+02
-2.458128273489287494e+02
-2.441050886694570465e+02
-2.423063008987968487e+02
-2.405136014139139320e+02
-2.386989142632734513e+02
-2.367385092538561082e+02
-2.344786400725481030e+02
-2.318058243661428435e+02
-2.286895106136683182e+02
-2.251805228979382605e+02
-2.213708217407961456e+02
-2.173360176752953237e+02
-2.130874493665023408e+02
-2.085603392251730384e+02
-2.036591221193205286e+02
-1.983618535681341086e+02
-1.928514567044514934e+02
-1.876104430264601888e+02
-1.834107477297811499e+02
-1.811605340448269601e+02
-1.816269248692197209e+02
-1.851183435404055899e+02
-1.912566909224793505e+02
-1.989666298334024930e+02
