1.910854661413175393e+01
4.565036815947370030e+01
6.589527725475255693e+01
7.559363763304165218e+01
7.367876669545721313e+01
6.219410847361588424e+01
4.519045590000351353e+01
2.717940942753676126e+01
1.177039187532096776e+01
9.028995413071392306e-01
-5.229757050943319996e+00
-7.732845031961481652e+00
-8.328869228643473122e+00
-8.710108076161816371e+00
-1.008877144305996509e+01
-1.300174654929132245e+01
-1.735439711781012306e+01
-2.264002706469567983e+01
-2.823654132606635514e+01
-3.367077350363095434e+01
-3.876830059658712457e+01
-4.366374415065932624e+01
-4.870230996215008190e+01
-5.428994393636299520e+01
-6.074581358582783253e+01
-6.819517576083447352e+01
-7.652634769350848387e+01
-8.542032091501393154e+01
-9.444046066682578555e+01
-1.031499331988402304e+02
-1.112196333969303623e+02
-1.184996158150549661e+02
-1.250386774140007446e+02
-1.310445417494462959e+02
-1.367912378542098679e+02
-1.425047932478509836e+02
-1.482760724015061271e+02
-1.540400453293426608e+02
-1.596264448866388932e+02
-1.648502433945521091e+02
-1.695936009531277193e+02
-1.738431184320004377e+02
-1.776767012983931693e+02
-1.812185285777092645e+02
-1.845862962697530634e+02
-1.878501837502819001e+02
-1.910161020318272165e+02
-1.940377169336385634e+02
-1.968526613761205795e+02
-1.994271168952516575e+02
-2.017834566294235685e+02
-2.039918291555946155e+02
-2.061313105063122464e+02
-2.082475891398372312e+02
-2.103316523661132749e+02
-2.123246785698365784e+02
-2.141400967236683357e+02
-2.156936213478128934e+02
-2.169367827291665378e+02
-2.178893141809186318e+02
-2.186615282024481530e+02
-2.194540003741168732e+02
-2.205238144033772585e+02
-2.221188846485274837e+02
-2.243990956793199700e+02
-2.273749407630381540e+02
-2.308964443738786372e+02
-2.347115464201083910e+02
-2.385784937415029958e+02
-2.423765251514583952e+02
-2.461475926748651091e+02
-2.500387056743709593e+02
-2.541775849508215970e+02
-2.585540831895991118e+02
-2.629669072559282768e+02
-2.670477696086636570e+02
-2.703326537854297840e+02
-2.723323923528454884e+02
-2.725588740681097306e+02
-2.704851351454916539e+02
-2.654583511894671801e+02
-2.566295352421249163e+02
-2.429761981278095391e+02
-2.234516932747736462e+02
-1.972236310361078040e+02
-1.639166775166670504e+02
-1.237774232188304353e+02
-7.771446867323608387e+01
-2.720808541638207245e+01
2.588563796914991144e+01
7.959389647928044553e+01
1.320964259299938988e+02
1.819463421345320171e+02
2.281924206224559271e+02
2.703772458632216171e+02
3.084191854401567525e+02
3.424225391667479244e+02
3.724874672852854474e+02
3.985895679465772901e+02
4.205654495822320769e+02
4.381976366931965572e+02
4.513598678575594931e+02
4.601642683421671904e+02
4.650452266370531902e+02
4.667313924068699862e+02
4.660994641470140323e+02
4.639518172339164153e+02
4.607914140850482454e+02
4.566723830836936031e+02
4.511811472361491724e+02
4.435566976095199152e+02
4.329111766300898694e+02
4.184867014873725566e+02
3.998837546601529311e+02
3.772072076463011854e+02
3.510926539873961474e+02
3.226040356317985811e+02
2.930312121486678620e+02
2.636476496998485572e+02
2.355010541861757929e+02
2.092980153150962508e+02
1.854058819909934357e+02
1.639448667398928308e+02
1.449102487135623676e+02
1.282654408555257532e+02
1.139729729405296155e+02
1.019646669477389764e+02
9.207923756748735400e+01
8.400647979985276947e+01
7.727455163391165627e+01
7.130393675218866179e+01
6.552479520991033723e+01
5.951888492148812304e+01
5.312559515098443796e+01
4.646195388685375605e+01
3.984321121688369516e+01
3.363204804173420825e+01
2.807081036082454517e+01
2.315566364884728756e+01
1.859815168469497237e+01
1.389198268985334472e+01
8.464989400902300787e+00
1.862787126748648436e+00
-6.101512293919130414e+00
-1.528608822705709258e+01
-2.527302181253773128e+01
-3.551477147691224445e+01
-4.550887498891606953e+01
-5.492116339879187592e+01
-6.361034356882638008e+01
-7.156607768431398142e+01
-7.882162271042400903e+01
-8.540913762581389790e+01
-9.138503770857897734e+01
-9.689534637695118136e+01
-1.022205223566910632e+02
-1.077517055971119220e+02
-1.138899579168976004e+02
-1.209040384503284997e+02
-1.288098591381275924e+02
-1.373284621054223464e+02
-1.459411422630968787e+02
-1.540170107657926621e+02
-1.609654968171016094e+02
-1.663667379276350857e+02
-1.700473258649809338e+02
-1.720928220211220889e+02
-1.728135210118759346e+02
-1.726876654621917453e+02
-1.722914649053552409e+02
-1.722095665988263136e+02
-1.729241450200200347e+02
-1.747018206097726534e+02
-1.775168552818039700e+02
-1.810494885651448840e+02
-1.847745323769443928e+02
-1.881207857939202199e+02
-1.906545557837758338e+02
-1.922261824294896257e+02
-1.930214124429336380e+02
-1.934909805933424423e+02
-1.941867720455189215e+02
-1.955784708872592432e+02
-1.979272393256350995e+02
-2.012518902490648998e+02
-2.053718628456481383e+02
-2.099863566845312448e+02
-2.147554152107020968e+02
-2.193647757185216847e+02
-2.235686478765425704e+02
-2.272199258324421010e+02
-2.303111886971803131e+02
-2.330356554633329722e+02
-2.358294469601933088e+02
-2.393181396821565272e+02
-2.441132273698554513e+02
-2.504892240157793140e+02
-2.580630813529643319e+02
-2.656280132942371210e+02
-2.712410831658506822e+02
-2.725588740681097306e+02
-2.673152953015520552e+02
-2.537889525042143077e+02
-2.311282528390780442e+02
-1.994674387129398099e+02
-1.598403460097441666e+02
-1.139499826701378424e+02
-6.386508481046158181e+01
-1.170468945238761194e+01
4.063267065571409375e+01
9.164055749657711658e+01
1.402489461944740867e+02
1.857602212402678106e+02
2.277276524977700092e+02
2.658284944801223446e+02
2.997716795745681679e+02
3.292657526031339330e+02
3.540486997310931656e+02
3.739512356037076302e+02
3.889528508501443298e+02
3.992068325126019204e+02
4.050378105689415520e+02
4.069272303343063868e+02
4.054907302346616689e+02
4.014314497211319690e+02
3.954498044537743908e+02
3.881145172733313871e+02
3.797333907113674059e+02
3.702756797481972626e+02
3.593822287076587827e+02
3.464682857694323275e+02
3.308915321345882035e+02
3.121365244357278925e+02
2.899687414706274353e+02
2.645327759505744325e+02
2.363867894308554582e+02
2.064670053905756788e+02
1.759767975986427757e+02
1.462108656891201974e+02
1.183493154919220416e+02
9.327237727494548380e+01
7.144525495790709613e+01
5.290475593111332131e+01
3.735204074292984444e+01
2.432511550324056770e+01
1.339223720875146739e+01
4.288793275209858535e+00
-3.055663839044022723e+00
-8.590440559736649107e+00
-1.225675899974348226e+01
-1.408369947495662444e+01
-1.424761797563495946e+01
-1.310359029666706476e+01
-1.119738018598428653e+01
-9.254213049216019726e+00
-8.136008376746374893e+00
-8.759419941397780462e+00
-1.196177827317418263e+01
-1.830384436817340088e+01
-2.783590874210543831e+01
-3.991978305042000841e+01
-5.323290671420960507e+01
