-4.406932207891700415e+01
-5.604366248571878373e+01
-6.716886634765589292e+01
-7.678782960765362020e+01
-8.457340113321311037e+01
-9.057420221539487670e+01
-9.516676722647324027e+01
-9.892673128843838981e+01
-1.024497575051185407e+02
-1.061791901362808090e+02
-1.103066246467458171e+02
-1.147828165570536356e+02
-1.194242041369638940e+02
-1.240596670496318694e+02
-1.286500764317057701e+02
-1.333231565927224551e+02
-1.382936829370291321e+02
-1.436851896583382029e+02
-1.493187904572117759e+02
-1.545571160950880198e+02
-1.582718066897818119e+02
-1.589578844272674303e+02
-1.549767516486413115e+02
-1.448833708532950482e+02
-1.277715371057621354e+02
-1.035475967906329373e+02
-7.303922049952883810e+01
-3.789026994289118022e+01
-2.735748503883357330e-01
3.748306714514669125e+01
7.325476324510779591e+01
1.053916527310256299e+02
1.328701917306911184e+02
1.553087406044033685e+02
1.728532918707357169e+02
1.859731590054981893e+02
1.952401801377070569e+02
2.011697045350948940e+02
2.041651504998042981e+02
2.045507244421346513e+02
2.026370615472989414e+02
1.987669539996863080e+02
1.933223801148831456e+02
1.867036364193403983e+02
1.792952530649057223e+02
1.714258822140809286e+02
1.633304336989554031e+02
1.551276056255407525e+02
1.468214571250448159e+02
1.383253628165420253e+02
1.295006506030264575e+02
1.201996586629779245e+02
1.103015534413273144e+02
9.973530169074544460e+01
8.849800048753999704e+01
7.668257680795986175e+01
6.451376631409185336e+01
5.236598845429614357e+01
4.072732498393666845e+01
3.009532498606028383e+01
2.083266083678051217e+01
1.304660755210243295e+01
6.558459612873006606e+00
9.868566555936020279e-01
-4.094966697435030056e+00
-9.007195454885664532e+00
-1.388191647933761885e+01
-1.866859986132178761e+01
-2.320198459734968921e+01
-2.729533804621933513e+01
-3.082661503029468975e+01
-3.379025546830838778e+01
-3.629636263540864149e+01
-3.852163100019468800e+01
-4.064286996351590631e+01
-4.278949376890219014e+01
-4.502884333989286603e+01
-4.737115989930390469e+01
-4.977679177564975532e+01
-5.216708752535705429e+01
-5.445588008411328929e+01
-5.660662113271053641e+01
-5.868913883811814003e+01
-6.089355530898565405e+01
-6.347783927517762237e+01
-6.666565063248063439e+01
-7.054286434232406577e+01
-7.500442817685033958e+01
-7.977527163667890875e+01
-8.448699366046633941e+01
-8.876724998646385245e+01
-9.230884672710466532e+01
-9.491359157511115541e+01
-9.652124174726006345e+01
-9.722771027401795152e+01
-9.728365524455837487e+01
-9.705912162617023853e+01
-9.696762597275652240e+01
-9.736392391172557836e+01
-9.845259787767496107e+01
-1.002486863186013295e+02
-1.026075692682397431e+02
-1.053045909379489871e+02
-1.081209303593524567e+02
-1.108961937054923368e+02
-1.135360431531954220e+02
-1.159933360393993098e+02
-1.182508390733728021e+02
-1.203205287714941392e+02
-1.222566587625806704e+02
-1.241711466709618890e+02
-1.262396427486416002e+02
-1.286897519223510926e+02
-1.317658567514914125e+02
-1.356653296522298433e+02
-1.404431722366834379e+02
-1.458973458118090321e+02
-1.514732859044236193e+02
-1.562387507132964117e+02
-1.589578844272674303e+02
-1.582480402948559117e+02
-1.527700593643905904e+02
-1.414058811819164134e+02
-1.234087199553403593e+02
-9.853914961974112430e+01
-6.719385926215289828e+01
-3.049449124100545561e+01
9.728950126510953922e+00
5.111509611233964279e+01
9.110877821338203830e+01
1.273889455158042949e+02
1.582670075654730510e+02
1.829342130656973211e+02
2.014865540054797748e+02
2.147312004951137681e+02
2.238465822871489479e+02
2.300093270146516033e+02
2.341049322052813011e+02
2.366005642987266242e+02
2.375910882818242271e+02
2.369639673239109641e+02
2.345930757560977327e+02
2.304788522045826937e+02
2.247972525125209131e+02
2.178739088454582600e+02
2.101243696226689224e+02
2.019862806038305223e+02
1.938452131114912618e+02
1.859540293396451887e+02
1.783633869834466452e+02
1.708934334985705448e+02
1.631694199714282263e+02
1.547228679345934381e+02
1.451366997015448419e+02
1.341936890157804783e+02
1.219792528568040524e+02
1.088991733035134075e+02
9.559898590944692387e+01
8.280585304220618070e+01
7.114462836904320397e+01
6.099242457420838548e+01
5.241957920607526233e+01
4.522746726190199240e+01
3.905719535785764407e+01
3.352427803392920680e+01
2.833421814841782549e+01
2.334560998197624215e+01
1.856609757526060989e+01
1.409016290047306086e+01
1.000986212180426627e+01
6.338733314713246081e+00
2.979527804096060883e+00
-2.548955398806924677e-01
-3.579626326035088013e+00
-7.160463114670342577e+00
-1.104968864192939471e+01
-1.515673060583097609e+01
-1.926459127591787990e+01
-2.308903516273458578e+01
-2.636355317501239526e+01
-2.892519615907390573e+01
-3.077599317851382210e+01
-3.209985362774050799e+01
-3.322697071862484819e+01
-3.455529219988371636e+01
-3.645298165600097207e+01
-3.917030730344913536e+01
-4.278446617472944524e+01
-4.719048396707568571e+01
-5.213841287453993800e+01
-5.730209710430396086e+01
-6.235332928321726342e+01
-6.701850340366590331e+01
-7.111176090359101920e+01
-7.455116331792366680e+01
-7.736264201168593502e+01
-7.967125987262414810e+01
-8.168222319560172195e+01
-8.365882856698746650e+01
-8.589866301959543193e+01
-8.869747389218056810e+01
-9.229071228812935601e+01
-9.678081504167123228e+01
-1.020778226408110498e+02
-1.078863482198597978e+02
-1.137592189754708301e+02
-1.192103470512074495e+02
-1.238497216063163080e+02
-1.274922643982896204e+02
-1.302060099570081206e+02
-1.322890772652953046e+02
-1.341843658193511146e+02
-1.363546202541939749e+02
-1.391511911624641584e+02
-1.427120153415439177e+02
-1.469102955829182520e+02
-1.513519208743886395e+02
-1.554059997815329552e+02
-1.582552262633957696e+02
-1.589578844272674303e+02
-1.565144459090573434e+02
-1.499399689493579615e+02
-1.383601198422899756e+02
-1.211501080677004296e+02
-9.810654587823361794e+01
-6.960346534649586658e+01
-3.667011100997091688e+01
-9.481870026940306673e-01
3.547863100095408129e+01
7.035768020299229875e+01
1.015919844954696316e+02
1.275482008747191145e+02
1.472758502415520923e+02
1.605831689903344568e+02
1.679545591368049600e+02
1.703468324298700054e+02
1.689412992149131583e+02
1.649285136080358996e+02
1.593626341386319325e+02
1.530808403175014973e+02
1.466729788361638498e+02
1.404946574120048410e+02
1.347108375659315413e+02
1.293389137536690328e+02
1.242643364616971411e+02
1.192380390097013532e+02
1.138970789062877742e+02
1.078404013864252704e+02
1.007478219072204126e+02
9.249335798099411932e+01
8.320257225974529547e+01
7.323059032662430923e+01
6.307014142085131425e+01
5.322411476041693135e+01
4.408897261001911971e+01
3.588862193925912436e+01
2.867513479354738237e+01
2.238305866009708467e+01
1.689957597257711086e+01
1.210841272748760211e+01
7.891315968511342760e+00
4.110148509777096670e+00
