-3.893607198414639470e+01
-7.108798453879674639e+01
-9.895144121369551726e+01
-1.193826688737227357e+02
-1.311240050113780740e+02
-1.348859082319337119e+02
-1.328516989446222283e+02
-1.278731631307430234e+02
-1.226637230563534473e+02
-1.192064377599616591e+02
-1.184663458269782552e+02
-1.203979675172038668e+02
-1.241811064690392783e+02
-1.285892223752020413e+02
-1.323876094720428398e+02
-1.346689528149384500e+02
-1.350558193051989520e+02
-1.337313746215020274e+02
-1.313022012568120829e+02
-1.285461808545697977e+02
-1.261375228606844132e+02
-1.244480480242533389e+02
-1.234894276013330483e+02
-1.229994180663352523e+02
-1.226163595110828197e+02
-1.220592375291751495e+02
-1.212456176582266778e+02
-1.203197807902285490e+02
-1.195986509452147999e+02
-1.194602757673059443e+02
-1.202078173507157857e+02
-1.219466129300050454e+02
-1.245039085594149100e+02
-1.274006199212700068e+02
-1.298697162792751101e+02
-1.309160882660559082e+02
-1.294168832112684697e+02
-1.242575930128084281e+02
-1.144902750910912772e+02
-9.949283227923423567e+01
-7.910272316869330211e+01
-5.369515681365486159e+01
-2.418066025500248983e+01
8.085289421468939253e+00
4.146210447875861149e+01
7.421672717259498597e+01
1.047154714954737216e+02
1.315985101804933493e+02
1.539267070900535543e+02
1.712762060134237458e+02
1.837429350467526774e+02
1.918347913876966118e+02
1.962745766516071058e+02
1.977817906453965975e+02
1.969122798311729525e+02
1.940041505724940691e+02
1.892291388445055986e+02
1.827096013663960434e+02
1.746452674116903268e+02
1.653967818721550884e+02
1.554868750977097420e+02
1.455050003402047025e+02
1.359412087584155984e+02
1.270183697944617762e+02
1.186088855210849005e+02
1.102886320103318525e+02
1.015090454105028073e+02
9.180912098942619082e+01
8.098491950588352495e+01
6.917171276813546399e+01
5.682939475268550211e+01
4.463775934707508952e+01
3.332026938964673235e+01
2.343879286559420194e+01
1.523019905116968431e+01
8.560023912851850270e+00
3.025226708674711773e+00
-1.838382257283960541e+00
-6.348450936366585751e+00
-1.057308061747688477e+01
-1.437670000190304798e+01
-1.757254227201783436e+01
-2.007921836074726940e+01
-2.198608715708924422e+01
-2.350263100347238066e+01
-2.484714141191832582e+01
-2.616218501333223401e+01
-2.751149881986792423e+01
-2.894323678876290984e+01
-3.055075781006644320e+01
-3.246694594173762027e+01
-3.478697939708380460e+01
-3.747756032586181618e+01
-4.034785534261916951e+01
-4.311873835979405101e+01
-4.556147795070225470e+01
-4.762816064165719609e+01
-4.949689270666946328e+01
-5.150546220750345583e+01
-5.401004563588680440e+01
-5.723761831746510609e+01
-6.119220490151613490e+01
-6.564647074231814372e+01
-7.022035699571839018e+01
-7.452030058845093663e+01
-7.828670213969176928e+01
-8.148713744870660491e+01
-8.431335400604484676e+01
-8.708490204692684244e+01
-9.010459977004832410e+01
-9.352836390166872604e+01
-9.730090680617097121e+01
-1.011784706738382482e+02
-1.048217046217524171e+02
-1.079118026778149471e+02
-1.102391749743067635e+02
-1.117388300747827117e+02
-1.124793549417535417e+02
-1.126283976138062286e+02
-1.124121861800157660e+02
-1.120740424224565714e+02
-1.118312445874027929e+02
-1.118336050671807556e+02
-1.121355458967225758e+02
-1.126970492828774013e+02
-1.134183762814551386e+02
-1.141928494639858656e+02
-1.149506715451868502e+02
-1.156773632118459290e+02
-1.164117834628568460e+02
-1.172375325510183757e+02
-1.182699214903046965e+02
-1.196282610202065371e+02
-1.213924778141846303e+02
-1.235649566233504260e+02
-1.260609841861569151e+02
-1.287236782459752362e+02
-1.313296389549262244e+02
-1.335525419102649494e+02
-1.348859082319337119e+02
-1.345683325972061084e+02
-1.315753178962145284e+02
-1.247254821181986557e+02
-1.129021788631688850e+02
-9.533776662904261912e+01
-7.187218859344068278e+01
-4.309492418060771968e+01
-1.031470225159756993e+01
2.463627437541853027e+01
5.969907890872482881e+01
9.289947692306351712e+01
1.226031890378287557e+02
1.476738468917527030e+02
1.675203324173050419e+02
1.820458474585700799e+02
1.915334654656256248e+02
1.965134705208552361e+02
1.976494285959691410e+02
1.956572850977872804e+02
1.912522608709832355e+02
1.851156427373524025e+02
1.778787162253395309e+02
1.701160453812324533e+02
1.623293586266223656e+02
1.549076721726586072e+02
1.480721765971550496e+02
1.418341793867482181e+02
1.359932433675615471e+02
1.301848891021757026e+02
1.239679814378620080e+02
1.169309268644279882e+02
1.087927152162508264e+02
9.947399295266069430e+01
8.911599504325315024e+01
7.804196989657725680e+01
6.668420413573646499e+01
5.551339049032745265e+01
4.499007891252024649e+01
3.553165364238217450e+01
2.748057089988727597e+01
2.107005294800713813e+01
1.639463834713862056e+01
1.339607849386473681e+01
1.187285004802626887e+01
1.151680573052082401e+01
1.197103620521170697e+01
1.289051092855090275e+01
1.398359781826624726e+01
1.502665436333734661e+01
1.586304455006995617e+01
1.640169205666510521e+01
1.661774491077286342e+01
1.654660186246364262e+01
1.626548048342983321e+01
1.587032722766079118e+01
1.546351858356645259e+01
1.515630769963475366e+01
1.506897237189390282e+01
1.530629280192815678e+01
1.590616265540407070e+01
1.678756830676350731e+01
1.773537016939256361e+01
1.844235012459049372e+01
1.859601123561984437e+01
1.797339686527910629e+01
1.650677197702498589e+01
1.429993237452473309e+01
1.159416358622633680e+01
8.699034624721216247e+00
5.915263771964647255e+00
3.476794466969251651e+00
1.525139907863215960e+00
1.147617853304669921e-01
-7.588192259243555782e-01
-1.124415567767185209e+00
-1.017761137976952668e+00
-4.962020990498441364e-01
3.249304401363648509e-01
1.243370969987561026e+00
1.972604702449340053e+00
2.180928801541904605e+00
1.557263372325678574e+00
-1.096194891254143045e-01
-2.855556829541662012e+00
-6.495911534726761971e+00
-1.064081590949286849e+01
-1.478269639990875461e+01
-1.843473223128344785e+01
-2.127242365488089604e+01
-2.322881872411350912e+01
-2.451615642905432679e+01
-2.557368663070448633e+01
-2.695584557354789723e+01
-2.918017237737227987e+01
-3.256587853947349487e+01
-3.711461073981489989e+01
-4.249461752960011296e+01
-4.816116101835591223e+01
-5.357767334246268831e+01
-5.843506649454029400e+01
-6.275817905626803395e+01
-6.685559829960881473e+01
-7.116248049354551597e+01
-7.607229686176337680e+01
-8.182677316110043364e+01
-8.847419421418565832e+01
-9.587113455434034393e+01
-1.037075234649676645e+02
-1.115531298532220887e+02
-1.189251489402138020e+02
-1.253580771497125568e+02
-1.304387331170189839e+02
-1.337732060545199886e+02
-1.348859082319337119e+02
-1.331023158306200287e+02
-1.275055883594142188e+02
-1.170460595899316729e+02
-1.008131435326840233e+02
-7.838911783076444806e+01
-5.014921228833030398e+01
-1.738332021067220268e+01
1.781997511032204073e+01
