-1.071415562805244548e+02
-1.881237100421273851e+02
-2.596143530320374566e+02
-3.146970907652954565e+02
-3.506610092675020951e+02
-3.690958120788720294e+02
-3.747071033109477298e+02
-3.734800896699561008e+02
-3.708817527624185573e+02
-3.706130632405389633e+02
-3.741379006526489661e+02
-3.809368832291181661e+02
-3.892450140313694646e+02
-3.969611388397565861e+02
-4.024436153402522791e+02
-4.049934269858741800e+02
-4.049447126239102772e+02
-4.034050246944394189e+02
-4.017803157186240242e+02
-4.012630558618093346e+02
-4.024533876892294870e+02
-4.052246693278017915e+02
-4.088518130882653168e+02
-4.123287678713778632e+02
-4.147438356313127770e+02
-4.155779873714557766e+02
-4.148420323630446660e+02
-4.130397360806850315e+02
-4.109930573514000116e+02
-4.095872207124302236e+02
-4.095059869390824474e+02
-4.110305633797223095e+02
-4.139549333810996927e+02
-4.176302979240693389e+02
-4.211166838038831770e+02
-4.234079700668453938e+02
-4.236957273019881995e+02
-4.216234272647399735e+02
-4.174590933801937354e+02
-4.121131725673217261e+02
-4.069642907167751673e+02
-4.035064000235950630e+02
-4.028745907973077465e+02
-4.053473425702264308e+02
-4.099609522974569131e+02
-4.143816060169708635e+02
-4.151339673165780937e+02
-4.081823117777100833e+02
-3.897369606781892912e+02
-3.570738544035330051e+02
-3.091509331620977150e+02
-2.468730325242458434e+02
-1.729571009102028256e+02
-9.144992160824281768e+01
-7.032357658708981774e+00
7.571252799653308330e+01
1.529030148843735617e+02
2.217342215379754293e+02
2.806091150050684178e+02
3.290727009495753919e+02
3.676236127568937491e+02
3.974655651391939273e+02
4.202299853517101269e+02
4.376854913815647024e+02
4.514633271008114548e+02
4.628450318167919022e+02
4.726509292432228904e+02
4.812352904683878592e+02
4.885613706934302627e+02
4.943234810300999698e+02
4.981001633500418393e+02
4.995270904524623461e+02
4.984494454478434591e+02
4.949806275255788819e+02
4.894100667587572389e+02
4.819807824816888910e+02
4.726454225977746546e+02
4.609373079912461435e+02
4.460371721149198265e+02
4.270176324307077493e+02
4.031684348794071866e+02
3.742799447251332481e+02
3.407873342179404972e+02
3.037361693046428854e+02
2.645980917567302413e+02
2.250118692537799916e+02
1.865290152244630235e+02
1.504129961751305018e+02
1.175078402588351594e+02
8.818074703303474848e+01
6.234889835036221939e+01
3.959494031346311260e+01
1.934481755615283305e+01
1.047017987502044889e+00
-1.571392965184050894e+01
-3.120383529533709321e+01
-4.560663403748819889e+01
-5.911956160005054528e+01
-7.202473907968163758e+01
-8.471345513240515857e+01
-9.766115149863551892e+01
-1.113563875115295758e+02
-1.261904120130421205e+02
-1.423310905061359222e+02
-1.596272050919916126e+02
-1.775919363430411124e+02
-1.954892177638014061e+02
-2.125081658727612250e+02
-2.279744977202379346e+02
-2.415255618868780800e+02
-2.531831186086607772e+02
-2.632984937484576449e+02
-2.723966638893593313e+02
-2.809845412889983436e+02
-2.894019303434521930e+02
-2.977752809250043811e+02
-3.060865870172548853e+02
-3.143112712053006135e+02
-3.225383875358544969e+02
-3.309869701532024919e+02
-3.398838360890995318e+02
-3.492578602479476331e+02
-3.587811619585671110e+02
-3.677812965251746391e+02
-3.754494512965901549e+02
-3.811479102054267400e+02
-3.846633656440929485e+02
-3.862900643057878369e+02
-3.867169884248781386e+02
-3.867772307332826358e+02
-3.871664817994549139e+02
-3.882452546899093022e+02
-3.900007797562018936e+02
-3.921655529234942037e+02
-3.944078129454177315e+02
-3.964797050491641244e+02
-3.982583956085895238e+02
-3.997072446586039973e+02
-4.008407140018271093e+02
-4.017522660400680934e+02
-4.026874814198419017e+02
-4.040804704056307060e+02
-4.064642029922351867e+02
-4.102187684144616924e+02
-4.152060514435900132e+02
-4.204065650167499371e+02
-4.236957273019881995e+02
-4.218827566678122594e+02
-4.110951903859898948e+02
-3.875070997519812295e+02
-3.482741091878444308e+02
-2.924076281151437797e+02
-2.212830073783411819e+02
-1.385758157052505339e+02
-4.961341185144955546e+01
3.967778820431874465e+01
1.239268580192457847e+02
1.992480165470443580e+02
2.636980828674878694e+02
3.171834459637100281e+02
3.609370527678545386e+02
3.968218477627012248e+02
4.267277769202522109e+02
4.522240611653288056e+02
4.744737299411048639e+02
4.942990137218230871e+02
5.122624503120687223e+02
5.286922495659978267e+02
5.436666341241127611e+02
5.570149038858628501e+02
5.683782307826759279e+02
5.773314205686872356e+02
5.835283603966788633e+02
5.868093795727162387e+02
5.872104383774233156e+02
5.848556832738752291e+02
5.797807403852732477e+02
5.717804986902489190e+02
5.603701421117830250e+02
5.448950818023267857e+02
5.247588480909118971e+02
4.996978686071505535e+02
4.700245168135465974e+02
4.367618263332171864e+02
4.016022138571914866e+02
3.666616072961101054e+02
3.340731439666654410e+02
3.055394339966956068e+02
2.819952965352506453e+02
2.634947767899125211e+02
2.493390953551098050e+02
2.383623828451169118e+02
2.292513345733889594e+02
2.208092735745381958e+02
2.121396268196643859e+02
2.027569786792676325e+02
1.926215904054870407e+02
1.820743373403701355e+02
1.716628215525989845e+02
1.618976868398709712e+02
1.530266140739755087e+02
1.449209318618560758e+02
1.371258459998994113e+02
1.290553791532552736e+02
1.202476305852388521e+02
1.105583992512037383e+02
1.001889045753542007e+02
8.952828615062892936e+01
7.890363373435917538e+01
6.839146046497590703e+01
5.780506515916773225e+01
4.685696869266198661e+01
3.538547815609624081e+01
2.350303818385187782e+01
1.158310674313858613e+01
1.018387239570657243e-01
-1.057358193161725524e+01
-2.034246289392417850e+01
-2.940717488615402431e+01
-3.818607301355631023e+01
-4.714933075828605524e+01
-5.664431615483178462e+01
-6.677682363527515008e+01
-7.739651383374024363e+01
-8.819419776857810689e+01
-9.886863509517749549e+01
-1.092897552688323231e+02
-1.195868927963886108e+02
-1.301182505101540983e+02
-1.413240444287798709e+02
-1.535223970090330283e+02
-1.667468858549883350e+02
-1.807105044432986176e+02
-1.949091453937576830e+02
-2.087998673403934617e+02
-2.219663542747662746e+02
-2.342231240207059955e+02
-2.456615113314973655e+02
-2.566594090164305726e+02
-2.678656100405647180e+02
-2.801502580922190759e+02
-2.944912400346378263e+02
-3.117511790346540579e+02
-3.323218983172417325e+02
-3.556905031675387363e+02
-3.800790687089071298e+02
-4.023572490333540372e+02
-4.183722952051979291e+02
-4.236957273019881995e+02
-4.146204157577583373e+02
-3.891343957716974842e+02
-3.475829754716419870e+02
-2.927994975485357827e+02
-2.296227475652621592e+02
-1.639057251201739405e+02
-1.012965493729396371e+02
-4.615214731043255370e+01
-8.836946258371796148e-01
3.414207512558899538e+01
6.023051440910019494e+01
7.975405969122856220e+01
9.558592588925634459e+01
