-6.846873148055376390e+00
-3.693201917872889339e+01
-6.435584673921664489e+01
-8.724739047576193229e+01
-1.048650701478958212e+02
-1.175354218674553692e+02
-1.262105770882125597e+02
-1.318683180780436430e+02
-1.349983468316845574e+02
-1.353470314477740715e+02
-1.319813163663311570e+02
-1.236242398253730101e+02
-1.091347484517352910e+02
-8.796853313284381670e+01
-6.047215680915028457e+01
-2.792208958412545883e+01
7.694877850264305152e+00
4.407612977598640214e+01
7.903259624985524567e+01
1.108193589078782395e+02
1.383009174009935407e+02
1.609658862478435424e+02
1.788465323028955254e+02
1.923874232220607041e+02
2.022841421033568281e+02
2.093123765521547170e+02
2.141790700203763720e+02
2.174260870890141177e+02
2.194037054716838497e+02
2.203144450541112747e+02
2.203017268920681317e+02
2.195293152553676919e+02
2.181983816724268763e+02
2.164937389022540515e+02
2.145055817654088628e+02
2.121893167882073215e+02
2.093899175211617774e+02
2.059010331704866417e+02
2.015029254054736612e+02
1.959510407514038661e+02
1.889418723155569353e+02
1.801112477752938332e+02
1.690971563206240660e+02
1.556526680297993437e+02
1.397659837037155057e+02
1.217424210602772092e+02
1.022132316108973384e+02
8.205524205810833394e+01
6.223675113909110479e+01
4.363869377206844291e+01
2.691337245908017550e+01
1.242172953591980900e+01
2.469639040339139946e-01
-9.750167169076213725e+00
-1.786986439673451699e+01
-2.451812583750422547e+01
-3.014814838087156090e+01
-3.518759312688064256e+01
-3.996246421612503497e+01
-4.465134416715868326e+01
-4.930125559163472104e+01
-5.390103390821528251e+01
-5.846589498637077043e+01
-6.307700644746697094e+01
-6.785440229602536988e+01
-7.289205484633319543e+01
-7.820834783117034306e+01
-8.374606708388226650e+01
-8.941402222671096922e+01
-9.513311139422877716e+01
-1.008508412895218669e+02
-1.065143443247593495e+02
-1.120252332836498113e+02
-1.172159512613220045e+02
-1.218702484824157466e+02
-1.257757513304789256e+02
-1.287796655597487643e+02
-1.308298883333340825e+02
-1.319993014804247196e+02
-1.324900396167440988e+02
-1.326050299808176192e+02
-1.326773832140275147e+02
-1.329714814482532290e+02
-1.335965310515998397e+02
-1.344772366759872568e+02
-1.353979596531697780e+02
-1.360973392201383092e+02
-1.363670532769292834e+02
-1.361110420857228291e+02
-1.353470314477740715e+02
-1.341661249494171955e+02
-1.326836508105872383e+02
-1.310047420765352797e+02
-1.292104246057895125e+02
-1.273570883715814830e+02
-1.254790667379864146e+02
-1.235879012132571404e+02
-1.216718623219877031e+02
-1.197093564980312692e+02
-1.177079364192042590e+02
-1.157607027684203445e+02
-1.140843939612827000e+02
-1.129894199916005562e+02
-1.127474148892213464e+02
-1.133676702310977760e+02
-1.143535823526929107e+02
-1.145535472382031799e+02
-1.122164276408341550e+02
-1.052959326110383529e+02
-9.194052699615366464e+01
-7.100978567602891189e+01
-4.243207944620928629e+01
-7.279751055271120208e+00
3.244985106186423707e+01
7.425826175115601302e+01
1.156381155640832219e+02
1.545019218794590756e+02
1.894508254837324444e+02
2.198411285829636768e+02
2.456720246976237263e+02
2.673703138931909393e+02
2.855591776993096573e+02
3.008693663982121507e+02
3.138129666252319794e+02
3.247192351269992514e+02
3.337283127018462210e+02
3.408366505020399018e+02
3.459810983441070675e+02
3.491406494315115197e+02
3.504292242406357900e+02
3.501507402963647451e+02
3.487914501697233618e+02
3.469377113801216410e+02
3.451309277842585743e+02
3.436987793320323021e+02
3.426193958087687292e+02
3.414712332376465156e+02
3.394961728736693658e+02
3.357679550975199163e+02
3.294246279728979516e+02
3.199004334118076827e+02
3.070879666540965900e+02
2.913822921719405485e+02
2.735997441798757563e+02
2.548063620919824359e+02
2.361145125160777241e+02
2.185056489049406707e+02
2.027188717676064584e+02
1.892143030224201823e+02
1.781861817640546519e+02
1.695859141626216910e+02
1.631355659439748251e+02
1.583489451907625210e+02
1.545928316160428153e+02
1.511966850183453062e+02
1.475765657747459159e+02
1.433213903418384803e+02
1.382158619694969559e+02
1.322166338072696021e+02
1.254175099754376674e+02
1.180266053001305835e+02
1.103508108638445862e+02
1.027627281169385469e+02
9.562796070222901790e+01
8.919797810640974944e+01
8.350921984734200976e+01
7.834640148456914233e+01
7.330821374441690352e+01
6.796049059487526733e+01
6.200702842417698690e+01
5.539367302205135246e+01
4.830090792929900800e+01
4.104297589708218652e+01
3.393463480946716970e+01
2.719008173527755901e+01
2.088654857321184011e+01
1.498100942957705684e+01
9.346979127080643934e+00
3.812388429561565317e+00
-1.798049431962780886e+00
-7.611249150708431443e+00
-1.365417942930939432e+01
-1.981987199545147860e+01
-2.586760966627703340e+01
-3.146868317949916616e+01
-3.629761753545412262e+01
-4.015042087918175184e+01
-4.305442081910445040e+01
-4.532739575647181596e+01
-4.754986541221754237e+01
-5.043453096751574094e+01
-5.461343597741273470e+01
-6.041010338212231545e+01
-6.769345902424652195e+01
-7.589112895629983768e+01
-8.417117030753797735e+01
-9.172192137199897388e+01
-9.801718435172946897e+01
-1.029703074771687170e+02
-1.069362722853435059e+02
-1.105730113837882413e+02
-1.145990035661207571e+02
-1.194958516384189977e+02
-1.252201657521076470e+02
-1.310067805079787036e+02
-1.353470314477740715e+02
-1.361943835324365466e+02
-1.313855841828369080e+02
-1.191903053857215014e+02
-9.883054849610621773e+01
-7.079989234983436575e+01
-3.686455664845301783e+01
2.682498861730451267e-01
3.751532109720510988e+01
7.204058821719691252e+01
1.017553638924108270e+02
1.255754081975695158e+02
1.434059869340859734e+02
1.559080005466494185e+02
1.641481956776236473e+02
1.692495839744709940e+02
1.721386047929782421e+02
1.734409935700337826e+02
1.735196280842383771e+02
1.725939053390788445e+02
1.708572487739126871e+02
1.685300746312254603e+02
1.658342287783000586e+02
1.629204258218018424e+02
1.598003829395370303e+02
1.563250560427589733e+02
1.522191476867158144e+02
1.471506134895763864e+02
1.408023924946995749e+02
1.329245206027222252e+02
1.233627143105068882e+02
1.120695876358526419e+02
9.910439255908839584e+01
8.462113571741299722e+01
6.883929499147218678e+01
5.199496388746955233e+01
3.428867715104453850e+01
1.586701952723654330e+01
-3.130384804255236020e+00
-2.247054121216813627e+01
-4.173558311355561301e+01
-6.031121415273164388e+01
-7.748191873552232778e+01
-9.259606835776477851e+01
-1.052256438455674186e+02
-1.152527899710905501e+02
-1.228573424715931424e+02
-1.284267990098253449e+02
-1.324368074422445147e+02
-1.353470314477740715e+02
-1.375355573718699702e+02
-1.392740836343763533e+02
-1.407335132974167777e+02
-1.420021245706928426e+02
-1.430997663616946056e+02
-1.439852355973981730e+02
-1.445662345089377254e+02
