-5.877005797235293016e+01
-1.179219816096500466e+02
-1.707359141362096011e+02
-2.124799501864572164e+02
-2.410824621757314219e+02
-2.572252918541955751e+02
-2.636539638043844889e+02
-2.640885750416231303e+02
-2.621456961764654352e+02
-2.605658281174462445e+02
-2.608720140320836549e+02
-2.634305239080497358e+02
-2.677848619090977422e+02
-2.730999018115476815e+02
-2.785692284739903926e+02
-2.836815442729571828e+02
-2.882975711538089740e+02
-2.925566528045821997e+02
-2.966962057946735172e+02
-3.008884739220990241e+02
-3.051624857326908113e+02
-3.094191698775578061e+02
-3.135061470755256323e+02
-3.173050054277765639e+02
-3.207887251943431011e+02
-3.240268231088958828e+02
-3.271457752014413245e+02
-3.302736110033748673e+02
-3.334934761946335584e+02
-3.368105200978045559e+02
-3.401264992079863987e+02
-3.432292298001133304e+02
-3.458215533499560479e+02
-3.476074388086452700e+02
-3.484155419677900341e+02
-3.483028530155297631e+02
-3.475782899748847967e+02
-3.467235480572933852e+02
-3.462403817364440783e+02
-3.464868079725754342e+02
-3.475628018105373371e+02
-3.492779925185029697e+02
-3.512032250985005248e+02
-3.527893186870364843e+02
-3.535258760104912312e+02
-3.531013857473135431e+02
-3.515151874763342903e+02
-3.490950442911111509e+02
-3.464011926701799666e+02
-3.440433794399675662e+02
-3.424785609281412917e+02
-3.418659962687634106e+02
-3.420251953678596237e+02
-3.424942918644558745e+02
-3.426567299899543286e+02
-3.419048500168928513e+02
-3.398220772302530577e+02
-3.363634724800264166e+02
-3.319861723242520384e+02
-3.276476691636717646e+02
-3.245927283236350149e+02
-3.239125509493347863e+02
-3.259623821148263687e+02
-3.298181499952223703e+02
-3.329927866194549324e+02
-3.315899424945786222e+02
-3.209471155084271459e+02
-2.966509482053724014e+02
-2.556597898612762947e+02
-1.972032972509218212e+02
-1.231794765459430607e+02
-3.792478367327719013e+01
5.257031772185433738e+01
1.417705753163834856e+02
2.237323864963961455e+02
2.939984862035137780e+02
3.500823170535417148e+02
3.915005974821596055e+02
4.194215634965208892e+02
4.360665022428615316e+02
4.440349029843524136e+02
4.457203578995558928e+02
4.429402520052088903e+02
4.368237252182777866e+02
4.279173213364218782e+02
4.164094238837005264e+02
4.023617821384217450e+02
3.858664809654102328e+02
3.670994950334597888e+02
3.462926372872845491e+02
3.236758285294940265e+02
2.994426604921187618e+02
2.737680257516057054e+02
2.468717688118085789e+02
2.190941260205355547e+02
1.909407586188775099e+02
1.630705119756999579e+02
1.362246164637693653e+02
1.111144647689327485e+02
8.829270594335204692e+01
6.803762713044770294e+01
5.028705915325750198e+01
3.465406542690256231e+01
2.052929820204181510e+01
7.233664974833956762e+00
-5.838442808517100957e+00
-1.913038501977891315e+01
-3.289592802382286152e+01
-4.721206078066847311e+01
-6.200932782550083289e+01
-7.711036578568783284e+01
-9.227506977874799077e+01
-1.072495777161163346e+02
-1.218150875025581428e+02
-1.358327650710599244e+02
-1.492779797475820658e+02
-1.622536556131419729e+02
-1.749735259265483762e+02
-1.877102857574037102e+02
-2.007118730289358837e+02
-2.141042072788721953e+02
-2.278130134945378416e+02
-2.415377607884656186e+02
-2.547955732864800495e+02
-2.670307106092233198e+02
-2.777626732914619083e+02
-2.867271488292091135e+02
-2.939558793860423975e+02
-2.997559887993107850e+02
-3.045922323298260608e+02
-3.089272500167485305e+02
-3.130959308748127796e+02
-3.172622396757246861e+02
-3.214541011906426888e+02
-3.256334452162096795e+02
-3.297550298276541980e+02
-3.337907382355945174e+02
-3.377213141525912192e+02
-3.415110189402314518e+02
-3.450853868560464548e+02
-3.483285119607961633e+02
-3.511009170509889827e+02
-3.532635272160139834e+02
-3.546953498814807517e+02
-3.553086410003444939e+02
-3.550724437036802783e+02
-3.540425547888917208e+02
-3.523802964119009289e+02
-3.503462150841117477e+02
-3.482760817758385770e+02
-3.465582778648787894e+02
-3.456108272105091146e+02
-3.458173328799544493e+02
-3.473698502888719872e+02
-3.500093002159423463e+02
-3.527245982436745066e+02
-3.535258760104912312e+02
-3.494250663537835635e+02
-3.367329589100980911e+02
-3.117005743456688833e+02
-2.713997825381093776e+02
-2.146027750242876095e+02
-1.423651361368457628e+02
-5.808515989056895990e+01
3.301959937515175625e+01
1.248801704720349903e+02
2.117082855801333494e+02
2.889807512585368272e+02
3.540391578978985763e+02
4.062036672194865332e+02
4.464403924713902256e+02
4.767288251933250649e+02
4.993323812974653038e+02
5.161770090081164426e+02
5.284884254631932663e+02
5.367395075487204394e+02
5.408520206881339618e+02
5.405259218968965342e+02
5.355569887370268134e+02
5.260408274766627983e+02
5.124242284771007689e+02
4.954268402462603831e+02
4.758951121242807858e+02
4.546562331705998758e+02
4.324178089433768832e+02
4.097262511442510231e+02
3.869727597100234675e+02
3.644305560841513625e+02
3.423134861668289659e+02
3.208466610073078300e+02
3.003276749853599199e+02
2.811472159258076999e+02
2.637496381035022068e+02
2.485439605680778072e+02
2.357999574321691512e+02
2.255661766273615569e+02
2.176317987823650242e+02
2.115360117084022704e+02
2.066175132751316426e+02
2.020972499543831304e+02
1.971927312841685591e+02
1.912560440555760124e+02
1.839056573952935878e+02
1.751041726094370290e+02
1.651423427603293703e+02
1.545245694606487632e+02
1.437966935984979955e+02
1.333892502085173248e+02
1.235418918896886282e+02
1.143231961157243290e+02
1.057019056968643014e+02
9.760869622577226323e+01
8.995802966362359143e+01
8.263916685995455680e+01
7.550009199939295002e+01
6.834054577995786417e+01
6.092028871132620793e+01
5.298418041846966275e+01
4.430272497157582734e+01
3.472190155622215002e+01
2.421034077258954653e+01
1.288887958774820675e+01
1.030034965737627317e+00
-1.097780418301820760e+01
-2.269708809496164292e+01
-3.372628221525428671e+01
-4.379010867236067384e+01
-5.282461163496034828e+01
-6.103985220217830943e+01
-6.892511579002854205e+01
-7.715982884630849981e+01
-8.643173811199696388e+01
-9.722324566707280269e+01
-1.096563090608250377e+02
-1.234570930158012345e+02
-1.380378378781654192e+02
-1.526461584609543252e+02
-1.665297806456034095e+02
-1.790938006463700276e+02
-1.900514061330454183e+02
-1.995614787129969159e+02
-2.083122253137741495e+02
-2.174817022208274579e+02
-2.285193852504754091e+02
-2.427537045551658821e+02
-2.609064447122484012e+02
-2.826429299031168512e+02
-3.062871560349223046e+02
-3.287978721812284562e+02
-3.460626763023045669e+02
-3.535258760104912312e+02
-3.470949113271241799e+02
-3.241574228072145161e+02
-2.844294494237643107e+02
-2.303227882812144571e+02
-1.666210132824722336e+02
-9.947244922565963066e+01
-3.495508168116600700e+01
2.236786786794603188e+01
7.047175167451747768e+01
1.101854293932172908e+02
1.447393518355387698e+02
