-1.342516620263471872e+01
-9.148322263229541562e+00
-6.724201212595273702e+00
-7.406039143614496112e+00
-1.148538022505384149e+01
-1.831197103786596259e+01
-2.663270557213093070e+01
-3.507732667778249436e+01
-4.259064576224270127e+01
-4.866379710434486583e+01
-5.332045796530277926e+01
-5.691932655611815761e+01
-5.989400920491583946e+01
-6.254928063696915075e+01
-6.498315437490037993e+01
-6.713508205847747945e+01
-6.890376276891032603e+01
-7.025944775198340153e+01
-7.129825781646502492e+01
-7.222764809569240185e+01
-7.330399997075309670e+01
-7.475242334587012749e+01
-7.669404860967786419e+01
-7.910100463305931839e+01
-8.179486149035939491e+01
-8.449429451282409786e+01
-8.690199961777585713e+01
-8.880555118988505114e+01
-9.015800580773218087e+01
-9.110518067550459875e+01
-9.193912453836753684e+01
-9.298227345084254125e+01
-9.444112294621452008e+01
-9.629599327229749406e+01
-9.828934787056016376e+01
-1.000292711402531864e+02
-1.011612918406393931e+02
-1.015235883652975133e+02
-1.012132018499797965e+02
-1.005421622043373162e+02
-9.991591535992296258e+01
-9.969249968764331982e+01
-1.000757992414269353e+02
-1.010742420150169636e+02
-1.025305264011207242e+02
-1.042028442194422269e+02
-1.058585068776246771e+02
-1.073378705296110525e+02
-1.085660526232249339e+02
-1.095208233421347330e+02
-1.101865417310409043e+02
-1.105254597537091286e+02
-1.104836111834502788e+02
-1.100287475030047517e+02
-1.092015894633869095e+02
-1.081547335457383952e+02
-1.071534455905575243e+02
-1.065144899556067912e+02
-1.064689775791606650e+02
-1.069646495368564274e+02
-1.074683640906620639e+02
-1.068640858044454802e+02
-1.035338752056198501e+02
-9.565025574021260013e+01
-8.162110875929067788e+01
-6.055339692395089202e+01
-3.257656316373741845e+01
1.091555540784130862e+00
3.835892925198497494e+01
7.667611551376194257e+01
1.135211643792776073e+02
1.468207105995202255e+02
1.752173298454031851e+02
1.981453562409490701e+02
2.157254239944411438e+02
2.285312881787689037e+02
2.373146582406802167e+02
2.427782520185375859e+02
2.454564135508464346e+02
2.457115429780465661e+02
2.438087185850799870e+02
2.400070393751213089e+02
2.346099143444000106e+02
2.279471473779843791e+02
2.203074841332442588e+02
2.118739799797614864e+02
2.027109060408742778e+02
1.928126877319531332e+02
1.821826956215111295e+02
1.708928411186796552e+02
1.590917805700270833e+02
1.469656185914893740e+02
1.346860095181744157e+02
1.223855924317028894e+02
1.101760310101831379e+02
9.818952659753256285e+01
8.660891811262824547e+01
7.566426862481799276e+01
6.559911796397123851e+01
5.662590029403427394e+01
4.889020261189513405e+01
4.245202394783864008e+01
3.727754209160642063e+01
3.322929786019132337e+01
3.005341906963230514e+01
2.738019897017331772e+01
2.475999834829371693e+01
2.174052102154085730e+01
1.796376386997229702e+01
1.324296528280995844e+01
7.587004973572554434e+00
1.167078570741296062e+00
-5.753093892699094880e+00
-1.289434840220255296e+01
-2.002542887209678923e+01
-2.699984475780915005e+01
-3.375605805937471615e+01
-4.028047350371117119e+01
-4.655601808579288559e+01
-5.253504753291454676e+01
-5.815803732748763366e+01
-6.339804281129131880e+01
-6.828550158456002350e+01
-7.288486345601907601e+01
-7.723781995734101713e+01
-8.131700521655979230e+01
-8.502361498352949809e+01
-8.822624646293193962e+01
-9.081244753157385219e+01
-9.272670157766319221e+01
-9.398508757212053411e+01
-9.466870333761696088e+01
-9.490229170662877323e+01
-9.482622739522388144e+01
-9.456993598898542075e+01
-9.423310611670093806e+01
-9.387969056176505944e+01
-9.354712524040213850e+01
-9.326601726011728033e+01
-9.307736327470512094e+01
-9.303495383362809434e+01
-9.319298770372283514e+01
-9.359278056818368441e+01
-9.426469168817129685e+01
-9.524803876600509511e+01
-9.660970898057189515e+01
-9.842731167759686173e+01
-1.007121526889751664e+02
-1.032819806796982931e+02
-1.056315558722723296e+02
-1.068640858044454802e+02
-1.057307108426859230e+02
-1.007921343321807086e+02
-9.068305938711060321e+01
-7.442962734766281585e+01
-5.174798364062961298e+01
-2.323830947851234185e+01
9.604029162247810447e+00
4.459390322179797295e+01
7.923620151048530147e+01
1.111706308033542570e+02
1.385540644471452651e+02
1.602868854128148541e+02
1.760491811013756092e+02
1.861702669695389432e+02
1.913943602325453526e+02
1.926202320849462808e+02
1.906860822591394253e+02
1.862472519059778620e+02
1.797571043003762270e+02
1.715217556198021498e+02
1.617782426971776317e+02
1.507557632036289874e+02
1.387098739807684638e+02
1.259434473148102001e+02
1.128264814999919281e+02
9.980581186327822252e+01
8.738226102509042903e+01
7.604513257040650842e+01
6.618227970738959698e+01
5.800413881753899403e+01
5.151731817221351406e+01
4.655952487809518203e+01
4.287790888783272436e+01
4.021587188437337801e+01
3.837626293042868753e+01
3.724385744822744471e+01
3.676701064022789467e+01
3.691248084018167930e+01
3.761461808816784469e+01
3.873851425357342748e+01
4.006988304450034377e+01
4.133554113307660316e+01
4.224774414187913152e+01
4.255660318720845936e+01
4.209240845250928942e+01
4.078392554415046334e+01
3.864694970885171443e+01
3.574987007171912978e+01
3.217650122193455786e+01
2.800885907431410260e+01
2.333743504222715970e+01
1.828537440707264139e+01
1.302197221085019052e+01
7.746060453323463157e+00
2.638469429749386919e+00
-2.194901705121086177e+00
-6.756906333751181215e+00
-1.114742524481614439e+01
-1.550959370156989436e+01
-1.996138110999259041e+01
-2.454421468539851148e+01
-2.920429671245430470e+01
-3.380239187454502314e+01
-3.813974677057395013e+01
-4.199286312008569411e+01
-4.515783671882910966e+01
-4.750448829857127464e+01
-4.903026832322053963e+01
-4.989444572844478643e+01
-5.041365506290052423e+01
-5.100922198402921737e+01
-5.211075800193969343e+01
-5.403863240337553009e+01
-5.690532186177225782e+01
-6.057880951613705633e+01
-6.472904013043753935e+01
-6.893947389192317132e+01
-7.283716004746412409e+01
-7.619519463598609832e+01
-7.898305545310306286e+01
-8.136303665030357024e+01
-8.364226008213321961e+01
-8.618945690638480528e+01
-8.932356278002229999e+01
-9.318603049603858324e+01
-9.761834803369134761e+01
-1.020730814954081893e+02
-1.055894926812344323e+02
-1.068640858044454802e+02
-1.044349683270707771e+02
-9.696811899529595280e+01
-8.359001230153340600e+01
-6.417548643398220065e+01
-3.949354192654376305e+01
-1.114858697930308296e+01
1.867723511432292582e+01
4.760504102593436926e+01
7.345168252643198059e+01
9.453244799215693206e+01
1.098173857289853146e+02
1.189389881258670556e+02
1.220904929434488793e+02
1.198704857430388699e+02
1.131222672264162554e+02
1.027965883256309212e+02
8.984536347499513909e+01
7.513896813919538431e+01
5.939601109572066662e+01
4.312530336237223594e+01
2.659714460330449270e+01
9.865906207434640862e+00
