-2.506711559905717479e+00
1.114078583696346811e+02
2.079217398095947544e+02
2.741827056516749508e+02
3.048203373936463549e+02
3.020325015627839775e+02
2.734496988240535984e+02
2.289896175306214161e+02
1.779240262907321721e+02
1.269645587251941379e+02
7.964503138388792536e+01
3.682106375812898591e+01
-2.182961498293238378e+00
-3.833088898096601582e+01
-7.197344559584233536e+01
-1.025003152638022215e+02
-1.285303921139375234e+02
-1.484675656327106879e+02
-1.611696996943122144e+02
-1.664684317322848983e+02
-1.653472669976865177e+02
-1.597321864950036456e+02
-1.520138887431540979e+02
-1.445122502167431549e+02
-1.390654107735273328e+02
-1.368196248626842362e+02
-1.381961672980854985e+02
-1.429741762419324971e+02
-1.504499088499873096e+02
-1.596626100032975728e+02
-1.696665409273015825e+02
-1.797840218022171257e+02
-1.897460512404297788e+02
-1.996537199510649430e+02
-2.097723541728102532e+02
-2.202603216747033628e+02
-2.309767621111135156e+02
-2.414715738748041360e+02
-2.511577738136777498e+02
-2.595634447043218529e+02
-2.665206182448604295e+02
-2.721983888905735967e+02
-2.769929267462022153e+02
-2.813666556448267784e+02
-2.857236134431741448e+02
-2.903391624389544177e+02
-2.953069981094557761e+02
-3.004771527190083020e+02
-3.054151021655502518e+02
-3.094479270460943781e+02
-3.118326977643973805e+02
-3.120029788866120271e+02
-3.097861325266713948e+02
-3.054890907652281840e+02
-2.998211680847778098e+02
-2.937057721700953721e+02
-2.880671379695568817e+02
-2.836499262793382741e+02
-2.808843822666018468e+02
-2.797976928590537682e+02
-2.799927495081627740e+02
-2.807285244828481723e+02
-2.811118247082341668e+02
-2.803590868833362038e+02
-2.780475941952448693e+02
-2.742712451621081300e+02
-2.696380047310320833e+02
-2.650886367467163609e+02
-2.615848724565422572e+02
-2.597821110746453996e+02
-2.598131004917871110e+02
-2.612520930735438469e+02
-2.632409303809081962e+02
-2.646788920890774079e+02
-2.643427898576471193e+02
-2.608514919398232905e+02
-2.525103774959152929e+02
-2.371810007940209175e+02
-2.123371483533902051e+02
-1.753892577488560676e+02
-1.242380817354616340e+02
-5.790610317172102839e+01
2.296524157313968928e+01
1.159367015734602262e+02
2.169863828958345948e+02
3.210649763713823859e+02
4.228430109701021706e+02
5.174617920208102078e+02
6.011140739765452281e+02
6.713471860848929964e+02
7.270782070377533728e+02
7.683928680359204009e+02
7.962307871362309015e+02
8.120463314536492589e+02
8.175126569151427702e+02
8.143210295614713914e+02
8.040999737172602408e+02
7.884272190177237007e+02
7.688567962401741624e+02
7.468746356097200305e+02
7.237424170736846918e+02
7.002673526623600537e+02
6.766001615105119527e+02
6.521709384064795358e+02
6.258172427430940843e+02
5.960861059964662445e+02
5.616456136853460066e+02
5.217206161488412590e+02
4.764538420239063612e+02
4.270920723581964467e+02
3.759199873477939491e+02
3.259166158504739315e+02
2.801897844376155717e+02
2.413340004391490652e+02
2.109086925497536811e+02
1.892021102594994488e+02
1.753357969144259130e+02
1.676301368328212789e+02
1.640663387974535112e+02
1.626871469915838020e+02
1.618515507954831492e+02
1.603363013057429214e+02
1.573288736483674768e+02
1.523804115929409875e+02
1.453713056060469171e+02
1.364874009121313918e+02
1.261586146716058039e+02
1.149241010031686301e+02
1.032470453229493899e+02
9.134886204419910882e+01
7.913234485448626288e+01
6.622927363086991193e+01
5.216341499316510522e+01
3.657518668584199872e+01
1.942336936648536039e+01
1.083653523177247280e+00
-1.769386700303553539e+01
-3.595172019465587709e+01
-5.276152212324140578e+01
-6.746029083865667531e+01
-7.982057977944458571e+01
-9.010578804135951714e+01
-9.899270987526324461e+01
-1.073791038777486051e+02
-1.161210437367880104e+02
-1.257627912781904911e+02
-1.363394935394978802e+02
-1.473379465168052889e+02
-1.578621940689758958e+02
-1.669642493703242394e+02
-1.740108358941085385e+02
-1.789272498724261027e+02
-1.822173674866000965e+02
-1.847722592597534685e+02
-1.875752598908676418e+02
-1.914277246761267293e+02
-1.967609092437236313e+02
-2.035365356937642218e+02
-2.112365475673898914e+02
-2.189754198371072107e+02
-2.257506796307884542e+02
-2.307616356178898513e+02
-2.336603503515318039e+02
-2.346300571617548485e+02
-2.342853979098399009e+02
-2.334702187926812371e+02
-2.330475605324020876e+02
-2.337443888430863126e+02
-2.360604027408750198e+02
-2.402070930442513941e+02
-2.460334879438928510e+02
-2.529189222403475696e+02
-2.596514325702212886e+02
-2.643427898576471193e+02
-2.644450679373616140e+02
-2.569260664287172631e+02
-2.386355025360722379e+02
-2.068225077577563980e+02
-1.597058564387812112e+02
-9.695713557004737027e+01
-1.996304260401726083e+01
6.821666739919901090e+01
1.632034466384660050e+02
2.598940988537624435e+02
3.531610851406705933e+02
4.385020879972950070e+02
5.125043544311411097e+02
5.730519699285096067e+02
6.192857205208972573e+02
6.513930631650248415e+02
6.703356161591954105e+02
6.776045953239661230e+02
6.750376033161032865e+02
6.646685356563293681e+02
6.485641975842104330e+02
6.286362042879713954e+02
6.064650732766631336e+02
5.831887508385885894e+02
5.594753261031394231e+02
5.355481748960869481e+02
5.112140627026050197e+02
4.858835184293586167e+02
4.586286118666233733e+02
4.283341435742954673e+02
3.939471738158731000e+02
3.547639018569247469e+02
3.106729079776789604e+02
2.623059616594257477e+02
2.110812758949657280e+02
1.591243053289784939e+02
1.090445782530159420e+02
6.357492793478793658e+01
2.513685742889055774e+01
-4.560620191810167867e+00
-2.478676621744437369e+01
-3.586930700470783506e+01
-3.909758785747537502e+01
-3.648592627321360737e+01
-3.043950816976639118e+01
-2.337943118822149202e+01
-1.740669787773408927e+01
-1.408049132896757527e+01
-1.433989732009870721e+01
-1.854082306864105334e+01
-2.655106210004280598e+01
-3.786262611429894065e+01
-5.171829931635571143e+01
-6.726313190350909110e+01
-8.371035506354058953e+01
-1.004893731709699267e+02
-1.173387793018177234e+02
-1.343043296727797724e+02
-1.516081593874881435e+02
-1.694068376553113637e+02
-1.875428756109212713e+02
-2.054378506768715624e+02
-2.222083658882896771e+02
-2.369438986169162717e+02
-2.489862277208177943e+02
-2.580757668248677419e+02
-2.643427898576471193e+02
-2.682110718227266943e+02
-2.702853179593394088e+02
-2.712474556796476008e+02
-2.717575380722817613e+02
-2.723581893949728396e+02
-2.733897177749018965e+02
-2.749238076084079125e+02
-2.767272313542530355e+02
-2.782755707284738378e+02
-2.788385020766490356e+02
-2.776438809214838557e+02
-2.741037715671609476e+02
-2.680649552644307505e+02
-2.600302541212516871e+02
-2.512739306432897592e+02
-2.437516480460337505e+02
-2.397247965696097936e+02
-2.411182742727814343e+02
-2.487880986246840962e+02
-2.620013981091079813e+02
-2.784224614770963058e+02
