-3.059197963762257544e+01
-1.165823266637471818e+02
-1.928975082241100267e+02
-2.525580860371738652e+02
-2.929106412536253856e+02
-3.155518086527512196e+02
-3.249373352483143549e+02
-3.264701090694533718e+02
-3.248506089757806876e+02
-3.231677037003965438e+02
-3.228092389349436644e+02
-3.239459842988763398e+02
-3.262019973438447664e+02
-3.291851091277027308e+02
-3.327300976823780729e+02
-3.368840422832373065e+02
-3.417550286728147171e+02
-3.473442518492730073e+02
-3.534358275009010981e+02
-3.595749387684762155e+02
-3.651330911775810364e+02
-3.694323606285846040e+02
-3.718875136201729674e+02
-3.721348930592619695e+02
-3.701306897665925817e+02
-3.661967967370490555e+02
-3.609840507690126401e+02
-3.553380403826940892e+02
-3.500907693021424620e+02
-3.458385329674119362e+02
-3.427828452316978201e+02
-3.406967165969690541e+02
-3.390322501433549292e+02
-3.371278799297207911e+02
-3.344385604379934307e+02
-3.307126397729142582e+02
-3.260606622243330435e+02
-3.208951779657149928e+02
-3.157670098958074618e+02
-3.111650223220028693e+02
-3.073592867518509593e+02
-3.043492969237587999e+02
-3.019375877121103144e+02
-2.998896688509443607e+02
-2.980862065594399155e+02
-2.965645637060250692e+02
-2.954001527015086026e+02
-2.944586486294128349e+02
-2.931080632156673573e+02
-2.899942364063521723e+02
-2.829641457419602943e+02
-2.691896619863227897e+02
-2.455147579272702956e+02
-2.090113225216641126e+02
-1.576597888022368181e+02
-9.098437378076944526e+01
-1.043005175741032176e+01
8.067670141385298166e+01
1.775974166755593444e+02
2.749364589345656782e+02
3.674526328420198524e+02
4.507288214852387682e+02
5.216009001042467617e+02
5.783367897177474788e+02
6.205928201695380722e+02
6.491807721812954242e+02
6.657005607738338995e+02
6.721365116393374137e+02
6.705337641516736085e+02
6.628197088312224423e+02
6.507345165711117261e+02
6.357709529679395928e+02
6.190581797764737075e+02
6.012187928673058650e+02
5.822870169745772273e+02
5.617506404928283246e+02
5.387084313414559347e+02
5.120889587435617614e+02
4.808847403299137682e+02
4.443851769281181987e+02
4.023986162903784702e+02
3.554333648849378733e+02
3.047855843977266090e+02
2.524810465374090427e+02
2.010461350860948642e+02
1.531359166956751210e+02
1.111015735588790108e+02
7.660736266869480460e+01
5.039238810933131418e+01
3.222247647495870382e+01
2.101879197590460180e+01
1.510908777194041974e+01
1.253445014135654034e+01
1.134992216935085096e+01
9.868726475151522237e+00
6.819273671248371471e+00
1.416788025060242262e+00
-6.625273591882324453e+00
-1.713279498683024116e+01
-2.957522735733057928e+01
-4.324457203153826867e+01
-5.746817996813302187e+01
-7.178458968717040989e+01
-8.603438400569783084e+01
-1.003615219340887563e+02
-1.151418046190951827e+02
-1.308530024058998720e+02
-1.479046328077619421e+02
-1.664674357915193070e+02
-1.863587513227606109e+02
-2.070222934699667974e+02
-2.276032357266328177e+02
-2.470988731881717229e+02
-2.645635712806311517e+02
-2.793318669562614218e+02
-2.911881585968031914e+02
-3.003985002342618600e+02
-3.075691629598439931e+02
-3.133869568730243600e+02
-3.183652797087115687e+02
-3.227184693071569086e+02
-3.264123786231831446e+02
-3.293395821012415468e+02
-3.315086634512331329e+02
-3.331479102667976235e+02
-3.346858095162127711e+02
-3.366390023743679762e+02
-3.394676571289857634e+02
-3.434419199695292946e+02
-3.485415774561157605e+02
-3.544137049403622086e+02
-3.604186542942851474e+02
-3.657729847786610549e+02
-3.697548480227122809e+02
-3.719026660766486430e+02
-3.721348930592619695e+02
-3.707501082935523868e+02
-3.683156217626485613e+02
-3.654944819203252564e+02
-3.628783525221570585e+02
-3.608809665458746281e+02
-3.597066275495468517e+02
-3.593527132961717143e+02
-3.595665446358847817e+02
-3.596968655482538679e+02
-3.584652364289406705e+02
-3.537794405049874058e+02
-3.427480846617987140e+02
-3.220042323710195546e+02
-2.883280301426343613e+02
-2.394225383317224214e+02
-1.746070806652276985e+02
-9.520313521948655477e+01
-4.496820352343029903e+00
9.269933342373627738e+01
1.907660231277457399e+02
2.841187519229895315e+02
3.680057354217203738e+02
4.391131340090895492e+02
4.958671113900833234e+02
5.383785791602662130e+02
5.680519371056137743e+02
5.869724038086565088e+02
5.972696192111686742e+02
6.006743165034645244e+02
5.983986874746514104e+02
5.913044472037931882e+02
5.801753374037473350e+02
5.658821645654604708e+02
5.493297997325628330e+02
5.312278101622625854e+02
5.118307579683002473e+02
4.908002348907480723e+02
4.672694282698985262e+02
4.401061682395313710e+02
4.083162737873965966e+02
3.714969629628937469e+02
3.302159189296876889e+02
2.861685242152716455e+02
2.419998655194177388e+02
2.007932888792942379e+02
1.653777830395522983e+02
1.376970980485445466e+02
1.184543971386083285e+02
1.071218538919773522e+02
1.022573454505210435e+02
1.019702158654730795e+02
1.043645360592559115e+02
1.078467971968801891e+02
1.112603891467664710e+02
1.138635792860914790e+02
1.152043378472681923e+02
1.149716071978444347e+02
1.129021380125965521e+02
1.087805000160300324e+02
1.025087672649127200e+02
9.418570306604274833e+01
8.414430145152698515e+01
7.292964102881268218e+01
6.122082442655990064e+01
4.970410256949978844e+01
3.891210196394341381e+01
2.907176759949799560e+01
2.003067747573209445e+01
1.131744151595284009e+01
2.326263487559290244e+00
-7.454670193447702431e+00
-1.826682759897062525e+01
-3.001169233705012118e+01
-4.229284003112086054e+01
-5.454442516499577920e+01
-6.620046674767762340e+01
-7.684434561893104387e+01
-8.628220311523277530e+01
-9.451649463733849643e+01
-1.016478165585818516e+02
-1.077775261223061420e+02
-1.129846641674045742e+02
-1.173947381501549501e+02
-1.212829623120424003e+02
-1.251217753853748320e+02
-1.295138861308071796e+02
-1.350208478019114011e+02
-1.419648256645743345e+02
-1.503108037617096500e+02
-1.597002439930892876e+02
-1.696211271771965130e+02
-1.796246685073123217e+02
-1.894872256939106023e+02
-1.992627595386917676e+02
-2.092308677645729347e+02
-2.197819734842131254e+02
-2.312918821761315087e+02
-2.440306598559804456e+02
-2.581290688079731694e+02
-2.735936752911790677e+02
-2.903252815597397785e+02
-3.080733881527816607e+02
-3.262862235327106077e+02
-3.438939248949352532e+02
-3.591339860117792000e+02
-3.695364607119877292e+02
-3.721348930592619695e+02
-3.638939913891861124e+02
-3.422748703113359738e+02
-3.058153566525850238e+02
-2.546004431663222363e+02
-1.905207360643154004e+02
-1.172401585019880628e+02
-3.983325577303430265e+01
3.586639804282812349e+01
1.040754964894232302e+02
1.598652077221579191e+02
1.998320780669093608e+02
2.225513918642507178e+02
2.287378094690610908e+02
2.210308324691910684e+02
2.033602712499759946e+02
1.799694932428936625e+02
1.543471785979664048e+02
1.284405101339415296e+02
1.024901145832408815e+02
