6.648620726665632219e+01
5.144489779538610463e+01
3.697896670955589116e+01
2.359260291857797398e+01
1.162368007424633731e+01
1.251726935604589031e+00
-7.450111881482349929e+00
-1.446045684825067212e+01
-1.979128529736230035e+01
-2.352123990440024670e+01
-2.585983753955160580e+01
-2.719321302874228508e+01
-2.806127549854079462e+01
-2.904813306944976858e+01
-3.061886574085664847e+01
-3.297571341087481045e+01
-3.600479268819285039e+01
-3.933884261989400244e+01
-4.250407991218656889e+01
-4.508579794647980776e+01
-4.685117368435580687e+01
-4.779780581826213393e+01
-4.813059232512195251e+01
-4.819147656090083132e+01
-4.837240373153309747e+01
-4.903301308285471549e+01
-5.042800593105557994e+01
-5.264193854863017918e+01
-5.554456233208803440e+01
-5.880148463447578422e+01
-6.196615130068649080e+01
-6.463180010213355331e+01
-6.657480722930293382e+01
-6.781590672051567026e+01
-6.856963416641850984e+01
-6.911757919227856917e+01
-6.968313898326506717e+01
-7.037320751830120003e+01
-7.119907063338682462e+01
-7.213913692404204880e+01
-7.318968595101371477e+01
-7.436677740633047051e+01
-7.566069677049765119e+01
-7.698347498573157566e+01
-7.816067925053755516e+01
-7.898726849634236657e+01
-7.931874216926395604e+01
-7.914524589647885477e+01
-7.861388795920319694e+01
-7.799974520895658259e+01
-7.764555730413542278e+01
-7.788660653485673890e+01
-7.896979451325205446e+01
-8.098158892076423854e+01
-8.381191255434191589e+01
-8.717669610600349017e+01
-9.069231273683361394e+01
-9.396676924880308945e+01
-9.667529472136753554e+01
-9.861230043510873600e+01
-9.972407685141544675e+01
-1.001191579418193527e+02
-1.000460520026973654e+02
-9.983362634678037750e+01
-9.980507681986628654e+01
-1.001950785553100332e+02
-1.011068980733274287e+02
-1.025264416676483563e+02
-1.043729214145944582e+02
-1.065452963081368551e+02
-1.089406362744396262e+02
-1.114559915120481577e+02
-1.139995974408904829e+02
-1.165157075782395282e+02
-1.190000983818692646e+02
-1.214856434484437671e+02
-1.240030003899738631e+02
-1.265396105913720817e+02
-1.290201402525433139e+02
-1.313214793330650423e+02
-1.333200366283950018e+02
-1.349518144249871625e+02
-1.362564024508049556e+02
-1.373821916539324945e+02
-1.385494027250997249e+02
-1.399870550938692304e+02
-1.418642314546045213e+02
-1.442259269611250545e+02
-1.469387142511869513e+02
-1.496590178847624486e+02
-1.518404548933617093e+02
-1.527842071000174826e+02
-1.517178467601678165e+02
-1.478791132626171247e+02
-1.405861648374293225e+02
-1.292882789248149606e+02
-1.136008082768986611e+02
-9.333183700281233541e+01
-6.851061513656463831e+01
-3.942919351626637336e+01
-6.697907675119147086e+00
2.870906387921455760e+01
6.546248564898397149e+01
1.019823454036022383e+02
1.366439978534203590e+02
1.680394310892827150e+02
1.952101782581479767e+02
2.177771608972350919e+02
2.359366900284663302e+02
2.503342786469139014e+02
2.618533499035704608e+02
2.713776845323535554e+02
2.796033817896710616e+02
2.869594764522390733e+02
2.936381838509702220e+02
2.996780977156705603e+02
3.050353583836565576e+02
3.096175610376058103e+02
3.132959239090715187e+02
3.159171812665389325e+02
3.173191340000221885e+02
3.173435002413677921e+02
3.158447688572867946e+02
3.127020380515461966e+02
3.078419506748646199e+02
3.012706450711580146e+02
2.930965605026884759e+02
2.835214754009399485e+02
2.727928572536549723e+02
2.611313459958641943e+02
2.486581708817086280e+02
2.353535835007206174e+02
2.210811076985814054e+02
2.056941715434541322e+02
1.891907703528744662e+02
1.718308615893758713e+02
1.541332526538474781e+02
1.367368293551544411e+02
1.201964510393555372e+02
1.048224544524152009e+02
9.064313936263832261e+01
7.750023550556545615e+01
6.522057226176551126e+01
5.377355190764334480e+01
4.333641728186958630e+01
3.423756389482652196e+01
2.680374584051043740e+01
2.117570128283195885e+01
1.717116334794429378e+01
1.426202207500809926e+01
1.168881663709012741e+01
8.671990304750277545e+00
4.633138321249077762e+00
-6.566066606528191407e-01
-7.039733560913882471e+00
-1.404085393801510584e+01
-2.101216946286522003e+01
-2.731813728313612799e+01
-3.251084972870540213e+01
-3.644504845539971427e+01
-3.930166377069765815e+01
-4.152044584842714414e+01
-4.366498401922361694e+01
-4.625672828010840476e+01
-4.962456650561659188e+01
-5.381379271543143972e+01
-5.857591303056350540e+01
-6.343133770984205455e+01
-6.777896118932166303e+01
-7.102720194801118225e+01
-7.272985904782470357e+01
-7.270756243716347456e+01
-7.112178616519774721e+01
-6.846766649175739872e+01
-6.547520583769946256e+01
-6.294065393913970041e+01
-6.153623970853794134e+01
-6.165837171046782572e+01
-6.336002074487868185e+01
-6.637496020614545955e+01
-7.020738951718760745e+01
-7.425195813798497113e+01
-7.791915430573571655e+01
-8.074951676885079621e+01
-8.249761813511219088e+01
-8.316082208692860434e+01
-8.293642194565950376e+01
-8.212188750022977501e+01
-8.100593723133444257e+01
-7.980053102382424868e+01
-7.863294544303603573e+01
-7.758268558592469333e+01
-7.673030032756258834e+01
-7.618196062656346612e+01
-7.604617883011965773e+01
-7.637132159978703783e+01
-7.708752537975273356e+01
-7.800401568226847360e+01
-7.888147772803554858e+01
-7.954827787532677519e+01
-7.999380647414818668e+01
-8.038019292290877615e+01
-8.096377762654773846e+01
-8.197261969107245250e+01
-8.350495623642586906e+01
-8.549164776664926535e+01
-8.773020850508450508e+01
-8.997073078164564208e+01
-9.201841070338038264e+01
-9.381265955605071838e+01
-9.545114714312747140e+01
-9.714804838759573613e+01
-9.914224946159791330e+01
-1.015930609452920805e+02
-1.045083147085287720e+02
-1.077356917405088694e+02
-1.110176016096698959e+02
-1.140849360353235795e+02
-1.167611085784910330e+02
-1.190502794564759625e+02
-1.211764328367668213e+02
-1.235404397183889245e+02
-1.265911076266870623e+02
-1.306470966123702055e+02
-1.357281382203536282e+02
-1.414477453769768829e+02
-1.469968549454929700e+02
-1.512221652289766780e+02
-1.527842071000174826e+02
-1.503689683661453671e+02
-1.429150130245080845e+02
-1.298061370273470345e+02
-1.109840446880520659e+02
-8.696500510542739448e+01
-5.877928555451284609e+01
-2.786172419206064887e+01
4.097713685515195436e+00
3.535123986001831753e+01
6.432904096185804121e+01
8.986203545721090791e+01
1.113160182057663974e+02
1.285891018903224960e+02
1.419903695346012853e+02
1.520696581012646504e+02
1.594641331168664067e+02
1.647807231046708978e+02
1.685007583835001412e+02
1.709064093824505619e+02
1.720576707947869579e+02
1.718441581478635101e+02
1.700939769261386516e+02
1.666836615906792076e+02
1.615931543022216488e+02
1.548876459252155371e+02
1.466571899988535677e+02
1.369689737659068101e+02
1.258659693223573868e+02
1.134011209912235216e+02
9.967385992724003074e+01
8.485110677367413246e+01
6.917677135506694697e+01
5.297256153278176782e+01
