-1.639589514170387190e+02
-1.512674952740111962e+02
-1.413458085294073214e+02
-1.363654521235517620e+02
-1.374476073063560477e+02
-1.446065253235410637e+02
-1.569744012790998795e+02
-1.731490548670656153e+02
-1.915159426255179937e+02
-2.104800590028883107e+02
-2.286280828872050392e+02
-2.448687465710331139e+02
-2.585651016213174103e+02
-2.696186495685464024e+02
-2.784451208874856434e+02
-2.858174797125974465e+02
-2.926153225744953943e+02
-2.995558003465776551e+02
-3.069635046501106785e+02
-3.145946812017767797e+02
-3.215128925349507085e+02
-3.260385944765253043e+02
-3.258357639870048956e+02
-3.181964560868321428e+02
-3.005126732101413154e+02
-2.708296457410549465e+02
-2.283233656577772308e+02
-1.735608539696877983e+02
-1.084648304073420491e+02
-3.598954955686556900e+01
4.040216439494462008e+01
1.173170269353213797e+02
1.919181587380841165e+02
2.622190924227426194e+02
3.271488723065581325e+02
3.864132474841079556e+02
4.402252234244285773e+02
4.890066630470949463e+02
5.331554250853683925e+02
5.729282973136140527e+02
6.084345591641480269e+02
6.396984855546191966e+02
6.667409966054002552e+02
6.896412567529705484e+02
7.085596042380880135e+02
7.237303516182113299e+02
7.354509684283359547e+02
7.440847661221182534e+02
7.500692562484757673e+02
7.539086117947656476e+02
7.561286776320830540e+02
7.571789172278065507e+02
7.572874199551179117e+02
7.563153594338558605e+02
7.536865173993016924e+02
7.484536340745166854e+02
7.395082623171415435e+02
7.258759809178675368e+02
7.069977014710864296e+02
6.828970701583815526e+02
6.541761228293939894e+02
6.218563644808957633e+02
5.871530876862805144e+02
5.512842507543354031e+02
5.153604500142862435e+02
4.803342036911045057e+02
4.469654766717558800e+02
4.157871706680681996e+02
3.870849706239803254e+02
3.609090534863585731e+02
3.371171953455643120e+02
3.154347554709904102e+02
2.955183362711775317e+02
2.770148946248842776e+02
2.596077204671423715e+02
2.430456533410520024e+02
2.271648632118873365e+02
2.119107322861249827e+02
1.973420586306230575e+02
1.835874945300238892e+02
1.707584234176314339e+02
1.588704906662287328e+02
1.478230850765424975e+02
1.374287978045937280e+02
1.274409229878577747e+02
1.175488697260387596e+02
1.073717271150301116e+02
9.650558022574898587e+01
8.463852815738033541e+01
7.168207169496797349e+01
5.784063641204721762e+01
4.357100884290242959e+01
2.944376244642228357e+01
1.596879603971528638e+01
3.459166479965745111e+00
-8.019868125649253443e+00
-1.861460445697608179e+01
-2.859269399202025852e+01
-3.824162476566198166e+01
-4.778461816949152308e+01
-5.732541852916946823e+01
-6.683133596202364402e+01
-7.616651227984661432e+01
-8.516932248731723121e+01
-9.373568070213968895e+01
-1.018586168826163316e+02
-1.095963811130638419e+02
-1.169784876440436392e+02
-1.238963966074919085e+02
-1.300529567619871614e+02
-1.350358432396901094e+02
-1.385150855391916593e+02
-1.404776280084894893e+02
-1.413722209049809635e+02
-1.420768781143373758e+02
-1.436858514386505590e+02
-1.471897804641595258e+02
-1.531615247160684703e+02
-1.615596527980415544e+02
-1.717252911017932320e+02
-1.825789294986674349e+02
-1.929431330058927188e+02
-2.018651278626435897e+02
-2.088231198235334318e+02
-2.137711704247474813e+02
-2.170608649458084756e+02
-2.193096655057504449e+02
-2.212563506483582501e+02
-2.236075604346124805e+02
-2.268794208841484306e+02
-2.312636992311354902e+02
-2.365665785595551256e+02
-2.422607268454824521e+02
-2.476561923686307409e+02
-2.521442173598204022e+02
-2.554230319405947398e+02
-2.576084226492351377e+02
-2.591841707527501626e+02
-2.608298289036929418e+02
-2.632135800358913684e+02
-2.668269185715269600e+02
-2.718946261948208871e+02
-2.783602162476368562e+02
-2.859339437146055047e+02
-2.941795279691773430e+02
-3.025986956276424280e+02
-3.106674356141597286e+02
-3.177963795104355995e+02
-3.232178837059584566e+02
-3.258357639870048956e+02
-3.241119009941805302e+02
-3.160910207198020316e+02
-2.996451753579975161e+02
-2.729208432873623451e+02
-2.348493611229795874e+02
-1.855157094122704393e+02
-1.262371388866480686e+02
-5.934459773899013157e+01
1.221795512259415517e+01
8.532744566068511460e+01
1.570426210667158102e+02
2.248526128060227620e+02
2.868245128299801081e+02
3.416818864044694237e+02
3.888367305065897312e+02
4.283720744129486775e+02
4.609573896835050846e+02
4.876867161558935777e+02
5.098469925013110355e+02
5.286436559940723328e+02
5.449397141876361275e+02
5.590905403105014102e+02
5.709435782093466969e+02
5.800103874793900331e+02
5.857428697289708452e+02
5.877995344651208143e+02
5.861957624412372070e+02
5.812902409403409365e+02
5.736302697576415994e+02
5.637210463184660512e+02
5.517998139839102123e+02
5.377050245162672582e+02
5.209173294188406089e+02
5.007822858382895674e+02
4.768237404159665402e+02
4.489935370531273406e+02
4.177361115617757150e+02
3.838602824821534796e+02
3.483179551592550638e+02
3.120111530748226869e+02
2.756909028895128131e+02
2.399429314377198921e+02
2.052223450224043404e+02
1.718986151666780700e+02
1.402851612861801414e+02
1.106448768181197693e+02
8.317911154759534043e+01
5.801506243717166456e+01
3.519517533482320459e+01
1.465185422120421777e+01
-3.842861217775947580e+00
-2.072003373259265402e+01
-3.658647390123866927e+01
-5.209646643738194882e+01
-6.776317516809234576e+01
-8.379815803397723073e+01
-1.000583891037797315e+02
-1.161275936974081873e+02
-1.314960602886529557e+02
-1.457627538723603493e+02
-1.587815559201293354e+02
-1.707024938596503034e+02
-1.819015259381036458e+02
-1.928335309241670643e+02
-2.038672568893089760e+02
-2.151597144119323275e+02
-2.266098210587701658e+02
-2.379094422611371442e+02
-2.486821955420537051e+02
-2.586616796284780548e+02
-2.678275026804421941e+02
-2.764203294866064198e+02
-2.848084782929307153e+02
-2.932586791822726582e+02
-3.017309532219380799e+02
-3.098220974395574672e+02
-3.169007949485302333e+02
-3.223583186166023324e+02
-3.258357639870048956e+02
-3.273267200774190542e+02
-3.271461549647696643e+02
-3.258199721276741911e+02
-3.239503898266797250e+02
-3.220846005773819911e+02
-3.206056375780838152e+02
-3.196707290596188500e+02
-3.192087694282324719e+02
-3.189609744441665953e+02
-3.185466696891763263e+02
-3.175550674708544534e+02
-3.156560040966554652e+02
-3.126859634358308995e+02
-3.086599073541859752e+02
-3.037099309281574051e+02
-2.980063123488542374e+02
-2.917181454068752373e+02
-2.850234859649808641e+02
-2.781319309368994936e+02
-2.712771384863202684e+02
-2.646714011876159134e+02
-2.584525714028623611e+02
-2.526630726529450612e+02
-2.472776453610894691e+02
-2.422595445060640031e+02
-2.376017577805378664e+02
-2.333213225395786594e+02
-2.294146694265207600e+02
-2.258169097522052198e+02
-2.224070117373479434e+02
-2.190627513018326056e+02
-2.157266602077778259e+02
-2.124358253339045461e+02
