4.457148270254992894e+01
-5.927618317713171336e+01
-1.498312147203486688e+02
-2.172755278875745830e+02
-2.575187185334814330e+02
-2.723485883245551236e+02
-2.678262875391064313e+02
-2.518193311460840391e+02
-2.316653163121901571e+02
-2.126543629488679699e+02
-1.975521114632709896e+02
-1.869722859326541311e+02
-1.801809549371401999e+02
-1.759115794140416824e+02
-1.729318643752847606e+02
-1.703093309212025588e+02
-1.674616490193444633e+02
-1.641096399305458249e+02
-1.602093206810812944e+02
-1.558875730992954232e+02
-1.513844112040220011e+02
-1.470079896959051666e+02
-1.431061028919766613e+02
-1.400403456084891900e+02
-1.381394075455814914e+02
-1.376229064414645791e+02
-1.385113544467047291e+02
-1.405477701156619332e+02
-1.431493127819517781e+02
-1.453966610406081372e+02
-1.460655131337807688e+02
-1.437101165008396038e+02
-1.368144646312154009e+02
-1.240125970591112718e+02
-1.043360152039873299e+02
-7.740604870932196491e+01
-4.350146877315759752e+01
-3.497193532120917325e+00
4.126884269658336279e+01
8.913717417234514073e+01
1.382546041756900479e+02
1.867080606553878397e+02
2.326884913388816472e+02
2.746767277159826790e+02
3.116064061893813459e+02
3.429498459333921119e+02
3.687011999513889577e+02
3.892783064403555500e+02
4.053936316894730112e+02
4.179317424974012170e+02
4.278334618014023931e+02
4.359684344127336999e+02
4.429989125230855507e+02
4.492738413145502250e+02
4.548021136489643936e+02
4.593226629515844479e+02
4.624414908962987170e+02
4.637774052006716374e+02
4.630651524506457122e+02
4.601949793738029371e+02
4.551965120036998087e+02
4.481896587438565120e+02
4.393302361944064387e+02
4.287730440763565980e+02
4.166562232269313881e+02
4.030941576892473677e+02
3.881755390728896487e+02
3.719879150631991251e+02
3.546909127140494320e+02
3.366216001427949323e+02
3.183683461317856427e+02
3.007410821232850822e+02
2.846140257221429692e+02
2.706942281496428677e+02
2.593226166389858918e+02
2.504037372034218265e+02
2.434928043790748688e+02
2.379929455679788077e+02
2.333767545152192611e+02
2.293490423391188813e+02
2.258936455421444407e+02
2.231881020884997611e+02
2.214222145058340914e+02
2.206002355348528852e+02
2.204166378533666943e+02
2.202661352982647429e+02
2.193941159793555471e+02
2.171346278749529688e+02
2.131396281827834400e+02
2.074961557512096419e+02
2.006717026360021805e+02
1.933085483830703879e+02
1.859589478499768802e+02
1.788721807384018518e+02
1.719093846094341984e+02
1.646040001815026699e+02
1.563357362970064628e+02
1.465564321071062750e+02
1.349957843688620471e+02
1.217827735530222810e+02
1.074461045918087052e+02
9.279607130479919874e+01
7.872295494919117687e+01
6.596360463785583761e+01
5.489604085793521904e+01
4.542861014240841655e+01
3.703953283494457338e+01
2.897111067875830770e+01
2.050344194031993084e+01
1.118433816721957896e+01
9.226996321018106073e-01
-1.006145607561406052e+01
-2.136756033470416583e+01
-3.255291990710951211e+01
-4.323894975712678956e+01
-5.318019170225767311e+01
-6.230441527400751056e+01
-7.072423584826535148e+01
-7.871065896729527367e+01
-8.662602740656723199e+01
-9.483297386972009235e+01
-1.036047637204721070e+02
-1.130550547620043176e+02
-1.230974741421463534e+02
-1.334476904285251067e+02
-1.436824006572446706e+02
-1.533534176199020465e+02
-1.621229404400554870e+02
-1.698650424255045550e+02
-1.766902239256202165e+02
-1.828874083494341676e+02
-1.888155122924655984e+02
-1.947921116798945604e+02
-2.010137038417426538e+02
-2.075169419216113056e+02
-2.141783722873506122e+02
-2.207560199791521427e+02
-2.269762202209512907e+02
-2.326472642912016795e+02
-2.377552922269097735e+02
-2.424946559732077276e+02
-2.472079634623473225e+02
-2.522433715877290865e+02
-2.577625564815282360e+02
-2.635460872481784804e+02
-2.688474614760511940e+02
-2.723485883245551236e+02
-2.722624112393782525e+02
-2.665989165738591282e+02
-2.535581927337546517e+02
-2.319579928261162820e+02
-2.015767631245957148e+02
-1.633083504488452888e+02
-1.190762675388625951e+02
-7.152616979755435977e+01
-2.357716429670152536e+01
2.205982877772862594e+01
6.329333594440384303e+01
9.890738335584244112e+01
1.286077053489837851e+02
1.528561445967170869e+02
1.725582687835261879e+02
1.887177416001398740e+02
2.021700103237867268e+02
2.134566378847479768e+02
2.228326908693240398e+02
2.303536573420221600e+02
2.359840314787258251e+02
2.396931201169943506e+02
2.415258692807877878e+02
2.416426594585696819e+02
2.403199242756919602e+02
2.379061302096295094e+02
2.347385371149572677e+02
2.310415172784521758e+02
2.268409566495515435e+02
2.219330872074383194e+02
2.159315928340735411e+02
2.083834438287732382e+02
1.989091462836542235e+02
1.873145578363729271e+02
1.736459677334738672e+02
1.581927996528274321e+02
1.414560570056572715e+02
1.240937787189463108e+02
1.068443149351828083e+02
9.042868288781895103e+01
7.544588419264951540e+01
6.228964484600287221e+01
5.111667848471130071e+01
4.187677425347618509e+01
3.438279505252842227e+01
2.837678899129585375e+01
2.355484876234584135e+01
1.954723162157515048e+01
1.589053105681985301e+01
1.204418429925873113e+01
7.476663644641888595e+00
1.795546224049431316e+00
-5.138061591760120450e+00
-1.316418049154732017e+01
-2.186928654069676980e+01
-3.070930104832458341e+01
-3.917048944021923518e+01
-4.691553605183161579e+01
-5.386837315465586329e+01
-6.021515796888886030e+01
-6.633005851400706376e+01
-7.265897963637024759e+01
-7.959990505351807144e+01
-8.740561884199800602e+01
-9.611934947278624009e+01
-1.055523640883938441e+02
-1.153187714032793139e+02
-1.249333669033387082e+02
-1.339472680522642065e+02
-1.420694542331247021e+02
-1.492254476309460358e+02
-1.555328527716152962e+02
-1.612076315583864812e+02
-1.664410803245664852e+02
-1.712978274475712794e+02
-1.756771877600970129e+02
-1.793582657230557516e+02
-1.821180868159842703e+02
-1.838767136668843136e+02
-1.848006007655278040e+02
-1.853089165580978772e+02
-1.859783048395294998e+02
-1.873945254648921832e+02
-1.900131633205853063e+02
-1.940615300620420101e+02
-1.994772080263170437e+02
-2.058745640045409573e+02
-2.125590860921926435e+02
-2.186305609747047640e+02
-2.231904823212197755e+02
-2.256023016817773055e+02
-2.256981571514157849e+02
-2.238347394988892347e+02
-2.207741952777799384e+02
-2.174524623948050248e+02
-2.147414769942071189e+02
-2.132922134672665777e+02
-2.134836434077606953e+02
-2.154447887241436206e+02
-2.191007200797176324e+02
-2.242177469895766535e+02
-2.304534350404465499e+02
-2.374201889258642666e+02
-2.447468048660485920e+02
-2.521013352113495216e+02
-2.591455942364613065e+02
-2.654202829390433749e+02
-2.701940971166884538e+02
-2.723485883245551236e+02
-2.704040131109834419e+02
-2.627802105720262489e+02
-2.482935867496676110e+02
-2.267415481429944464e+02
-1.993115877740166013e+02
-1.685679774872991459e+02
