-6.486957734098194805e+01
-4.995103140612334869e+01
-3.817308811471207264e+01
-3.182141354727271931e+01
-3.182711392803449968e+01
-3.771158240482868962e+01
-4.796724280038344546e+01
-6.067089109454452966e+01
-7.407363701733586936e+01
-8.697334308530838598e+01
-9.880172265569439105e+01
-1.094914572759983002e+02
-1.192624414919548883e+02
-1.284427312356940263e+02
-1.373602281523216675e+02
-1.462815197212741509e+02
-1.553639443660671304e+02
-1.646077397619961289e+02
-1.738258710744811140e+02
-1.826716094288887007e+02
-1.907501175600751822e+02
-1.977807129349009756e+02
-2.037176649777461819e+02
-2.087439764601624859e+02
-2.131291905177853039e+02
-2.170303756828097619e+02
-2.203582649009064482e+02
-2.228080234329845268e+02
-2.240726487014354973e+02
-2.241464278324419013e+02
-2.235468147427162364e+02
-2.232973094745234732e+02
-2.246238709654662387e+02
-2.284525955477991772e+02
-2.348807470115459921e+02
-2.428081694665982297e+02
-2.498791860585231746e+02
-2.528046616583558546e+02
-2.480192079431865011e+02
-2.325123151352750313e+02
-2.045988116673740080e+02
-1.643960093422947466e+02
-1.138554612931498298e+02
-5.633033484010078951e+01
4.192059796834257668e+00
6.394710358288900665e+01
1.200719959573590785e+02
1.709361993157145321e+02
2.161029485810415167e+02
2.560144800102551699e+02
2.915399195480267736e+02
3.235317833861701047e+02
3.525174402699278744e+02
3.785961476539592923e+02
4.015342662610688649e+02
4.209896472089041026e+02
4.367711080232934364e+02
4.490404112283285940e+02
4.583826394035633029e+02
4.657114022067946735e+02
4.720368404525083861e+02
4.781816391335480603e+02
4.845505556042553508e+02
4.910353203529405164e+02
4.970857183599209748e+02
5.019122218275867908e+02
5.047264964817672990e+02
5.049184361455088492e+02
5.021296129493898661e+02
4.962568936707256171e+02
4.874362154271450436e+02
4.760168365232705128e+02
4.625009207733749008e+02
4.474349791390616247e+02
4.312888763237401690e+02
4.143967249260115295e+02
3.970127482905463694e+02
3.794543763183484089e+02
3.622279061986693591e+02
3.460294317722506321e+02
3.315966996859051505e+02
3.194941420843206288e+02
3.099539758044621749e+02
3.028378573651444867e+02
2.976915151188304662e+02
2.938300805898470571e+02
2.904273704442812800e+02
2.866245800594664388e+02
2.816701139825281643e+02
2.750658725358164247e+02
2.666769898039444797e+02
2.567799957077919544e+02
2.460419631008354600e+02
2.354118460896713714e+02
2.258997372017680050e+02
2.182686485986504294e+02
2.127443243315769905e+02
2.088832070086876911e+02
2.056849610891381701e+02
2.019267913031179660e+02
1.965969518873426978e+02
1.892615911745517394e+02
1.802247306391236350e+02
1.704185154452050313e+02
1.610600852878377509e+02
1.532003416006345446e+02
1.473341635754605932e+02
1.432172657485439231e+02
1.399520816925724205e+02
1.363053904162695176e+02
1.311423510298507722e+02
1.238223984939758680e+02
1.144106537737000622e+02
1.036200829013063185e+02
9.250604607806414492e+01
8.204765930426793830e+01
7.280309137055857605e+01
6.477414358565339114e+01
5.749724440686408400e+01
5.028446590379860481e+01
4.251308060958618285e+01
3.387385717357345527e+01
2.450244694151143676e+01
1.494348995674249636e+01
5.949783116866342425e+00
-1.814736213396059838e+00
-8.052724865634104390e+00
-1.297467067636031857e+01
-1.723632716464388182e+01
-2.169317111081221583e+01
-2.708233519788905141e+01
-3.378344303995535824e+01
-4.176461802537855306e+01
-5.070316545746155157e+01
-6.016816881165198083e+01
-6.975042861318249265e+01
-7.910545566942204232e+01
-8.794493007772874194e+01
-9.602596754218461683e+01
-1.031692308479803444e+02
-1.093109621822058841e+02
-1.145671602291137674e+02
-1.192704664486135471e+02
-1.239411358195793298e+02
-1.291739688690370542e+02
-1.354624681900585585e+02
-1.430281133338043844e+02
-1.517432880669159374e+02
-1.611996484827465963e+02
-1.708897983062647370e+02
-1.803975639538506641e+02
-1.894924333671071679e+02
-1.980988751127780176e+02
-2.061963261305968160e+02
-2.137370687172161468e+02
-2.206419906556173203e+02
-2.268772320779338258e+02
-2.325503693799275595e+02
-2.379216125954895062e+02
-2.432455412149168126e+02
-2.484534732077682122e+02
-2.528046616583558546e+02
-2.546950775976514194e+02
-2.517711222843250596e+02
-2.413806883357417803e+02
-2.212589717348920715e+02
-1.902507683619831766e+02
-1.488201876944775393e+02
-9.912699578362824582e+01
-4.459289317845524181e+01
1.089797632820919659e+01
6.385528825876521353e+01
1.117957736109979408e+02
1.534766422555168788e+02
1.887904142694415555e+02
2.184441262959141170e+02
2.435445174806620230e+02
2.651969349891408001e+02
2.842149307776977594e+02
3.009978095939574132e+02
3.155665784418171143e+02
3.277019941346809446e+02
3.371288806450113498e+02
3.437088402069990707e+02
3.475982194002792767e+02
3.493101636636040439e+02
3.496336820358375235e+02
3.494190516627292027e+02
3.492976545168191933e+02
3.494280188968931498e+02
3.493515327753377733e+02
3.480221995823987982e+02
3.440437320396181349e+02
3.360843155901246746e+02
3.233505520342202999e+02
3.059379648056400356e+02
2.848920556153301504e+02
2.619225759738716306e+02
2.388662739243929423e+02
2.171092650308209784e+02
1.971985099937051302e+02
1.787883850750426973e+02
1.609281905673585982e+02
1.425631507842200847e+02
1.230462226803323347e+02
1.024615322987448565e+02
8.163848147852027637e+01
6.186527077727346580e+01
4.443360379983911912e+01
3.019243135416287771e+01
1.925193871123812528e+01
1.092145630651603483e+01
3.914374640208862388e+00
-3.225743472797212519e+00
-1.162932293020329411e+01
-2.174225949806473324e+01
-3.325660503326687945e+01
-4.534079986860228217e+01
-5.703738912972281128e+01
-6.763689473592289403e+01
-7.688073655818924124e+01
-8.494497780147233357e+01
-9.225493259130803381e+01
-9.924600486746116701e+01
-1.061901637777466334e+02
-1.131482592999891637e+02
-1.200345258737351202e+02
-1.267367434606176886e+02
-1.332233117650515908e+02
-1.395797295147487773e+02
-1.459609872158810617e+02
-1.525081841555089568e+02
-1.593055370345065285e+02
-1.664142693431310818e+02
-1.739433981542763945e+02
-1.820740049999843961e+02
-1.909837204142386327e+02
-2.006982439640847247e+02
-2.109642862638425527e+02
-2.212399301680516714e+02
-2.308271987884459691e+02
-2.390776004500714862e+02
-2.455582920238084910e+02
-2.501087394028670303e+02
-2.528046616583558261e+02
-2.538992987148580767e+02
-2.537945691414010696e+02
-2.530385004867410998e+02
-2.523020984698799225e+02
-2.522848993123968739e+02
-2.535379724947830482e+02
-2.562602896315312364e+02
-2.601740031537348159e+02
-2.645659756775603455e+02
-2.684948129515923370e+02
-2.710685794784212135e+02
-2.716698656022280147e+02
-2.700519130661058398e+02
-2.663076832608369955e+02
-2.607728489949494701e+02
-2.539319083103924868e+02
-2.463572326792240119e+02
