5.155744026592460116e+00
-1.459426890982840064e-01
-5.225802506005589265e+00
-9.817294106339840454e+00
-1.364077498041780245e+01
-1.645014000154008826e+01
-1.810275625099511387e+01
-1.863014274012649452e+01
-1.828174751446869806e+01
-1.750942499824342491e+01
-1.687262944685906874e+01
-1.688133792063192828e+01
-1.783507719806303982e+01
-1.973152483570058990e+01
-2.228863154079679987e+01
-2.506354509713215606e+01
-2.760575015380897668e+01
-2.958543360812466716e+01
-3.087386163785085813e+01
-3.157514923395149964e+01
-3.200121994692326410e+01
-3.257210091799832696e+01
-3.364727002041783521e+01
-3.534666124468312631e+01
-3.745570740137608112e+01
-3.948448271623696115e+01
-4.087367196418485804e+01
-4.126113076790901601e+01
-4.068905416300271582e+01
-3.965344756457665909e+01
-3.896033093512514967e+01
-3.943581337452508961e+01
-4.160693370011825465e+01
-4.548751996211797177e+01
-5.055554374154147013e+01
-5.592346406251677138e+01
-6.062372889122102038e+01
-6.389213080146349455e+01
-6.535019601501463171e+01
-6.505145814608005139e+01
-6.341777830400100413e+01
-6.111022426210104186e+01
-5.886561757872804890e+01
-5.732407773762446368e+01
-5.688446522636108682e+01
-5.763089354762016114e+01
-5.935858980205676971e+01
-6.169314272543938671e+01
-6.425294681636380290e+01
-6.677331744383023704e+01
-6.912554710609660447e+01
-7.122999948225216826e+01
-7.293125595501150826e+01
-7.391772725336878125e+01
-7.372416019770967921e+01
-7.180118586110711476e+01
-6.761438815958763371e+01
-6.074667393786300806e+01
-5.099182806572473226e+01
-3.842245606605232666e+01
-2.340413724550457175e+01
-6.535894686569413636e+00
1.147154056645754494e+01
2.993692678174897281e+01
4.831760432530649041e+01
6.625046246091758917e+01
8.351670691665265167e+01
9.995274171247756101e+01
1.153537719693057397e+02
1.294213255326088188e+02
1.417840221714409665e+02
1.520856145448948951e+02
1.601070121405488180e+02
1.658779633036468795e+02
1.697332410550893087e+02
1.722778456962025757e+02
1.742555650402983360e+02
1.763574987727967596e+02
1.790348651800946413e+02
1.823813340927044919e+02
1.861305362356701494e+02
1.897743140009769434e+02
1.927532796578684327e+02
1.946366626887477764e+02
1.952189668140528909e+02
1.945050424527103132e+02
1.926090881613869783e+02
1.896349206251734358e+02
1.856075251992717483e+02
1.804852089460121363e+02
1.742327182220967074e+02
1.669092872681943049e+02
1.587213155209982176e+02
1.500035919988281989e+02
1.411292656358797331e+02
1.323924943666672789e+02
1.239281823947915058e+02
1.157155926292961396e+02
1.076678384530088266e+02
9.976086763543500524e+01
9.212923297884731255e+01
8.506920223393484548e+01
7.893926032131523129e+01
7.400754636536152020e+01
7.032914077335672687e+01
6.771866416233362429e+01
6.582357926039966856e+01
6.424511424903738543e+01
6.264109483909393106e+01
6.077705419354785477e+01
5.852987896274616730e+01
5.586570207723963222e+01
5.281455553340995834e+01
4.945652140688891762e+01
4.591978991845036262e+01
4.237724627410454303e+01
3.902375694415277962e+01
3.602410977533244818e+01
3.344207650104003449e+01
3.118551154130539871e+01
2.900765385632083238e+01
2.657975253211202471e+01
2.361398127145594827e+01
1.999107205912375917e+01
1.583855300011384770e+01
1.151517591490635439e+01
7.491921799202991394e+00
4.170061431001872876e+00
1.712567934157711136e+00
-3.570163578620366707e-02
-1.499063833879958452e+00
-3.205211789029142722e+00
-5.562760820432970377e+00
-8.669460517107125952e+00
-1.223203594988564191e+01
-1.563803509959410576e+01
-1.815969708861719312e+01
-1.921535584973467792e+01
-1.859072607182988435e+01
-1.654103788589742408e+01
-1.374202529041208720e+01
-1.110622749994684000e+01
-9.516172824385996876e+00
-9.552044984521124604e+00
-1.130600786535865865e+01
-1.435848180931344586e+01
-1.793413030783890605e+01
-2.118080012908153975e+01
-2.346248402648851794e+01
-2.455317071236924420e+01
-2.466549347126304781e+01
-2.432758124421059875e+01
-2.418673434383002530e+01
-2.482255974200501214e+01
-2.660789308465236047e+01
-2.962585232879443708e+01
-3.365807820074631707e+01
-3.825968939693775894e+01
-4.290223546066668803e+01
-4.712753502049338294e+01
-5.065064048950267761e+01
-5.337912335821899035e+01
-5.535720116946450275e+01
-5.667691268042204911e+01
-5.740850263017314603e+01
-5.758394963320095883e+01
-5.723351152427342470e+01
-5.644351478671065081e+01
-5.538898134559518383e+01
-5.430792350501153010e+01
-5.342440320500718087e+01
-5.286842687271978036e+01
-5.264451113516227565e+01
-5.266090973601582448e+01
-5.278689190258630504e+01
-5.289642273039447673e+01
-5.288387039060835093e+01
-5.267129950657644599e+01
-5.223645459851708495e+01
-5.166416690888453900e+01
-5.118320748837044221e+01
-5.113882715579708815e+01
-5.188990093656651936e+01
-5.367753471941350085e+01
-5.653254865592253964e+01
-6.025369052018366745e+01
-6.443789625972101476e+01
-6.852741294649629822e+01
-7.185883320661392304e+01
-7.372416019770967921e+01
-7.345651014480031904e+01
-7.052863481120316180e+01
-6.462595391555851165e+01
-5.566022073013563443e+01
-4.373259603708893195e+01
-2.909410659979899805e+01
-1.214803028820196928e+01
6.508740538679683496e+00
2.605923708279148343e+01
4.551185366813997035e+01
6.382307779460283115e+01
8.004939980075511130e+01
9.347656646084732301e+01
1.037107635473332721e+02
1.107414805486793199e+02
1.149701493592899340e+02
1.171657928445014818e+02
1.183099428371179300e+02
1.193486819987708429e+02
1.209387877540418117e+02
1.232944594592790111e+02
1.261935936472076918e+02
1.291268705271093893e+02
1.315159530094457239e+02
1.329102083372112020e+02
1.330944462769337520e+02
1.320886516936805037e+02
1.300688133930514709e+02
1.272628143264440581e+02
1.238690186246718667e+02
1.200163423244924701e+02
1.157551328291862376e+02
1.110579903524978675e+02
1.058198710688537858e+02
9.986383464496262263e+01
9.296687152255373121e+01
8.491130513607004104e+01
7.555174880704733198e+01
6.488293912369714178e+01
5.309659938298458570e+01
4.061016904140218742e+01
2.804069183365962914e+01
1.610365214424816571e+01
5.447970002602595230e+00
-3.520201776031338881e+00
-1.075074151450616533e+01
-1.654485002169986529e+01
-2.142884122049144224e+01
-2.595757765477300438e+01
-3.052720761868058119e+01
-3.526544988673786207e+01
-4.002697546460363753e+01
-4.447789546626884771e+01
-4.822793568682212140e+01
-5.096657557472750000e+01
-5.256990827678392009e+01
-5.315241769201728061e+01
-5.304381585168771096e+01
-5.269412246971728564e+01
-5.254633693089221680e+01
-5.293033310744159792e+01
-5.400981227621335279e+01
-5.578422400597573017e+01
-5.813156695149942266e+01
-6.086714611340068615e+01
-6.378552262570141806e+01
-6.666854447773410186e+01
-6.928140359360091338e+01
-7.139909559615094281e+01
-7.287647884678005994e+01
-7.372416019770967921e+01
-7.413179014836413216e+01
