-7.080011671499207182e+01
-7.006344940838602042e+01
-6.986982322825267033e+01
-7.059700358593390490e+01
-7.231842474107122598e+01
-7.484682251421330079e+01
-7.786928204337516490e+01
-8.108486641734691602e+01
-8.427768147361516071e+01
-8.731322407127524343e+01
-9.009423001713744839e+01
-9.252729330165503541e+01
-9.453101883321265575e+01
-9.608144834091179121e+01
-9.726412498706156384e+01
-9.829105505766106887e+01
-9.944566028036904015e+01
-1.009460645341255116e+02
-1.027629266005382078e+02
-1.044665650384872180e+02
-1.051811970095533297e+02
-1.036861773452478417e+02
-9.864528892106059743e+01
-8.889742196892267145e+01
-7.372784618685274438e+01
-5.305538472046935539e+01
-2.749608456705307447e+01
1.714411654146390518e+00
3.293349300293726856e+01
6.441759304501968586e+01
9.464096734108751718e+01
1.225269829482116108e+02
1.475147987580797064e+02
1.694539835514872266e+02
1.884033131996017119e+02
2.044504179818372904e+02
2.176351138504838048e+02
2.279834290764230218e+02
2.356013609183720519e+02
2.407619764533528155e+02
2.439328692870914210e+02
2.457197270365139730e+02
2.467417532898048194e+02
2.474916289863091379e+02
2.482415602482693373e+02
2.490288961702576103e+02
2.497120685674158835e+02
2.500600390785451737e+02
2.498354190435021565e+02
2.488464610469965237e+02
2.469661404905359632e+02
2.441314904640135239e+02
2.403315599513106235e+02
2.355803833175321529e+02
2.298747649414071361e+02
2.231550504349061725e+02
2.152970831028423220e+02
2.061481089183122322e+02
1.955876800187680828e+02
1.835758419431623452e+02
1.701653870567817251e+02
1.554908017908939257e+02
1.397700302479682932e+02
1.233420415942889434e+02
1.067203632824761570e+02
9.060639651635878522e+01
7.581229780025029186e+01
6.309207582024075833e+01
5.293742951338532521e+01
4.542566409923047388e+01
4.019378816206425853e+01
3.655952122536842097e+01
3.374061146179551685e+01
3.107637768067759509e+01
2.815953235836827417e+01
2.484046440118262922e+01
2.113539515497008381e+01
1.711073762088307149e+01
1.280701183274452148e+01
8.221265379272761464e+00
3.325779701957380041e+00
-1.907728973372201153e+00
-7.489731950568646823e+00
-1.339126629482854725e+01
-1.951060387149378528e+01
-2.564234153865094612e+01
-3.148545548053007792e+01
-3.671870009024800652e+01
-4.112661990187440608e+01
-4.471060755375197004e+01
-4.771198448668428682e+01
-5.052082638056829467e+01
-5.351288128517269627e+01
-5.689881179604239492e+01
-6.065917023004955411e+01
-6.458745199853987629e+01
-6.840744513629172729e+01
-7.189924865414867838e+01
-7.497163380137422450e+01
-7.765356163186393701e+01
-8.002636645222341372e+01
-8.214852096086845279e+01
-8.401651201029774541e+01
-8.557241803308774308e+01
-8.674319091212390731e+01
-8.749094547907519370e+01
-8.785577030347285188e+01
-8.797304532875529048e+01
-8.805196469944105786e+01
-8.831747352291009179e+01
-8.893771127435186941e+01
-8.997023507700785672e+01
-9.135454659449308679e+01
-9.295561146869042091e+01
-9.463347259451890636e+01
-9.629909820709255541e+01
-9.792996887499182890e+01
-9.954629648900802863e+01
-1.011648639076470886e+02
-1.027479779804991438e+02
-1.041641119513199101e+02
-1.051811970095533297e+02
-1.055130110446028766e+02
-1.049211607628956813e+02
-1.033434561660149313e+02
-1.009906680551485465e+02
-9.835393217740764271e+01
-9.609749007968324008e+01
-9.486361017401847562e+01
-9.506175254344321957e+01
-9.672724876358742563e+01
-9.950824373075386120e+01
-1.027866166649019419e+02
-1.058852063004375168e+02
-1.082841234688823988e+02
-1.097705066692734590e+02
-1.104699654592457989e+02
-1.107464230767230333e+02
-1.110060387148351424e+02
-1.114815598243499721e+02
-1.120760203915166073e+02
-1.123062464896857477e+02
-1.113432827077444074e+02
-1.081305045878516751e+02
-1.015626358248029817e+02
-9.070318920580827182e+01
-7.499778140664460580e+01
-5.442604010627512423e+01
-2.954540696374635189e+01
-1.414659648299895878e+00
2.857701590015967241e+01
5.892850728216560441e+01
8.824523746052051365e+01
1.154176239165541205e+02
1.397267352295832836e+02
1.608568301339393543e+02
1.788189883123143602e+02
1.938187946312161785e+02
2.061181809913207985e+02
2.159392273337489883e+02
2.234376427178041524e+02
2.287409403701482233e+02
2.320140529296800480e+02
2.335050101210242133e+02
2.335455452948018831e+02
2.325174547818495228e+02
2.308126018296103155e+02
2.288005347482323941e+02
2.267941886279587891e+02
2.250001238615567729e+02
2.234594096129178240e+02
2.220080541375780570e+02
2.202905977095824710e+02
2.178404539145180934e+02
2.142047211713253319e+02
2.090606325747530718e+02
2.022692183150597884e+02
1.938465046002020244e+02
1.838815104957594713e+02
1.724564349717495304e+02
1.596125018148421759e+02
1.453738579980528698e+02
1.298146071578821932e+02
1.131361438981939358e+02
9.571638245591623217e+01
7.810415120604866956e+01
6.095356423899842468e+01
4.491280666645278785e+01
3.049821275958279898e+01
1.799514704922052388e+01
7.421162657467494483e+00
-1.435984106075295585e+00
-8.919511577695192983e+00
-1.538097086189734775e+01
-2.108429722044783716e+01
-2.617537503097249996e+01
-3.071643051313943928e+01
-3.474745980035653758e+01
-3.833372378420354210e+01
-4.158387664692586583e+01
-4.464678357537323450e+01
-4.769808559503105982e+01
-5.091813974311588709e+01
-5.445934662520719627e+01
-5.840995772092347238e+01
-6.277207199257291848e+01
-6.746820557577402155e+01
-7.237349986681117286e+01
-7.735491583217634570e+01
-8.229665134846962360e+01
-8.710052810990808325e+01
-9.166390918418574074e+01
-9.585081360842200127e+01
-9.947894601907894696e+01
-1.023411606546205235e+02
-1.042638463930757524e+02
-1.051811970095533297e+02
-1.051859417088522974e+02
-1.045232903263375164e+02
-1.035284644438283266e+02
-1.025419665127527367e+02
-1.018417380489854764e+02
-1.016085376458102445e+02
-1.019149178508363889e+02
-1.027215190748470661e+02
-1.038789373307781290e+02
-1.051497489343876737e+02
-1.062620116129727847e+02
-1.069821961924103277e+02
-1.071735799277560091e+02
-1.068095042740281002e+02
-1.059419257751536350e+02
-1.046563043582310968e+02
-1.030430043613199445e+02
-1.011888872073232051e+02
-9.917439332640961425e+01
-9.706659973412030240e+01
-9.491273604933296326e+01
-9.274346858968647211e+01
-9.058811394615588597e+01
-8.849332653315767061e+01
-8.653081370608072120e+01
-8.478120177141997260e+01
-8.329275472825705151e+01
-8.203294888799680962e+01
-8.086252674924834594e+01
-7.955311853513305209e+01
-7.784839573176792271e+01
-7.554775188895021643e+01
-7.257721982660865478e+01
-6.901457863264420212e+01
-6.505919398989804847e+01
-6.096541802116204423e+01
-5.697070432592136768e+01
-5.324594394244939366e+01
-4.988477089276221221e+01
-4.692989887374389468e+01
-4.441059696444954596e+01
-4.235648384224650442e+01
-4.077440890134411688e+01
-3.961039108225068617e+01
-3.873340390478553275e+01
