5.421597803605619603e+00
-3.421577421585190848e+01
-6.890253273486671048e+01
-9.500106383881447414e+01
-1.111308780827880014e+02
-1.182269486172674675e+02
-1.189003648739509771e+02
-1.164328090449054685e+02
-1.137821911569668316e+02
-1.128895276140549413e+02
-1.144256594339723421e+02
-1.179574935685531187e+02
-1.223935409365461879e+02
-1.265161389705140067e+02
-1.294250182930599067e+02
-1.307824159212506174e+02
-1.308312721067144651e+02
-1.302292924900121989e+02
-1.297894947730090962e+02
-1.302312459307449046e+02
-1.320177726318570137e+02
-1.353012497149545652e+02
-1.399489990375918183e+02
-1.456098629007180989e+02
-1.517948671277857500e+02
-1.579663406879682270e+02
-1.636344525304957074e+02
-1.684484433209722738e+02
-1.722558152515167933e+02
-1.751037077770880330e+02
-1.771786277402840994e+02
-1.787107945509848719e+02
-1.798867817773853233e+02
-1.808077121711059192e+02
-1.815047754642213533e+02
-1.819951284455170253e+02
-1.823445202110338244e+02
-1.827028043250501241e+02
-1.832907406863910182e+02
-1.843361887938237658e+02
-1.859821175291921520e+02
-1.882109908434321142e+02
-1.908320571332410509e+02
-1.935466789199437017e+02
-1.960600399270698517e+02
-1.981822625175008454e+02
-1.998745047027445594e+02
-2.012308920662251239e+02
-2.024189050112797759e+02
-2.036116470949052939e+02
-2.049364354490150504e+02
-2.064508095525713998e+02
-2.081497036630337618e+02
-2.099996475050823506e+02
-2.119801781238799947e+02
-2.141019287992844511e+02
-2.163850333552336735e+02
-2.188156673836234916e+02
-2.213216616615355861e+02
-2.237961227430484996e+02
-2.261596766227063995e+02
-2.284214264121324902e+02
-2.307021788898835553e+02
-2.332112018802761213e+02
-2.361865456224345792e+02
-2.398040360505286230e+02
-2.440505938239563193e+02
-2.485679405138211848e+02
-2.525016587826955288e+02
-2.544130479011953128e+02
-2.523074910143840270e+02
-2.438100510434036892e+02
-2.264943401349325427e+02
-1.983408892632918707e+02
-1.582510806261640823e+02
-1.064856852663073994e+02
-4.487617163903009754e+01
2.329967701890446463e+01
9.378994100821338975e+01
1.620867496194995567e+02
2.242004254539808414e+02
2.772776166910995244e+02
3.199105342415365953e+02
3.520960689608918415e+02
3.749155632454612714e+02
3.900774017240370313e+02
3.994776126673456247e+02
4.048882879701905608e+02
4.078021767102881086e+02
4.093889867604825668e+02
4.104933383257757100e+02
4.116295527921673170e+02
4.129752855179866629e+02
4.143963629364409371e+02
4.155284635764162431e+02
4.159070609209099985e+02
4.151045023861261711e+02
4.128253540310919902e+02
4.089282392444508787e+02
4.033702654832266035e+02
3.960976346246558251e+02
3.869256307893396070e+02
3.754575340865914086e+02
3.610867413040067504e+02
3.431101881455857665e+02
3.209480191479998439e+02
2.944174355122554516e+02
2.639688834900741767e+02
2.307859909994892860e+02
1.966907540560994789e+02
1.638688472316454749e+02
1.344939934931114465e+02
1.103491189940628061e+02
9.252362920280484104e+01
8.124282841568192737e+01
7.586533025387478801e+01
7.505100449747220637e+01
7.705472488958027100e+01
8.006508274146627002e+01
8.250450116132472544e+01
8.323437349145133624e+01
8.164446143892472207e+01
7.763240359842431815e+01
7.149519768357147598e+01
6.376663176506994546e+01
5.504425632195696494e+01
4.585011748438422785e+01
3.655499417077066227e+01
2.736877943413614034e+01
1.837282675480821581e+01
9.560484634744266685e+00
8.668185250390578744e-01
-7.805558646149080460e+00
-1.654527274639353607e+01
-2.537028781602811023e+01
-3.416834927823091306e+01
-4.267820489216258295e+01
-5.053397488017654382e+01
-5.735836063210147984e+01
-6.286468463730030720e+01
-6.693055514595674538e+01
-6.962477036309502409e+01
-7.118535310646181813e+01
-7.195869462457513066e+01
-7.232280267109156568e+01
-7.262528689942203641e+01
-7.315514992715017684e+01
-7.413668273880759330e+01
-7.571056411588787682e+01
-7.788227832163133257e+01
-8.046389620696265865e+01
-8.306724998256507320e+01
-8.519062130023147006e+01
-8.638644458826766481e+01
-8.644306745623200072e+01
-8.549618855076226964e+01
-8.401625914976308707e+01
-8.267690793251898640e+01
-8.215961720222742315e+01
-8.296315487946860401e+01
-8.526472031546363439e+01
-8.885295956498768533e+01
-9.314534293184986780e+01
-9.730418542190351161e+01
-1.004464199643832671e+02
-1.018968829400233886e+02
-1.013988589466770662e+02
-9.920283432589397421e+01
-9.599990953779062863e+01
-9.272148467646510994e+01
-9.026924030739171201e+01
-8.926059741949519832e+01
-8.987234124074319652e+01
-9.183593740111479065e+01
-9.458365617550862225e+01
-9.748274331154117078e+01
-1.000589290881873836e+02
-1.021253286842762122e+02
-1.037883633680354194e+02
-1.053596961071090305e+02
-1.072278393433490891e+02
-1.097326319145703337e+02
-1.130667374180593470e+02
-1.172215181227150254e+02
-1.219891056444624269e+02
-1.270124047246993371e+02
-1.318564607719715696e+02
-1.360833776051652535e+02
-1.393376986427584256e+02
-1.414519970374172715e+02
-1.425486000072671402e+02
-1.430762640884160817e+02
-1.437298063800178056e+02
-1.452616232204810842e+02
-1.482570259578251353e+02
-1.529638647109270835e+02
-1.592383290483688825e+02
-1.666163769498346596e+02
-1.744720246530379484e+02
-1.822029217751532713e+02
-1.893902577150817024e+02
-1.958951635749371007e+02
-2.018707599877134840e+02
-2.076940363016412334e+02
-2.138444637530506327e+02
-2.207544516330260080e+02
-2.286328399586286082e+02
-2.372504251982941526e+02
-2.457077108522465778e+02
-2.522716041062322176e+02
-2.544130479011953128e+02
-2.491399052490204156e+02
-2.335991822976123728e+02
-2.057909537808397431e+02
-1.651715122857828533e+02
-1.129531676416421249e+02
-5.200618925935131642e+01
1.361259832702248218e+01
7.937607870473102878e+01
1.410545222920443393e+02
1.953375448856515106e+02
2.401782996488551589e+02
2.748347171998527756e+02
2.996783757281298222e+02
3.158834292196964952e+02
3.250925759115352776e+02
3.291145334712801969e+02
3.296714607584215173e+02
3.282009686747495607e+02
3.257218267329382115e+02
3.227797650032640604e+02
3.194866348628124797e+02
3.156507640963650374e+02
3.109727698663411957e+02
3.052531793745308732e+02
2.985368007482544499e+02
2.911254480982285031e+02
2.834388165304418408e+02
2.757764175530793409e+02
2.680897887112553235e+02
2.598755269920095543e+02
2.502401717095659137e+02
2.381044393762979325e+02
2.224622667713703663e+02
2.026144839372110482e+02
1.783331307395563954e+02
1.499422751434134966e+02
1.183113201200436180e+02
8.475842283696732693e+01
5.087182465322975844e+01
1.828212656813705195e+01
-1.155500050276934587e+01
-3.750391848062027833e+01
-5.879293144707959584e+01
-7.497752959809535866e+01
-8.587694248748984194e+01
-9.153403729197368932e+01
-9.221309912306345780e+01
-8.841226304857981688e+01
-8.085687870215761563e+01
-7.045917958734020203e+01
-5.825317726457950585e+01
