-4.743131500841955983e+01
-4.989047574785220718e+01
-5.219494013012138112e+01
-5.420829216048551302e+01
-5.582673650299397394e+01
-5.701157533668861532e+01
-5.781561959486035107e+01
-5.838103793999131597e+01
-5.889907898424395682e+01
-5.954437368397589836e+01
-6.041193278463503447e+01
-6.148531342489745555e+01
-6.265043226404146992e+01
-6.374788360104572860e+01
-6.463946101839032110e+01
-6.526166825073745770e+01
-6.564844157087408405e+01
-6.591764617509397794e+01
-6.622664473488960368e+01
-6.671385372422970761e+01
-6.745362701114234483e+01
-6.844864445693401933e+01
-6.966023010397645976e+01
-7.104809329406674578e+01
-7.258219139932789687e+01
-7.420862336340927357e+01
-7.578401719007675297e+01
-7.701594424503852565e+01
-7.744428115418020298e+01
-7.647454916779085465e+01
-7.345223388517203489e+01
-6.776186011853212676e+01
-5.893751993225134811e+01
-4.676816548302630849e+01
-3.137137810382778724e+01
-1.320734689891953551e+01
6.978572767274857647e+00
2.826815210638468301e+01
4.970097181143483311e+01
7.038799929179080550e+01
8.959001927184444014e+01
1.067629230435312166e+02
1.215827411979737462e+02
1.339609434765832248e+02
1.440479109442158006e+02
1.522083211847086659e+02
1.589486870504171065e+02
1.647938143388433900e+02
1.701421044334678072e+02
1.751575095653507219e+02
1.797515503416503577e+02
1.836677468958656050e+02
1.866292533982488067e+02
1.884813634732474270e+02
1.892678625811410029e+02
1.892149235479937488e+02
1.886381187767205461e+02
1.878184160118306067e+02
1.869007019286448781e+02
1.858516060861227288e+02
1.844808840086246846e+02
1.825009285838085589e+02
1.795909525574140844e+02
1.754487335577676674e+02
1.698348678660586870e+02
1.626195655189368381e+02
1.538265108956134100e+02
1.436515174834918298e+02
1.324377703461574356e+02
1.206139136985127465e+02
1.086229794884517474e+02
9.687120803504477351e+01
8.570944881958727990e+01
7.543856022054447408e+01
6.631495356474910352e+01
5.853311519636277183e+01
5.218178656163440365e+01
4.719632867862540593e+01
4.334010053655322281e+01
4.023467711311886319e+01
3.743532861331183881e+01
3.453064958381081340e+01
3.123769673231677046e+01
2.746327749773444538e+01
2.330951077335280885e+01
1.902162644509004252e+01
1.490163652143186113e+01
1.122424288041754181e+01
8.179799863743834720e+00
5.845040580864086621e+00
4.169463165468254573e+00
2.974198433911816153e+00
1.976008002292267918e+00
8.481911421666126216e-01
-6.915354089444250008e-01
-2.797969313481743825e+00
-5.452667387471613836e+00
-8.469067778011606151e+00
-1.154267073964989265e+01
-1.433260942837374330e+01
-1.655887746954757489e+01
-1.809463075086683403e+01
-1.902639989007610666e+01
-1.965406874667321091e+01
-2.041503108450656612e+01
-2.174553438846633213e+01
-2.392608875894239873e+01
-2.697455465978541866e+01
-3.063259764142139119e+01
-3.444587174004807650e+01
-3.789745207803716198e+01
-4.054482209316050501e+01
-4.212770271478134987e+01
-4.263009185239623378e+01
-4.228299618521678838e+01
-4.149901027002152887e+01
-4.075030594092372382e+01
-4.042904178268840099e+01
-4.074167489680195331e+01
-4.167438945160240849e+01
-4.303567286294378391e+01
-4.455371863364916862e+01
-4.599082964169149079e+01
-4.723287236200214068e+01
-4.831892277618644016e+01
-4.939837441034664778e+01
-5.063657044750699754e+01
-5.211831390208460846e+01
-5.380005476519004048e+01
-5.553040544784519739e+01
-5.711663137450180727e+01
-5.839501077031839316e+01
-5.927576730574243413e+01
-5.975755974253252134e+01
-5.991920069678430139e+01
-5.989623217447820025e+01
-5.984790143875082435e+01
-5.992047544731427422e+01
-6.021380984993834318e+01
-6.075801261321146285e+01
-6.150572909427675938e+01
-6.234394991213690673e+01
-6.312763841483351257e+01
-6.373267617621333159e+01
-6.411530159228848902e+01
-6.435530070210295150e+01
-6.465958212919194636e+01
-6.531294208883707597e+01
-6.658015943204594578e+01
-6.858425203226937583e+01
-7.120207032184598006e+01
-7.401930767822970836e+01
-7.636849303714586767e+01
-7.744428115418020298e+01
-7.646386728472668892e+01
-7.282528129761072933e+01
-6.621684518748536163e+01
-5.664614164197372759e+01
-4.438808391250211116e+01
-2.988340100743526051e+01
-1.363493915319617855e+01
3.860142252784520167e+00
2.213240487214891772e+01
4.073276184947694389e+01
5.921959291024566596e+01
7.715493466973180148e+01
9.411173166864202244e+01
1.096881247691554080e+02
1.235262644613383287e+02
1.353368891711610047e+02
1.449310572799300587e+02
1.522554967929559098e+02
1.574206313647578384e+02
1.607049652024559236e+02
1.625218146174408105e+02
1.633471898209176629e+02
1.636260863794803697e+02
1.636879019036840077e+02
1.637005178673516639e+02
1.636744925846911087e+02
1.635034219005254670e+02
1.630118310179094010e+02
1.619892055610600323e+02
1.602105004809603201e+02
1.574595623047019615e+02
1.535676775215029863e+02
1.484593836841819439e+02
1.421810452174433408e+02
1.348891513714393113e+02
1.267937068085572463e+02
1.180764992526189019e+02
1.088206182440335681e+02
9.898568956695022791e+01
8.844427983867842613e+01
7.706964971501452055e+01
6.484210795910622949e+01
5.192778912568491023e+01
3.869062744533736264e+01
2.562899917751479251e+01
1.326586703833192260e+01
2.039551320967952108e+00
-7.767732388308584923e+00
-1.605139421432603797e+01
-2.286508159903458903e+01
-2.837808414262480028e+01
-3.282535256734477969e+01
-3.646017758790141272e+01
-3.951486372077711451e+01
-4.217177476035368500e+01
-4.454657958382282601e+01
-4.668902592765655157e+01
-4.860972650580175980e+01
-5.033425761608258853e+01
-5.196535976582462268e+01
-5.371341034269021719e+01
-5.585737707211207237e+01
-5.863387009817958528e+01
-6.210204042161515048e+01
-6.605963800735705149e+01
-7.006642120451058986e+01
-7.357519777139124528e+01
-7.611442330840256432e+01
-7.744428115418020298e+01
-7.762804166880385992e+01
-7.700234330270001237e+01
-7.606865098533995706e+01
-7.534903284351301522e+01
-7.524951101322412228e+01
-7.596135774005193753e+01
-7.741885173285868404e+01
-7.932590443058116136e+01
-8.125279305183570955e+01
-8.277991938419741302e+01
-8.364017021298903387e+01
-8.380568224947018052e+01
-8.348391002327326760e+01
-8.302156870758489049e+01
-8.275270560608851156e+01
-8.285621900682500041e+01
-8.328714987058395991e+01
-8.380621006674790863e+01
-8.408071298393463167e+01
-8.380653759522557777e+01
-8.281046570405172247e+01
-8.110916468860997952e+01
-7.890931043960739544e+01
-7.654267277667500480e+01
-7.435210627093718472e+01
-7.257060727234585329e+01
-7.124394016642136762e+01
-7.022758481266598096e+01
-6.925358067569518994e+01
-6.803391940917941838e+01
-6.635794109635415339e+01
-6.415165157793153128e+01
-6.148638028842492531e+01
-5.854123180215361799e+01
-5.553562258495558268e+01
-5.265691625976587176e+01
-5.000976953020884963e+01
-4.760226603079978958e+01
-4.536516391331878850e+01
