-1.457176550355501377e+01
-1.519625532307749154e+02
-2.705496979695089976e+02
-3.568357376350815571e+02
-4.058424628027112817e+02
-4.212201697242056184e+02
-4.127400584929011416e+02
-3.925233000798800163e+02
-3.714582848924122800e+02
-3.568238889988376172e+02
-3.515023157270259162e+02
-3.545834195743618125e+02
-3.627993152082527786e+02
-3.721520666261806696e+02
-3.792520923832279323e+02
-3.821227447135188982e+02
-3.804209177723794824e+02
-3.751508123195370672e+02
-3.680391313628630883e+02
-3.607917070783454960e+02
-3.544362696807545490e+02
-3.488874929114872430e+02
-3.428014010005164778e+02
-3.337456434112393140e+02
-3.186748792356383433e+02
-2.946302707392871980e+02
-2.594923068975438127e+02
-2.125668505956350032e+02
-1.548207670743941833e+02
-8.869892016188146044e+01
-1.760223550413519433e+01
5.477902001841894730e+01
1.250631454456172094e+02
1.905768497329411275e+02
2.495477235038015635e+02
3.011464589668236727e+02
3.454230856077875274e+02
3.831409492208198913e+02
4.155073091602689601e+02
4.438396149081599447e+02
4.692483134785533707e+02
4.924193451743964829e+02
5.135436759584633819e+02
5.323962450457653404e+02
5.485299462552628711e+02
5.615191729061608612e+02
5.711661109698477503e+02
5.775920890391698777e+02
5.811865592531785296e+02
5.824541796036273809e+02
5.818398169735621650e+02
5.795971415194356950e+02
5.757253900976181740e+02
5.699724256405290816e+02
5.618936115719615145e+02
5.509492121077184947e+02
5.366221607469585706e+02
5.185439703832562373e+02
4.966086783185025979e+02
4.710354698087023166e+02
4.423484666529018909e+02
4.112869032487577101e+02
3.786924952881244621e+02
3.454048527631325101e+02
3.121595975748965657e+02
2.794828578259182450e+02
2.476153645770335174e+02
2.165282368202073542e+02
1.860642761037727553e+02
1.561616601242031948e+02
1.270466414776754647e+02
9.927395117015989001e+01
7.356414787640707686e+01
5.050201379718954797e+01
3.025026302913649801e+01
1.243426265517437557e+01
-3.739565878827612266e+00
-1.919263388158921657e+01
-3.465108149172009178e+01
-5.043687311815774876e+01
-6.645574136831143619e+01
-8.235782898496354676e+01
-9.775457616364901980e+01
-1.123633773860969995e+02
-1.260282116712896254e+02
-1.386630076358398469e+02
-1.502068311597264767e+02
-1.606474410764035952e+02
-1.701013940101259436e+02
-1.788828324613683662e+02
-1.874843383402148049e+02
-1.964433204181951567e+02
-2.061412505235987283e+02
-2.166236409574551089e+02
-2.275206977464335125e+02
-2.381165773712442046e+02
-2.475685198732502954e+02
-2.552112587231586645e+02
-2.608239444536320093e+02
-2.647351050767923653e+02
-2.677096459769879289e+02
-2.706643418463787611e+02
-2.743398504690198365e+02
-2.790734132088950332e+02
-2.847576496795135768e+02
-2.909751699085014707e+02
-2.972236699585866404e+02
-3.031254505513895765e+02
-3.085428459258910721e+02
-3.135701864674338708e+02
-3.184249528524801462e+02
-3.233037741599304127e+02
-3.282801724719000163e+02
-3.332868311218099393e+02
-3.381710905621447978e+02
-3.427793736074116850e+02
-3.470272800439743150e+02
-3.509301498569234354e+02
-3.545857703865941062e+02
-3.581153850009861799e+02
-3.615867404796639448e+02
-3.649587500476362720e+02
-3.680894247668338721e+02
-3.708268886718905719e+02
-3.731566767646179983e+02
-3.753299273749340728e+02
-3.778842411109858972e+02
-3.815079799510970702e+02
-3.867716909127103690e+02
-3.938221650782194843e+02
-4.021673209333713999e+02
-4.106491558189268858e+02
-4.176172692695351429e+02
-4.212201697242056184e+02
-4.196790861685071832e+02
-4.114358551187600028e+02
-3.951672908214172821e+02
-3.697743709257672435e+02
-3.344895108276460860e+02
-2.891548380746887119e+02
-2.345653634958011082e+02
-1.726674595054757901e+02
-1.064383795936898593e+02
-3.942117808013974667e+01
2.494750809095971533e+01
8.399117533735770280e+01
1.362187637245518772e+02
1.814024158644958504e+02
2.203085409185951562e+02
2.541988233311623731e+02
2.842934046117524645e+02
3.113842177329520950e+02
3.357032757796103510e+02
3.570427020477211499e+02
3.750429081334285684e+02
3.895215008228782949e+02
4.007012924898425581e+02
4.092274100273245949e+02
4.159571763020740605e+02
4.216252890596525162e+02
4.265505036981442117e+02
4.305152933399119775e+02
4.328553205893783797e+02
4.327084101323485470e+02
4.293243880043837066e+02
4.223266428106359172e+02
4.118385582429056058e+02
3.984355992638953694e+02
3.829427272592751024e+02
3.661523466317399880e+02
3.485738342464449602e+02
3.303198197095971977e+02
3.111755437857614766e+02
2.908092454176086221e+02
2.690150260639501312e+02
2.458767299869949738e+02
2.217999495602641673e+02
1.974339755653192583e+02
1.735468560456532998e+02
1.509096466073710019e+02
1.302098059660701210e+02
1.119804925138452063e+02
9.652833245402561602e+01
8.386780354699538975e+01
7.369590231111811818e+01
6.543560950750929806e+01
5.834303557551049835e+01
5.164203620092379765e+01
4.464780766009178592e+01
3.686245977342106528e+01
2.804098177945728310e+01
1.821874633214021344e+01
7.683148877339050387e+00
-3.111752717364794307e+00
-1.366230194359464178e+01
-2.353321490223005696e+01
-3.245453392033450513e+01
-4.037210740540280085e+01
-4.742006024497443661e+01
-5.381041954228199131e+01
-5.969320115454491571e+01
-6.507839672768893990e+01
-6.988130458406914158e+01
-7.406624575421349732e+01
-7.779079339894558132e+01
-8.145383049059712732e+01
-8.561481257363190878e+01
-9.081975697214645038e+01
-9.740816202283059511e+01
-1.053848383386529974e+02
-1.144162554966666363e+02
-1.239517720411315764e+02
-1.334101796449215840e+02
-1.423515795315329910e+02
-1.505764330931565382e+02
-1.581304618201617416e+02
-1.652250643929047556e+02
-1.721097829927155942e+02
-1.789585854794222541e+02
-1.858319148587098937e+02
-1.927283077044596951e+02
-1.996727436001038996e+02
-2.067680309360320905e+02
-2.141787717861430735e+02
-2.220761070575945837e+02
-2.305913285892004012e+02
-2.398000280846499663e+02
-2.497213862667320541e+02
-2.603084701064385058e+02
-2.714271167778883864e+02
-2.828438733600819432e+02
-2.942484710295427703e+02
-3.053242919398601316e+02
-3.158527391607998425e+02
-3.258056177613918294e+02
-3.353751409908855408e+02
-3.449264388863938962e+02
-3.548950742790480035e+02
-3.656526595964294870e+02
-3.773442872208899530e+02
-3.897075899566072508e+02
-4.019202063394940296e+02
-4.125515300725617180e+02
-4.196840512028848593e+02
-4.212201697242056184e+02
-4.153218962945661588e+02
-4.008689021725955399e+02
-3.777949247578125664e+02
-3.471959885415363374e+02
-3.111826815610533572e+02
-2.725232816299626393e+02
-2.341599902508893933e+02
-1.986874705125561036e+02
-1.678858438585911017e+02
-1.424041661826867085e+02
-1.216807499457942470e+02
-1.041465661960437075e+02
-8.769014914122688253e+01
-7.029002811264511763e+01
-5.065816162379105236e+01
-2.869000476219016704e+01
-5.519265748462288457e+00
