1.952812156612988126e+00
1.806623413325251093e+01
3.169527253571972381e+01
4.102458240452125438e+01
4.532569481597344918e+01
4.496491592921307046e+01
4.109437635946710543e+01
3.519942611258603904e+01
2.867073488616224353e+01
2.251650968711637191e+01
1.726306068967207707e+01
1.302412231995865355e+01
9.665016533625042428e+00
6.966763273534267498e+00
4.720116233486692181e+00
2.737225551732827000e+00
8.214410474661590911e-01
-1.250133986169519318e+00
-3.702849647510990216e+00
-6.710374428391467028e+00
-1.034579061540238953e+01
-1.457210897577310149e+01
-1.928276268685401362e+01
-2.437108599241035733e+01
-2.978840176961368513e+01
-3.555643443777307766e+01
-4.172663546724483297e+01
-4.830734296979144915e+01
-5.519126540417088478e+01
-6.210924925769946725e+01
-6.862599004991538720e+01
-7.418971916262208310e+01
-7.824387535599683474e+01
-8.038871065291264983e+01
-8.054394890736462287e+01
-7.903710785608625145e+01
-7.655931703065888883e+01
-7.399160775621045616e+01
-7.216868817217084597e+01
-7.167014151106783970e+01
-7.270492435327112446e+01
-7.511213268622655903e+01
-7.846347752339467263e+01
-8.222540484071764411e+01
-8.592278910131399527e+01
-8.924763325511386824e+01
-9.207861061206028808e+01
-9.441704675124341861e+01
-9.628551737197548732e+01
-9.765063425235805994e+01
-9.841186195896801792e+01
-9.845929001103944245e+01
-9.776519119638105337e+01
-9.645188977565736366e+01
-9.478872569324869346e+01
-9.311613935827476496e+01
-9.174534166266725776e+01
-9.089755703325120351e+01
-9.071338052416925279e+01
-9.130393563561175085e+01
-9.277720499959114875e+01
-9.518929636463181509e+01
-9.843018780611303953e+01
-1.021065064720391291e+02
-1.054901837794792812e+02
-1.075647371237719625e+02
-1.071519700295251170e+02
-1.030724522780850378e+02
-9.429803440374163870e+01
-8.008180048412589258e+01
-6.007159566838919318e+01
-3.441121828285492512e+01
-3.812703157518388508e+00
3.044057171051486321e+01
6.660185811795213340e+01
1.026860811675952334e+02
1.367660771207424375e+02
1.672635538544515157e+02
1.931589743578853131e+02
2.140666669481835811e+02
2.301622138368128958e+02
2.420010213303367550e+02
2.503033701479425304e+02
2.557790544718626506e+02
2.590279184289298087e+02
2.605088189039427675e+02
2.605488030930002310e+02
2.593726164215440235e+02
2.571472650935863271e+02
2.540357708326203579e+02
2.502436035216085770e+02
2.460385581192983295e+02
2.417341680036327602e+02
2.376372554042742422e+02
2.339664082718989562e+02
2.307587372149867520e+02
2.278025396592467473e+02
2.246462785090162697e+02
2.207123757162410129e+02
2.154868558344074927e+02
2.087018958943040161e+02
2.004226173658435073e+02
1.909986671187243701e+02
1.809124626700688623e+02
1.706073537803697491e+02
1.603814806490304079e+02
1.503849605578776618e+02
1.406921268173054500e+02
1.313845834330303148e+02
1.225958649376541416e+02
1.145095929277989342e+02
1.073285268571468549e+02
1.012296084837601029e+02
9.631212434591986948e+01
9.255094367719526360e+01
8.977697193295273337e+01
8.770446345704289115e+01
8.600296578769845723e+01
8.438355866335987798e+01
8.265852850158908893e+01
8.075154651430425190e+01
7.866628813916295826e+01
7.643776379085464612e+01
7.408159901000153980e+01
7.154213256501954277e+01
6.864788380759814856e+01
6.510649914219843026e+01
6.057306333648216423e+01
5.478680380041281239e+01
4.771881367070315605e+01
3.965219298152010907e+01
3.114630399742325295e+01
2.289691210231922724e+01
1.554942271512614127e+01
9.529695208884447766e+00
4.939836839857591144e+00
1.545424426058900735e+00
-1.142938108865266145e+00
-3.720819357086242007e+00
-6.725756514558696608e+00
-1.050981223935917797e+01
-1.517501384775060558e+01
-2.056689777307889244e+01
-2.630878465958438994e+01
-3.186719280943705712e+01
-3.665037407441691641e+01
-4.014020496672712568e+01
-4.203721159280819109e+01
-4.237193777323622612e+01
-4.153033116667239710e+01
-4.017167408177127186e+01
-3.906557525858514168e+01
-3.890487886067568013e+01
-4.015053285335025635e+01
-4.294583895027905385e+01
-4.711588266798230507e+01
-5.224325107235712551e+01
-5.778380218387961520e+01
-6.317489534578648147e+01
-6.791096361851681706e+01
-7.160018638825523851e+01
-7.402781464245138920e+01
-7.522155283227810685e+01
-7.547998974232181979e+01
-7.532720924562978837e+01
-7.539101982998202800e+01
-7.624008071399187259e+01
-7.823818614563573703e+01
-8.147047682743111352e+01
-8.576113523893864965e+01
-9.075239201598400030e+01
-9.598353707264543289e+01
-1.009179006344643739e+02
-1.049096230975009263e+02
-1.071519700295251170e+02
-1.066724659123896259e+02
-1.024217429644586304e+02
-9.345550528957717518e+01
-7.915517509511882110e+01
-5.941212914752638596e+01
-3.471286121506305733e+01
-6.098728719037040946e+00
2.498339175490346875e+01
5.688900082250960111e+01
8.797864291805133519e+01
1.167708535398003562e+02
1.420438247703975492e+02
1.629133158649208326e+02
1.789020046436621101e+02
1.899810275106517565e+02
1.965510124880830176e+02
1.993518591915957927e+02
1.993225429007554794e+02
1.974470743054505988e+02
1.946187000123222219e+02
1.915432221516174991e+02
1.886896408453366121e+02
1.862815435112069054e+02
1.843107505029822164e+02
1.825583232767298227e+02
1.806285554357814362e+02
1.780163721958335827e+02
1.742144074967703773e+02
1.688320952076672654e+02
1.616802952192830389e+02
1.527916769626677365e+02
1.423834334318580090e+02
1.307921260733551208e+02
1.184060995754318526e+02
1.056050116258553402e+02
9.271012587207410149e+01
7.995348952888934946e+01
6.747647227498541156e+01
5.536195193879498078e+01
4.368953510024891784e+01
3.258538788940411735e+01
2.223453946158308980e+01
1.284647300019349103e+01
4.597292659881762944e+00
-2.418186897856198669e+00
-8.206896934270599075e+00
-1.287083836656594649e+01
-1.658313936999264371e+01
-1.956290420068220115e+01
-2.206089684101618076e+01
-2.434919989323933720e+01
-2.669628479901145823e+01
-2.932430775454176697e+01
-3.236988489563547944e+01
-3.587272522319985057e+01
-3.979858841318774410e+01
-4.408531107579113240e+01
-4.869074842926738711e+01
-5.361477726066335947e+01
-5.887046115194140583e+01
-6.440631565959863281e+01
-7.002416660273215143e+01
-7.535701273171169134e+01
-7.994117223448405696e+01
-8.335844872401492012e+01
-8.538436537155001815e+01
-8.608041327424068356e+01
-8.579966042007332305e+01
-8.511197053042586447e+01
-8.467714997445104075e+01
-8.509489295143988841e+01
-8.675545077404521521e+01
-8.972369421758087071e+01
-9.370116060682883585e+01
-9.809692869898118772e+01
-1.021934865350568202e+02
-1.053472827339526532e+02
-1.071519700295251170e+02
-1.075236318549652026e+02
-1.067082308239271526e+02
-1.052246427800898232e+02
-1.037484010159238608e+02
-1.029466877948075307e+02
-1.033016139972726251e+02
-1.049774779885854343e+02
-1.077760795989356950e+02
-1.111914151378074109e+02
