5.547732328624427822e+01
-7.755323503301207211e+01
-1.929429189100186477e+02
-2.780122898645484497e+02
-3.279438653397778012e+02
-3.458617252722325475e+02
-3.405327100279676529e+02
-3.229933302581156340e+02
-3.034404434602682272e+02
-2.892320212900605725e+02
-2.842064490631294120e+02
-2.890319427128080747e+02
-3.020835294103500814e+02
-3.204021855664477130e+02
-3.404838135626039275e+02
-3.588175373639649592e+02
-3.721777300034570430e+02
-3.777133901408739689e+02
-3.729299307124683196e+02
-3.557084318468692459e+02
-3.244852908728661873e+02
-2.785959305349095416e+02
-2.186457411233263315e+02
-1.467132692317156000e+02
-6.624673927709659438e+01
1.836034366344163971e+01
1.024080262458312092e+02
1.815754838373196094e+02
2.524918623320348843e+02
3.130758259021607159e+02
3.625907760215981739e+02
4.014395208508246924e+02
4.307913712191492550e+02
4.521635706559604273e+02
4.670621034194912795e+02
4.767515279302886029e+02
4.821874156147654844e+02
4.840991532529986330e+02
4.831573229114865740e+02
4.801308007888891893e+02
4.759542624559324508e+02
4.716672002228356178e+02
4.682274869879217363e+02
4.662458902798201734e+02
4.657286863048074679e+02
4.659303260315837747e+02
4.653914856399011910e+02
4.621801951978076772e+02
4.542885373105171993e+02
4.400856510582109422e+02
4.187059003548432088e+02
3.902697919225955161e+02
3.558893194315839992e+02
3.174721248170097283e+02
2.773805554787830374e+02
2.380190665006766437e+02
2.014350464490870820e+02
1.690255849364011169e+02
1.414222192406123213e+02
1.185682350504248888e+02
9.993549352101075556e+01
8.478594056032653725e+01
7.238353510089402221e+01
6.209914056135464477e+01
5.340107871323155564e+01
4.576552965280420437e+01
3.857224674328656988e+01
3.106881135347907730e+01
2.245937333369076327e+01
1.209271184655679576e+01
-3.496101214011488878e-01
-1.476796048397248029e+01
-3.070571236179581831e+01
-4.752215146221867315e+01
-6.458547325571289832e+01
-8.139540806882101265e+01
-9.761209978824210509e+01
-1.130406158311076581e+02
-1.276273281151875949e+02
-1.414723328132130860e+02
-1.548217640698404125e+02
-1.680145399262730450e+02
-1.813903452433616224e+02
-1.951789412346296615e+02
-2.093896014804761592e+02
-2.237311686847438352e+02
-2.376128958220430434e+02
-2.502649344117710939e+02
-2.609590601183188028e+02
-2.692453853728118816e+02
-2.751046077555823217e+02
-2.789567051650719804e+02
-2.815290651701894831e+02
-2.836350755791336269e+02
-2.859393841603009037e+02
-2.887884529977324064e+02
-2.921603369698519828e+02
-2.957411589541215449e+02
-2.990899958326880892e+02
-3.018274667121480093e+02
-3.037787248514791827e+02
-3.050197676948541812e+02
-3.058198736794644788e+02
-3.065261819488799802e+02
-3.074602367185241860e+02
-3.088685067297598721e+02
-3.109176316445020802e+02
-3.137003627468491231e+02
-3.172332898221676487e+02
-3.214536033826851735e+02
-3.262316313897313762e+02
-3.314069714945262604e+02
-3.368391691978111453e+02
-3.424463274952640859e+02
-3.481995580205179408e+02
-3.540662767334848695e+02
-3.599397965405331661e+02
-3.656065238725526569e+02
-3.707571571609470880e+02
-3.749860687499755159e+02
-3.777133901408739689e+02
-3.780275785817108840e+02
-3.745328327802773742e+02
-3.653263720987635566e+02
-3.481967398421951998e+02
-3.210399628127555047e+02
-2.823862268749935538e+02
-2.318643901062167174e+02
-1.704355794812040870e+02
-1.003055636048952124e+02
-2.455301925004981101e+01
5.337560303472700696e+01
1.301264022437075312e+02
2.027487274949412495e+02
2.688553102136789335e+02
3.266832852550634243e+02
3.751044342906209863e+02
4.136188330761118550e+02
4.423502873093481185e+02
4.620329170222951234e+02
4.739545389902046395e+02
4.798231977381346951e+02
4.815389564556547839e+02
4.808834280092631843e+02
4.791949381370217793e+02
4.771464796218090783e+02
4.747269057836628008e+02
4.714342609850058921e+02
4.665850891832953948e+02
4.595944640158662651e+02
4.501140665208595806e+02
4.380064997378922271e+02
4.232271997838025186e+02
4.057239256556752593e+02
3.854282130186480231e+02
3.623341528671063543e+02
3.365968163312870161e+02
3.085821344674504303e+02
2.788543631492316877e+02
2.481352573544924667e+02
2.172627094974358215e+02
1.871373898779513070e+02
1.586286171548735808e+02
1.324343651465530058e+02
1.089349725879806101e+02
8.811682286934055242e+01
6.963668924183045306e+01
5.302768563068082130e+01
3.795108602995331637e+01
2.435645393486629473e+01
1.246203293096152720e+01
2.564140607135158234e+00
-5.231991603803649582e+00
-1.122714381103567405e+01
-1.617483885567796165e+01
-2.112274554109676927e+01
-2.710779439079597353e+01
-3.482905048934885173e+01
-4.443219438300879176e+01
-5.549401747534567875e+01
-6.720982929742524448e+01
-7.869876459528538248e+01
-8.929766275633393491e+01
-9.873464891289555112e+01
-1.071405607516203702e+02
-1.149249689267558381e+02
-1.225795346864163662e+02
-1.304820174226757672e+02
-1.387778448383986643e+02
-1.473944714378985452e+02
-1.561726098829376781e+02
-1.650155329363506667e+02
-1.739418332600175177e+02
-1.830064238072696412e+02
-1.921675087506226589e+02
-2.012246612384751927e+02
-2.098903247372507508e+02
-2.179441646085265916e+02
-2.253604941600387690e+02
-2.323285261200781520e+02
-2.391560363435258125e+02
-2.461065509576766885e+02
-2.532469053153898813e+02
-2.603720633813167069e+02
-2.670391623951497877e+02
-2.727025215461380867e+02
-2.769044236804411412e+02
-2.794495666316575466e+02
-2.804935127043972898e+02
-2.805153481945485510e+02
-2.801942496067767934e+02
-2.802348828426174236e+02
-2.811901483275702276e+02
-2.833287073507642617e+02
-2.865823936951618407e+02
-2.905823371184037569e+02
-2.947734257488222624e+02
-2.985867698356749429e+02
-3.016308495677766359e+02
-3.038446039590596115e+02
-3.055642751381115545e+02
-3.074817111787846784e+02
-3.104952534400574677e+02
-3.154778757380344700e+02
-3.230119003765472030e+02
-3.331503494081127883e+02
-3.452579187362967446e+02
-3.579692891798015353e+02
-3.692781030754854896e+02
-3.767353765878220884e+02
-3.777133901408739689e+02
-3.696995809718420105e+02
-3.506040104713372330e+02
-3.190610222571042414e+02
-2.746886778574021832e+02
-2.182670667719821154e+02
-1.518024154331221212e+02
-7.843491769427285476e+01
-2.143690643897187442e+00
7.275213179186145851e+01
1.422032045938336751e+02
2.029816449213158194e+02
2.530164681069358608e+02
2.914556577155589139e+02
3.185141914072176519e+02
3.352134960822948528e+02
3.430826956722264072e+02
3.438432300348922013e+02
3.390974973511343364e+02
3.300776545537816560e+02
3.175241210413984163e+02
3.017278745760045240e+02
2.827205246605599314e+02
2.605688054586896101e+02
2.357106586548292739e+02
2.092274847353588143e+02
1.829033977327906939e+02
1.589440514130531028e+02
1.393530879188904521e+02
1.251548407928993072e+02
1.158046256834360577e+02
1.091298165989933864e+02
