-4.339026565565370674e+01
-5.732350512513764329e+01
-6.997553888811542322e+01
-8.033954719778769515e+01
-8.789912369667948155e+01
-9.270872534652126262e+01
-9.531985460556799694e+01
-9.657470834155878947e+01
-9.733571528321405708e+01
-9.824486270670837484e+01
-9.959404171263872740e+01
-1.013384695687054489e+02
-1.032242193868424351e+02
-1.049591228080298038e+02
-1.063544961963199000e+02
-1.073986913893284907e+02
-1.082603870230382768e+02
-1.092331939218294963e+02
-1.106344750798042469e+02
-1.126868275649680697e+02
-1.154327304064709665e+02
-1.187234348457663771e+02
-1.222765792950047796e+02
-1.257594647994473860e+02
-1.288637262224137316e+02
-1.313730894204834669e+02
-1.332399489413276399e+02
-1.346564899649896461e+02
-1.360642179505889260e+02
-1.380492530776361377e+02
-1.411361558650160077e+02
-1.455701656634085168e+02
-1.511987610408472449e+02
-1.575055718348407083e+02
-1.637542403967826772e+02
-1.691394715228857137e+02
-1.728538456580430420e+02
-1.740379160690916649e+02
-1.716533216400234494e+02
-1.643849979243618407e+02
-1.506997209796933532e+02
-1.291190414295410847e+02
-9.863370814362434658e+01
-5.909443216668783805e+01
-1.142182498232288879e+01
4.244258298643678984e+01
9.982681329377913926e+01
1.577634876818756311e+02
2.134340150052920251e+02
2.645040546276380269e+02
3.092918049276088936e+02
3.467784838597711996e+02
3.765190475856176135e+02
3.985281585293994340e+02
4.131987794993098078e+02
4.212656380996277790e+02
4.237795651261053536e+02
4.220429420967637952e+02
4.174755315745103985e+02
4.114177768330377489e+02
4.049242406766959448e+02
3.986293548548597983e+02
3.927409637559717339e+02
3.871391389881127907e+02
3.814988810231688490e+02
3.753723344947457008e+02
3.682333289073171727e+02
3.595294320562635448e+02
3.487677627235227078e+02
3.356170901331739742e+02
3.199915431406078596e+02
3.020935991404677452e+02
2.824083862400361795e+02
2.616492626203473151e+02
2.406679563581219554e+02
2.203586502731474752e+02
2.015818604560435006e+02
1.851077929518614837e+02
1.715625172245071326e+02
1.613747243767844282e+02
1.547407257571138075e+02
1.516180536401743097e+02
1.517329237059294655e+02
1.545798048013961363e+02
1.594166540174772422e+02
1.652943714447077639e+02
1.711636668308279354e+02
1.760562056521673640e+02
1.792722614176740308e+02
1.804872911800812858e+02
1.797379231525064256e+02
1.773200256606383505e+02
1.736655837340665016e+02
1.692429964060397651e+02
1.644826232620545738e+02
1.597075392776543481e+02
1.550605665682276140e+02
1.504519300111688835e+02
1.455775970320337649e+02
1.400372764251357580e+02
1.335158995390447956e+02
1.259464782349977554e+02
1.175908080115196697e+02
1.090219390285846544e+02
1.010132697014820877e+02
9.434270077494932139e+01
8.955110911016218722e+01
8.674630392614184871e+01
8.555497890415745132e+01
8.525880175805446015e+01
8.504668442896046088e+01
8.425420551812491965e+01
8.248905146607094707e+01
7.963040324615634802e+01
7.576416650326697777e+01
7.112026947474859639e+01
6.603083214526162692e+01
6.088975063019120881e+01
5.609584550632577304e+01
5.198355139974697181e+01
4.876070259600493983e+01
4.647699770099926297e+01
4.504110349763760723e+01
4.428611505608667898e+01
4.405174141936392118e+01
4.422457455716290298e+01
4.469276504408731654e+01
4.524179568153002862e+01
4.548818223910399183e+01
4.494338644376099978e+01
4.321427722819573347e+01
4.023894119463695063e+01
3.640292761925466891e+01
3.243300716456721489e+01
2.910223432148444545e+01
2.690172546532106423e+01
2.585234455454323665e+01
2.554353401820354463e+01
2.536349794114255474e+01
2.479681988777271329e+01
2.364862913116307652e+01
2.209677075108120903e+01
2.054563829381278595e+01
1.934231808496693361e+01
1.849363179593947848e+01
1.754102587625349940e+01
1.567989441674170337e+01
1.208434752210577301e+01
6.289576678553331135e+00
-1.546199358860604889e+00
-1.061665506249154589e+01
-1.968770605316993283e+01
-2.747663575014385628e+01
-3.304782146949352750e+01
-3.607687650095164145e+01
-3.689025469935754131e+01
-3.629004933912017350e+01
-3.526733176290203176e+01
-3.473269428907249790e+01
-3.534542070960200988e+01
-3.745605603250822924e+01
-4.113859283159547431e+01
-4.627480083493307461e+01
-5.264402962009171461e+01
-5.997644935300149882e+01
-6.796118553408717844e+01
-7.623897329264141831e+01
-8.441507525692341574e+01
-9.210500090255467853e+01
-9.900079925920184110e+01
-1.049315187519585209e+02
-1.098879086300990480e+02
-1.139938807358693111e+02
-1.174378030039626708e+02
-1.204082656907780802e+02
-1.230807104371301079e+02
-1.256623569013496251e+02
-1.284543099704483780e+02
-1.318723175944664376e+02
-1.363856678661258854e+02
-1.423630873193282866e+02
-1.498449148286759680e+02
-1.583022906199932720e+02
-1.664890458209763722e+02
-1.724954188221592801e+02
-1.740379160690916649e+02
-1.689032185628595073e+02
-1.554000713564635134e+02
-1.327056658435207055e+02
-1.010542284678205931e+02
-6.174642050014499262e+01
-1.696667952034924554e+01
3.057290421705367223e+01
7.809400738656390217e+01
1.232118788137281626e+02
1.642729764077240020e+02
2.004752171853015739e+02
2.317486653278998290e+02
2.584682540146474707e+02
2.811311415083891916e+02
3.001237173422825890e+02
3.156374290014607595e+02
3.277138635989069826e+02
3.363514407830971322e+02
3.416063827450466306e+02
3.436577730862512681e+02
3.428415511397530508e+02
3.396554673535601410e+02
3.347132006700447846e+02
3.286339546538500827e+02
3.219006992810651582e+02
3.147484555938208928e+02
3.071185348906013814e+02
2.986718727722132485e+02
2.888373551927485323e+02
2.768770995154224579e+02
2.619686607993568259e+02
2.433278970263691576e+02
2.203952607642599730e+02
1.930587276487848385e+02
1.618264009283778364e+02
1.278538185181880067e+02
9.278498218061562852e+01
5.844062650879932619e+01
2.644743770199787747e+01
-2.062908439097910218e+00
-2.656411614847146296e+01
-4.701293739223926593e+01
-6.357972524819214755e+01
-7.640303141944610843e+01
-8.550847155353267226e+01
-9.091173841780337739e+01
-9.281002195191527449e+01
-9.172456475004005938e+01
-8.849667240697843340e+01
-8.412751446741711447e+01
-7.954210547997786307e+01
-7.540023233428097171e+01
-7.204520636878847029e+01
-6.960022799977002705e+01
-6.814345190932476726e+01
-6.785251887221645006e+01
-6.902813630686824808e+01
-7.198356747227013841e+01
-7.687239417786931028e+01
-8.355559740458228646e+01
-9.157602074910862200e+01
-1.002584357180972319e+02
-1.089081778340481321e+02
-1.170356217345170649e+02
-1.245055746140375277e+02
-1.315324799484709217e+02
-1.385122220966539430e+02
-1.457603615128842023e+02
-1.532745984036039602e+02
-1.606334632380287530e+02
-1.670821590011502451e+02
-1.717693508927873154e+02
-1.740379160690916649e+02
-1.736694473019453540e+02
-1.710126774343451643e+02
-1.669502492402466487e+02
