4.030548569054877817e+01
2.729345805387163182e+01
1.449268009446635830e+01
2.186307689315684755e+00
-9.432035695905415906e+00
-2.034196570662022197e+01
-3.075098722402809770e+01
-4.106158754089602780e+01
-5.173210830059063170e+01
-6.307667523089545369e+01
-7.509756933558436742e+01
-8.743930230076753674e+01
-9.949459002022175014e+01
-1.106154594655527887e+02
-1.203345794025480870e+02
-1.285053918667661890e+02
-1.353147427124474405e+02
-1.411781201940513597e+02
-1.465671517318209851e+02
-1.518337370450856270e+02
-1.570921475858362157e+02
-1.622022058167700038e+02
-1.668612223448571399e+02
-1.707694705169664076e+02
-1.738040161121508334e+02
-1.761315521309684300e+02
-1.782113896431508522e+02
-1.806780404046743911e+02
-1.841392279525223898e+02
-1.889619386201840143e+02
-1.951270722039622285e+02
-2.022095920649714458e+02
-2.094987773649431801e+02
-2.162235200454640278e+02
-2.218010970188894930e+02
-2.260091144705060060e+02
-2.290140415820606563e+02
-2.312631078811277234e+02
-2.333090364029027342e+02
-2.356493017620665569e+02
-2.386279465200949232e+02
-2.424040638124737939e+02
-2.469673672660310331e+02
-2.521798660866255091e+02
-2.578274368280195290e+02
-2.636680163064483509e+02
-2.694674741419289035e+02
-2.750198094206469932e+02
-2.801519695725322663e+02
-2.847179113811492357e+02
-2.885934619179487868e+02
-2.916862353228376037e+02
-2.939664381409004932e+02
-2.955071843801503633e+02
-2.965074509200458124e+02
-2.972711181147719230e+02
-2.981364646347022926e+02
-2.993787298193872175e+02
-3.011261310238068631e+02
-3.033282335858132228e+02
-3.057936459883031830e+02
-3.082796889956916289e+02
-3.105900054605265268e+02
-3.126388047120667011e+02
-3.144747458617631537e+02
-3.162922293968734380e+02
-3.184517835547051163e+02
-3.214813406743926976e+02
-3.259847201312879861e+02
-3.323979779092008471e+02
-3.406157852237356565e+02
-3.496066620239770941e+02
-3.571847475047665057e+02
-3.600840643545634521e+02
-3.543999191546959082e+02
-3.363410536993388291e+02
-3.031123623443262431e+02
-2.536761942351924404e+02
-1.891570866119070899e+02
-1.127535635522742297e+02
-2.916521697811563385e+01
5.630952212237262700e+01
1.387448254960517033e+02
2.143506292349337059e+02
2.808403868156425460e+02
3.373797010000214414e+02
3.842446740964224432e+02
4.223822848089482704e+02
4.530265957825130840e+02
4.774398513756775060e+02
4.967812521438049771e+02
5.120766240921200279e+02
5.242484728302877102e+02
5.341547338790107915e+02
5.425896476030055737e+02
5.502332071316780002e+02
5.575768339435153393e+02
5.648697468696213946e+02
5.721145639512585603e+02
5.791082787591643637e+02
5.854953971494213647e+02
5.907928116941392318e+02
5.943726168097525715e+02
5.954314830411374260e+02
5.929969073679433222e+02
5.860095297689034624e+02
5.734926513984165695e+02
5.547855947338900933e+02
5.297794568544827598e+02
4.990705841788946486e+02
4.639638372430797517e+02
4.263121636740831946e+02
3.882368047087832679e+02
3.518008598309779131e+02
3.187054783761523709e+02
2.900618885665793982e+02
2.662760543724175477e+02
2.470622675788568472e+02
2.315746603545072730e+02
2.186206682468459235e+02
2.069094181346214896e+02
1.952918525779323602e+02
1.829575658065311359e+02
1.695553474607779094e+02
1.552050994259176946e+02
1.403857124181897689e+02
1.257225212601129982e+02
1.117401878248835487e+02
9.866619997704997047e+01
8.635392052004011987e+01
7.434782365797205728e+01
6.205876834797728492e+01
4.898040026896029531e+01
3.487242721970959991e+01
1.985712891668305602e+01
4.406736991118078706e+00
-1.077352750372936185e+01
-2.494218661155209560e+01
-3.754996190761049490e+01
-4.842292691847546138e+01
-5.781745828119775865e+01
-6.630986863601525272e+01
-7.456212806455681630e+01
-8.306336620354099409e+01
-9.195172388236498762e+01
-1.009785502985626806e+02
-1.096139861995751517e+02
-1.172395742722800804e+02
-1.233513404967196436e+02
-1.277108786768856419e+02
-1.304169704851563836e+02
-1.318980842028984739e+02
-1.328316123429808044e+02
-1.339947926677519092e+02
-1.360697569637305548e+02
-1.394583106525415701e+02
-1.441782597641201278e+02
-1.498851880282599325e+02
-1.560045883523029033e+02
-1.619143122993346253e+02
-1.671155311490936413e+02
-1.713564756504442528e+02
-1.746926308447839062e+02
-1.774685428876662172e+02
-1.802117252435438672e+02
-1.834600248256895441e+02
-1.875852969966238390e+02
-1.926875926626206876e+02
-1.985980838510818955e+02
-2.049747385806258819e+02
-2.114424092767925174e+02
-2.177259648385520734e+02
-2.237336774874837317e+02
-2.295621888600255147e+02
-2.354214287837374400e+02
-2.415121857738839140e+02
-2.479112034718784230e+02
-2.545153965947984034e+02
-2.610666205426283000e+02
-2.672347708005153208e+02
-2.727098844398246911e+02
-2.772635837012779803e+02
-2.807712056360655311e+02
-2.832090745643415062e+02
-2.846476204517653059e+02
-2.852564020067645174e+02
-2.853228363828755505e+02
-2.852657732804860871e+02
-2.856140078536550391e+02
-2.869302708450211412e+02
-2.896860365730931335e+02
-2.941209463720438180e+02
-3.001454014579046543e+02
-3.073463096528586220e+02
-3.151151416144334121e+02
-3.228524015517281214e+02
-3.301589465300228881e+02
-3.369264430457440085e+02
-3.432739748670167614e+02
-3.493255484764635526e+02
-3.548767762224331932e+02
-3.590516689952621618e+02
-3.600840643545634521e+02
-3.553517217272602693e+02
-3.417340850647536286e+02
-3.162636188577493499e+02
-2.769226927273920751e+02
-2.233497091801821739e+02
-1.572083790699535939e+02
-8.206541171840093796e+01
-2.787872220249993482e+00
7.536126516891360438e+01
1.476607811073319851e+02
2.106508027372524339e+02
2.624814216121011441e+02
3.028693421448479057e+02
3.327594708547097753e+02
3.538491909722403079e+02
3.681213837099178363e+02
3.774777897040855237e+02
3.835109904937266379e+02
3.874174426764695909e+02
3.900277583058193045e+02
3.919081491252080696e+02
3.934735019819967192e+02
3.950579152868140227e+02
3.969169285059221011e+02
3.991743739492816303e+02
4.017532733322894956e+02
4.043311832084363573e+02
4.063388984489367886e+02
4.069953287371898796e+02
4.053638732264765281e+02
4.004298614973835129e+02
3.912091440818862793e+02
3.768863123304690816e+02
3.569633331143145369e+02
3.313960724108717955e+02
3.006974747692793244e+02
2.659737044384923479e+02
2.288456867539166240e+02
1.912280732986411067e+02
1.550017008672445229e+02
1.216851570141450622e+02
9.222532397971920659e+01
6.696287153470746034e+01
4.573305198685860518e+01
2.801311162144241251e+01
1.305706769354745589e+01
1.796185239758329999e-02
-1.192292762785910298e+01
-2.342943152888552660e+01
-3.492199459197642852e+01
-4.655049268823836428e+01
-5.821936551628098755e+01
-6.964079645769199090e+01
-8.040247366646640614e+01
-9.005331744073860989e+01
-9.821003440567928067e+01
-1.046661817253116737e+02
-1.094634275867273345e+02
-1.128846204657700838e+02
