6.434576073952949571e+01
-1.552456300198922889e+00
-5.829974928054046046e+01
-9.938341078134450868e+01
-1.225661125805964673e+02
-1.298966920269910759e+02
-1.263697612404362332e+02
-1.179537615388496192e+02
-1.097814797164413392e+02
-1.050485096852140714e+02
-1.047788689514597422e+02
-1.082756926027632858e+02
-1.139033898464180652e+02
-1.198694993876740398e+02
-1.248029229622855780e+02
-1.280417612575760131e+02
-1.296141372483491807e+02
-1.299682779850226098e+02
-1.295968694278206783e+02
-1.287395933877776031e+02
-1.272909981205296504e+02
-1.249290997668337440e+02
-1.213830120296606481e+02
-1.167074899634198033e+02
-1.114311600827170281e+02
-1.064954734090641040e+02
-1.029950408323292805e+02
-1.018260421641418105e+02
-1.033906992358374453e+02
-1.074671232028296970e+02
-1.132668675229543851e+02
-1.196316436196162556e+02
-1.253043504357404174e+02
-1.292213268082323907e+02
-1.307648834140391614e+02
-1.298966920269910759e+02
-1.271150777237357516e+02
-1.232485760162372088e+02
-1.191596714325577722e+02
-1.154798753152783632e+02
-1.124698676778647553e+02
-1.100390278250581986e+02
-1.078866024799682037e+02
-1.056832074165494362e+02
-1.032197198795393547e+02
-1.004892480805001753e+02
-9.770029794652792532e+01
-9.522876312967694901e+01
-9.351013301650117171e+01
-9.287543340093627364e+01
-9.336616415819420922e+01
-9.461188540540436520e+01
-9.587025023750189234e+01
-9.627297168572886221e+01
-9.520723941688831360e+01
-9.265833392340164210e+01
-8.932012307135282470e+01
-8.637572767793392359e+01
-8.502010802808813139e+01
-8.594381242251466801e+01
-8.902788889922189242e+01
-9.338870115657590532e+01
-9.773262896595134919e+01
-1.008515419979570424e+02
-1.020652081461389855e+02
-1.014628759677177072e+02
-9.986839947186335564e+01
-9.854289437242374561e+01
-9.873285733099774575e+01
-1.012272821326535563e+02
-1.060754039098799524e+02
-1.125511719841459239e+02
-1.193663035928641989e+02
-1.250601934264665260e+02
-1.284465606570213367e+02
-1.289779638603489786e+02
-1.269083186985710938e+02
-1.231969034890948933e+02
-1.191866521350779635e+02
-1.161652762150390288e+02
-1.149543991345969687e+02
-1.156691388990972200e+02
-1.177451122741919960e+02
-1.202314954814497412e+02
-1.222268153130465009e+02
-1.232656508344966539e+02
-1.234955934746298851e+02
-1.235746304191171703e+02
-1.243065487194422758e+02
-1.261110232527637720e+02
-1.285136915792084551e+02
-1.298966920269910759e+02
-1.276895847911287376e+02
-1.189947672047243543e+02
-1.014363168008841569e+02
-7.389663930678685233e+01
-3.687020434183855855e+01
7.658479633038787426e+00
5.671554489105784569e+01
1.070070287468087713e+02
1.555355607246748377e+02
2.000051528968284060e+02
2.389504723078734401e+02
2.716278827995813572e+02
2.977872306405894278e+02
3.174764359531640139e+02
3.309882519792266748e+02
3.389463549551200003e+02
3.424111871877033764e+02
3.428549936716735829e+02
3.419429682922741449e+02
3.411939046816695509e+02
3.416680961030148183e+02
3.437976746561128039e+02
3.473873061028150460e+02
3.517492724836208140e+02
3.559227440085026615e+02
3.589313697110546855e+02
3.600243266397429807e+02
3.588334809939137813e+02
3.553925708281333300e+02
3.500101330427394259e+02
3.430464044283241947e+02
3.346873998254438902e+02
3.248133365591062329e+02
3.130162867097461685e+02
2.987549601916958864e+02
2.815859964965642348e+02
2.614023352735071057e+02
2.386132849728190308e+02
2.141938232931944128e+02
1.895423105782062692e+02
1.661534261803514312e+02
1.452130907335667871e+02
1.272859020324314514e+02
1.122407806014047793e+02
9.944789175079399968e+01
8.814145204833675962e+01
7.776771065032319541e+01
6.816784817284472808e+01
5.954345153055879081e+01
5.224760876631864903e+01
4.650012426597065485e+01
4.214315319759921863e+01
3.854180621349859592e+01
3.468673217777193685e+01
2.947089895437327556e+01
2.202674570588008152e+01
1.198356908575003033e+01
-4.401552053851709445e-01
-1.450908532285737707e+01
-2.915632797648441255e+01
-4.322393278213938572e+01
-5.570533059639263485e+01
-6.593325728851434064e+01
-7.366238884601922621e+01
-7.902916181369664628e+01
-8.242429634555617213e+01
-8.435578073663515397e+01
-8.537568464257175549e+01
-8.608048789550034030e+01
-8.711562004209530130e+01
-8.910048041349652692e+01
-9.246547417278158321e+01
-9.728625261025328541e+01
-1.032257352550370655e+02
-1.096362407253505040e+02
-1.157787071019981937e+02
-1.210473578863998796e+02
-1.250957384068058218e+02
-1.278372725245615840e+02
-1.293706886185924247e+02
-1.298966920269910759e+02
-1.296577912705560891e+02
-1.288990934284485093e+02
-1.278362366962306425e+02
-1.266335543252759237e+02
-1.253906172708006324e+02
-1.241351426974865859e+02
-1.228307239986100825e+02
-1.214145111003009418e+02
-1.198626624267478036e+02
-1.182508082228722230e+02
-1.167671760194718189e+02
-1.156597961545982400e+02
-1.151363179743887599e+02
-1.152618899409000051e+02
-1.159058962821187748e+02
-1.167675926671214626e+02
-1.174695693842173654e+02
-1.176701677825860344e+02
-1.171378902888909437e+02
-1.157581447034529702e+02
-1.134889100806638709e+02
-1.103179939230905546e+02
-1.062705069405587039e+02
-1.014681233294850244e+02
-9.619278894458119566e+01
-9.090281968849129157e+01
-8.618265716567663048e+01
-8.263553500255827089e+01
-8.073600500311212613e+01
-8.066929894928526323e+01
-8.221007583342429825e+01
-8.471257270270382378e+01
-8.725720085556923777e+01
-8.891690832934796163e+01
-8.903070243968875275e+01
-8.737196478666714938e+01
-8.416609229582363128e+01
-7.997960128346866782e+01
-7.553686132119204899e+01
-7.153059797960898436e+01
-6.848466067959975589e+01
-6.669658037334754397e+01
-6.624524504828417548e+01
-6.702667349794606366e+01
-6.879108578446755473e+01
-7.117853294308169154e+01
-7.376607946076589428e+01
-7.613925154201247381e+01
-7.798572446529834679e+01
-7.918943433317640768e+01
-7.989337746693425402e+01
-8.050496158152567716e+01
-8.163107486970332616e+01
-8.394595715475789177e+01
-8.801480975872856050e+01
-9.411054889555535397e+01
-1.020572267292689617e+02
-1.111241432672364198e+02
-1.200039830478835654e+02
-1.269222150236824120e+02
-1.298966920269910759e+02
-1.270914745322545514e+02
-1.171522169664559954e+02
-9.942749659250397087e+01
-7.404957064304630876e+01
-4.190588771772856802e+01
-4.542606977405746704e+00
3.598280713377666018e+01
7.729806153444201300e+01
1.169449717881124542e+02
1.526086295139265019e+02
1.823282961601254044e+02
2.046914187273551988e+02
2.189989970959068728e+02
2.253556389810458711e+02
2.246291553181231393e+02
2.182657697041156268e+02
2.080129560959347543e+02
1.956408933478099641e+02
1.827310850406059899e+02
1.705408813152596679e+02
1.599184542545779095e+02
1.512597083014096029e+02
1.445291433846412019e+02
1.393655158115702761e+02
1.352515013895076095e+02
1.316766412177389611e+02
1.282209277382110599e+02
1.245501038753674266e+02
