-1.032720461104354825e+01
-2.147612479481838221e+01
-3.161456828133811570e+01
-3.999067948894457203e+01
-4.628490690612781577e+01
-5.058212072301199669e+01
-5.322234911140953528e+01
-5.463492315814416855e+01
-5.523612143586587564e+01
-5.540668023074903914e+01
-5.550912366465465908e+01
-5.588825605062373114e+01
-5.682663723116922228e+01
-5.847394362022750869e+01
-6.079559592978348803e+01
-6.357498617562424670e+01
-6.647106926305897900e+01
-6.910671804300068288e+01
-7.115847496620141044e+01
-7.242967324952080332e+01
-7.290033398735431547e+01
-7.274832442008188593e+01
-7.232773613269121427e+01
-7.208636549661913762e+01
-7.242547699237142922e+01
-7.354977750295545036e+01
-7.538375638743247009e+01
-7.760517755149336949e+01
-7.978201699496614197e+01
-8.154565714818677691e+01
-8.272236547237687887e+01
-8.337294608221769465e+01
-8.373633340187244301e+01
-8.411287447262478167e+01
-8.473907563977736856e+01
-8.569847183574916016e+01
-8.689753815080426591e+01
-8.811640792751585138e+01
-8.911394138116430952e+01
-8.973237242890068899e+01
-8.994065078562499593e+01
-8.979697660600311337e+01
-8.937116383522399587e+01
-8.869508372093645221e+01
-8.778253650518594497e+01
-8.670205358044955801e+01
-8.564276893802720281e+01
-8.491500169166820911e+01
-8.486690589473302282e+01
-8.574567197817391673e+01
-8.755980501004559358e+01
-8.999684601537997253e+01
-9.242203205686979572e+01
-9.394745410829510490e+01
-9.354445299224666144e+01
-9.018150352075338105e+01
-8.298282851208143995e+01
-7.139181853142351031e+01
-5.529301187551055818e+01
-3.503711508627647220e+01
-1.135308779012369129e+01
1.480745665545786593e+01
4.241937841314793900e+01
7.047438139352593112e+01
9.800599684618785545e+01
1.240801247813621444e+02
1.477994361599547233e+02
1.683638733932725131e+02
1.851957104908542249e+02
1.980849885073716621e+02
2.072732243600512732e+02
2.134057541339591921e+02
2.173468481871985887e+02
2.199269279190176007e+02
2.217292170814195629e+02
2.230030357013183107e+02
2.237275213667969638e+02
2.237773342460265553e+02
2.230983628679073831e+02
2.218099338467304165e+02
2.201997494800513664e+02
2.186309861110565009e+02
2.174101441099405747e+02
2.166682499924991134e+02
2.162945634183625998e+02
2.159386141890601039e+02
2.150756230480056956e+02
2.131193264075011200e+02
2.095570895185067570e+02
2.040700025256552408e+02
1.965991537396382114e+02
1.873404989377108905e+02
1.766809916141576196e+02
1.651047198328056425e+02
1.530973406181830114e+02
1.410730826359601906e+02
1.293436421239473475e+02
1.181345776408125943e+02
1.076335505352904391e+02
9.803994375603534195e+01
8.958692521617759041e+01
8.251990056545020025e+01
7.703115774183901010e+01
7.316952379803642259e+01
7.076341933405754503e+01
6.940127124162776795e+01
6.849555243917285452e+01
6.742334931608681359e+01
6.569985111631879704e+01
6.311517366122765793e+01
5.976977244548609036e+01
5.598935981566900466e+01
5.216265015629294766e+01
4.857959042412713302e+01
4.533309550747277683e+01
4.230720973854513289e+01
3.924252301765812234e+01
3.585084479258416224e+01
3.193700871070478087e+01
2.748047674828534070e+01
2.264109806690906979e+01
1.768308600402934871e+01
1.285526284625574789e+01
8.300678472219559012e+00
4.055559443896754601e+00
1.323562957526647210e-01
-3.382222360184641730e+00
-6.291976833397598057e+00
-8.350077353846600658e+00
-9.382270671599520995e+00
-9.407172148972641423e+00
-8.686819643620772524e+00
-7.674172447631697480e+00
-6.874770280738225381e+00
-6.682754679319032221e+00
-7.263744520988268505e+00
-8.533429997138391343e+00
-1.023631882810389016e+01
-1.208683692146014010e+01
-1.391205220905418116e+01
-1.573549841046870057e+01
-1.776213024451986655e+01
-2.026437973298833128e+01
-2.341871188305161411e+01
-2.717299861482585754e+01
-3.121355412129292972e+01
-3.505306146475396645e+01
-3.820483783406184841e+01
-4.037005062545506462e+01
-4.155644488623737232e+01
-4.207468460586036940e+01
-4.241348385462480053e+01
-4.305136668313103598e+01
-4.428832770361630367e+01
-4.616115401884758285e+01
-4.846029698889357462e+01
-5.082516412403705885e+01
-5.287323859649573876e+01
-5.431444962127413589e+01
-5.501452248157552560e+01
-5.499804009028682117e+01
-5.441109403856211202e+01
-5.347712835902449058e+01
-5.246815453067954138e+01
-5.168410871640730875e+01
-5.141247630110022726e+01
-5.185382878351025226e+01
-5.303771269637618957e+01
-5.477935300862262125e+01
-5.671680238236461946e+01
-5.843039412339622629e+01
-5.960510431072731308e+01
-6.017039526646919967e+01
-6.035428231355304263e+01
-6.062145406433010919e+01
-6.151515925802848983e+01
-6.346511405685204465e+01
-6.663815857735048098e+01
-7.088707292536066973e+01
-7.580700729551300299e+01
-8.086356014804212577e+01
-8.553261179383672186e+01
-8.939456620595063896e+01
-9.214851634288635296e+01
-9.354445299224666144e+01
-9.326387848787619816e+01
-9.080652966487996025e+01
-8.545615894907629695e+01
-7.637852035748493051e+01
-6.284849587703324403e+01
-4.453405091393510418e+01
-2.172673912495207560e+01
4.578038602899113130e+00
3.279504275944177039e+01
6.103352745267380897e+01
8.746833422313858364e+01
1.106834976130328840e+02
1.298836311568349515e+02
1.449170303969389693e+02
1.561287642781878162e+02
1.641290522255368671e+02
1.695797623751570313e+02
1.730610032721621963e+02
1.750223016187699443e+02
1.757926970162675957e+02
1.756210410302991818e+02
1.747199155146304008e+02
1.732897779681679822e+02
1.715120178625305130e+02
1.695192141090263362e+02
1.673675570557459196e+02
1.650374548317309689e+02
1.624672023600648458e+02
1.595940963451320442e+02
1.563668018477750365e+02
1.527176179958505884e+02
1.485207432997625290e+02
1.435732571234800616e+02
1.376116493306760162e+02
1.303500262073196154e+02
1.215239424646027544e+02
1.109384492588712732e+02
9.852586338783342512e+01
8.440949283343078946e+01
6.895546951597216889e+01
5.278769056433711171e+01
3.674365400622936306e+01
2.176001102499341755e+01
8.695005768363078147e+00
-1.875869236680411944e+00
-9.819907163775322800e+00
-1.548228770118814346e+01
-1.956097997004319922e+01
-2.286768094750028624e+01
-2.608124707335743508e+01
-2.959895788805975059e+01
-3.353319059827873616e+01
-3.782242874469932303e+01
-4.237009575734768418e+01
-4.712291255921687139e+01
-5.205242463582932544e+01
-5.707661272300171618e+01
-6.200297867297466325e+01
-6.655622461353664221e+01
-7.048577914134045841e+01
-7.368429078616537709e+01
-7.623908155917365548e+01
-7.838916967428400540e+01
-8.042241122724624347e+01
-8.256894182074115918e+01
-8.492735884610783614e+01
-8.743587108540164365e+01
-8.989170733496111154e+01
-9.201570826515570900e+01
-9.354445299224666144e+01
-9.431920545952760904e+01
-9.434001296936915537e+01
-9.376281659053309170e+01
-9.283489127916365646e+01
-9.179048962659331323e+01
-9.075473485884404568e+01
-8.970709412116369208e+01
