-2.067578231667690858e+01
-2.641264383205423627e+01
-3.281408138275468644e+01
-4.026027493251895351e+01
-4.874830546889084815e+01
-5.790909924636123662e+01
-6.717152691357735250e+01
-7.600414253432580836e+01
-8.413034517677100155e+01
-9.162016658126171365e+01
-9.881906667709034764e+01
-1.061569238719467023e+02
-1.139377632800151048e+02
-1.222060766571621571e+02
-1.307315610890699986e+02
-1.390981137845033402e+02
-1.468566173746984305e+02
-1.536944229105247928e+02
-1.595668960674581740e+02
-1.647346993237101174e+02
-1.696750178657709682e+02
-1.748850760316693425e+02
-1.806485118325747408e+02
-1.868631487492463066e+02
-1.930176913319463381e+02
-1.983551154823162506e+02
-2.021840859690067589e+02
-2.042222668804426462e+02
-2.048170625908157660e+02
-2.049235824783530688e+02
-2.058215291870794204e+02
-2.086732571461344037e+02
-2.141002554896457468e+02
-2.219470571074324994e+02
-2.313217150980577799e+02
-2.408934646684379004e+02
-2.493320047667226618e+02
-2.557223825271468627e+02
-2.598095823579139392e+02
-2.620075191171705455e+02
-2.631992712793263536e+02
-2.644167754571246860e+02
-2.665120626674341793e+02
-2.699247351550826579e+02
-2.746123993431554595e+02
-2.801483545426596038e+02
-2.859226459160973377e+02
-2.913334028954603241e+02
-2.958491957682222164e+02
-2.988741783427476548e+02
-2.994491284845558994e+02
-2.959348316275780348e+02
-2.858858425995284733e+02
-2.662818968525506307e+02
-2.341438974332872931e+02
-1.873798027231689503e+02
-1.255713019961909538e+02
-5.040201109173645477e+01
3.444612816001080091e+01
1.239091388172706445e+02
2.124864196076152041e+02
2.952473260130155950e+02
3.686317155848132643e+02
4.308529910013423887e+02
4.818424275562650223e+02
5.228137519175106718e+02
5.556244324797953595e+02
5.821389698613372730e+02
6.037674544045587481e+02
6.212816513771165319e+02
6.349191732351710016e+02
6.446889684918367038e+02
6.507181582722553230e+02
6.534763584074814844e+02
6.537942914873221980e+02
6.527075882117474066e+02
6.512267077610639490e+02
6.501296961981129243e+02
6.498285501122630876e+02
6.503192033581312899e+02
6.512076404001843457e+02
6.517993847127509071e+02
6.512314566131444735e+02
6.486154747689093938e+02
6.431613858059679387e+02
6.342672436899082413e+02
6.215770513888365940e+02
6.050131825971548096e+02
5.847853809002618846e+02
5.613733783375332678e+02
5.354804639272393842e+02
5.079643425302940045e+02
4.797648262776247066e+02
4.518493976841137965e+02
4.251774268961094094e+02
4.006574177894743229e+02
3.790674369928925103e+02
3.609354603504765464e+02
3.464162152500358616e+02
3.352271218083737949e+02
3.266942823439989070e+02
3.199081136274397750e+02
3.139328190562957843e+02
3.079970033611211306e+02
3.016127397641300831e+02
2.945949865682554218e+02
2.869773506820641842e+02
2.788611448568424294e+02
2.702762742773155082e+02
2.611307008482581296e+02
2.512696799060259707e+02
2.405959410544218144e+02
2.291667644822458385e+02
2.172045977620366557e+02
2.050159563359949288e+02
1.928684556599167479e+02
1.808964748707325896e+02
1.690853998886392162e+02
1.573378547684823161e+02
1.455790250737269105e+02
1.338379338649382646e+02
1.222618835162541870e+02
1.110693787466966427e+02
1.004830381628324432e+02
9.067951496755392782e+01
8.176187025338674630e+01
7.373879556082169984e+01
6.650465099468857488e+01
5.983764721284501320e+01
5.343688464839183894e+01
4.699273429053755535e+01
4.025653964697369247e+01
3.307516155384379886e+01
2.538301724895060829e+01
1.717410278063607620e+01
8.486882417774125997e+00
-5.793330889394212591e-01
-9.827347151907787293e+00
-1.894016323776455124e+01
-2.750873481154968658e+01
-3.511470644529617857e+01
-4.144322351208674604e+01
-4.639247910623657845e+01
-5.015090788025324287e+01
-5.321229556403483230e+01
-5.629970594094018566e+01
-6.019023941974987224e+01
-6.547705924534687938e+01
-7.235186670410004695e+01
-8.050867126942569030e+01
-8.923480009645629707e+01
-9.767155452107323299e+01
-1.051361195657732424e+02
-1.113591055900561742e+02
-1.165417162993701936e+02
-1.212379587517571053e+02
-1.261418633241731868e+02
-1.318669621362958537e+02
-1.387763640826819938e+02
-1.468987566102692881e+02
-1.559468947538825887e+02
-1.654229771651628766e+02
-1.747612688007709494e+02
-1.834497960335614266e+02
-1.910974316116605678e+02
-1.974536580675570576e+02
-2.024195212824737951e+02
-2.060878095113726545e+02
-2.088161951789120963e+02
-2.112917648753111166e+02
-2.145197268270869131e+02
-2.196784446978783194e+02
-2.278235549067409806e+02
-2.394863758549373074e+02
-2.542800090951563448e+02
-2.706633624005734191e+02
-2.859803543294646602e+02
-2.967962010921734191e+02
-2.994491284845558994e+02
-2.906735607060065263e+02
-2.681469255753959260e+02
-2.308621626181998181e+02
-1.792896399641289236e+02
-1.153470213131988658e+02
-4.220322698273000128e+01
3.607485499565942177e+01
1.150225928918387837e+02
1.903685989898039281e+02
2.585920965912956149e+02
3.172973695435000536e+02
3.653212631922671676e+02
4.026040507429885906e+02
4.299266402364855821e+02
4.486131997344932643e+02
4.602564100884684422e+02
4.664864876589926439e+02
4.687884889790195189e+02
4.683708357274041987e+02
4.660904437372901157e+02
4.624389372145945458e+02
4.575927386964128232e+02
4.515264321160555596e+02
4.441721696180028971e+02
4.355759917374505221e+02
4.259797398279520166e+02
4.157786375339080678e+02
4.053684170567414071e+02
3.949538417645175059e+02
3.844005805552610582e+02
3.731854334913516595e+02
3.604688316079848960e+02
3.452833844600890529e+02
3.267914356611842663e+02
3.045270750210426627e+02
2.785390827549369988e+02
2.493978262633169720e+02
2.180837815415261787e+02
1.858021888429765625e+02
1.537699811279191238e+02
1.230189647628516809e+02
9.425952153676027478e+01
6.783882421661988360e+01
4.379665227574399466e+01
2.198448944717186748e+01
2.195871057573796747e+00
-1.573677024824161208e+01
-3.190598768900810001e+01
-4.635931444570027082e+01
-5.917238778444383485e+01
-7.052070635664614429e+01
-8.071229521104611138e+01
-9.017476955010943129e+01
-9.941356949148385524e+01
-1.089522322577465303e+02
-1.192494076226051334e+02
-1.305944374472565812e+02
-1.430142546953498481e+02
-1.562423255431803284e+02
-1.697760114225356460e+02
-1.829979651048347193e+02
-1.953074592363764452e+02
-2.062266525388183709e+02
-2.154885181125367808e+02
-2.231222666053791954e+02
-2.295112468742030387e+02
-2.353581178610422739e+02
-2.415138204762826888e+02
-2.487050857418352621e+02
-2.572641021017852836e+02
-2.669726635449254672e+02
-2.770863657749455342e+02
-2.865361491582443136e+02
-2.942434707383961268e+02
-2.994491284845558994e+02
-3.019537730503066655e+02
-3.021989637286525294e+02
-3.011658779887811761e+02
-3.001132030170698499e+02
-3.002090507625557620e+02
-3.021472007167637912e+02
-3.058777229643559394e+02
-3.105854057447531318e+02
