-1.530256106236048481e+02
-1.823866124384568081e+02
-2.073105000514315748e+02
-2.247149181585901943e+02
-2.336127596339542265e+02
-2.350350516751302905e+02
-2.312562321126504798e+02
-2.247486119886383733e+02
-2.173320676705985761e+02
-2.098029912816282376e+02
-2.020590961516763286e+02
-1.935373102615945129e+02
-1.837242449236987625e+02
-1.725502284910870685e+02
-1.605644658170089940e+02
-1.488687718330719747e+02
-1.388553472876110959e+02
-1.318431074139425903e+02
-1.287261487663735977e+02
-1.297396323082268736e+02
-1.344139839391057478e+02
-1.417258530732549104e+02
-1.503878206035931839e+02
-1.591853380878301039e+02
-1.672730693496416734e+02
-1.743625236349579382e+02
-1.807585564042830413e+02
-1.872347852599520763e+02
-1.947770593903372287e+02
-2.042672252788630658e+02
-2.162079847872687424e+02
-2.305743928316410916e+02
-2.468201895356465911e+02
-2.640069228511079018e+02
-2.809927521798653061e+02
-2.966197269891691803e+02
-3.098636359982820068e+02
-3.199422287565063812e+02
-3.263915623905090229e+02
-3.291056309141075644e+02
-3.283157221382716671e+02
-3.244999211781568533e+02
-3.182567184194792276e+02
-3.102042571719442776e+02
-3.009458431575168902e+02
-2.910881579567124504e+02
-2.812571127277809069e+02
-2.720640053565504104e+02
-2.640245220599291542e+02
-2.574783457337925370e+02
-2.525571206641986066e+02
-2.492072005226333147e+02
-2.472312388671255974e+02
-2.463063080404308778e+02
-2.459702210467555119e+02
-2.456150949901575018e+02
-2.445459463623882357e+02
-2.421199891802667707e+02
-2.378978559853805734e+02
-2.316924992595803872e+02
-2.234614514029394172e+02
-2.131088547297730145e+02
-2.003271748422265546e+02
-1.845663442163903767e+02
-1.651375410442838074e+02
-1.414164251803192656e+02
-1.131003741835069434e+02
-8.045136532551866537e+01
-4.442958709901461134e+01
-6.643958097403910301e+00
3.088400155326370111e+01
6.608389393928430877e+01
9.724085122105074674e+01
1.233377968491002434e+02
1.442297766837627648e+02
1.605887379803936028e+02
1.736407225468548461e+02
1.847853192876685569e+02
1.952106634069031372e+02
2.056101000835532204e+02
2.160792618982155773e+02
2.262221030909241790e+02
2.354266612685808013e+02
2.432022329816632578e+02
2.494300060372496546e+02
2.544109696759757071e+02
2.587027297094639948e+02
2.628501148532897105e+02
2.671452504528819532e+02
2.714938973543721090e+02
2.753941931506646483e+02
2.780157852142179991e+02
2.783806094770167192e+02
2.756277378207290667e+02
2.692830115812682834e+02
2.594136654465085599e+02
2.465898426973955111e+02
2.316798008422000237e+02
2.155925272164134867e+02
1.990909511223148627e+02
1.827393554323721503e+02
1.669699885044531129e+02
1.522025290936688293e+02
1.389400307833859642e+02
1.277811933659962165e+02
1.193218430732275692e+02
1.139712636502959811e+02
1.117620753706284091e+02
1.122490717302475360e+02
1.145627828610936660e+02
1.176245218538054615e+02
1.204593120617253703e+02
1.224872123748234287e+02
1.236676284077368564e+02
1.244263379432166374e+02
1.253855502314012682e+02
1.270059492055928843e+02
1.292992047326667944e+02
1.317471753173142588e+02
1.334683826499594090e+02
1.335507779358293590e+02
1.313927956173317853e+02
1.269054856932203705e+02
1.205116238050738247e+02
1.129744651582193455e+02
1.051479251718006793e+02
9.774971836505902445e+01
9.123224016441088224e+01
8.577529721201680957e+01
8.136673942285469252e+01
7.790003386453116718e+01
7.522312419952552887e+01
7.311682054021383692e+01
7.124034495694371572e+01
6.912064012516044897e+01
6.624298284328820330e+01
6.222271233865505735e+01
5.695908995179151191e+01
5.066134425383857121e+01
4.371018661448378140e+01
3.642476776981011000e+01
2.886560454984251933e+01
2.077528051993240865e+01
1.167115784607022988e+01
1.029325211466478152e+00
-1.151986011625352546e+01
-2.604458333738710962e+01
-4.225413271858846542e+01
-5.955834533111379869e+01
-7.723606440138826201e+01
-9.465020215853465402e+01
-1.114125149837467177e+02
-1.274244091959151604e+02
-1.427935185635815287e+02
-1.576935363053090384e+02
-1.722473902059516035e+02
-1.864782592975651028e+02
-2.003246473396760052e+02
-2.136769034196607322e+02
-2.263846859151586273e+02
-2.382256656805885200e+02
-2.488859359581588819e+02
-2.580171597194972719e+02
-2.653791864389141892e+02
-2.709986214455987010e+02
-2.752444644169787580e+02
-2.787614709634679571e+02
-2.822718984392585071e+02
-2.863156347343584684e+02
-2.910353293123513936e+02
-2.961161860657490479e+02
-3.009370666299257664e+02
-3.048863724629340481e+02
-3.076964826038430942e+02
-3.096192776862000642e+02
-3.113349880576125770e+02
-3.136273071699084767e+02
-3.169781998178252707e+02
-3.212566638711135738e+02
-3.256078888945576182e+02
-3.285621048526218715e+02
-3.283157221382716671e+02
-3.230918584970626739e+02
-3.114695600385832677e+02
-2.925970366467445842e+02
-2.662667710744749456e+02
-2.328890451870998390e+02
-1.934155824246067255e+02
-1.492364217951528076e+02
-1.020372505941219572e+02
-5.359867311438267734e+01
-5.551144929116162530e+00
4.085712852016843044e+01
8.490352471658604827e+01
1.263915492265995510e+02
1.655070082616105935e+02
2.025893460220246993e+02
2.379178064193374667e+02
2.716025484626571824e+02
3.036078985378229049e+02
3.338567479048560926e+02
3.623303999868178948e+02
3.891093110000949196e+02
4.143564517741610871e+02
4.382705840644619570e+02
4.610227714644653929e+02
4.826749612032409686e+02
5.030965171365965034e+02
5.219232091884497322e+02
5.385980347300840094e+02
5.524894484624057895e+02
5.630394484212685029e+02
5.698807587959622651e+02
5.728793549305383976e+02
5.720952821045551673e+02
5.676918752079188835e+02
5.598386063066704992e+02
5.486442822564272319e+02
5.341426679298381259e+02
5.163408539819456564e+02
4.953270374255008051e+02
4.714149711527282420e+02
4.452776920815766175e+02
4.179991551227124091e+02
3.909728895920695777e+02
3.656336996805619037e+02
3.431117531806233387e+02
3.239724578286179622e+02
3.081733135895984788e+02
2.952433170745420057e+02
2.845688331752384101e+02
2.756315005272888357e+02
2.680921072956559215e+02
2.617140645208837668e+02
2.562209073743069325e+02
2.512143452496532063e+02
2.462118048453484107e+02
2.407598074121587501e+02
2.345348307459557589e+02
2.273769874194200895e+02
2.192640400199931037e+02
2.102693653941855132e+02
2.005407557506301828e+02
1.903092802548515579e+02
1.799172385201365785e+02
1.698443791414730413e+02
1.606974517969358089e+02
1.531145606755641779e+02
1.475555970029661523e+02
1.440214076417831848e+02
1.418299776125929270e+02
1.396085846154290948e+02
1.355963701549438838e+02
1.282094125289090414e+02
1.166670641874676733e+02
1.014053912850505696e+02
8.406879113489802080e+01
6.704158529766070274e+01
5.266497346954396619e+01
4.241267021763219702e+01
3.634142609959559422e+01
3.306221852728769761e+01
