-1.058670037364121015e+02
-1.178705926011077025e+02
-1.299184547676856027e+02
-1.419056124574090916e+02
-1.533726106165506451e+02
-1.635988366122757043e+02
-1.718588982468016297e+02
-1.777198633724890726e+02
-1.812490327680199300e+02
-1.830575500716848012e+02
-1.841747276755977509e+02
-1.857995246908415368e+02
-1.890015985009946746e+02
-1.944470936358084998e+02
-2.022041510752196700e+02
-2.116449559844859039e+02
-2.214357003408530034e+02
-2.296214278830742614e+02
-2.338370457006070922e+02
-2.316478928922668672e+02
-2.209478371017136453e+02
-2.002943149079538045e+02
-1.690933172111178635e+02
-1.276381931920763009e+02
-7.707168997847111314e+01
-1.932220644435086854e+01
4.300876345962523573e+01
1.068771624457941272e+02
1.691796706950201497e+02
2.272300137890729275e+02
2.791855628626253747e+02
3.242739499086989099e+02
3.627426811567981986e+02
3.955638237556744343e+02
4.240141439272458683e+02
4.492777962734151060e+02
4.721804639424385641e+02
4.930929211728354176e+02
5.119753219980487984e+02
5.284978058150476272e+02
5.421819666706401222e+02
5.525444995149103988e+02
5.592458446723251200e+02
5.622297495251017381e+02
5.618082762389426534e+02
5.586410729689619075e+02
5.535892395270635689e+02
5.474729420219422309e+02
5.408077820561962881e+02
5.336249233219515418e+02
5.254685641998429446e+02
5.155897584863879501e+02
5.032491563265598415e+02
4.879788404983731880e+02
4.696816731736632846e+02
4.485428194912904019e+02
4.248295164578956928e+02
3.987053015886664298e+02
3.701658752124683360e+02
3.391359360068953492e+02
3.056824892900164059e+02
2.702376508218303002e+02
2.337194063642859021e+02
1.974927968029008980e+02
1.631849783106090683e+02
1.324169280485035074e+02
1.065299512081919033e+02
8.636837580320845120e+01
7.214643639075841008e+01
6.340463588188160315e+01
5.906154438102851145e+01
5.757517211726354844e+01
5.721680262004316830e+01
5.641890359178307790e+01
5.410829215169289341e+01
4.991374321238902212e+01
4.416609117439988097e+01
3.768033662972834463e+01
3.139289571217600638e+01
2.598540967232740684e+01
2.162744488459854608e+01
1.791124098698681166e+01
1.397732239993408143e+01
8.788733107067656647e+00
1.492006427510631283e+00
-8.235095765051141825e+00
-1.998803841039634221e+01
-3.270574626251962513e+01
-4.500827754658365620e+01
-5.566494538655842916e+01
-6.398311331466626939e+01
-6.995317786350989309e+01
-7.411999545515070054e+01
-7.728607787688119402e+01
-8.020750914863546654e+01
-8.340659066459602400e+01
-8.714075478035437072e+01
-9.148842694914185358e+01
-9.646985299944282133e+01
-1.021220629119311525e+02
-1.084821467212766493e+02
-1.154840697739303437e+02
-1.228258296542871051e+02
-1.298976380007961779e+02
-1.358529657603203873e+02
-1.398400528790295141e+02
-1.413171662155981778e+02
-1.403102955329829626e+02
-1.374871110617927172e+02
-1.340086145948119167e+02
-1.312204737539478856e+02
-1.302998793136120526e+02
-1.319647691805604950e+02
-1.363113778078860889e+02
-1.428112943846390976e+02
-1.504699066266073544e+02
-1.581024971964627071e+02
-1.646361228500501568e+02
-1.693402858890625282e+02
-1.719390494308682662e+02
-1.726136403582453056e+02
-1.719196322756690449e+02
-1.706294758634352036e+02
-1.695169997322928737e+02
-1.691400958476378662e+02
-1.697140634615684860e+02
-1.711500669634873759e+02
-1.732510579327913263e+02
-1.759615953644643298e+02
-1.795226241519120265e+02
-1.844163632654037599e+02
-1.910921485798660058e+02
-1.995975432237320035e+02
-2.093192972482733865e+02
-2.190027508260817228e+02
-2.270850145239761844e+02
-2.322274156470021751e+02
-2.338370457006070922e+02
-2.323527565992147572e+02
-2.291365317672270692e+02
-2.259480153826943081e+02
-2.241534213113859266e+02
-2.239700068601879082e+02
-2.240730012314934072e+02
-2.217586261629502644e+02
-2.136289866162634610e+02
-1.965535010472398483e+02
-1.685580254907530673e+02
-1.293371793895324799e+02
-8.025261679706224527e+01
-2.388922282422811350e+01
3.660278715378028380e+01
9.811744255864105924e+01
1.579857078856876456e+02
2.141344248574641256e+02
2.651016099529826988e+02
3.100045771408757673e+02
3.484897945682029103e+02
3.806335532365476411e+02
4.067761946898343695e+02
4.273438265705921140e+02
4.427584314629234541e+02
4.535003642033482265e+02
4.602823333675246431e+02
4.641933074158430372e+02
4.666532295256018870e+02
4.691160808290459272e+02
4.726199121127184526e+02
4.774009366783433279e+02
4.827774983205756598e+02
4.873769372433930585e+02
4.896190608449977617e+02
4.882689434931373285e+02
4.828463595798573351e+02
4.737245273557003316e+02
4.618702219299603939e+02
4.483331427066539163e+02
4.336998632576190857e+02
4.177359322681650156e+02
3.993681623136169492e+02
3.770428033018519045e+02
3.493541412506480128e+02
3.157111276967394815e+02
2.767654305743645864e+02
2.344086642579406714e+02
1.913301425039127537e+02
1.503130044181927474e+02
1.135391430609311669e+02
8.214116568199757751e+01
5.612212056642859181e+01
3.462113967436957296e+01
1.638459758390613530e+01
2.495510075589848498e-01
-1.452122128183463801e+01
-2.812453647098343268e+01
-4.030689465025011486e+01
-5.059209393214191408e+01
-5.855930971251131467e+01
-6.408090414287464398e+01
-6.744674646137605123e+01
-6.935271900411252943e+01
-7.078718922416769033e+01
-7.286109200566514232e+01
-7.660355618147374912e+01
-8.274352883113792245e+01
-9.153094161417671160e+01
-1.026690786142575860e+02
-1.153970416124666372e+02
-1.286952674348821972e+02
-1.415318427737563525e+02
-1.530582145462950621e+02
-1.627072965892511149e+02
-1.702129116186956139e+02
-1.756017065504660195e+02
-1.791820277924099685e+02
-1.815061475563803128e+02
-1.832715577417574480e+02
-1.851675247750878270e+02
-1.877234132283426788e+02
-1.912261964074887146e+02
-1.957336488692746457e+02
-2.011478289656860738e+02
-2.072781081089457871e+02
-2.138429407589071616e+02
-2.204215273590858146e+02
-2.264204623320161716e+02
-2.311222377118994018e+02
-2.338370457006070922e+02
-2.341262332269674005e+02
-2.320246841703030896e+02
-2.281555037789558469e+02
-2.236285909291542850e+02
-2.196955790668954478e+02
-2.172821406456699265e+02
-2.166243114962123286e+02
-2.171969761871299909e+02
-2.179594769228687596e+02
-2.177804395584677764e+02
-2.158481811363560610e+02
-2.119223686506210242e+02
-2.063667565347829509e+02
-1.999781527862672874e+02
-1.936895829338054114e+02
-1.882646725671904164e+02
-1.840925854602068625e+02
-1.811397770142967829e+02
-1.790493332792757144e+02
-1.773337923358358239e+02
-1.755884809648046598e+02
-1.736502447045178883e+02
-1.716432309369837128e+02
-1.698926628692930478e+02
-1.687355009288638428e+02
-1.682949535923621909e+02
-1.683039126652836046e+02
-1.680534397653905785e+02
-1.665043110788480476e+02
-1.625459409245755751e+02
-1.553387735969145638e+02
-1.446422445869200146e+02
-1.310127829102245585e+02
-1.157721409947467208e+02
