-3.611407477381712994e+01
6.679125683397607816e+00
4.340912811870008170e+01
6.949042587009984118e+01
8.262465768527073351e+01
8.285803153709358071e+01
7.192900891284958220e+01
5.226182939545670081e+01
2.604379593696417317e+01
-5.276300442562039450e+00
-4.097538230951050764e+01
-8.068957964140531658e+01
-1.239688486201288669e+02
-1.699707157696643094e+02
-2.173772504057179447e+02
-2.645115784188799921e+02
-3.095767433144411029e+02
-3.509201004774808439e+02
-3.872349980787026311e+02
-4.176577739781047853e+02
-4.417821618540413624e+02
-4.596454676169916524e+02
-4.717142711810741957e+02
-4.788389297437471441e+02
-4.821168361548618577e+02
-4.826499634252826922e+02
-4.812805648811878996e+02
-4.784484901071521108e+02
-4.742614322527944068e+02
-4.687388319982690632e+02
-4.620879172661283292e+02
-4.548649739437064454e+02
-4.479457798827587567e+02
-4.423150671186109548e+02
-4.387508793809504368e+02
-4.375249658984008079e+02
-4.382569010981191582e+02
-4.400157913953879074e+02
-4.416522962435097952e+02
-4.422234730182410090e+02
-4.413222392187182663e+02
-4.391708846240961748e+02
-4.364533636971571013e+02
-4.339802543318064636e+02
-4.323371578185881390e+02
-4.316405860657890798e+02
-4.314599024766388311e+02
-4.309152021472066281e+02
-4.289306464169649757e+02
-4.245838335220046815e+02
-4.174535606394185265e+02
-4.078630633213838905e+02
-3.969441435465002996e+02
-3.864859086923917744e+02
-3.785716390750649794e+02
-3.750528052894684947e+02
-3.769527447975002019e+02
-3.839153301601008934e+02
-3.938145093672442272e+02
-4.026398214869475964e+02
-4.047696938524109100e+02
-3.936956659161750736e+02
-3.631395610690319700e+02
-3.083493792490666010e+02
-2.272471292959516802e+02
-1.210999363303514542e+02
5.492367175103369803e+00
1.453009387182196974e+02
2.896681024667668112e+02
4.298768958095732842e+02
5.583574875409401557e+02
6.695152280740546757e+02
7.601221121841813329e+02
8.293177648859374358e+02
8.782951552368226658e+02
9.097442185861996222e+02
9.271426468689692229e+02
9.340223034180396553e+02
9.333666288125307346e+02
9.272741580650508695e+02
9.169444951283662704e+02
9.029233105702201101e+02
8.854436832270575906e+02
8.646984660820344288e+02
8.409736277651184082e+02
8.146729522167586310e+02
7.862858438108730752e+02
7.563046742746307700e+02
7.250690218790844028e+02
6.925581663456325714e+02
6.582346496248635503e+02
6.210691833297876201e+02
5.798026486595574625e+02
5.333684126764376288e+02
4.813030402639003000e+02
4.239816618985672108e+02
3.626126457868612079e+02
2.990404086827339825e+02
2.354596673260537898e+02
1.741212510253684229e+02
1.170595045966806680e+02
6.585255671954973877e+01
2.144323964186803977e+01
-1.593500037849030093e+01
-4.669545215785265668e+01
-7.171257007589190380e+01
-9.207773141049378296e+01
-1.088754865157114580e+02
-1.230328472835905984e+02
-1.352577552484014234e+02
-1.460561626471910870e+02
-1.557914500833436762e+02
-1.647330286181388885e+02
-1.730663859027041553e+02
-1.808973409019885423e+02
-1.883103624414342221e+02
-1.954916346069706208e+02
-2.028481588922630863e+02
-2.110244134909125364e+02
-2.207649840638246701e+02
-2.326578496078303147e+02
-2.468654392779825457e+02
-2.629720683578903504e+02
-2.800302309845295667e+02
-2.967933290512449389e+02
-3.120388760303571871e+02
-3.248686637055690198e+02
-3.349153526242581052e+02
-3.424347765270613877e+02
-3.482784511338114726e+02
-3.537296902287385478e+02
-3.601949144941087866e+02
-3.688009012317060069e+02
-3.800278315995765865e+02
-3.935331630067790911e+02
-4.082562598462272376e+02
-4.227762271537832817e+02
-4.357922549275843949e+02
-4.465484222385505859e+02
-4.550399114272058227e+02
-4.619051011757804304e+02
-4.680112832698762872e+02
-4.738486590526508166e+02
-4.789148990603787865e+02
-4.812805648811878996e+02
-4.774908510574456955e+02
-4.628980210493025993e+02
-4.324225314620522340e+02
-3.816081502268277177e+02
-3.077243250884504278e+02
-2.106294539065058302e+02
-9.315462628002322276e+01
3.912045386189603846e+01
1.786699164391362160e+02
3.172044588116867772e+02
4.469248850306194640e+02
5.615443467610280095e+02
6.568951512810172062e+02
7.310880013227490508e+02
7.843013794789083022e+02
8.183273603874774835e+02
8.360096816222041980e+02
8.406920966659990881e+02
8.357494163574963295e+02
8.242234513501073252e+02
8.085637627910152787e+02
7.904781611220464583e+02
7.709048007421934017e+02
7.501083167980664257e+02
7.278762631619758849e+02
7.037654907838025338e+02
6.773375680002513946e+02
6.483244759106762558e+02
6.166763874092000606e+02
5.824796313648230353e+02
5.457991427233191644e+02
5.065495495723855583e+02
4.644762881214312529e+02
4.192439888216409258e+02
3.705661296771707498e+02
3.183260537894900608e+02
2.626936127159106036e+02
2.042508262657909199e+02
1.440944123031231356e+02
8.384770863763526449e+01
2.553141655771447560e+01
-2.870407188902677120e+01
-7.692469593668603522e+01
-1.177445007597351889e+02
-1.505605431162207424e+02
-1.756437006889190116e+02
-1.940643006073387937e+02
-2.074513773888361072e+02
-2.176293893186616799e+02
-2.262343628489987850e+02
-2.344267830787706544e+02
-2.427739196748153745e+02
-2.513126634411237319e+02
-2.597605707059436213e+02
-2.678095753622661164e+02
-2.754022251698574451e+02
-2.828775241864416898e+02
-2.909149540639331804e+02
-3.002907915421115490e+02
-3.115431918553964010e+02
-3.246865507513547300e+02
-3.391049371343451071e+02
-3.536770504440428908e+02
-3.670674490933218976e+02
-3.780416458666597919e+02
-3.856868431988236239e+02
-3.895125396212876012e+02
-3.894783927638899286e+02
-3.860025154292690672e+02
-3.799605718694934922e+02
-3.726375546129134477e+02
-3.655761679382243869e+02
-3.603034058095130945e+02
-3.579993193774365636e+02
-3.592370219838336425e+02
-3.639107694408758107e+02
-3.713846544785233732e+02
-3.807960584628543756e+02
-3.913889746808413861e+02
-4.027484279593952010e+02
-4.148451817407636213e+02
-4.278630224057373539e+02
-4.418518722851450207e+02
-4.562992701809714049e+02
-4.697235782414267078e+02
-4.793914633317544940e+02
-4.812805648811878996e+02
-4.704187664339206094e+02
-4.416673226969668917e+02
-3.908515243875224883e+02
-3.159499951483834366e+02
-2.179589329311026518e+02
-1.011237257077695517e+02
2.756670952692418552e+01
1.595011906070499208e+02
2.858896980626453797e+02
3.991586272879747526e+02
4.939638594923952155e+02
5.676248743205055689e+02
6.199720334450807968e+02
6.527681089463432045e+02
6.689486158367856206e+02
6.719018818088311491e+02
6.649147457244387169e+02
6.508041937138214053e+02
6.316913788431361354e+02
6.088821724955736272e+02
5.828746058593746966e+02
5.535357383582896773e+02
5.204256304697173618e+02
4.831500696703458289e+02
4.415963966290131566e+02
3.959800649840402116e+02
3.467492815386131610e+02
2.944706404419239334e+02
2.397896446824105396e+02
1.834587811023950508e+02
