-1.560511063425783895e+01
4.813459097427856648e+01
9.975161114131879003e+01
1.307011110660594682e+02
1.380930860181673836e+02
1.247540340664034630e+02
9.751674694857911163e+01
6.465172031300136268e+01
3.346050455798156520e+01
8.744553990726926074e+00
-7.626903120384437074e+00
-1.625407965178258962e+01
-1.927087092595644791e+01
-1.936111664682948685e+01
-1.901839928781807387e+01
-2.015736883986374295e+01
-2.401935217352601981e+01
-3.122297155215420972e+01
-4.182381011150764749e+01
-5.534016650903596712e+01
-7.079212823113329023e+01
-8.682283457204792398e+01
-1.019292222216482742e+02
-1.147696831390794472e+02
-1.244745756662006784e+02
-1.308749829106745892e+02
-1.345773115953415413e+02
-1.368421461512788824e+02
-1.392849947333097020e+02
-1.434900085731122488e+02
-1.506630611309267636e+02
-1.614141727568502347e+02
-1.756862125203079188e+02
-1.928031600784118211e+02
-2.116130263602908030e+02
-2.307070559273998924e+02
-2.486815524368077206e+02
-2.643870405073249685e+02
-2.771009972789011044e+02
-2.865716424609750561e+02
-2.929155146900276350e+02
-2.964023925664013746e+02
-2.971960198792647248e+02
-2.951171472300645746e+02
-2.894834500207200563e+02
-2.790915999146113791e+02
-2.624085192936662452e+02
-2.379751195749005603e+02
-2.049151094805706919e+02
-1.633679851142717609e+02
-1.146837146260970002e+02
-6.130885616888681966e+01
-6.398977178378398634e+00
4.673822255545978521e+01
9.523342586204759641e+01
1.371349542963443469e+02
1.716525742306968425e+02
1.991105621671003121e+02
2.206547085432849826e+02
2.378338376437686748e+02
2.521857829566179134e+02
2.649152949306318874e+02
2.767064623882306478e+02
2.876860296635526311e+02
2.975298223132476210e+02
3.056713153597320911e+02
3.115369804444246711e+02
3.147145096518346463e+02
3.149865124049436531e+02
3.122425502333551890e+02
3.063602212079028959e+02
2.971520933448463211e+02
2.844169013615645554e+02
2.680687685746347597e+02
2.482770512500759139e+02
2.255394307297717660e+02
2.006420605216913486e+02
1.745156580208190462e+02
1.480397614976278078e+02
1.218694938811513566e+02
9.635807002289283218e+01
7.160759064604987145e+01
4.761266018134853084e+01
2.441377576047857190e+01
2.177605852680017051e+00
-1.883690129127965207e+01
-3.840104385081355076e+01
-5.644641944785653465e+01
-7.312132215750462194e+01
-8.874439523880802483e+01
-1.036758793089808535e+02
-1.181459675320211318e+02
-1.320981915625393981e+02
-1.451327233069179101e+02
-1.566187204666433104e+02
-1.659588309328737523e+02
-1.728924526263716643e+02
-1.776932586420967937e+02
-1.811598895670355205e+02
-1.843830589877928787e+02
-1.883718655946755689e+02
-1.937036557958051617e+02
-2.003682383539156149e+02
-2.078812450518805122e+02
-2.155951144535967217e+02
-2.230315711879967182e+02
-2.300579894905122273e+02
-2.368347900823159478e+02
-2.436091566123913026e+02
-2.505154196949700633e+02
-2.575030349507708252e+02
-2.643981086680289536e+02
-2.710160501042249734e+02
-2.772352773745839158e+02
-2.829933106929398718e+02
-2.882168194143465598e+02
-2.927068719743398333e+02
-2.959934464467585258e+02
-2.971960198792647248e+02
-2.949710551724251673e+02
-2.876340722308651721e+02
-2.734795632827995178e+02
-2.512239058413026100e+02
-2.204170498018069679e+02
-1.816691977511316907e+02
-1.366106694347627695e+02
-8.759789069705085751e+01
-3.725888893932985013e+01
1.198055213087246074e+01
5.825341097120043798e+01
1.004141210077927155e+02
1.380105822497851307e+02
1.711192058562976399e+02
2.001054232770422345e+02
2.253678248109559377e+02
2.471334578141321003e+02
2.653809494454666265e+02
2.799385018341649243e+02
2.907225139325756800e+02
2.979910950050820020e+02
3.024561477906875098e+02
3.051650687487868367e+02
3.071891329429056441e+02
3.092560807260289266e+02
3.114844548954087600e+02
3.133233232658352563e+02
3.137107610394038488e+02
3.113774290216345548e+02
3.051751480037688111e+02
2.943225702180999406e+02
2.785136214971620348e+02
2.578984540550171118e+02
2.329961928434583456e+02
2.046096907968241965e+02
1.737750795677429778e+02
1.417203979822788824e+02
1.097794236237555623e+02
7.923833197030549513e+01
5.115184265830347954e+01
2.618865864481800187e+01
4.543326200589969943e+00
-1.406714261562856905e+01
-3.029833019114594350e+01
-4.495166444642185866e+01
-5.866998620561221855e+01
-7.167864857939271417e+01
-8.372377462948642801e+01
-9.428056176563045199e+01
-1.029472535449513089e+02
-1.098117682219101710e+02
-1.155740607727575195e+02
-1.213383109331580272e+02
-1.281754777728119450e+02
-1.366808644712715761e+02
-1.467411732461692395e+02
-1.576091591575633686e+02
-1.682426979378342367e+02
-1.777545962487639315e+02
-1.857716314201237822e+02
-1.925464189663052252e+02
-1.987921730496447879e+02
-2.053427520466721319e+02
-2.128003144466323420e+02
-2.213069038250175709e+02
-2.305097531281471674e+02
-2.397239846485590533e+02
-2.482321316902180683e+02
-2.555983674590903547e+02
-2.618529466080250359e+02
-2.674539004474661965e+02
-2.730383712379011740e+02
-2.790702634747666480e+02
-2.855220915767654901e+02
-2.916948679536438362e+02
-2.962155128398964621e+02
-2.971960198792647248e+02
-2.925152749955839795e+02
-2.801853552048270899e+02
-2.587541298538659476e+02
-2.276567330175514599e+02
-1.874002177966233944e+02
-1.395060558643228887e+02
-8.623491859462802722e+01
-3.020391404614393593e+01
2.597330688584526115e+01
7.993418193778634873e+01
1.296919827802761631e+02
1.737055053758609802e+02
2.109788223390801249e+02
2.412065874319087015e+02
2.648839230758265444e+02
2.832676189337587402e+02
2.981357006095375937e+02
3.113943377845090481e+02
3.246523558610787177e+02
3.388872468997727196e+02
3.542747313942646201e+02
3.701910782913022899e+02
3.853652515096454749e+02
3.981605792368023913e+02
4.069652683035838550e+02
4.106268120233814329e+02
4.087901386615176307e+02
4.019713598069727709e+02
3.912879834868522266e+02
3.779452013140688109e+02
3.627272600050667961e+02
3.457530361651855628e+02
3.266143195447622816e+02
3.048100553382805629e+02
2.802388711989835883e+02
2.534979595614633467e+02
2.258562920649169428e+02
1.989394099126723745e+02
1.742836070472320387e+02
1.529466735763950851e+02
1.353127399052299609e+02
1.211334142961361806e+02
1.097479211371954335e+02
1.003647112939869572e+02
9.229106227237650728e+01
8.505349477606218045e+01
7.841605865427088418e+01
7.233244528119222139e+01
6.685853581962885528e+01
6.204346563307324658e+01
5.783725022384678738e+01
5.407264856890171245e+01
5.055160481593315325e+01
4.719874507547238096e+01
4.419001673281125164e+01
4.196082424687285339e+01
4.104056624707409640e+01
4.173109770545364938e+01
4.373010492809248717e+01
4.587011926827480579e+01
4.615437946067848429e+01
4.218567576572686306e+01
3.191937643530746271e+01
1.449778737374497872e+01
-9.176914109158023081e+00
-3.643488435486799659e+01
