-2.176574792455827634e+00
4.265230345882923757e+01
8.097679580360288298e+01
1.080500073943074426e+02
1.219437577373537493e+02
1.235654513008268651e+02
1.158317534879725770e+02
1.024783676586885690e+02
8.698089995968165056e+01
7.187330367191614755e+01
5.852977332849359016e+01
4.731734287300075437e+01
3.795176543126931534e+01
2.988650516458682205e+01
2.261431249791976228e+01
1.583159157584612586e+01
9.472649609478523303e+00
3.650177393215315647e+00
-1.452109268702947986e+00
-5.689882122508855389e+00
-9.036651816689996508e+00
-1.161185899055458037e+01
-1.365826793025007291e+01
-1.548136557725977447e+01
-1.736923908012336781e+01
-1.951457517662570496e+01
-2.196533434237081650e+01
-2.462993103513514015e+01
-2.734327442116188323e+01
-2.996553914337593838e+01
-3.246146233826890182e+01
-3.491625496617390922e+01
-3.748096135935216466e+01
-4.028031195957228761e+01
-4.333520967346571240e+01
-4.654142926720497542e+01
-4.971337010737728690e+01
-5.266502397916350731e+01
-5.528291009145630142e+01
-5.755939306443971759e+01
-5.958499866779582277e+01
-6.151729470307027725e+01
-6.354070714452994650e+01
-6.582070934451942890e+01
-6.845523690679083018e+01
-7.143650546542659185e+01
-7.464379677891392362e+01
-7.788106270265475928e+01
-8.095298002190185116e+01
-8.374936401220369930e+01
-8.629547329810844758e+01
-8.873784426647178236e+01
-9.127022412878767454e+01
-9.403851611937139410e+01
-9.707037434439544654e+01
-1.002531175390141698e+02
-1.033582593239629830e+02
-1.061010764163560083e+02
-1.082224261483302001e+02
-1.095736414374140395e+02
-1.101764647109075526e+02
-1.102324933865671426e+02
-1.100748527889559227e+02
-1.100782610917960369e+02
-1.105589875176984265e+02
-1.116977913453946911e+02
-1.135085369198700675e+02
-1.158572434196832859e+02
-1.185175267915874002e+02
-1.212382384425892496e+02
-1.238015318574000929e+02
-1.260573562670988963e+02
-1.279279517200726417e+02
-1.293879252758707707e+02
-1.304410371387367604e+02
-1.311183659553220195e+02
-1.315038532033077558e+02
-1.317641880584093883e+02
-1.321409272805395290e+02
-1.328666876833660524e+02
-1.340023037620413504e+02
-1.352515770555392010e+02
-1.358547829500224680e+02
-1.346443627775329048e+02
-1.302685991664104677e+02
-1.215079674363315689e+02
-1.075776374078117215e+02
-8.833296330575714705e+01
-6.433865837131602916e+01
-3.679622543518119215e+01
-7.347405260805583538e+00
2.220404153686337168e+01
5.018963416143601819e+01
7.532937546382585481e+01
9.689254798926567958e+01
1.147331154789362699e+02
1.291872687704820919e+02
1.408613114557135759e+02
1.503876792582117048e+02
1.582467425528877811e+02
1.647163776583835499e+02
1.699384034671697350e+02
1.740299928853332005e+02
1.771583784245432014e+02
1.795375609451363061e+02
1.813599651109034596e+02
1.827091094462018077e+02
1.835040495709325796e+02
1.835104252735425803e+02
1.824216115013992976e+02
1.799761032896363986e+02
1.760541815189345698e+02
1.707057272185334398e+02
1.640983754220508786e+02
1.564170560019042000e+02
1.477700487214019347e+02
1.381567605225991429e+02
1.275270011939923478e+02
1.159110988433908176e+02
1.035487084390879033e+02
9.093436010023789606e+01
7.874478252651326216e+01
6.768075484148143062e+01
5.829453801827988002e+01
5.086779302613906140e+01
4.537455626949143550e+01
4.152871924134010584e+01
3.888350068577670271e+01
3.693539660697706495e+01
3.520032561828207207e+01
3.326299389024510589e+01
3.081995401103957732e+01
2.772552825806038967e+01
2.402335371947831177e+01
1.993317975286316468e+01
1.577613170503007645e+01
1.185408386589029384e+01
8.329211712735675732e+00
5.157250352737201560e+00
2.106827223913283031e+00
-1.140185363433618093e+00
-4.848198621693155630e+00
-9.107249309509832358e+00
-1.378470000405177132e+01
-1.857089803093997560e+01
-2.310152634853024267e+01
-2.710897796950528260e+01
-3.054052882705421723e+01
-3.358678713244838576e+01
-3.659844499412096042e+01
-3.992737673378086072e+01
-4.377246351874047292e+01
-4.810292496846291499e+01
-5.268039739108652242e+01
-5.715167692363127117e+01
-6.116712623368678692e+01
-6.448491250095310079e+01
-6.702995077563349469e+01
-6.889231845677436183e+01
-7.027843260294288541e+01
-7.144908970191977460e+01
-7.266891109733731469e+01
-7.416530217233150779e+01
-7.608674458488114567e+01
-7.846855923976146130e+01
-8.123099123929164023e+01
-8.422352377188849459e+01
-8.729817558550772105e+01
-9.037193872663796412e+01
-9.344360720490774952e+01
-9.655857457517787168e+01
-9.974713712990120484e+01
-1.029782054423589415e+02
-1.061604260811643456e+02
-1.091899989728122762e+02
-1.120118807175960001e+02
-1.146549062901885634e+02
-1.172221174491278646e+02
-1.198424697404844324e+02
-1.226038604363617139e+02
-1.254934411895592064e+02
-1.283741964743892936e+02
-1.310192608158094743e+02
-1.331977947603344887e+02
-1.347680750058837873e+02
-1.357143868367135155e+02
-1.360864770565845845e+02
-1.358547829500224680e+02
-1.347479093666603092e+02
-1.321593157527491371e+02
-1.271872479391045090e+02
-1.188160486040286798e+02
-1.061834032340273097e+02
-8.883978564533857991e+01
-6.691469584327477094e+01
-4.114844208071428966e+01
-1.279430748933589967e+01
1.657824053878707815e+01
4.533635598977183179e+01
7.203806158402103677e+01
9.562937908571089451e+01
1.155433688324017822e+02
1.316930792187298493e+02
1.443785440435814849e+02
1.541422756589419691e+02
1.616137925897385514e+02
1.673839493387554569e+02
1.719357608965915460e+02
1.756286652154665830e+02
1.787081552930134194e+02
1.813129946179874423e+02
1.834709694828436568e+02
1.850904272238510089e+02
1.859618764100715396e+02
1.857855910746286554e+02
1.842342938117476763e+02
1.810398418940868339e+02
1.760706920420033157e+02
1.693650078420740499e+02
1.611101570024378020e+02
1.515930126682297328e+02
1.411572884254280780e+02
1.301853914222542130e+02
1.190929622192682729e+02
1.083105659968129970e+02
9.823744879013126763e+01
8.917560688392472912e+01
8.127183875317223283e+01
7.450011697469719252e+01
6.870171234240719116e+01
6.366918590432536007e+01
5.923161745920299381e+01
5.529739517766509493e+01
5.184049257684348788e+01
4.885064206462657665e+01
4.628215974100142205e+01
4.402885681863924106e+01
4.193510167792328502e+01
3.983536095336884131e+01
3.760372490727941397e+01
3.519479201138243241e+01
3.266390256553309257e+01
3.016061471665879878e+01
2.789278097342569396e+01
2.606474301753543799e+01
2.480379232054350780e+01
2.409768863997624777e+01
2.376848095869775790e+01
2.350529711236398001e+01
2.296494022677083890e+01
2.191460123905401858e+01
2.034929370084356037e+01
1.850669257674873691e+01
1.674914644876605152e+01
1.536293903792392967e+01
1.438073374583209940e+01
1.352437632368502740e+01
1.230089645553534261e+01
1.020845630997309783e+01
6.962163520457952615e+00
2.645339254652860461e+00
-2.278488459159571988e+00
