1.670807712555765434e+01
8.105133441132670669e+01
1.362422032554456734e+02
1.757279298783140575e+02
1.970971775967211101e+02
2.020900533126169307e+02
1.953290172175576629e+02
1.824618609893029770e+02
1.684492724748744195e+02
1.564959498989148869e+02
1.477860766101159697e+02
1.418810694121936820e+02
1.374620197469812410e+02
1.330809438328892043e+02
1.276889307642102693e+02
1.208603599765494891e+02
1.127560411879362050e+02
1.039276843106902675e+02
9.507119081954745354e+01
8.681410717658619092e+01
7.958737623398516803e+01
7.358904385443152307e+01
6.881277149816034466e+01
6.510359286507491561e+01
6.221611870069430239e+01
5.986731562652272487e+01
5.778146582304297141e+01
5.572243192970731940e+01
5.351017531144999850e+01
5.102569064487308736e+01
4.821146607848016430e+01
4.506969249993482407e+01
4.165493017750625171e+01
3.805754811447068420e+01
3.437714633605303050e+01
3.068940028535527631e+01
2.701658769118778025e+01
2.331847283482347422e+01
1.951624781291053168e+01
1.554331945767996714e+01
1.139617639075480326e+01
7.156540288409122041e+00
2.974737147488685451e+00
-9.746050696495363042e-01
-4.545563468236633042e+00
-7.667274815452374881e+00
-1.037225964066560380e+01
-1.279537295423239129e+01
-1.513631023326774994e+01
-1.759445200580711344e+01
-2.030200109934810015e+01
-2.328161683541936355e+01
-2.643820322302514114e+01
-2.957994271933876007e+01
-3.246133604425509844e+01
-3.484199522287366335e+01
-3.655095796290505206e+01
-3.754210627707063708e+01
-3.792657135689221803e+01
-3.797019314269193302e+01
-3.804856148898458912e+01
-3.856323777450172940e+01
-3.983800904498138351e+01
-4.202401770350378740e+01
-4.504151575788338846e+01
-4.857677051077568109e+01
-5.214100370780524685e+01
-5.518483715007274526e+01
-5.724384127433856406e+01
-5.807228548223108078e+01
-5.771735334098291048e+01
-5.650583308488705114e+01
-5.494998618695492354e+01
-5.360635262143940594e+01
-5.293025300637577857e+01
-5.316653619678498188e+01
-5.430840437804270948e+01
-5.613571798546573177e+01
-5.831380840996531845e+01
-6.051058589121306852e+01
-6.248820030968363426e+01
-6.414306764265960226e+01
-6.549128116942014799e+01
-6.661270360283970149e+01
-6.757237905891417995e+01
-6.833796838473284652e+01
-6.871184378298157469e+01
-6.829497501577255036e+01
-6.649707644192665157e+01
-6.260362265672569038e+01
-5.590397884346686652e+01
-4.586622799770859160e+01
-3.231851917777393624e+01
-1.558037431006743390e+01
3.507110432855739646e+00
2.367610339753263560e+01
4.343751606848668700e+01
6.134743422866004892e+01
7.626481430864542688e+01
8.753280895414830809e+01
9.504029391442176689e+01
9.915791906999938021e+01
1.005789112286463620e+02
1.001168895595313160e+02
9.851820683222811681e+01
9.633572666235284032e+01
9.388659973701707884e+01
9.128655374934072597e+01
8.853077932650188586e+01
8.558498961265938476e+01
8.245600463413205716e+01
7.922127686326807350e+01
7.601020955597797979e+01
7.294865504794925926e+01
7.009453017736007041e+01
6.739584744302692343e+01
6.469020740752704057e+01
6.174432981980472590e+01
5.831477949288213836e+01
5.420625554069147967e+01
4.931206133166959660e+01
4.363292311804993773e+01
3.727645071636506202e+01
3.043995220404779189e+01
2.337747903875498423e+01
1.635163692840810512e+01
9.576901160424672099e+00
3.173746300056363268e+00
-2.840697693622871611e+00
-8.513418362874832113e+00
-1.388515680289399867e+01
-1.892905374492497117e+01
-2.353473889598328128e+01
-2.754572396132804002e+01
-3.082583426803795490e+01
-3.331773367903133476e+01
-3.506899781933018545e+01
-3.622404465746484448e+01
-3.699445774490674665e+01
-3.761997064483380626e+01
-3.832658529069991005e+01
-3.928672406731422484e+01
-4.058876985959942374e+01
-4.222474742433121264e+01
-4.410316832601822057e+01
-4.608822249765402290e+01
-4.805535592233763964e+01
-4.994115365582224086e+01
-5.176259966046949756e+01
-5.359401670206534618e+01
-5.551427490555828825e+01
-5.755559398558457929e+01
-5.968188922970654886e+01
-6.180081063106239725e+01
-6.379194768706044982e+01
-6.553268151360600768e+01
-6.691616731915553373e+01
-6.786441882360921340e+01
-6.833796838473284652e+01
-6.833953273161438347e+01
-6.790805970348763765e+01
-6.710216149162594945e+01
-6.598051353598663127e+01
-6.459073047265124501e+01
-6.297218124276589890e+01
-6.116554864005578196e+01
-5.921684150245929601e+01
-5.717085054894720031e+01
-5.505908130907121745e+01
-5.289135479250351324e+01
-5.065801124038539882e+01
-4.834263310883130060e+01
-4.593583323424913800e+01
-4.343648170614915216e+01
-4.083573845171771666e+01
-3.809604741086960189e+01
-3.514451491897614943e+01
-3.188959052610662326e+01
-2.825155949887990303e+01
-2.418659576972874703e+01
-1.968939585644320189e+01
-1.477615421702428300e+01
-9.464360193373650532e+00
-3.769278031900750392e+00
2.272054714122852204e+00
8.556869375188526305e+00
1.487802208040471896e+01
2.091887257504692599e+01
2.629549384218826447e+01
3.063942044553454735e+01
3.369724601555805066e+01
3.541436429373138850e+01
3.597370003257000803e+01
3.577682029348123649e+01
3.537351491824477279e+01
3.535596187957902714e+01
3.623695569538275407e+01
3.833475239987473770e+01
4.168864862658922021e+01
4.602513453344032257e+01
5.078433414977219940e+01
5.520378197266158793e+01
5.844548409406691292e+01
5.974573142508056378e+01
5.856467454508453585e+01
5.471092469412404569e+01
4.841444793339569230e+01
4.032261129726880000e+01
3.140498792608361356e+01
2.277480844748873423e+01
1.546376614050474885e+01
1.020909497684891498e+01
7.313856667277811141e+00
6.620793861055389584e+00
7.606296925176657453e+00
9.564560245875073363e+00
1.182130474644552898e+01
1.390424536395322974e+01
1.561639486956495304e+01
1.700308332935128419e+01
1.824784408966905147e+01
1.955062260588235290e+01
2.103128814837032934e+01
2.267945129334040644e+01
2.435402781693852248e+01
2.582327359237910969e+01
2.682405693285615200e+01
2.711475440758933786e+01
2.650800037120704289e+01
2.488952476181412976e+01
2.223714965034682933e+01
1.864079861597502585e+01
1.430522597487709824e+01
9.515287319658572329e+00
4.563307294206310871e+00
-3.380701714252012380e-01
-5.123306249556558001e+00
-9.892690861017300108e+00
-1.487038998142587332e+01
-2.031226259041376991e+01
-2.639331069915367323e+01
-3.311371248305317039e+01
-4.025795642685423559e+01
-4.742382205476632606e+01
-5.411158875256204226e+01
-5.983943987623280236e+01
-6.424001683387274397e+01
-6.710110149407006475e+01
-6.833796838473284652e+01
-6.791708758758348097e+01
-6.577782817194477616e+01
-6.180667964603478026e+01
-5.589799932731239096e+01
-4.809119894933803607e+01
-3.872740619616231328e+01
-2.854327633379570983e+01
-1.862883015088818794e+01
-1.021900751302751331e+01
-4.354682861106113023e+00
-1.518013787438873052e+00
-1.388617648319685927e+00
-2.850585969620642146e+00
