-7.602068458307478238e-01
2.121918165218819041e+01
3.981651612909843863e+01
5.256843088895989524e+01
5.848345522543695552e+01
5.806262099058074000e+01
5.287523807605938941e+01
4.492450280816542829e+01
3.605095129345563265e+01
2.754515316931952640e+01
2.003025031063450001e+01
1.357368209590676145e+01
7.924616540141240506e+00
2.761221606245424454e+00
-2.136497332989687692e+00
-6.819380885421033156e+00
-1.119119732607081197e+01
-1.508037622830856783e+01
-1.832137460424673492e+01
-2.081715905847252301e+01
-2.256832251851221116e+01
-2.366860452040290141e+01
-2.427850169963170757e+01
-2.459193493097014027e+01
-2.480400010186009396e+01
-2.508100991760145249e+01
-2.553792173438169755e+01
-2.623492484631621480e+01
-2.719642289123969192e+01
-2.843447824109477295e+01
-2.995129761416507108e+01
-3.171629152430443099e+01
-3.364337757058251555e+01
-3.560147026180141694e+01
-3.746617583500131587e+01
-3.918548097039457900e+01
-4.081567851365763033e+01
-4.249738787734747092e+01
-4.437746516194097524e+01
-4.651991457152707454e+01
-4.886085695550775654e+01
-5.123691449802652187e+01
-5.347068519132255915e+01
-5.546441151869885999e+01
-5.725315941257306207e+01
-5.899510844593736891e+01
-6.090741797107614985e+01
-6.317608711611954675e+01
-6.587536995534995299e+01
-6.892856547221123265e+01
-7.212564732814436752e+01
-7.518748782058179359e+01
-7.784656400547973476e+01
-7.991320175497249068e+01
-8.131088792523713948e+01
-8.208028008820703292e+01
-8.235942858580118298e+01
-8.234667283124640846e+01
-8.225069775703629205e+01
-8.223693314200208704e+01
-8.238665663540052719e+01
-8.268456757022327963e+01
-8.304070853536214258e+01
-8.334008294232977221e+01
-8.350189797145554849e+01
-8.352156769386148483e+01
-8.347025482687335796e+01
-8.344661933211421001e+01
-8.350533687981373987e+01
-8.360482932294891611e+01
-8.360836261087894172e+01
-8.334504628365020551e+01
-8.270777946073167186e+01
-8.174439180515717851e+01
-8.068975222602820452e+01
-7.989900752848461707e+01
-7.968276930970436922e+01
-8.010020815115004211e+01
-8.080271126949433835e+01
-8.101250875846911015e+01
-7.966653526357836768e+01
-7.568195126564491204e+01
-6.824553536335623960e+01
-5.702274826131547059e+01
-4.222401476564442646e+01
-2.452987242096057230e+01
-4.926748282755548658e+00
1.548136372688794182e+01
3.563673452843752187e+01
5.464318935485616180e+01
7.182714447607406782e+01
8.675013240115858082e+01
9.918653707767649053e+01
1.090860256401162474e+02
1.165399592403760494e+02
1.217596856966822685e+02
1.250568890561432056e+02
1.268083626499270906e+02
1.274002472486825894e+02
1.271697180070247413e+02
1.263718666125407140e+02
1.251844677702560205e+02
1.237376641323435393e+02
1.221425047072144707e+02
1.204987932538715825e+02
1.188798725221778483e+02
1.173086532430520208e+02
1.157456796193017823e+02
1.141000360651796939e+02
1.122536635183477642e+02
1.100777079540693961e+02
1.074290755125900745e+02
1.041380207657681751e+02
1.000112546099927613e+02
9.486807629723642776e+01
8.860637834884576591e+01
8.127354546725257478e+01
7.310488331441617049e+01
6.450045482651044892e+01
5.594216537084369634e+01
4.788680185207771700e+01
4.068071057681670766e+01
3.452284618198833499e+01
2.947415336201295943e+01
2.549372810700903003e+01
2.248126373941601130e+01
2.031195052461299255e+01
1.885671868355528602e+01
1.798871835717216072e+01
1.758409601036184000e+01
1.752216350413426227e+01
1.767950746344225976e+01
1.791235537311870729e+01
1.803690473905767888e+01
1.782982075866688021e+01
1.706388041981022496e+01
1.557050006288949184e+01
1.329901565222390758e+01
1.033947974045586271e+01
6.894824974376349225e+00
3.214988818801909343e+00
-4.765432910812874567e-01
-4.031229572405540473e+00
-7.381541824876215685e+00
-1.051306842249801932e+01
-1.342997516788250500e+01
-1.613836224120996832e+01
-1.865220004316785918e+01
-2.100819950464069663e+01
-2.327294173108873920e+01
-2.553487598284379345e+01
-2.788383598186704759e+01
-3.038667907066442098e+01
-3.306963137438008715e+01
-3.591221915650862684e+01
-3.884544905943505455e+01
-4.174339471546173286e+01
-4.441292420953193698e+01
-4.660455970154698235e+01
-4.806284495089442288e+01
-4.860781036512438646e+01
-4.821590098998553486e+01
-4.706611037999265079e+01
-4.552808891663271851e+01
-4.408289313639878770e+01
-4.318720002219729537e+01
-4.312100784398826647e+01
-4.388063095592434593e+01
-4.517102659325257008e+01
-4.651118866666419649e+01
-4.741384553549415415e+01
-4.756617453724945932e+01
-4.694125875800351366e+01
-4.580457103660681639e+01
-4.462280297071005464e+01
-4.391464495453569583e+01
-4.409633955197153909e+01
-4.536886357032583561e+01
-4.767497150913623472e+01
-5.073123915297691156e+01
-5.411880544415617322e+01
-5.740159926913707977e+01
-6.023520397033411200e+01
-6.243447037344152761e+01
-6.398446127750048618e+01
-6.500261922497125511e+01
-6.567818408517092621e+01
-6.621739363984919180e+01
-6.680983342056208585e+01
-6.761308794085951490e+01
-6.874323523973647809e+01
-7.026318194428949937e+01
-7.217144874590202619e+01
-7.439827265825084623e+01
-7.681044136855470583e+01
-7.921827031605782565e+01
-8.137562410176126093e+01
-8.296974378128021499e+01
-8.360836261087894172e+01
-8.281921346661887640e+01
-8.007679205981636983e+01
-7.486432205386594774e+01
-6.676591818295982250e+01
-5.556685173163796776e+01
-4.132950668810362060e+01
-2.441996529576167063e+01
-5.480261924034092402e+00
1.464137261959104386e+01
3.498434731558604938e+01
5.457850422746924579e+01
7.254406191519399272e+01
8.817714064900260951e+01
1.010089696858907047e+02
1.108299351416787601e+02
1.176776194470118639e+02
1.217976311532435574e+02
1.235903236254078337e+02
1.235529813842117619e+02
1.222214883642654826e+02
1.201135122855131243e+02
1.176761247617944832e+02
1.152419455453318875e+02
1.129998249013468694e+02
1.109890502208809693e+02
1.091250082270544937e+02
1.072535920410822996e+02
1.052161125130777037e+02
1.028992896938891022e+02
1.002528502440573703e+02
9.727331205451609719e+01
9.396533107007134333e+01
9.029735991153971497e+01
8.616974950192391702e+01
8.141393239999983678e+01
7.583661102592996883e+01
6.930512466275217776e+01
6.184283400507489858e+01
5.368608455324551443e+01
4.526657591789432900e+01
3.712197592430077009e+01
2.977524886357534939e+01
2.363143943729073015e+01
1.891912540522639929e+01
1.567515738048158802e+01
1.375650869302368484e+01
1.286717433294830037e+01
1.260237958289719806e+01
1.252143829776452222e+01
1.225143702735910622e+01
1.159728567360519236e+01
1.060919576748439574e+01
9.561172149394282727e+00
8.829595493081406232e+00
8.709294230854904839e+00
9.237245820164680765e+00
1.009669720382163760e+01
1.065068344013930179e+01
1.011260132091895869e+01
7.810424879904060091e+00
3.455541554426208251e+00
-2.689706065052128281e+00
-9.825066454586451670e+00
