-6.735015712100285157e+01
-1.011438087239009747e+02
-1.307713318012695822e+02
-1.531874070512291155e+02
-1.670937143784402963e+02
-1.729927745631258631e+02
-1.727168881351493610e+02
-1.686986624348576811e+02
-1.632716680927161974e+02
-1.582039636794036710e+02
-1.545389476117823051e+02
-1.526969864699159984e+02
-1.527137908053330762e+02
-1.544790058352702431e+02
-1.578803498103532661e+02
-1.628171500562968390e+02
-1.690939756783040480e+02
-1.762384791318985435e+02
-1.833140277266463158e+02
-1.888132102870507936e+02
-1.907088461152740706e+02
-1.866962458113410150e+02
-1.745947361205244306e+02
-1.528140292903451041e+02
-1.207583355586327372e+02
-7.905049896387052399e+01
-2.950725907209216814e+01
2.512637182606026442e+01
8.159881428976203210e+01
1.366089015845642223e+02
1.871959583881084939e+02
2.310085684996655573e+02
2.664472478162272751e+02
2.927114710993405424e+02
3.097838886038091459e+02
3.183565940692320737e+02
3.196843980388607065e+02
3.153649559911841038e+02
3.070764335851437181e+02
2.963210066589235794e+02
2.842235236083961354e+02
2.714290565554928776e+02
2.581298905953061080e+02
2.442198521999538627e+02
2.295193657622673697e+02
2.139665174788514719e+02
1.976774955341336693e+02
1.808602669154088858e+02
1.636607183003703767e+02
1.460518129942696248e+02
1.278315089907466415e+02
1.087284154143557942e+02
8.856963123411307492e+01
6.744343331911917971e+01
4.578465184278596212e+01
2.433602407151860803e+01
3.995583674348541336e+00
-1.438858362870792007e+01
-3.020557444212592912e+01
-4.320281621856291565e+01
-5.351474813545767972e+01
-6.158937155558173515e+01
-6.803028788393854143e+01
-7.340510098505191650e+01
-7.808920109390408015e+01
-8.220301422149201187e+01
-8.566053784680492811e+01
-8.829772035533717656e+01
-9.002256669945383294e+01
-9.093110074359215389e+01
-9.134568787235221521e+01
-9.175247425028322823e+01
-9.265578499817861768e+01
-9.441380045681091815e+01
-9.713161843504073545e+01
-1.006540836017493206e+02
-1.046522044703111476e+02
-1.087612811841145515e+02
-1.127119044141445698e+02
-1.164008938183339268e+02
-1.198799709028425156e+02
-1.232814965334241890e+02
-1.267304127856669709e+02
-1.302912372046951077e+02
-1.339659693547195332e+02
-1.377177173326923594e+02
-1.414813795138940407e+02
-1.451475327376164159e+02
-1.485447630517425637e+02
-1.514638086639471624e+02
-1.537447245114369991e+02
-1.553953940788909449e+02
-1.566634198653195540e+02
-1.579883351781270164e+02
-1.598294831210753841e+02
-1.624526374431762861e+02
-1.657951808718117661e+02
-1.694839679896086011e+02
-1.729887272993943839e+02
-1.758220716038257478e+02
-1.776833278527586231e+02
-1.784881262266053170e+02
-1.783024546424373966e+02
-1.772598639211344107e+02
-1.755373527491113066e+02
-1.733999738681102087e+02
-1.712545494825465084e+02
-1.696416778619966692e+02
-1.691442707851913951e+02
-1.702437305999031594e+02
-1.731667412102825097e+02
-1.777469829660023208e+02
-1.833118866791973289e+02
-1.886114513732597686e+02
-1.918269491421450823e+02
-1.907088461152740706e+02
-1.828692503291460412e+02
-1.661924213518524880e+02
-1.392606201848490173e+02
-1.016749087278888908e+02
-5.418667615299159479e+01
1.375019948956463622e+00
6.234153324382909034e+01
1.255511502552810725e+02
1.877478065234521978e+02
2.459791031393422713e+02
2.979462773044441519e+02
3.422607584369904998e+02
3.785520920586469629e+02
4.073715711674360591e+02
4.298804374880206183e+02
4.473966564462015754e+02
4.609512877246518201e+02
4.710235566462069414e+02
4.775590484150822590e+02
4.802474949940331044e+02
4.789121785454755127e+02
4.738162379733108764e+02
4.657451296526858755e+02
4.558395888672893079e+02
4.452674108370085264e+02
4.348868364517956024e+02
4.250443536638455839e+02
4.155708449333110934e+02
4.059380991971391381e+02
3.954786971863874214e+02
3.835869238704952977e+02
3.698707401060012785e+02
3.542542901418078145e+02
3.370223819006539543e+02
3.187907013887016774e+02
3.004045621008547187e+02
2.827936742668561010e+02
2.668127464498107884e+02
2.530873163052996517e+02
2.418894487965289670e+02
2.330865336998361101e+02
2.262004326087088089e+02
2.205654159831994434e+02
2.155189531914893450e+02
2.105474936448565586e+02
2.053429565206673146e+02
1.997741625354612722e+02
1.938138946535217997e+02
1.874723078512571703e+02
1.807681231583998738e+02
1.737338429304116403e+02
1.664246579677657394e+02
1.589019017137597132e+02
1.511913198667452889e+02
1.432505779570657864e+02
1.349849279597472673e+02
1.263163410177908759e+02
1.172705660483425874e+02
1.080286235465734990e+02
9.889805454529738427e+01
9.019580335264478776e+01
8.209458332617978726e+01
7.452647866101767704e+01
6.721213052010307365e+01
5.980235434890474266e+01
5.204810604929235751e+01
4.390353391115668558e+01
3.551195251101330541e+01
2.709482298535898792e+01
1.881888398379840055e+01
1.071771463074072983e+01
2.693567397594989643e+00
-5.425606579948293984e+00
-1.381339110684206162e+01
-2.258494195373052094e+01
-3.176281970141545230e+01
-4.126786761114414048e+01
-5.092888347876336752e+01
-6.050887352613679582e+01
-6.974645396900655214e+01
-7.840234340227578969e+01
-8.629420025696023799e+01
-9.330945998668869379e+01
-9.940519949809819877e+01
-1.046217526273274245e+02
-1.091268595717499181e+02
-1.132670700244179329e+02
-1.175747374280046529e+02
-1.226966939552501685e+02
-1.292529884243068068e+02
-1.376607685859621313e+02
-1.479632550615874038e+02
-1.597002963109313782e+02
-1.718484280917342062e+02
-1.828458196347942817e+02
-1.907088461152740706e+02
-1.932430157678951446e+02
-1.883428791003572655e+02
-1.743585390539263926e+02
-1.504575235441797929e+02
-1.168874087478922661e+02
-7.504373849106522698e+01
-2.729081322078849325e+01
2.343076530504551158e+01
7.408510616402465132e+01
1.219521173738547049e+02
1.648651275954249513e+02
2.012814655849779513e+02
2.302751533020193051e+02
2.515313756707627419e+02
2.653414919614752989e+02
2.725349057895100486e+02
2.743019803018003131e+02
2.719357517569312677e+02
2.665768530874036628e+02
2.590421633626069706e+02
2.497717924522260944e+02
2.388862474488995815e+02
2.263236361310011375e+02
2.120098403056485097e+02
1.959959793459038337e+02
1.785002205851147039e+02
1.598339997461029327e+02
1.402581055650877033e+02
1.198596339652773111e+02
9.853313437355618021e+01
7.608910815231806168e+01
5.243760744424395170e+01
2.774976908308659063e+01
2.508659083609956042e+00
-2.258325545926768285e+01
-4.679748978602547993e+01
-6.957853974927122920e+01
-9.065478390515497154e+01
-1.100191580940615950e+02
-1.278046318358039173e+02
-1.441237051735931516e+02
-1.589392171973243535e+02
-1.719955203751353565e+02
-1.828071825821869538e+02
-1.907088461152740706e+02
-1.949927380160833650e+02
-1.951458145691926234e+02
-1.911306478674804339e+02
-1.835850888422275489e+02
-1.738150770130116030e+02
