-4.369350000602933193e+01
5.536566779922515025e+01
1.353114337047639992e+02
1.825251596292685576e+02
1.922696310124733259e+02
1.687651418829851480e+02
1.225398288777624884e+02
6.648306430119356492e+01
1.211378737104993775e+01
-3.288322220487793146e+01
-6.544915299875337666e+01
-8.646835551239058759e+01
-9.921098705507441196e+01
-1.076153931180810019e+02
-1.149662685154527395e+02
-1.232265188897637103e+02
-1.330009164378345758e+02
-1.439348344116404803e+02
-1.552862075580154055e+02
-1.664257983853983092e+02
-1.771008297321989744e+02
-1.874242738428570192e+02
-1.976814940567155077e+02
-2.081085136554063411e+02
-2.187611123813819631e+02
-2.295068123456751721e+02
-2.401053709052938245e+02
-2.503252502505386019e+02
-2.600525691465662703e+02
-2.693585679990832205e+02
-2.784942876198069825e+02
-2.877921736446083969e+02
-2.974930472417173632e+02
-3.075704506190469942e+02
-3.176494411386736374e+02
-3.270855510096748731e+02
-3.351932134402882753e+02
-3.415318383401877327e+02
-3.461189944020217126e+02
-3.494656981080227638e+02
-3.524018169122145423e+02
-3.557466268472826414e+02
-3.599504402398135312e+02
-3.648583935572755763e+02
-3.697052213503864664e+02
-3.733562088895259876e+02
-3.747168045783951698e+02
-3.731756756395215007e+02
-3.689191188792537446e+02
-3.629674354451632325e+02
-3.568730376023310669e+02
-3.521785308547510454e+02
-3.498685603516134961e+02
-3.500612814718447794e+02
-3.520635769780866440e+02
-3.547384681015500973e+02
-3.570002837036788605e+02
-3.582184314054908327e+02
-3.583741877704868557e+02
-3.579369849748322849e+02
-3.575509695716457941e+02
-3.576946709476397359e+02
-3.584646547934326577e+02
-3.595518604419883673e+02
-3.603783200423363269e+02
-3.602906114105512643e+02
-3.586873336494159048e+02
-3.549947469011742669e+02
-3.484859876276549926e+02
-3.380342815632063207e+02
-3.219522648384148624e+02
-2.980559719157852214e+02
-2.640020961841688063e+02
-2.178259670170002664e+02
-1.585117968451983756e+02
-8.639768629791899457e+01
-3.272783696289984334e+00
8.785886440240028605e+01
1.832545678583979907e+02
2.789997188344040069e+02
3.715366964557466076e+02
4.580824952421259582e+02
5.368954198552232810e+02
6.073516439414833030e+02
6.697948557924983106e+02
7.251727417597219301e+02
7.745694832358535677e+02
8.188078745474194875e+02
8.582548121482270744e+02
8.928450925209962179e+02
9.222404167529673487e+02
9.460237884468647280e+02
9.638691084193101233e+02
9.756661612421859218e+02
9.815968476919406385e+02
9.821585254105531249e+02
9.781264799054256400e+02
9.704414885490464258e+02
9.600124151370858954e+02
9.474594049493362036e+02
9.328794854409914024e+02
9.157409322510454786e+02
8.949724450087528567e+02
8.692379369746129214e+02
8.373287153603969273e+02
7.985740002319441828e+02
7.531531395219210481e+02
7.021972812186284045e+02
6.476244778278863805e+02
5.917574044484921387e+02
5.368713389879418401e+02
4.848448786076203874e+02
4.370123587322258345e+02
3.941894879660204083e+02
3.567565503518465562e+02
3.247034640126078102e+02
2.976365537519656073e+02
2.748187106604133874e+02
2.552988193151268774e+02
2.381098350113360027e+02
2.224541264700787337e+02
2.077977255645222385e+02
1.938481370728739250e+02
1.804495403581496475e+02
1.674638736286594849e+02
1.547049100311045322e+02
1.419546144340604883e+02
1.290366010037557771e+02
1.158882356589811025e+02
1.025829416550033528e+02
8.929325842010945280e+01
7.622173953840064087e+01
6.353799150669615869e+01
5.134337390778614463e+01
3.965918079060566015e+01
2.842388724078921314e+01
1.749504750849072821e+01
6.665451165974701553e+00
-4.295800142028497248e+00
-1.558153654224310003e+01
-2.728446876157852330e+01
-3.935413840965543386e+01
-5.158145834126599993e+01
-6.362362803255803101e+01
-7.509004955632605061e+01
-8.568128572008788524e+01
-9.531600379373406895e+01
-1.041611677150384025e+02
-1.125352784344734118e+02
-1.207392092357748083e+02
-1.289121485933559939e+02
-1.369870475089914521e+02
-1.447605255282936696e+02
-1.520348659765907655e+02
-1.587584417709003333e+02
-1.650989511740652347e+02
-1.714226271784836513e+02
-1.781892202241642735e+02
-1.857910790848217175e+02
-1.943837130410928467e+02
-2.037783755721737862e+02
-2.134604634812120025e+02
-2.227430593027963255e+02
-2.309966747506431943e+02
-2.378633599591343000e+02
-2.433812088346889482e+02
-2.479902511961783489e+02
-2.524314491024983340e+02
-2.575731051326280863e+02
-2.642065824708936361e+02
-2.728558566348435193e+02
-2.836459583779909508e+02
-2.962627751323757366e+02
-3.100050849066130922e+02
-3.238957323264596653e+02
-3.368057597772874487e+02
-3.475576946831292844e+02
-3.549947469011742669e+02
-3.580117368815940608e+02
-3.555443998822001959e+02
-3.465288532798916776e+02
-3.298498508230024981e+02
-3.043280634834669627e+02
-2.688064360321252479e+02
-2.223698141741252243e+02
-1.646670821011523458e+02
-9.623094443046807100e+01
-1.865870243241312210e+01
6.544284213359172497e+01
1.527547152672915161e+02
2.397066447582678279e+02
3.229830941719190491e+02
3.999547885986240772e+02
4.689343955655090781e+02
5.291986591914062501e+02
5.807925189333100207e+02
6.242068176164791566e+02
6.600602026702234753e+02
6.888952371949719691e+02
7.111307586840628119e+02
7.271362006374997691e+02
7.373434945474937194e+02
7.423067061333800893e+02
7.426644919328559808e+02
7.390323858188306758e+02
7.319007056731687726e+02
7.216052308635297550e+02
7.083799225860859679e+02
6.924352842946766486e+02
6.739831350412105166e+02
6.531710224786795607e+02
6.299647177813938015e+02
6.040637530371219555e+02
5.749199674737703845e+02
5.418719599349374221e+02
5.043528905443617418e+02
4.621036569654727373e+02
4.153290104568034167e+02
3.647579834272815447e+02
3.115984896929278989e+02
2.573991240684010222e+02
2.038468050232520454e+02
1.525381814670658400e+02
1.047643614096506042e+02
6.134739196791099403e+01
2.257065666870917653e+01
-1.176044170793106503e+01
-4.213318905883428300e+01
-6.909195823263146963e+01
-9.306804394447424045e+01
-1.143595804263371178e+02
-1.332517773091128674e+02
-1.501732066756898121e+02
-1.657606137754484052e+02
-1.807698781081520849e+02
-1.958726447010120069e+02
-2.114472986715187801e+02
-2.274732641616215005e+02
-2.435770506899292513e+02
-2.591985290565407354e+02
-2.737954603067113339e+02
-2.870043378523452020e+02
-2.987120524182146823e+02
-3.090391407506218115e+02
-3.182659391445126857e+02
-3.267312248580141159e+02
-3.347122981727628144e+02
-3.422925405496865778e+02
-3.492466993426871795e+02
-3.549947469011742669e+02
-3.586699531536630730e+02
-3.593235108576051289e+02
-3.562545456282621785e+02
-3.494068925296919588e+02
-3.397176407564435863e+02
-3.292619057238474056e+02
-3.210478135898048890e+02
-3.183993393016277196e+02
-3.240161676058639273e+02
-3.389732808982259371e+02
-3.620442436249115872e+02
-3.897163856534746174e+02
