-6.253611220959778194e+01
-5.387864861902810532e+01
-4.733967754610979028e+01
-4.449800031220219410e+01
-4.610742865426141179e+01
-5.205218916040814747e+01
-6.152865043515981114e+01
-7.334950211450585300e+01
-8.626720565777795002e+01
-9.923204365935812632e+01
-1.115308145040855266e+02
-1.227997404061938482e+02
-1.329464850126640556e+02
-1.420300935605911832e+02
-1.501453628665798021e+02
-1.573546374303749076e+02
-1.636962980575122799e+02
-1.692624269663955374e+02
-1.742914254459670076e+02
-1.791998484797893241e+02
-1.845048326086103430e+02
-1.906520695311496354e+02
-1.978261532197474821e+02
-2.058405135588052701e+02
-2.141665639978733964e+02
-2.220911252793766266e+02
-2.289352743965138473e+02
-2.342501756129303487e+02
-2.379184774855458500e+02
-2.401293762875309028e+02
-2.412601268342290268e+02
-2.417511667244786793e+02
-2.420528877627143345e+02
-2.426471173991143928e+02
-2.440714617389751311e+02
-2.468670098604485759e+02
-2.514293503733798616e+02
-2.578108374875404252e+02
-2.655483034268642655e+02
-2.735737738640797261e+02
-2.802336300598587968e+02
-2.834138797617117120e+02
-2.807529763498409352e+02
-2.699231375891922653e+02
-2.489669929149712289e+02
-2.166623155045768101e+02
-1.728475243281868359e+02
-1.186109134284454711e+02
-5.626295531017711227e+01
1.093287460581211334e+01
7.922884298573079320e+01
1.449642859479115771e+02
2.051122876040099356e+02
2.576757910297151284e+02
3.018375048452712690e+02
3.378259500477246320e+02
3.665468706119972353e+02
3.891217419756584377e+02
4.065151093731175251e+02
4.193755593448006493e+02
4.280897309195940466e+02
4.329414985588877016e+02
4.342462618797940195e+02
4.323887918967034807e+02
4.277729514235599595e+02
4.207345926684831170e+02
4.114629480243277726e+02
3.999506693925037553e+02
3.859807087329450042e+02
3.691643549626362528e+02
3.490457038241389114e+02
3.252625091357081146e+02
2.977163086371887744e+02
2.666914431889952084e+02
2.328827682570307047e+02
1.973251325558071017e+02
1.612483746111944356e+02
1.259044279581729882e+02
9.241687979423153365e+01
6.168215491750818558e+01
3.432154025388664564e+01
1.066575495264460827e+01
-9.246223569455825242e+00
-2.566168142527385854e+01
-3.909560484367482758e+01
-5.028149510076680428e+01
-6.007290589976394557e+01
-6.929239296148585936e+01
-7.855698248860508670e+01
-8.814462412955373338e+01
-9.797417999650018317e+01
-1.077280933131439440e+02
-1.170669953458057222e+02
-1.258245322662425423e+02
-1.340792355246914553e+02
-1.420772185686747378e+02
-1.500688620270120452e+02
-1.581596117012329614e+02
-1.662450897771524296e+02
-1.740464494764100607e+02
-1.812251648422805204e+02
-1.875372827842060417e+02
-1.929702463400617489e+02
-1.977989285171378242e+02
-2.025219453411003769e+02
-2.076907875651035340e+02
-2.136928164224271995e+02
-2.205693677102223944e+02
-2.279396957624606443e+02
-2.350723021761046141e+02
-2.411049435929400033e+02
-2.453604407573729134e+02
-2.476450266419817012e+02
-2.483885964737157508e+02
-2.485371154214464013e+02
-2.492281322859870727e+02
-2.513935196882775074e+02
-2.554599319808881717e+02
-2.612474391555052193e+02
-2.680557288633799544e+02
-2.748437663794685477e+02
-2.803952648400233443e+02
-2.834138797617117120e+02
-2.825593916311183307e+02
-2.764683849670267932e+02
-2.637957264455151858e+02
-2.433015244143885809e+02
-2.140069771807766870e+02
-1.754252744367362027e+02
-1.278213639447216821e+02
-7.239904295154013880e+01
-1.130604401013018823e+01
5.259682737999934687e+01
1.161643218200156014e+02
1.764720236306428376e+02
2.312436039617243182e+02
2.790755964634403767e+02
3.194179640205469468e+02
3.523718626763702559e+02
3.784326623137542924e+02
3.982886423158029174e+02
4.127058566087082454e+02
4.224636684934232562e+02
4.282963792466773043e+02
4.308225011900863137e+02
4.304691836370443525e+02
4.274136093123405544e+02
4.215673591303027479e+02
4.126250769978700532e+02
4.001835581607718950e+02
3.839072304330646261e+02
3.636816098721718049e+02
3.396918448564451296e+02
3.124064898258840799e+02
2.825035802623030463e+02
2.507960400624478154e+02
2.181850839827197888e+02
1.856290918736980018e+02
1.541020133564158527e+02
1.245325813576806269e+02
9.773121146257363989e+01
7.430689532804656494e+01
5.457427584385834507e+01
3.847350081275849476e+01
2.554931553351633156e+01
1.502259511194705865e+01
5.939847269970980115e+00
-2.652419828587101236e+00
-1.155739906219491786e+01
-2.131764379503557194e+01
-3.214273791789301526e+01
-4.388611888544105000e+01
-5.609419939732022442e+01
-6.813297989717989367e+01
-7.936113164095957018e+01
-8.929354818385790793e+01
-9.770336557106227815e+01
-1.046405259792635434e+02
-1.103795699976520694e+02
-1.153280798759898289e+02
-1.199292032304474560e+02
-1.245856095454230115e+02
-1.296203777428868875e+02
-1.352726655315184132e+02
-1.417084910133021083e+02
-1.490186899266532521e+02
-1.571848962850268379e+02
-1.660223421534475392e+02
-1.751420931888063137e+02
-1.839872946917442960e+02
-1.919692620067200437e+02
-1.986713793385752069e+02
-2.040378198494676099e+02
-2.084538666875462241e+02
-2.126630122586254572e+02
-2.175331548181499954e+02
-2.237502471711072189e+02
-2.315568391538761546e+02
-2.406455580982800484e+02
-2.502588418488936668e+02
-2.594572836973591734e+02
-2.674410832062089867e+02
-2.737817633358710054e+02
-2.784575136366669881e+02
-2.816646479302979742e+02
-2.834664358665227724e+02
-2.834138797617117120e+02
-2.803068100722533700e+02
-2.722305802259509733e+02
-2.569038682364720216e+02
-2.322531289886488537e+02
-1.970432958355168864e+02
-1.513653756945804219e+02
-9.681424806187865784e+01
-3.628492445098425634e+01
2.655405419756152696e+01
8.794580929717247386e+01
1.446907281234590243e+02
1.945895050064150098e+02
2.365965295559227570e+02
2.706899628111312950e+02
2.975498809367853710e+02
3.181773601809752563e+02
3.335699897779807088e+02
3.445160384607733022e+02
3.515156685118807900e+02
3.548027737236799339e+02
3.544291491867472814e+02
3.503751778866318887e+02
3.426530739599219828e+02
3.313702001007055742e+02
3.167360000856062356e+02
2.990263873713672638e+02
2.785436369049834866e+02
2.556105347825531737e+02
2.306110917178190789e+02
2.040489984442073705e+02
1.765687238537752251e+02
1.488988070269769821e+02
1.217275618790382623e+02
9.557357238951509260e+01
7.072932763680003632e+01
4.732197361904071187e+01
2.546995572791070828e+01
5.455318627997932879e+00
-1.219113814603782942e+01
-2.676425549200921239e+01
-3.761065715607215054e+01
-4.440752407148841741e+01
-4.735401989847308357e+01
-4.717854637675480944e+01
-4.496434366084944401e+01
-4.188435237142649470e+01
-3.896067543347177065e+01
-3.692178507372544516e+01
-3.616540422723732462e+01
-3.679641353473127907e+01
-3.870575279660458534e+01
-4.165836593199296800e+01
-4.535428702921160493e+01
-4.944283612329922306e+01
-5.351297250319642274e+01
