-4.871715795542939986e+01
-4.562386335226955225e+01
-4.362586192054715895e+01
-4.347848726010620624e+01
-4.541072601600598801e+01
-4.912787597064126999e+01
-5.396769631004381296e+01
-5.912421502877703716e+01
-6.386059946046481173e+01
-6.766047483307104926e+01
-7.029708474265331120e+01
-7.182628708700774212e+01
-7.252576056921827785e+01
-7.280451910941151539e+01
-7.310126575746646438e+01
-7.378741027250151774e+01
-7.509145603556977733e+01
-7.706254252296419338e+01
-7.958870907946163697e+01
-8.247164920735093574e+01
-8.553169628947817671e+01
-8.869130275375222539e+01
-9.198629355775445049e+01
-9.548787823611137071e+01
-9.916425636944688904e+01
-1.027391551474830607e+02
-1.056048727785806989e+02
-1.068279277408581436e+02
-1.052547277832149035e+02
-9.969119618685354567e+01
-8.911065531057903399e+01
-7.284800928310511381e+01
-5.075342540998688889e+01
-2.328705773294915105e+01
8.465597711471135156e+00
4.287802125108830609e+01
7.797153262972013010e+01
1.116850730982144171e+02
1.421761475709703291e+02
1.680890313667350711e+02
1.887252967948441551e+02
2.040692079770623479e+02
2.146611594408093424e+02
2.213629403400271087e+02
2.250930515446927416e+02
2.266117614010029229e+02
2.264071657707968939e+02
2.246905092290624566e+02
2.214696794674929379e+02
2.166510384801127884e+02
2.101282177604550157e+02
2.018406346887855420e+02
1.918042755966843629e+02
1.801223338681045334e+02
1.669783333268894410e+02
1.526113624323849081e+02
1.372790713580233444e+02
1.212242120239242951e+02
1.046631105093773897e+02
8.780338459264861228e+01
7.088009694128390947e+01
5.418955847230570555e+01
3.810557636100720202e+01
2.307425329773673539e+01
9.586724410026025822e+00
-1.876577695553959479e+00
-1.093833504212532759e+01
-1.744344616237837187e+01
-2.156000388423638015e+01
-2.379928950333156124e+01
-2.492095806695896343e+01
-2.575029270647177526e+01
-2.697932859286764540e+01
-2.902450420572903766e+01
-3.197992264981670019e+01
-3.566382133038901969e+01
-3.972750821435373325e+01
-4.378714603354172397e+01
-4.754261992204710907e+01
-5.085497029149070158e+01
-5.376278592905170228e+01
-5.643509897825511246e+01
-5.908574287048125484e+01
-6.189504983430052221e+01
-6.497499469815481632e+01
-6.837495843239422300e+01
-7.209241132135697683e+01
-7.605835896970670262e+01
-8.010439459744384294e+01
-8.394995065412328472e+01
-8.724692119141523960e+01
-8.968489460287962345e+01
-9.111611324909161169e+01
-9.163547871017077284e+01
-9.156737842359672186e+01
-9.135891972669263339e+01
-9.142717578557835623e+01
-9.202877870741676247e+01
-9.320556008423665162e+01
-9.482068101126407100e+01
-9.665722044529522350e+01
-9.852626872983914552e+01
-1.003337180050977366e+02
-1.020780610340890462e+02
-1.037808083949824862e+02
-1.053741416132190807e+02
-1.065813897435741069e+02
-1.068279277408581436e+02
-1.052206755859501186e+02
-1.006283352890822584e+02
-9.186617113433996451e+01
-7.794798418369482818e+01
-5.833591527568323443e+01
-3.311647145780361967e+01
-3.051768240593858650e+00
3.051009963230725219e+01
6.583845630182688069e+01
1.010756229373124455e+02
1.344787263977914336e+02
1.646084192496331582e+02
1.904565768463461382e+02
2.115145868008233379e+02
2.277735525958224514e+02
2.396435827469417461e+02
2.477995597056653594e+02
2.529943697113932046e+02
2.558977434763898202e+02
2.570011790694147749e+02
2.565907587835296226e+02
2.547639538179370220e+02
2.514704101066298847e+02
2.465724766375278136e+02
2.399227811315233794e+02
2.314411846293159556e+02
2.211621946238405201e+02
2.092341738282283075e+02
1.958796450473045070e+02
1.813480833409535649e+02
1.658879210203026844e+02
1.497394516061744980e+02
1.331341761739144545e+02
1.162948771071132512e+02
9.944662800544467984e+01
8.284749079131970007e+01
6.682843322355586224e+01
5.181281232775891255e+01
3.828410333621076944e+01
2.669369816299744969e+01
1.733663730770046385e+01
1.024663960636480198e+01
5.157955221933292478e+00
1.555337993538529417e+00
-1.202727134043094281e+00
-3.734458938634709568e+00
-6.517151876855791670e+00
-9.839719630862752808e+00
-1.382024890773277548e+01
-1.844647454428384492e+01
-2.359886267590148634e+01
-2.905556547489764796e+01
-3.451490065476653513e+01
-3.966561534207777129e+01
-4.429240904307714288e+01
-4.836375770535168783e+01
-5.204680794807639188e+01
-5.563213360820009257e+01
-5.940131522649043916e+01
-6.350024915331024999e+01
-6.787528270792688545e+01
-7.229458141621451261e+01
-7.643614410330235387e+01
-7.999926865433516809e+01
-8.279673065274997157e+01
-8.480301361319413900e+01
-8.615430779400324468e+01
-8.710751349566268686e+01
-8.796956113484080220e+01
-8.901422784493050244e+01
-9.041248160028806069e+01
-9.220271214533818238e+01
-9.431092846081176617e+01
-9.660608234398125660e+01
-9.895801516386305252e+01
-1.012658555543350758e+02
-1.034431252763279190e+02
-1.053693612892699321e+02
-1.068279277408581436e+02
-1.074419675275746329e+02
-1.066152467856566375e+02
-1.035027903532350990e+02
-9.705504990224025619e+01
-8.617781705499405120e+01
-6.999913153152964185e+01
-4.816527229855833525e+01
-2.105174618969515876e+01
1.020306080449606867e+01
4.386621561444773221e+01
7.792404930410911845e+01
1.104309890352790831e+02
1.397869479276999982e+02
1.648901417869636248e+02
1.851705593430845340e+02
2.005384049840142211e+02
2.112825252335828736e+02
2.179437971642294087e+02
2.211823353811370509e+02
2.216600260284616866e+02
2.199626249926453170e+02
2.165745342745825042e+02
2.118938271700285156e+02
2.062539162080575466e+02
1.999219112876226063e+02
1.930690900128536214e+02
1.857310231866789820e+02
1.777794337291921352e+02
1.689246059705469634e+02
1.587642024748329277e+02
1.468835203155915679e+02
1.329891877603272121e+02
1.170355825323261882e+02
9.929649207939202427e+01
8.034863798570600579e+01
6.096386014054043301e+01
4.194315706769921093e+01
2.395306477044621829e+01
7.425657951704174309e+00
-7.446876709213389844e+00
-2.063702234965953863e+01
-3.217498906924902968e+01
-4.206837476800063058e+01
-5.028610022664137347e+01
-5.680269443917532612e+01
-6.166287759912010813e+01
-6.502259515285577152e+01
-6.715084003744058805e+01
-6.840752500078721710e+01
-6.921729545480179979e+01
-7.003751194353040432e+01
-7.130035355011742126e+01
-7.332161314784764272e+01
-7.620408619173556986e+01
-7.978543370063559337e+01
-8.366750807234478771e+01
-8.732963185043047361e+01
-9.029528642713654563e+01
-9.229839480906647964e+01
-9.338601446065928258e+01
-9.390985984956923005e+01
-9.440082007835653144e+01
-9.536947906840761391e+01
-9.710813134399506907e+01
-9.957228971071458545e+01
-1.023898886986084307e+02
-1.049945429641116021e+02
-1.068279277408581436e+02
-1.075297818492048094e+02
-1.070426770116889372e+02
-1.055957114282129226e+02
-1.035809266319048874e+02
-1.013801542339965494e+02
-9.922032131761559981e+01
-9.712197812997375479e+01
