-8.446185836029587790e+01
-1.771248921189486225e+02
-2.506424514959951466e+02
-2.906376610633975588e+02
-2.903238452834016243e+02
-2.510283555723880227e+02
-1.805267655018657535e+02
-9.015421586521428310e+01
8.193952827864876554e+00
1.043464991443239285e+02
1.910674234228154376e+02
2.642596281884001428e+02
3.224806962700990880e+02
3.661543223959092757e+02
3.967832215039866242e+02
4.163285329738043856e+02
4.267947514306899848e+02
4.299926050157423560e+02
4.274381341521342392e+02
4.203485880398659447e+02
4.096941901426266668e+02
3.962664142676449046e+02
3.807355571228829945e+02
3.636847176755828173e+02
3.456142822647250341e+02
3.269136743648729180e+02
3.078050331838052216e+02
2.882794990859339350e+02
2.680613791442039542e+02
2.466353698688693896e+02
2.233552996349509385e+02
1.976277937171180952e+02
1.691350530042236073e+02
1.380320865239261252e+02
1.050435781482909476e+02
7.141155582405500013e+01
3.869855758224258580e+01
8.502486652157994484e+00
-1.783559577310400357e+01
-3.945535310813542651e+01
-5.608357159224256350e+01
-6.800866569141351192e+01
-7.594563662362500622e+01
-8.084380496827195373e+01
-8.369739477340324640e+01
-8.539931787780507477e+01
-8.665097163063528285e+01
-8.792917653728595440e+01
-8.951181184661949430e+01
-9.155507243041164145e+01
-9.419442304991255810e+01
-9.762581990162044576e+01
-1.021258625513385425e+02
-1.079903998010435657e+02
-1.154092295725585586e+02
-1.243359673282566575e+02
-1.344265786290590086e+02
-1.450894627240965349e+02
-1.556323359933046504e+02
-1.654436380430478835e+02
-1.741339634809403094e+02
-1.815883252020690861e+02
-1.879257958300459563e+02
-1.934017640333140662e+02
-1.983009056054978601e+02
-2.028597101979826789e+02
-2.072399598307844144e+02
-2.115549275181026019e+02
-2.159294720678685167e+02
-2.205605015358030982e+02
-2.257432598521029377e+02
-2.318408677647078093e+02
-2.391929455044580095e+02
-2.479778454256649525e+02
-2.580561487549285857e+02
-2.688254746865158609e+02
-2.791088997893663191e+02
-2.870912120487695347e+02
-2.903238452834016243e+02
-2.858421638120380521e+02
-2.704512669528478455e+02
-2.412062177445664020e+02
-1.960131561655229007e+02
-1.342015015121989450e+02
-5.689358322847922977e+01
3.295243763578091034e+01
1.308514989642470994e+02
2.313750117826293717e+02
3.288684970868832806e+02
4.181559560336186792e+02
4.951135399767102854e+02
5.570362098531234096e+02
6.027606733676911972e+02
6.325477446755762685e+02
6.477722437724014526e+02
6.505106655818083254e+02
6.431328554413473739e+02
6.279803253436970181e+02
6.071661995025613123e+02
5.824872898703358715e+02
5.554115880529309379e+02
5.270962905999886061e+02
4.984001365920262856e+02
4.698718883701648679e+02
4.417161692953502552e+02
4.137591593091928530e+02
3.854588560950153919e+02
3.560089031128467241e+02
3.245510121645538675e+02
2.904499181129639283e+02
2.535376594148385436e+02
2.142364693254151859e+02
1.735220286328753332e+02
1.327545314422835645e+02
9.344254279644613348e+01
5.700550866116129356e+01
2.458462692554462592e+01
-3.066842563240172126e+00
-2.560358286875379008e+01
-4.303153875613443802e+01
-5.560774852153798520e+01
-6.373885148616716378e+01
-6.791194581269033392e+01
-6.867005168813608407e+01
-6.662471375789709782e+01
-6.248646440422930937e+01
-5.708465637446556684e+01
-5.134598792872040462e+01
-4.621752511912015393e+01
-4.254890468883883159e+01
-4.096986296703383346e+01
-4.180362619776704491e+01
-4.504605084793945480e+01
-5.041774542128936787e+01
-5.746823701577793031e+01
-6.569397611665613113e+01
-7.463857786766010349e+01
-8.396357067005516228e+01
-9.348947967556080130e+01
-1.032072991149215113e+02
-1.132594276543087517e+02
-1.238875212345306522e+02
-1.353424912592211058e+02
-1.477637498537159502e+02
-1.610661635507883034e+02
-1.748952466774145194e+02
-1.886922075208656508e+02
-2.018601177637147543e+02
-2.139753688774149509e+02
-2.249621715866401246e+02
-2.351456386403449415e+02
-2.451293068006415297e+02
-2.555008760606634723e+02
-2.664280248723251248e+02
-2.772479622067341438e+02
-2.861835298868238624e+02
-2.903238452834016243e+02
-2.859595110794261927e+02
-2.692544973555555430e+02
-2.371045879299762760e+02
-1.879491837767777724e+02
-1.222934115479511092e+02
-4.278239299107144689e+01
4.618583453147265061e+01
1.391805442493525788e+02
2.305846035717355562e+02
3.153647036741779743e+02
3.896268761125684250e+02
4.508973180635725839e+02
4.981338688053041324e+02
5.315201711719353170e+02
5.521264372955956787e+02
5.615352549053726534e+02
5.615209662605600442e+02
5.538383328476927545e+02
5.401310266428690738e+02
5.219227862726257854e+02
5.006187757691430988e+02
4.774493033764093184e+02
4.533446005612714771e+02
4.288003140893761724e+02
4.038180635285611402e+02
3.779660091380324047e+02
3.505414533762388487e+02
3.207796246540889911e+02
2.880528932247276543e+02
2.520255107074253260e+02
2.127509971675461884e+02
1.707132066865994773e+02
1.268130605067547521e+02
8.229311182855786910e+01
3.859038257383735981e+01
-2.866316676277541831e+00
-4.085683057838403442e+01
-7.449403882532962484e+01
-1.032356403758517587e+02
-1.268133988843678708e+02
-1.451481578420365111e+02
-1.583027509488104556e+02
-1.664848076076672498e+02
-1.700849084107299234e+02
-1.697243237836135279e+02
-1.662773380666652940e+02
-1.608309654348557558e+02
-1.545650902067278594e+02
-1.485763411882092839e+02
-1.437052604026611675e+02
-1.404331388301613401e+02
-1.388846857160432933e+02
-1.389224656776310667e+02
-1.402803230809664399e+02
-1.426775367101598135e+02
-1.458792814919064824e+02
-1.497024542357238772e+02
-1.539925393395026560e+02
-1.586071964176234701e+02
-1.634288300051469207e+02
-1.683963816789439250e+02
-1.735208151210941310e+02
-1.788564740706521832e+02
-1.844402049112912607e+02
-1.902463316977950853e+02
-1.962012730231418516e+02
-2.022573285655470272e+02
-2.084802568686993993e+02
-2.150956470697257714e+02
-2.224627438343618735e+02
-2.309746586106149948e+02
-2.409021962635789862e+02
-2.522054105054908746e+02
-2.643426528941744778e+02
-2.761182281143394448e+02
-2.856231085820134581e+02
-2.903238452834016243e+02
-2.873274288822757399e+02
-2.737979863434299546e+02
-2.474513801294814641e+02
-2.070290033901176798e+02
-1.526516507489417620e+02
-8.596966476629079068e+01
-1.005869165998614889e+01
7.093727488083065680e+01
1.523551375151958780e+02
2.296445996536537564e+02
2.989454662077558851e+02
3.574831034437276003e+02
4.037104663968242448e+02
4.372036215804625385e+02
4.583814966505429425e+02
4.681537632369290236e+02
4.676082210511336257e+02
4.578295630028421215e+02
4.398893565121014149e+02
4.149759432724566750e+02
3.845726192258879337e+02
3.505656116778647515e+02
3.151776462470494380e+02
2.806779649947751523e+02
2.489086017796564079e+02
2.207681837516730354e+02
1.958669687689188379e+02
1.725566450119134174e+02
