7.456588232544905281e+01
1.071140972848556885e+02
1.331974905848961725e+02
1.482334001242901422e+02
1.505528180915281098e+02
1.414784117939881867e+02
1.245143057003163278e+02
1.040773746795606201e+02
8.425234061516523809e+01
6.792906822551368862e+01
5.646757977676475804e+01
4.983424676097025241e+01
4.703747376337857844e+01
4.666842224238396852e+01
4.738076591345997457e+01
4.819581023907718986e+01
4.859108169074333716e+01
4.840828775865359290e+01
4.767078485906603191e+01
4.641025737770318926e+01
4.457173799580662177e+01
4.201570845975868451e+01
3.858627695721926898e+01
3.418627665427167273e+01
2.881048049940816469e+01
2.252825968186653682e+01
1.544359903030618852e+01
7.667999193126838975e+00
-6.790187759454227034e-01
-9.457109247853104250e+00
-1.850894443631277397e+01
-2.769377321146733095e+01
-3.693370473434212897e+01
-4.624179776304328016e+01
-5.571506842984199182e+01
-6.549930645971545573e+01
-7.574288528011088317e+01
-8.655246989869036156e+01
-9.795883907097797305e+01
-1.099005916659397712e+02
-1.222293288494216199e+02
-1.347291458164414735e+02
-1.471367204953458838e+02
-1.591570992116103014e+02
-1.704865529674892457e+02
-1.808554630595242543e+02
-1.900855216345282486e+02
-1.981382290736700327e+02
-2.051352162842981102e+02
-2.113478504122582819e+02
-2.171594461092544464e+02
-2.229864868809408165e+02
-2.291299271393500305e+02
-2.355552287316023410e+02
-2.416691305340885094e+02
-2.462112950478813502e+02
-2.473545752882490945e+02
-2.430203653304563716e+02
-2.313245974147189656e+02
-2.110229960093062118e+02
-1.818304016352188910e+02
-1.445330150855648697e+02
-1.008733496860565992e+02
-5.324655204448491475e+01
-4.289925019267421646e+00
4.353358751247542813e+01
8.826749773338723060e+01
1.286522183639719970e+02
1.641522247459164419e+02
1.948250066303194217e+02
2.210688784958776694e+02
2.433317237339508665e+02
2.618899955520340654e+02
2.767778355400467944e+02
2.878665961060970631e+02
2.950209402207890435e+02
2.982406675035188073e+02
2.977343240122700081e+02
2.939161752893362518e+02
2.873425363065776992e+02
2.786127789095758089e+02
2.682647164804452586e+02
2.566918108155816753e+02
2.441035082761775641e+02
2.305465657800382644e+02
2.159968102603088482e+02
2.005050492903799579e+02
1.843452866619435326e+02
1.680912226868921948e+02
1.525589819058388343e+02
1.386081815459043582e+02
1.268695224965073010e+02
1.175163518643077225e+02
1.101846552323501953e+02
1.040803435430924253e+02
9.823191117999189714e+01
9.178863064856771814e+01
8.425496147570540018e+01
7.559072412453575396e+01
6.616653153234491924e+01
5.661191738622865444e+01
4.761313976625135780e+01
3.971356239953141198e+01
3.315789171605091923e+01
2.781337836446564182e+01
2.319053163250318050e+01
1.855950775868990377e+01
1.312194568200447975e+01
6.180407571535777578e+00
-2.737087542317510724e+00
-1.381357056344122292e+01
-2.694206711702559076e+01
-4.177679105197481135e+01
-5.780684903033045430e+01
-7.441655414379971489e+01
-9.092602708217181373e+01
-1.066448522743250322e+02
-1.209716515317638681e+02
-1.335287270637364259e+02
-1.442756282913761083e+02
-1.535376352500522898e+02
-1.619182755901487099e+02
-1.701125793411729887e+02
-1.786730113223901242e+02
-1.877995518349748352e+02
-1.972347381267094590e+02
-2.063300560709011222e+02
-2.142908839573217676e+02
-2.205169518772618460e+02
-2.248901697118440381e+02
-2.278702713224876959e+02
-2.303363111738270561e+02
-2.332159115342623465e+02
-2.370328799823244879e+02
-2.415450872445807136e+02
-2.456141238637651725e+02
-2.473545752882490945e+02
-2.445063623658871848e+02
-2.349158455397236196e+02
-2.170120458363470277e+02
-1.901940766752568663e+02
-1.550557068420118298e+02
-1.133757843848464120e+02
-6.783999252013734349e+01
-2.154426737525208679e+01
2.258185220648005753e+01
6.226356273805190256e+01
9.615832153693202144e+01
1.238885115534797592e+02
1.458740397536344915e+02
1.630462789791173464e+02
1.765242238934816044e+02
1.873214216077684284e+02
1.961389920318619886e+02
2.032765183067824069e+02
2.086564988946260542e+02
2.119268628042070191e+02
2.125988960250601565e+02
2.101940053650492359e+02
2.043887012995716645e+02
1.951422237523089791e+02
1.827750220949654931e+02
1.679662428387417208e+02
1.516622993935679631e+02
1.349187298158597059e+02
1.187173364291867870e+02
1.038085153800368801e+02
9.062440105784580169e+01
7.928369828951612419e+01
6.966628644344753241e+01
6.150495347592809026e+01
5.445326043394553039e+01
4.812860000800662874e+01
4.215247071744660445e+01
3.619812441310322981e+01
3.003410499431853964e+01
2.354598621229629885e+01
1.672821909974295096e+01
9.652295938714722467e+00
2.426446515357319811e+00
-4.838794767802493624e+00
-1.205230211441124588e+01
-1.915347358657017907e+01
-2.612144728395343662e+01
-3.298881646132069534e+01
-3.985348230241321232e+01
-4.687073057486684036e+01
-5.421178548465973535e+01
-6.199695430523901507e+01
-7.023553000564896820e+01
-7.880837672481644063e+01
-8.750632451573233084e+01
-9.610706012769966833e+01
-1.044578123140425276e+02
-1.125346542874083156e+02
-1.204596497268776005e+02
-1.284636258923940204e+02
-1.367898118770840483e+02
-1.455588084775359619e+02
-1.546553159606510519e+02
-1.637100557029434640e+02
-1.722030234565130229e+02
-1.796375267524959440e+02
-1.856958152080590878e+02
-1.903147726212978341e+02
-1.936815865620193051e+02
-1.961920377310701724e+02
-1.984088006239402944e+02
-2.010158337059789631e+02
-2.047292141266185581e+02
-2.101295750918483520e+02
-2.174282562327115613e+02
-2.262407983150639552e+02
-2.354762590654385974e+02
-2.434251957686006733e+02
-2.480457703082628882e+02
-2.473545752882490945e+02
-2.397877870171472523e+02
-2.244328573020921169e+02
-2.011076216380153596e+02
-1.703261115452642116e+02
-1.332082788722698581e+02
-9.137052281242945639e+01
-4.679891026266849252e+01
-1.684731643192961315e+00
4.178773013395255731e+01
8.167590914317975148e+01
1.164837225430293159e+02
1.452902534682390865e+02
1.677865180194218908e+02
1.842313689405187063e+02
1.953448967375677228e+02
2.021495371506799756e+02
2.057644572438316573e+02
2.071744829646491723e+02
2.070234518367360010e+02
2.054977289081041647e+02
2.023522598660899234e+02
1.970893350380384561e+02
1.892399417798506249e+02
1.786425273938798739e+02
1.655983784825705243e+02
1.508311905152361021e+02
1.352758620432935004e+02
1.198099711217703600e+02
1.050625888560989267e+02
9.137827244137042726e+01
7.891950759704923257e+01
6.781853654033852763e+01
5.827950170414354147e+01
5.057842789739989797e+01
4.497107241713931103e+01
4.155873474869916606e+01
4.016757247823831278e+01
4.028004728258633804e+01
4.104085130309280771e+01
4.135589965942273238e+01
4.009664410796037970e+01
3.638905723717379459e+01
2.991046083154963853e+01
2.107594747390813694e+01
1.101052586220838947e+01
