-5.706111265125657894e+01
-9.331732169906095464e+01
-1.262603606417165736e+02
-1.538885348656941687e+02
-1.760585879548127082e+02
-1.943175952964124349e+02
-2.111110587451646836e+02
-2.287995149832465245e+02
-2.488978152538134623e+02
-2.717497884291655055e+02
-2.966181779075802751e+02
-3.220275563046982370e+02
-3.461840912932622132e+02
-3.673636385824506760e+02
-3.842279520771166972e+02
-3.960513048472341779e+02
-4.028297492814461975e+02
-4.052443439353688177e+02
-4.044823251766816838e+02
-4.019709191369587415e+02
-3.991057758191462881e+02
-3.970362862738980425e+02
-3.965277079809195584e+02
-3.978985035465868805e+02
-4.010386272949972408e+02
-4.055175067115693537e+02
-4.107620748678201039e+02
-4.162423277659019618e+02
-4.215898093183749324e+02
-4.266147964553932184e+02
-4.312502566564878634e+02
-4.354842246306976676e+02
-4.393283012335967328e+02
-4.428301146091880582e+02
-4.461035953205070541e+02
-4.493414489062676580e+02
-4.527894556081571977e+02
-4.566878461200578272e+02
-4.612042210060711227e+02
-4.663863399885609056e+02
-4.721508549948546829e+02
-4.783022862328969040e+02
-4.845597168031208071e+02
-4.905728606464306836e+02
-4.959356528152356418e+02
-5.002289828620622529e+02
-5.031118275793963903e+02
-5.044335048789736220e+02
-5.043036541764125786e+02
-5.030701719659058426e+02
-5.012075379760529472e+02
-4.991658518695343787e+02
-4.972493100294842066e+02
-4.955824348496948915e+02
-4.941865942818530471e+02
-4.931339417867991983e+02
-4.926907626509586748e+02
-4.933374032754309724e+02
-4.955838814824741689e+02
-4.995902146012094818e+02
-5.047086111407853650e+02
-5.091310873873948708e+02
-5.098159731738630853e+02
-5.027890890183144847e+02
-4.838021590089909409e+02
-4.492127236277196971e+02
-3.968561864856586681e+02
-3.266518006385007311e+02
-2.407531984817005366e+02
-1.432033762444758622e+02
-3.921149421510762068e+01
6.573605139450438628e+01
1.667036175695751865e+02
2.598935208553043026e+02
3.428990896271338897e+02
4.146368132242943716e+02
4.750627265269641839e+02
5.248143358497869713e+02
5.648897223300473343e+02
5.964136505469718941e+02
6.204897749162722675e+02
6.381152433335523710e+02
6.501337029549089266e+02
6.572166659149069119e+02
6.598786903084378537e+02
6.585274338829830185e+02
6.535204829346698716e+02
6.451805697500735732e+02
6.337461296012025969e+02
6.192896053260190001e+02
6.016662184214561648e+02
5.805378107464516688e+02
5.554820958574910037e+02
5.261744927652609931e+02
4.926031090712402261e+02
4.552414107404387096e+02
4.150944959789993618e+02
3.735816222899817376e+02
3.322924908791276835e+02
2.927069537996338795e+02
2.559728719871667977e+02
2.228020122432400285e+02
1.934898455400684156e+02
1.680166539429907573e+02
1.461644806002401822e+02
1.275926409183543484e+02
1.118462234256961665e+02
9.831295208497215299e+01
8.617684054585261322e+01
7.442827906488437861e+01
6.197237925041669371e+01
4.783240980052339353e+01
3.138951569871157687e+01
1.256215698954969540e+01
-8.165439843350746685e+00
-2.990008341447173734e+01
-5.163156017119825947e+01
-7.254448388313640805e+01
-9.222987771157775683e+01
-1.107312395060988308e+02
-1.284355627090947962e+02
-1.458768007342439716e+02
-1.635385682384516883e+02
-1.817202046154920083e+02
-2.004826984470495859e+02
-2.196565593828088367e+02
-2.388949009397748569e+02
-2.577725907136360775e+02
-2.759280926021193636e+02
-2.932059880180170808e+02
-3.097240640620954650e+02
-3.258121587729236239e+02
-3.418438795597733701e+02
-3.580427307459955273e+02
-3.743480140940030196e+02
-3.903852100611179026e+02
-4.055370849533731530e+02
-4.190839821345802534e+02
-4.303762144494314725e+02
-4.390011841230110576e+02
-4.449102739960960662e+02
-4.484855755632397631e+02
-4.505424171720542290e+02
-4.522573707214960450e+02
-4.549929433897207218e+02
-4.599987189353040549e+02
-4.680200374038954578e+02
-4.789078339925301862e+02
-4.913512870161936235e+02
-5.028294204790860249e+02
-5.098159731738630853e+02
-5.082098510829810039e+02
-4.939267097736002370e+02
-4.635700727734025577e+02
-4.150693578852948349e+02
-3.481508119665588197e+02
-2.645164690734968644e+02
-1.676669747280274123e+02
-6.239562587756290668e+01
4.593635642305718392e+01
1.521833716322253736e+02
2.520871614827622977e+02
3.426977763523802878e+02
4.224758577332064533e+02
4.911006463078503543e+02
5.490923414012324884e+02
5.973993571320920637e+02
6.370780760623296146e+02
6.691201015459131440e+02
6.944082655376661251e+02
7.137458027125003355e+02
7.279023593657560696e+02
7.376346009579211795e+02
7.436575607063609823e+02
7.465684283980672262e+02
7.467524853636545004e+02
7.443116348349508371e+02
7.390401391544767193e+02
7.304524150912457117e+02
7.178691574733084053e+02
7.005759569793617629e+02
6.780503188016502918e+02
6.502105919789566997e+02
6.176066419178781643e+02
5.814710676098973181e+02
5.435858649071806212e+02
5.059835208725584152e+02
4.705664555849643875e+02
4.387583770306669635e+02
4.112803643165424319e+02
3.880937656692773885e+02
3.685048239650529922e+02
3.513973054482148086e+02
3.355422701778223882e+02
3.199171982423229110e+02
3.039487210795168721e+02
2.875929998580528490e+02
2.712136977772494788e+02
2.553055716010055960e+02
2.401899102902281982e+02
2.258214412712921160e+02
2.117852270172836313e+02
1.974641646809424174e+02
1.822776748704527563e+02
1.658686825101438558e+02
1.481580046820425025e+02
1.292716920851758573e+02
1.094254599718135239e+02
8.886269599508906936e+01
6.787863013459759998e+01
4.687634009079113895e+01
2.635836605258196030e+01
6.794487230292183710e+00
-1.159531927367531523e+01
-2.900889353998844911e+01
-4.603788306451322399e+01
-6.341564804472504591e+01
-8.165773019036132041e+01
-1.008020800904474754e+02
-1.204005776816426021e+02
-1.397557127748769972e+02
-1.582543739718064444e+02
-1.756157152596960884e+02
-1.919422401583384499e+02
-2.075828486350501407e+02
-2.229163388381421953e+02
-2.381909016046143961e+02
-2.534976525411281045e+02
-2.688607180669231411e+02
-2.843622776992171453e+02
-3.002247143329466326e+02
-3.168231358751708626e+02
-3.346450232889089307e+02
-3.542132902816063620e+02
-3.759597282377038141e+02
-4.000226218604360042e+02
-4.259752270660442832e+02
-4.525585734506167341e+02
-4.775427527371568885e+02
-4.978275445700392652e+02
-5.098159731738630853e+02
-5.099985112564688734e+02
-4.956130568223553610e+02
-4.652129051006412510e+02
-4.189946430723264825e+02
-3.588158148887760603e+02
-2.879328823676368074e+02
-2.105539906447172882e+02
-1.313065304807401219e+02
-5.469776064249842307e+01
1.536386573944312062e+01
7.591467381306563311e+01
1.250856663039555201e+02
1.620406483793140069e+02
1.867614866714910136e+02
1.997894815599703406e+02
2.020186946162805555e+02
1.945802965577539396e+02
1.788050271879450293e+02
1.562245767374353420e+02
1.285654890996719928e+02
9.769909055377776497e+01
