-3.563850389997777768e+01
-4.502790566904617720e+01
-5.494546985648428716e+01
-6.588330049772038421e+01
-7.802273185929823285e+01
-9.113943370586852666e+01
-1.045570082814438422e+02
-1.171326970588228420e+02
-1.272653618833110443e+02
-1.329447157022690078e+02
-1.318856256159069176e+02
-1.217866625363842843e+02
-1.007116586044227233e+02
-6.753216865720922613e+01
-2.231645286523633942e+01
3.346363432318432274e+01
9.699799368886635875e+01
1.644851203969136577e+02
2.316797934213581698e+02
2.945026886679926861e+02
3.495697472489031270e+02
3.945432195944291607e+02
4.282690859640957797e+02
4.507201491181411370e+02
4.627983201737436048e+02
4.660622676361595040e+02
4.624393354375901026e+02
4.539589320925740026e+02
4.425216856257578684e+02
4.297093038935654477e+02
4.166482737572973747e+02
4.039529202747220893e+02
3.917682590872678929e+02
3.799051391872169461e+02
3.680291094063001651e+02
3.558500347507033439e+02
3.432623318944536095e+02
3.303990205066949102e+02
3.175850654586732844e+02
3.052047067274461369e+02
2.935249887731201852e+02
2.825333365634443226e+02
2.718454438267547175e+02
2.607213159780866363e+02
2.481977291466099871e+02
2.333129830273276468e+02
2.153714687664190990e+02
1.941775857021375771e+02
1.701682571586259769e+02
1.443946377671104528e+02
1.183434066460945360e+02
9.363656970697924464e+01
7.169074804446330518e+01
5.343453288473829588e+01
3.916415381755817293e+01
2.856989158735700229e+01
2.091020524962376115e+01
1.526836208945515416e+01
1.080826161338429614e+01
6.953916425854814065e+00
3.445459661130374940e+00
2.664680001274533083e-01
-2.514715231350450608e+00
-4.910867150421367455e+00
-7.110685446537459597e+00
-9.465766239654207936e+00
-1.238867569298441396e+01
-1.621800176514086189e+01
-2.111081418465252568e+01
-2.700074850089352196e+01
-3.362752758393310160e+01
-4.061774836071705863e+01
-4.758254951185490711e+01
-5.419382518775724122e+01
-6.021187226888068267e+01
-6.546746335712794007e+01
-6.983325335571100823e+01
-7.322434414285878290e+01
-7.563827016625882038e+01
-7.720534228472720883e+01
-7.820483514830641525e+01
-7.902375572782960944e+01
-8.007242412072633897e+01
-8.169047206921229076e+01
-8.406813778810482063e+01
-8.719281201300009343e+01
-9.082934262073129617e+01
-9.454897595399199872e+01
-9.781892130586300027e+01
-1.001447093107099988e+02
-1.012278311616075541e+02
-1.010790872335844028e+02
-1.000323137539188849e+02
-9.863958655570468181e+01
-9.748289118445944723e+01
-9.697966142728478189e+01
-9.726390642383887553e+01
-9.818675375796166804e+01
-9.942381259853942765e+01
-1.006314425062028022e+02
-1.015769957787207431e+02
-1.021872197010593766e+02
-1.025075159710265211e+02
-1.026125719863086658e+02
-1.025256729790066004e+02
-1.021877864398420570e+02
-1.014861442004425669e+02
-1.003218340128281056e+02
-9.867904192184212775e+01
-9.666312598070015838e+01
-9.449504555478151246e+01
-9.246792915340373042e+01
-9.087778783625665824e+01
-8.994396951407802021e+01
-8.974528324614712460e+01
-9.020228199281746129e+01
-9.111715823060401931e+01
-9.224981200708981532e+01
-9.339182816957168143e+01
-9.441063118069726556e+01
-9.525798426346895553e+01
-9.595400725016807542e+01
-9.656481057126615042e+01
-9.718595021237601372e+01
-9.792819277895762298e+01
-9.889084634517101335e+01
-1.001159510085591364e+02
-1.015416655999759428e+02
-1.029902466851051202e+02
-1.042122049152288810e+02
-1.049748400309271403e+02
-1.051606436008534047e+02
-1.048394197961693521e+02
-1.042894090482411968e+02
-1.039600414835973936e+02
-1.043847088715372138e+02
-1.060598760485985110e+02
-1.093089436356521560e+02
-1.141479944033371225e+02
-1.201649159730837084e+02
-1.264193463787424889e+02
-1.313806416957233409e+02
-1.329447157022690078e+02
-1.285860824095389887e+02
-1.156824811466306926e+02
-9.199234742310846968e+01
-5.618612986542717636e+01
-8.280532541022111559e+00
5.016994219735221350e+01
1.161994168243973888e+02
1.858485645654585028e+02
2.547636304757942582e+02
3.188298512801194420e+02
3.747049779458769194e+02
4.201639066510791167e+02
4.542228980411749717e+02
4.770611480242986318e+02
4.897871797612481259e+02
4.941112263230228336e+02
4.919908405056986567e+02
4.853159255624722164e+02
4.756869817669499980e+02
4.643148810773384412e+02
4.520335041020009612e+02
4.393791142467579789e+02
4.266761552544367078e+02
4.140925538268809305e+02
4.016699442587286057e+02
3.893587615180870785e+02
3.770756735862022424e+02
3.647652875955878926e+02
3.524242763234484528e+02
3.400600861061695355e+02
3.275997938007043331e+02
3.148026313359787878e+02
3.012351208505733666e+02
2.863393670871768109e+02
2.695792852379041733e+02
2.506093859585240295e+02
2.293967231543843468e+02
2.062464519581868387e+02
1.817264589259791308e+02
1.565349219289267069e+02
1.313778434952057808e+02
1.069049683004471518e+02
8.370751037839399089e+01
6.234419546723815841e+01
4.335238745414130790e+01
2.721509208042419559e+01
1.428218008663138150e+01
4.671976693952939463e+00
-1.807727700165621343e+00
-5.685859952233620618e+00
-7.783350063328388302e+00
-9.097540648046612333e+00
-1.063432399301378872e+01
-1.322220626624115880e+01
-1.735375307316850169e+01
-2.310459841543051951e+01
-3.016644291707935466e+01
-3.798961717982255237e+01
-4.598164642555639148e+01
-5.368704036829708315e+01
-6.089415850850559764e+01
-6.765441084525826909e+01
-7.422611441142035460e+01
-8.096213272690287965e+01
-8.816216819043432906e+01
-9.592394412792359049e+01
-1.040489518598061807e+02
-1.120597360646408447e+02
-1.193431054640647631e+02
-1.253658225663488679e+02
-1.298670313738588220e+02
-1.329447157022690078e+02
-1.350057817591156208e+02
-1.366069101374606305e+02
-1.382534938880294249e+02
-1.402352840221293491e+02
-1.425572302902232877e+02
-1.449844345905740113e+02
-1.471781957063499817e+02
-1.488658560498687109e+02
-1.499708566668209073e+02
-1.506443954144838244e+02
-1.511863830457676841e+02
-1.518983719618615282e+02
-1.529428680266425431e+02
-1.542733879036806570e+02
-1.556558968093925728e+02
-1.567553879219217947e+02
-1.572423530023698390e+02
-1.568859022446284825e+02
-1.556169039481363825e+02
-1.535465160334485972e+02
-1.509265643011117390e+02
-1.480591905036733920e+02
-1.451957196754549955e+02
-1.424776365082879579e+02
-1.399467928715899347e+02
-1.376030748960458823e+02
-1.354555906741493629e+02
-1.335245145718124604e+02
-1.317936309970835111e+02
-1.301543325162024303e+02
-1.283922031545457685e+02
-1.262406282009038705e+02
-1.234803930341387854e+02
-1.200312572173808974e+02
-1.159824401194771895e+02
-1.115437153154533689e+02
-1.069480765454810012e+02
-1.023679153698117545e+02
-9.789219675152780553e+01
-9.356198954510665544e+01
-8.942100805484557213e+01
-8.553902361104853469e+01
-8.199773948186579275e+01
-7.885801076760928652e+01
-7.613341606650126892e+01
-7.378194517584894641e+01
-7.171464652787733485e+01
