-9.654692855978726840e+00
5.354599241428699941e+01
1.075661559241580250e+02
1.456614219437995246e+02
1.650542653707883574e+02
1.669988837012307954e+02
1.556571558918691665e+02
1.364178442716828954e+02
1.143205397448237193e+02
9.302503304747227730e+01
7.446129881509776283e+01
5.904524609796385448e+01
4.622049630161360767e+01
3.507436629825440377e+01
2.482754130877299303e+01
1.507891867349022164e+01
5.791380469669498154e+00
-2.889495325874602116e+00
-1.083647190393378423e+01
-1.805030881233167150e+01
-2.466038754730361404e+01
-3.086358750788078353e+01
-3.684526880445206132e+01
-4.269894095057284744e+01
-4.836279050119247813e+01
-5.360905082786773335e+01
-5.811286869484441553e+01
-6.158776700919489144e+01
-6.393638971970936780e+01
-6.534910961221950743e+01
-6.629671924396426164e+01
-6.740725435028761581e+01
-6.927027807087851841e+01
-7.224256274990742099e+01
-7.632669186015363039e+01
-8.116938230766106699e+01
-8.618567945417406406e+01
-9.076428353001530525e+01
-9.447156830362129654e+01
-9.717389573595245622e+01
-9.903834150393443281e+01
-1.004234476054467819e+02
-1.017102200921530937e+02
-1.031420608928914930e+02
-1.047367183765392156e+02
-1.063015379139680903e+02
-1.075403713963441703e+02
-1.082083019792587066e+02
-1.082529438809750104e+02
-1.078770632627978472e+02
-1.074815697277618085e+02
-1.075082433189572555e+02
-1.082630727607501484e+02
-1.098087729008317268e+02
-1.119599313012358408e+02
-1.143532102605220615e+02
-1.165538771803902449e+02
-1.181845001394177359e+02
-1.190650962999569060e+02
-1.193202204897388867e+02
-1.193826329375597908e+02
-1.198504388801670899e+02
-1.212287693363090852e+02
-1.236628336474006602e+02
-1.267987261955863119e+02
-1.298642280067972763e+02
-1.319546238578351165e+02
-1.323970926677858699e+02
-1.310252177998384013e+02
-1.282459474535166919e+02
-1.248797899484443121e+02
-1.218420414485525214e+02
-1.197838668424226682e+02
-1.188222146024172616e+02
-1.184460124954059950e+02
-1.176023510683017435e+02
-1.148965833188152601e+02
-1.088356532482630428e+02
-9.808249278650156100e+01
-8.170499382303611924e+01
-5.937510947949100171e+01
-3.144759282448794124e+01
1.126289327325693534e+00
3.701865793572083874e+01
7.477491812622685075e+01
1.129846786541484818e+02
1.503378315055678627e+02
1.856199698500177533e+02
2.177318543936436299e+02
2.457738091480554772e+02
2.691668755887593534e+02
2.877458765682805506e+02
3.017762844686654375e+02
3.118898393617013198e+02
3.189590372824975475e+02
3.239299745523732099e+02
3.276356787786623954e+02
3.306295792583907769e+02
3.330895003320549677e+02
3.348311062631202049e+02
3.354418768078251105e+02
3.345052177798132789e+02
3.318315647464324911e+02
3.275824349748604618e+02
3.222101151911563761e+02
3.162344884373828222e+02
3.099727616761999798e+02
3.033634940274467908e+02
2.959727107963833532e+02
2.871730309368143708e+02
2.764009984986499262e+02
2.633727773869161410e+02
2.481861335480662660e+02
2.313106163314041908e+02
2.135048313652398235e+02
1.956888333177244590e+02
1.787836054191561743e+02
1.635400043244024459e+02
1.504011583283627829e+02
1.394440340880312874e+02
1.304207816083526836e+02
1.228835997048010427e+02
1.163459371157540119e+02
1.104222795131404666e+02
1.049032043866724848e+02
9.975070903162799141e+01
9.502678968258722136e+01
9.078915645709649596e+01
8.699609966142087103e+01
8.345369114671453303e+01
7.982025284429893475e+01
7.566842069836791040e+01
7.059483770960063964e+01
6.435103369483576330e+01
5.694715817866753582e+01
4.867637529480813186e+01
4.004239316791784375e+01
3.162458225712677518e+01
2.393723607201292225e+01
1.732202337515690260e+01
1.188917936441507095e+01
7.511756394231682066e+00
3.870056735697360750e+00
5.390730540841843776e-01
-2.891235840683705760e+00
-6.689880721128702135e+00
-1.090581433509926512e+01
-1.538618252436788225e+01
-1.989023783295762371e+01
-2.423007141498895578e+01
-2.834772502487895451e+01
-3.228650890502461834e+01
-3.609283344052951747e+01
-3.972996736825183461e+01
-4.306758665186453072e+01
-4.595382655676192485e+01
-4.832544579047555544e+01
-5.029470957103498563e+01
-5.216879422818564649e+01
-5.439389168576340694e+01
-5.745018185921929899e+01
-6.173619407870904752e+01
-6.746901002618818666e+01
-7.460752275650472143e+01
-8.280333939202361648e+01
-9.140357135705264113e+01
-9.954470399169574080e+01
-1.063521690902289265e+02
-1.111982763515003114e+02
-1.139165717391144597e+02
-1.148709441011016565e+02
-1.148419634364601905e+02
-1.147797270046524147e+02
-1.155215399843776254e+02
-1.175620785760776528e+02
-1.209242188628083738e+02
-1.251431767543117815e+02
-1.293472374908267000e+02
-1.323970926677858699e+02
-1.330472839758623138e+02
-1.301119134805420856e+02
-1.226269552664909668e+02
-1.099858055779942845e+02
-9.202338293144578074e+01
-6.903889246702871674e+01
-4.176694971911656751e+01
-1.131006575255707958e+01
2.097139651773636615e+01
5.362580732845290754e+01
8.531933296044603310e+01
1.150230914125304196e+02
1.420989754678172972e+02
1.662516908744247814e+02
1.873886807314261489e+02
2.054771178186843201e+02
2.204782610950298363e+02
2.323816340225347687e+02
2.412934573656678765e+02
2.474993606830260262e+02
2.514407263804997967e+02
2.536045716840713737e+02
2.543890878265275717e+02
2.540235378964932522e+02
2.525763437311393318e+02
2.500185561811705384e+02
2.462808114251433551e+02
2.412683378324800856e+02
2.348472110872313863e+02
2.268439005166549123e+02
2.170928460477940973e+02
2.055296525837902379e+02
1.922813936003462345e+02
1.776878902488966787e+02
1.622259234451730663e+02
1.463760927553319959e+02
1.305075663876799581e+02
1.148309374936206950e+02
9.941710052152618005e+01
8.425299352429394162e+01
6.931564740287726067e+01
5.465600928439211259e+01
4.046284089283160057e+01
2.705502700363786062e+01
1.477997716552678042e+01
3.867006833556104084e+00
-5.673665308322796363e+00
-1.404762394608858500e+01
-2.158054025709559554e+01
-2.858898614814352612e+01
-3.528169761633641599e+01
-4.173454800898797856e+01
-4.794509087921402823e+01
-5.392551925531019208e+01
-5.976629532852597038e+01
-6.562621657857539503e+01
-7.166299945161347296e+01
-7.795786664997291382e+01
-8.447685269338275305e+01
-9.107669070250743459e+01
-9.754434791762820112e+01
-1.036577221309382679e+02
-1.092510270161356232e+02
-1.142616575617442862e+02
-1.187359446160598964e+02
-1.227808012379255445e+02
-1.264700380474845645e+02
-1.297484264358526502e+02
-1.323970926677858699e+02
-1.340972200729379722e+02
-1.345668606662057130e+02
-1.337005984432363448e+02
-1.316467191954178588e+02
-1.287969474096064459e+02
-1.257073791640584233e+02
-1.229933516610755078e+02
-1.212376000824117739e+02
-1.209274106415549994e+02
-1.224100378882264835e+02
-1.258435802187676416e+02
-1.311336448855299750e+02
-1.378804613518889539e+02
-1.453886404310611908e+02
