-4.722517869669370327e+01
-7.316546691241958911e+01
-9.617359700397607014e+01
-1.142445689618243989e+02
-1.267409993695944479e+02
-1.343725983738970342e+02
-1.387406067804665497e+02
-1.416797468541051330e+02
-1.446483743666225052e+02
-1.483451781322344232e+02
-1.526076445243160151e+02
-1.565334937108023610e+02
-1.587242279353078800e+02
-1.575784413517615690e+02
-1.515988340781563579e+02
-1.396793090279611533e+02
-1.213241608636770508e+02
-9.675452142854848603e+01
-6.688743508794715353e+01
-3.320943154666479558e+01
2.418638035064660130e+00
3.799624862986584617e+01
7.163387519175080342e+01
1.017892911457017959e+02
1.274497424614283716e+02
1.482188411514809445e+02
1.642810102048655949e+02
1.762498125198039531e+02
1.849454555054713865e+02
1.911672723619351757e+02
1.955231561219039236e+02
1.983583207733967129e+02
1.997912607038090300e+02
1.998199480531861241e+02
1.984338506516536995e+02
1.956822303150984510e+02
1.916916034488984621e+02
1.866539591487873508e+02
1.808008955750983091e+02
1.743565047782090289e+02
1.674601037678430657e+02
1.600813219563331700e+02
1.519833967612006802e+02
1.427801001998503239e+02
1.320750415834840510e+02
1.196198591203105224e+02
1.054239217803307866e+02
8.978413845245441394e+01
7.324086558627678301e+01
5.648189826060568919e+01
4.021791513850018873e+01
2.505221415228333370e+01
1.136522896150445661e+01
-7.673512548010883449e-01
-1.159566261472582482e+01
-2.162210033230029538e+01
-3.142517365081034697e+01
-4.143171452925518849e+01
-5.173363308655169135e+01
-6.203378912200640372e+01
-7.174284400500660297e+01
-8.017989510287560506e+01
-8.679631871232894014e+01
-9.135027620444130037e+01
-9.398470759335144464e+01
-9.519079807868760668e+01
-9.567598329150214909e+01
-9.618918227780770280e+01
-9.736276148129880426e+01
-9.961076715949778304e+01
-1.030951524838893931e+02
-1.077471097454507571e+02
-1.133155487149412295e+02
-1.194190883812387369e+02
-1.255984950599247298e+02
-1.313812078497867901e+02
-1.363631380014680872e+02
-1.402944823139482935e+02
-1.431437707157843420e+02
-1.451145068108716316e+02
-1.465987504111963347e+02
-1.480689999758805016e+02
-1.499313444258644665e+02
-1.523833321360531841e+02
-1.553302823012803628e+02
-1.584043369139491517e+02
-1.610960011255081952e+02
-1.629551868416998559e+02
-1.637736241360534848e+02
-1.636575923481190102e+02
-1.629547229255236118e+02
-1.620823663152426661e+02
-1.613570278589977818e+02
-1.609074557118530890e+02
-1.606908286026244923e+02
-1.605742591179693193e+02
-1.604237715405601250e+02
-1.601585285411922825e+02
-1.597617144779562750e+02
-1.592694668774203421e+02
-1.587640087225283594e+02
-1.583713355240541603e+02
-1.582356599770263870e+02
-1.584516776001851497e+02
-1.589832138887680060e+02
-1.596357933506771758e+02
-1.601317948744132593e+02
-1.602627703628381255e+02
-1.600203326425757666e+02
-1.595937235226333542e+02
-1.591872328719250334e+02
-1.587242279353078800e+02
-1.575976260767052111e+02
-1.546258494480642014e+02
-1.482656109195768863e+02
-1.369921372733379030e+02
-1.196875553984418730e+02
-9.591042085907668024e+01
-6.599987809416131768e+01
-3.102942655748103817e+01
7.351670260536623758e+00
4.715025966080275310e+01
8.629861650752461344e+01
1.229261518823619781e+02
1.555991110421605867e+02
1.834955179714765165e+02
2.064827077487952636e+02
2.250699289576494095e+02
2.402300693866056918e+02
2.531181503147324747e+02
2.647458951612269402e+02
2.756953440204027288e+02
2.859631744437867837e+02
2.950026270823610730e+02
3.019609550382640464e+02
3.060225736393081206e+02
3.067190662779137256e+02
3.040963585955707345e+02
2.987109082683548422e+02
2.914935194314477940e+02
2.835363312632323414e+02
2.758483242333594490e+02
2.691218786617406522e+02
2.635609249353186669e+02
2.588205706367241419e+02
2.540873281658338669e+02
2.482945551851784103e+02
2.404292952276346114e+02
2.298492158635533826e+02
2.165045732402648468e+02
2.009769341124855089e+02
1.843154773841592089e+02
1.677395469239369561e+02
1.523255097397231168e+02
1.387795108447297139e+02
1.273399695542566121e+02
1.178018695568462135e+02
1.096337234402703302e+02
1.021557424634682292e+02
9.474317587970416810e+01
8.700799094913999454e+01
7.890487931758198670e+01
7.071886463298712044e+01
6.293355826998600122e+01
5.603604160588561456e+01
5.034137502074553083e+01
4.589392697422950107e+01
4.245563512347170843e+01
3.956460398661999989e+01
3.664473295494410365e+01
3.314743050450726258e+01
2.869655616789297170e+01
2.319161587193713814e+01
1.682221741320077157e+01
9.977893159216588259e+00
3.090152481304748733e+00
-3.520366114597848650e+00
-9.726721506403222861e+00
-1.558653981010369449e+01
-2.126332367421003511e+01
-2.692078926218285062e+01
-3.263052516668264502e+01
-3.832139746911022371e+01
-4.378203746492269488e+01
-4.870942023478646377e+01
-5.278830764480404980e+01
-5.578762777319077770e+01
-5.765374438327194184e+01
-5.856583761524650811e+01
-5.891968878196121295e+01
-5.923659316661692742e+01
-6.003374468318409640e+01
-6.170875593027110995e+01
-6.447204560789012362e+01
-6.832759620988072413e+01
-7.308694838218922030e+01
-7.841009838380347219e+01
-8.387873034519417104e+01
-8.910019619872065277e+01
-9.381552608587122677e+01
-9.796756551913000521e+01
-1.017010744846731711e+02
-1.053038513487148009e+02
-1.091210399180793900e+02
-1.134700572062962465e+02
-1.185675700990233281e+02
-1.244706772468065026e+02
-1.310373614775507178e+02
-1.379211454680912254e+02
-1.446157693821195096e+02
-1.505446916192995843e+02
-1.551603822119996039e+02
-1.580080094560123882e+02
-1.587242279353078800e+02
-1.569703298151133026e+02
-1.523341004546547026e+02
-1.442693994636412356e+02
-1.321443132369866760e+02
-1.154135881685573679e+02
-9.385119513698535343e+01
-6.773499943082281050e+01
-3.789395636171329329e+01
-5.591661672877869194e+00
2.770525963968384531e+01
6.057607290010634671e+01
9.181789998383935369e+01
1.205002861069853708e+02
1.459307898082544455e+02
1.676019412261001378e+02
1.851806452888428112e+02
1.985475209821981366e+02
2.078384751630059668e+02
2.134346278482564685e+02
2.158934557325380013e+02
2.158607916661123056e+02
2.140018292979099215e+02
2.109518730564116424e+02
2.072646560948128354e+02
2.033506447455727937e+02
1.994259518424795488e+02
1.955016995274226304e+02
1.914256239145443317e+02
1.869573705725866830e+02
1.818406349600618626e+02
1.758449501930561496e+02
1.687772050010102021e+02
1.604811229382896443e+02
1.508414856795614583e+02
1.398008823371074527e+02
1.273897575200009129e+02
1.137629669387172839e+02
9.922904323869465770e+01
8.426032965398808017e+01
6.947999401056148372e+01
5.562145187307873329e+01
4.344952652636160906e+01
3.364147022529114395e+01
2.665301361217486331e+01
2.261376825718903660e+01
2.128574950965966295e+01
2.209040916230487994e+01
2.419128872564156296e+01
