-2.270781931243178065e+01
-2.197115300654746761e+01
-2.205692821072219090e+01
-2.343436004286613539e+01
-2.606343091629559439e+01
-2.950573672770824984e+01
-3.320063021080788701e+01
-3.673385045377693814e+01
-3.996786971949528322e+01
-4.300152904590574821e+01
-4.601273574352764939e+01
-4.908306374129288230e+01
-5.210246352408889692e+01
-5.480448037929976124e+01
-5.690442891310785001e+01
-5.825214906833497253e+01
-5.891096660285878528e+01
-5.913012833453622363e+01
-5.923943039294660906e+01
-5.952048312931507468e+01
-6.010246607757013493e+01
-6.091669524208623443e+01
-6.173045340921631663e+01
-6.225595087585664800e+01
-6.229613814753487588e+01
-6.186406996265261427e+01
-6.121618325948930561e+01
-6.077695269505056785e+01
-6.098477983334070984e+01
-6.212454977851939475e+01
-6.421387289340657389e+01
-6.698743601381835333e+01
-6.998944728308012486e+01
-7.274005049027999803e+01
-7.490242348172850484e+01
-7.637390875555811931e+01
-7.726785389899805523e+01
-7.781333955788163337e+01
-7.823468454563543162e+01
-7.866436963890731704e+01
-7.911100205579576539e+01
-7.947825879244051350e+01
-7.961747144573962487e+01
-7.938142054118371505e+01
-7.863609654488007550e+01
-7.720839807199085669e+01
-7.479844399721625336e+01
-7.092047089248902125e+01
-6.492483747935159499e+01
-5.611316561983927897e+01
-4.392299328399976588e+01
-2.813537782653096997e+01
-9.040359537857195704e+00
1.250940619817662558e+01
3.519870159235968998e+01
5.749358363552842377e+01
7.796991811634006808e+01
9.563151197236992118e+01
1.101074433685546694e+02
1.216491693628353659e+02
1.309326503385063916e+02
1.387630417895642267e+02
1.458157011331558124e+02
1.525054239986518496e+02
1.589900528782110314e+02
1.652443837887422831e+02
1.711279472137206881e+02
1.764130635605274904e+02
1.807957515976269747e+02
1.839360650611766914e+02
1.855507017429392818e+02
1.855313574507096632e+02
1.840272691512507208e+02
1.814348442412227485e+02
1.782767489569774852e+02
1.750075159598666801e+02
1.718276620479803398e+02
1.685934322361250111e+02
1.648632470181074439e+02
1.600556495899291463e+02
1.536511344795637797e+02
1.453659820831491061e+02
1.352488234448816797e+02
1.236848273517688739e+02
1.113223374409071482e+02
9.895154769364491187e+01
8.736619490761873408e+01
7.723506859434294824e+01
6.900368658175958103e+01
6.283667579476813358e+01
5.860215382547750096e+01
5.590119269526726953e+01
5.415520733538978959e+01
5.275552065848003735e+01
5.123829319872263000e+01
4.940742608110672762e+01
4.733744315464264929e+01
4.525282971012138944e+01
4.335167861806072409e+01
4.166632110889614182e+01
4.002093651360594606e+01
3.809128900448720145e+01
3.553273425681082642e+01
3.212283773565954448e+01
2.785586201323555500e+01
2.294194022254217913e+01
1.771442134363841703e+01
1.250377604521644059e+01
7.549176517341585679e+00
2.981349291351222064e+00
-1.140011365541006683e+00
-4.774753294805051951e+00
-7.870059813403834426e+00
-1.036195731270250775e+01
-1.220662228464119181e+01
-1.342259417853109937e+01
-1.411868382654898113e+01
-1.449053730824609687e+01
-1.478615068213847650e+01
-1.525161827647315960e+01
-1.606825205750116936e+01
-1.729482033158839727e+01
-1.883908195456535850e+01
-2.048239866548721011e+01
-2.195754501144399740e+01
-2.304883131161656706e+01
-2.366982191472240515e+01
-2.388590726028913025e+01
-2.387742024406996677e+01
-2.386670470008583322e+01
-2.404696518392536575e+01
-2.454824305758252478e+01
-2.545488465648934095e+01
-2.685221276741256702e+01
-2.885041684496358982e+01
-3.154491336726272266e+01
-3.492815489065682755e+01
-3.882158840808347122e+01
-4.289422001892739900e+01
-4.677285718616434451e+01
-5.017875526584560930e+01
-5.300221026820969428e+01
-5.527050633637429655e+01
-5.704461937283436157e+01
-5.833270267236525797e+01
-5.908991610181224985e+01
-5.930201023654429093e+01
-5.908475385321233375e+01
-5.872101399110417219e+01
-5.860211669545201119e+01
-5.910076055025719199e+01
-6.043902008032809192e+01
-6.261521842809568739e+01
-6.542600210714898878e+01
-6.857107134393611148e+01
-7.177234719453035439e+01
-7.481758339675485558e+01
-7.748352373931334114e+01
-7.938142054118371505e+01
-7.983265686020779128e+01
-7.788074811904334638e+01
-7.248373338728031001e+01
-6.283608096800676890e+01
-4.869157346313185997e+01
-3.053729277408349674e+01
-9.526238790619458996e+00
1.281333653449949495e+01
3.496976241385974049e+01
5.577620522722401120e+01
7.455204217988048754e+01
9.103654475536703217e+01
1.051974575068758639e+02
1.170447148803651913e+02
1.265545227567927782e+02
1.337315178135507949e+02
1.387477698404181297e+02
1.420472000988762034e+02
1.443252819696431857e+02
1.463720691653325616e+02
1.488461155764171053e+02
1.520758615150786000e+02
1.559581321675839263e+02
1.599789974027311246e+02
1.633532906308269617e+02
1.652573463249145505e+02
1.650938816534942077e+02
1.626916811349844352e+02
1.583469595004539201e+02
1.526765407078760859e+02
1.463432448014965530e+02
1.397735200077166837e+02
1.329823752540710302e+02
1.255653384222043343e+02
1.168525766030112152e+02
1.061738561244645922e+02
9.315534836257405971e+01
7.795332130798860248e+01
6.133159704935623324e+01
4.452925210150517188e+01
2.894726060499577613e+01
1.576801034669068002e+01
5.650634936936562269e+00
-1.398605792552471527e+00
-5.957413419958645484e+00
-8.959389037964820446e+00
-1.138666605555548372e+01
-1.398574265132021033e+01
-1.710371858182950433e+01
-2.069463385627703644e+01
-2.446679431465807397e+01
-2.807784772903244175e+01
-3.128258419700180326e+01
-3.399406260867108642e+01
-3.627539924905391899e+01
-3.829728881035244825e+01
-4.028649088215261997e+01
-4.247742352454932302e+01
-4.506846432596039875e+01
-4.817971489358286874e+01
-5.181786759744663584e+01
-5.586870835795758694e+01
-6.013422220025646681e+01
-6.440041959069392874e+01
-6.848934824523999509e+01
-7.225163815158674652e+01
-7.550515573855005869e+01
-7.798512949426573471e+01
-7.938142054118371505e+01
-7.947610158129202773e+01
-7.830902890959595197e+01
-7.626629596310550596e+01
-7.402740384858971368e+01
-7.238011231167151038e+01
-7.197312947154887297e+01
-7.310790926309960014e+01
-7.565806883665705129e+01
-7.914338800758635273e+01
-8.290993256619817942e+01
-8.633135944372733661e+01
-8.896125841549574886e+01
-9.060268785356424814e+01
-9.129403241822103610e+01
-9.123502874750016645e+01
-9.068880738962738519e+01
-8.989032036453728836e+01
-8.897864013348804235e+01
-8.796585504701022273e+01
-8.675592407734990275e+01
-8.521575416582427920e+01
-8.327287243172153808e+01
-8.098885524853272955e+01
-7.856289020467562523e+01
-7.626039115252389422e+01
-7.430798086778436584e+01
-7.281149889507896944e+01
-7.172908250249420803e+01
-7.089321280940845327e+01
-7.006014361847317673e+01
-6.897803919821853924e+01
-6.747244157325459923e+01
-6.552566649950294675e+01
-6.330343383365749332e+01
