-7.074876775787970473e-01
-2.102313906586287828e+01
-4.035465423427896781e+01
-5.799837179289590239e+01
-7.370133183444607994e+01
-8.766574740288722012e+01
-1.004356485491395716e+02
-1.127245140652850495e+02
-1.252193188385469824e+02
-1.383879155749806102e+02
-1.523310093099880476e+02
-1.667279817724536315e+02
-1.809100533073309407e+02
-1.940544835368866359e+02
-2.054390072912869414e+02
-2.146538966435483928e+02
-2.216752692986918589e+02
-2.267660001521654749e+02
-2.302548014003795345e+02
-2.322984846580139617e+02
-2.327343831821485765e+02
-2.310939084638865211e+02
-2.267925075189264703e+02
-2.194412103324313250e+02
-2.091571145702614558e+02
-1.967241897202775363e+02
-1.835039726947150598e+02
-1.711063744710708363e+02
-1.609447576399382740e+02
-1.538501573825614059e+02
-1.498857288720641918e+02
-1.484153476700174394e+02
-1.483823790732218129e+02
-1.486758683708114859e+02
-1.484328956081450315e+02
-1.471742949636501407e+02
-1.447763240335056025e+02
-1.413689053355886074e+02
-1.372557995758646427e+02
-1.328820621330201561e+02
-1.288048389149920467e+02
-1.256184968929150330e+02
-1.238329974205813215e+02
-1.237462334404020510e+02
-1.253547930360422811e+02
-1.283317997336133374e+02
-1.320878452386505160e+02
-1.359132240886413570e+02
-1.391654258506192718e+02
-1.414346283901879815e+02
-1.426214257427293148e+02
-1.428992537015660105e+02
-1.425869712350255440e+02
-1.419973517019527662e+02
-1.413359081932181880e+02
-1.406962632143799112e+02
-1.401443564836425821e+02
-1.398321773393195144e+02
-1.400622966636036608e+02
-1.412421741820531906e+02
-1.437042905331997247e+02
-1.474172652395871523e+02
-1.516760303422470315e+02
-1.549101118798253651e+02
-1.547416520722706252e+02
-1.483436368209700333e+02
-1.330300190253773565e+02
-1.069104413029190823e+02
-6.940653728035883319e+01
-2.146911866622139797e+01
3.456172069802586577e+01
9.539383887877519896e+01
1.573756029867889765e+02
2.170806544026600022e+02
2.717543146811880206e+02
3.195520581136388500e+02
3.595649120848325992e+02
3.916774101549207217e+02
4.163283913860566372e+02
4.342377166539186533e+02
4.461426137283931439e+02
4.525902225021009144e+02
4.538503191880002987e+02
4.499918647067727875e+02
4.410918526350002367e+02
4.274685105039711743e+02
4.098155299886931289e+02
3.891666604421246802e+02
3.667001687239932721e+02
3.434613285753623586e+02
3.201199217761472369e+02
2.968716553696629035e+02
2.735253452064645217e+02
2.497201611792623623e+02
2.251535952944687722e+02
1.997136012605191127e+02
1.734826887199041892e+02
1.466642136628503010e+02
1.195172473016757948e+02
9.235558484881818231e+01
6.559926973201059752e+01
3.982004178954541374e+01
1.572647124121311357e+01
-5.926358311445248717e+00
-2.447897400787667266e+01
-3.951506376284703492e+01
-5.096049090386443936e+01
-5.909126120509144187e+01
-6.443958280494344137e+01
-6.762574631869786401e+01
-6.917698251536823761e+01
-6.941333210767547257e+01
-6.846067797976287750e+01
-6.638095875483534769e+01
-6.333493600684109026e+01
-5.968009843621177879e+01
-5.596011810134463360e+01
-5.280433791131642352e+01
-5.078315840345804588e+01
-5.026960421866232309e+01
-5.135952472530587443e+01
-5.388886648368428212e+01
-5.753858714835406829e+01
-6.196406688364761806e+01
-6.687913234369089821e+01
-7.207594290437579332e+01
-7.741964061107390194e+01
-8.286191055390723648e+01
-8.847054764871936072e+01
-9.442971754496159065e+01
-1.009750994439897624e+02
-1.082797752053255067e+02
-1.163501569786255061e+02
-1.249883896788939524e+02
-1.338393361340251602e+02
-1.425027969735035640e+02
-1.506683907939103904e+02
-1.582156763380739051e+02
-1.652261249637389540e+02
-1.718939761664265689e+02
-1.783856896978345219e+02
-1.847362275370396674e+02
-1.908498765679020721e+02
-1.966060350011500475e+02
-2.020017817603668675e+02
-2.072318503694801848e+02
-2.126263616797245959e+02
-2.184271801409790896e+02
-2.244593575083285657e+02
-2.298195065784248641e+02
-2.327343831821485765e+02
-2.307098081773393119e+02
-2.209832746733119109e+02
-2.011622198922065650e+02
-1.698487235187224940e+02
-1.270609118588451452e+02
-7.433852614762460576e+01
-1.451825038354650843e+01
4.875446788114045660e+01
1.116588178382013297e+02
1.708290927745501335e+02
2.238242703964549207e+02
2.693111831561287772e+02
3.069306227856362739e+02
3.369453552882825988e+02
3.598548374860023387e+02
3.761395284958877596e+02
3.861892565023158568e+02
3.903633686098270346e+02
3.890903527837944011e+02
3.829354195158975926e+02
3.726053721078957324e+02
3.588934304682287575e+02
3.425873105207787148e+02
3.243753447097511184e+02
3.047879966189068455e+02
2.842006467279574053e+02
2.628961734355450517e+02
2.411530390343046690e+02
2.193053744292972738e+02
1.977308427252191336e+02
1.767610205542264339e+02
1.565598272324647837e+02
1.370443010801814978e+02
1.179043405232209096e+02
9.872644755038790265e+01
7.917771337289092060e+01
5.918360525165682162e+01
3.903659990123443890e+01
1.939527299361177270e+01
1.167992757995886421e+00
-1.468851057625071732e+01
-2.739875533962569421e+01
-3.655852967410482535e+01
-4.222644241341400573e+01
-4.488859579892747576e+01
-4.530976180966105460e+01
-4.431849028415938818e+01
-4.259348964376120961e+01
-4.052589948171429057e+01
-3.821571343667881848e+01
-3.561210681804477929e+01
-3.274059250709446900e+01
-2.990268022788900026e+01
-2.772328442513607172e+01
-2.698694244703612455e+01
-2.832220652606109468e+01
-3.188907707430620064e+01
-3.723606677513002694e+01
-4.341646595081651583e+01
-4.932828629760934547e+01
-5.413153793778525369e+01
-5.755615605323406925e+01
-5.996563021557243189e+01
-6.215958739243676234e+01
-6.502166450660082830e+01
-6.918345535096560184e+01
-7.485251098389065305e+01
-8.186022550673615683e+01
-8.987261646273329063e+01
-9.862843028713386673e+01
-1.080653213353961348e+02
-1.182712496341352448e+02
-1.293075863166104682e+02
-1.410193596375666800e+02
-1.529425590065962979e+02
-1.643644186864377446e+02
-1.745281547385593512e+02
-1.829143653491630630e+02
-1.894859861471068712e+02
-1.947735307444105501e+02
-1.997242348724641658e+02
-2.053343558839547427e+02
-2.121815497416260143e+02
-2.200222201160258635e+02
-2.275990008920862522e+02
-2.327343831821485765e+02
-2.326979598683103632e+02
-2.247559800651520732e+02
-2.067682697260728730e+02
-1.776940114482761430e+02
-1.378887914154485088e+02
-8.911560829405841844e+01
-3.426135712810979328e+01
2.316347044774076380e+01
7.959987062199733998e+01
1.319380573194827093e+02
1.778289094303428328e+02
2.157742013372026122e+02
2.450363488399773075e+02
2.654542444019143659e+02
2.772517505594821614e+02
2.808948666326442662e+02
2.770178753648589236e+02
2.664079930432117180e+02
2.500147606793080399e+02
2.289408394048687398e+02
2.043784016564846695e+02
1.774786111645056792e+02
1.491787358324137642e+02
1.200528397856354843e+02
9.027179714148215339e+01
