-3.514558875174628838e+01
-8.030023962216834121e+00
1.426092864619588596e+01
2.814589079324903764e+01
3.210914788903523487e+01
2.683576115487793601e+01
1.472594325125612613e+01
-9.707479813672890145e-01
-1.709839298829444587e+01
-3.134019495167650149e+01
-4.258496762011706238e+01
-5.087435798684674637e+01
-5.703529180507907625e+01
-6.218692659895692287e+01
-6.730831808218812284e+01
-7.298589261536541528e+01
-7.936976042624424110e+01
-8.628895205877476826e+01
-9.343342498092373205e+01
-1.005157718805830172e+02
-1.073633389250485664e+02
-1.139314556583106821e+02
-1.202525407177171672e+02
-1.263517661489002819e+02
-1.321773501909591459e+02
-1.375958516548462285e+02
-1.424669418590964085e+02
-1.467518346212305858e+02
-1.505735319221549560e+02
-1.541712019571684493e+02
-1.577640879613615539e+02
-1.614104693569754545e+02
-1.649584031514873175e+02
-1.681233240195207657e+02
-1.706406379500978971e+02
-1.723990071970403619e+02
-1.734874524077378624e+02
-1.741506044096134076e+02
-1.746915097818616971e+02
-1.753714889086255937e+02
-1.763432089809595595e+02
-1.776349150049827870e+02
-1.791875236132799785e+02
-1.809262649304396859e+02
-1.828266398467169438e+02
-1.849303349692240204e+02
-1.872940261150993706e+02
-1.898991293288374607e+02
-1.925834763270328551e+02
-1.950509426826745880e+02
-1.969692942386963352e+02
-1.981096082182428688e+02
-1.984537874871984968e+02
-1.982141868431770888e+02
-1.977491864855948336e+02
-1.973917649120589886e+02
-1.972303451229826408e+02
-1.969044830925718657e+02
-1.954945870859158958e+02
-1.915682073176596418e+02
-1.833930325410533158e+02
-1.692692603817683903e+02
-1.478982012030140538e+02
-1.186930757069320350e+02
-8.194711191904328018e+01
-3.880469040103540124e+01
8.963989977482476945e+00
5.931647764111430376e+01
1.103018818183181793e+02
1.603198476507757277e+02
2.082193931537892979e+02
2.532589345496557485e+02
2.949916384079293721e+02
3.331366370076045769e+02
3.674750117889861372e+02
3.977955738859609482e+02
4.239046242896834542e+02
4.456901248094336552e+02
4.632005115100764101e+02
4.766922773213307210e+02
4.866310854812682010e+02
4.936637996134325590e+02
4.985741358151249756e+02
5.022060377777599456e+02
5.053315986655747452e+02
5.084713301810409121e+02
5.117213280896141896e+02
5.146697102917003122e+02
5.164655147843743634e+02
5.160355696482224630e+02
5.123715095766168588e+02
5.047850171159014963e+02
4.930609202214207016e+02
4.774838411505635349e+02
4.587454924699437697e+02
4.377628449827578265e+02
4.154630602326063809e+02
3.926097419958886690e+02
3.697350708145556268e+02
3.471947606853067327e+02
3.252968300554133521e+02
3.044106258549960558e+02
2.849767845061479079e+02
2.674131584616177406e+02
2.519887062135233577e+02
2.387471581201047570e+02
2.275056735674063475e+02
2.178971052766536332e+02
2.094153057055735303e+02
2.014531834107084762e+02
1.933572341431571147e+02
1.845255855880739659e+02
1.745422207402682204e+02
1.632984926793646991e+02
1.510403324052680034e+02
1.383053346713249709e+02
1.257628318707390065e+02
1.140142676815366514e+02
1.034268206695306702e+02
9.405605257378800843e+01
8.567549333865318317e+01
7.789176927924697225e+01
7.030149168302654061e+01
6.264156408679335186e+01
5.488502636235446630e+01
4.724384742612446075e+01
4.007475537291807655e+01
3.373184815999856312e+01
2.842934578666105949e+01
2.415499755129714288e+01
2.064413381204538211e+01
1.741918918522104320e+01
1.390360747610175451e+01
9.595941286815730109e+00
4.243368254413184104e+00
-2.069079675332034185e+00
-8.963011902373295925e+00
-1.592325517951368852e+01
-2.248950582812440757e+01
-2.840208929865463006e+01
-3.366025212034315928e+01
-3.849473584217193434e+01
-4.327378599956537641e+01
-4.836294554494159570e+01
-5.397253867041231956e+01
-6.005198429646006275e+01
-6.629094116432358419e+01
-7.224034900825378713e+01
-7.749705330950041571e+01
-8.185793498168862925e+01
-8.537416548132162575e+01
-8.829936295215176756e+01
-9.097409870305651225e+01
-9.369971850287680581e+01
-9.664510489473806842e+01
-9.981754941515018231e+01
-1.031068040164153103e+02
-1.063772628713195729e+02
-1.095576294098047754e+02
-1.126843772567076485e+02
-1.158926638488204048e+02
-1.193815367686768809e+02
-1.233753734365949413e+02
-1.280711859355535296e+02
-1.335513943423413252e+02
-1.396815176956647520e+02
-1.460650869667238112e+02
-1.521284675029159530e+02
-1.573364774019773904e+02
-1.614466380177853466e+02
-1.646679116872818440e+02
-1.676271655255227984e+02
-1.711323375802023747e+02
-1.758049679530753906e+02
-1.817065199186857285e+02
-1.880933709959999760e+02
-1.934018062209662503e+02
-1.954945870859158958e+02
-1.921148557033196766e+02
-1.814165777934261428e+02
-1.624063235236083074e+02
-1.351537483203514967e+02
-1.007216580119393257e+02
-6.086991440192116443e+01
-1.765553769425407893e+01
2.693445534773697148e+01
7.122074558290663049e+01
1.139194900370592620e+02
1.541269671014613891e+02
1.912606003750698278e+02
2.249836574128393636e+02
2.551190985904925128e+02
2.815717675873123085e+02
3.042936485405269877e+02
3.233086146953968409e+02
3.387720767800109343e+02
3.510145857921070274e+02
3.605270250627822293e+02
3.678789489340560976e+02
3.735964738386396675e+02
3.780434798181993301e+02
3.813488059450852461e+02
3.834096395423540571e+02
3.839756427288286886e+02
3.827790401897958645e+02
3.796447470698697089e+02
3.745192939150024358e+02
3.673993792442990980e+02
3.581994573911355246e+02
3.466452721268232153e+02
3.322840436272696252e+02
3.146441503548273886e+02
2.934846330555214990e+02
2.690081378447397924e+02
2.419192256994376464e+02
2.132943685639537819e+02
1.843331758590704510e+02
1.561088601368710442e+02
1.294087704065146056e+02
1.046922577433752224e+02
8.213772683794103102e+01
6.172429195050386852e+01
4.330239462930491356e+01
2.664183092448953971e+01
1.147293960383699840e+01
-2.469799358232322106e+00
-1.542091501878798709e+01
-2.760127561135070451e+01
-3.927220882796557788e+01
-5.077080448452578310e+01
-6.246580609096568537e+01
-7.463156249219834137e+01
-8.731022289297644079e+01
-1.002499696502253386e+02
-1.129570731632672391e+02
-1.248351620690755226e+02
-1.353536182146405906e+02
-1.441864454159969000e+02
-1.512760694603457807e+02
-1.568041229709735376e+02
-1.610938164470593392e+02
-1.645022972394571070e+02
-1.673568817154861108e+02
-1.699484770829969875e+02
-1.725534432149870838e+02
-1.754398792818154504e+02
-1.788277962684187514e+02
-1.828037992435999399e+02
-1.872255383674150835e+02
-1.916724938990306555e+02
-1.954945870859158958e+02
-1.979762943087602878e+02
-1.985825041727628104e+02
-1.972053683267920690e+02
-1.943124015537884475e+02
-1.909203976709888479e+02
-1.883828669288322430e+02
-1.880481817148636594e+02
-1.908846196215498310e+02
-1.971735174087308451e+02
-2.063616899277144796e+02
-2.171380389181772443e+02
