1.703939932995086792e+01
-1.872573688780642698e+01
-5.010843691086883211e+01
-7.399210881609148771e+01
-8.922821459665833288e+01
-9.662499700248315548e+01
-9.829377310300260717e+01
-9.668593146117957815e+01
-9.370944328107401589e+01
-9.021567815274892155e+01
-8.596222006978750585e+01
-7.997111832042543256e+01
-7.108563940140273019e+01
-5.850504882837414300e+01
-4.212537340004997333e+01
-2.260401705059732436e+01
-1.170346918975221362e+00
2.071343919553333279e+01
4.170857210019315175e+01
6.086272445622403637e+01
7.771446359054884567e+01
9.222627190734436908e+01
1.045917015531079244e+02
1.150119989814688353e+02
1.235458893656418553e+02
1.300885558858919353e+02
1.344643674965989248e+02
1.365708622941664316e+02
1.365049892901966473e+02
1.346229112220985087e+02
1.315151316285607095e+02
1.279061610701414224e+02
1.245063519629576234e+02
1.218576513374553372e+02
1.202229030348596552e+02
1.195537807031618911e+02
1.195337751291364583e+02
1.196593480230379924e+02
1.193226781662593226e+02
1.178862050589243182e+02
1.147620617310468702e+02
1.095079338331500338e+02
1.019271843892987590e+02
9.213606155290528932e+01
8.056012075693803354e+01
6.785230904646913075e+01
5.476354251540585949e+01
4.201327291167684308e+01
3.019572022397863620e+01
1.973367368607826222e+01
1.087287656729978735e+01
3.700370198449209003e+00
-1.831745041171926935e+00
-5.889526907027081037e+00
-8.745771564330432568e+00
-1.075830217108449993e+01
-1.232195190172628152e+01
-1.379640692026174165e+01
-1.543504196945382390e+01
-1.734532172706617459e+01
-1.949115606329234396e+01
-2.172279601986134878e+01
-2.382046949333504315e+01
-2.555900468426564487e+01
-2.680205455341417675e+01
-2.759971399633705502e+01
-2.822923562631860506e+01
-2.913021651948632496e+01
-3.074393305243077634e+01
-3.332995401631239929e+01
-3.685559307610312629e+01
-4.101821409573788912e+01
-4.538898904601118289e+01
-4.960302481987309875e+01
-5.349934649332366376e+01
-5.714242648317397766e+01
-6.071921733179512159e+01
-6.437325089148359325e+01
-6.807412849675621658e+01
-7.160015591056426842e+01
-7.464258840656388827e+01
-7.696673119399265772e+01
-7.853604433574750487e+01
-7.953400105127600739e+01
-8.027789735917252756e+01
-8.107230465901281491e+01
-8.207642152806971581e+01
-8.325005179008265088e+01
-8.439797070821697389e+01
-8.527740703310865911e+01
-8.570788752386357601e+01
-8.563820435217877503e+01
-8.515582790403796309e+01
-8.444679930155038505e+01
-8.372891273577013749e+01
-8.318865873997950189e+01
-8.294573656763839153e+01
-8.304890817250038992e+01
-8.348905114598440491e+01
-8.421459710786491826e+01
-8.514652305541618205e+01
-8.619455491421672377e+01
-8.726710463164161524e+01
-8.826292916282025658e+01
-8.904775507637315002e+01
-8.944426658782877837e+01
-8.927258357019741197e+01
-8.844960705761339170e+01
-8.709965039461336289e+01
-8.559480995784267066e+01
-8.447325112539147085e+01
-8.425843852584789317e+01
-8.526333634556077357e+01
-8.746973957245828046e+01
-9.052513765335072549e+01
-9.383310141011286021e+01
-9.667333573089455001e+01
-9.829377310300260717e+01
-9.795386900037910038e+01
-9.493979166911283585e+01
-8.859777698670303892e+01
-7.842406082328470518e+01
-6.420668889578736582e+01
-4.616334995575271449e+01
-2.499945686569400038e+01
-1.835125752329594739e+00
2.199886010725215613e+01
4.523890538891296842e+01
6.694017111044762203e+01
8.660068294223530927e+01
1.041118796431361204e+02
1.195741522922213562e+02
1.330793664402416994e+02
1.445694197893766386e+02
1.538311440867648514e+02
1.606147822896571711e+02
1.648052148878253433e+02
1.665560291966870636e+02
1.663195312417825562e+02
1.647570359797710466e+02
1.625684823863666395e+02
1.603134913147297027e+02
1.582926638163384041e+02
1.565228756549136619e+02
1.547970234931963773e+02
1.527915483818279370e+02
1.501812833463636707e+02
1.467304735107836962e+02
1.423390984571219917e+02
1.370349213239672395e+02
1.309203275306126386e+02
1.241046163300506464e+02
1.166599895178793815e+02
1.086217485843815354e+02
1.000223723245549508e+02
9.093217991766474029e+01
8.148657984305977209e+01
7.189503791942101429e+01
6.243241448760743140e+01
5.341068829218805547e+01
4.513036769643436941e+01
3.782259590324358101e+01
3.160708184786688335e+01
2.648950695225384422e+01
2.239775875148662720e+01
1.922829583283005306e+01
1.687091008677670700e+01
1.520544810275510095e+01
1.408901507481504467e+01
1.335252247438832640e+01
1.280932300636911769e+01
1.226820402276585753e+01
1.154525353867734871e+01
1.047544169286116400e+01
8.926166957416242553e+00
6.811638681425550956e+00
4.105029833948490747e+00
8.472505228939271049e-01
-2.846976030523529211e+00
-6.786733808594504147e+00
-1.071106951269058527e+01
-1.431143154843398868e+01
-1.727766399894654370e+01
-1.936782196408810108e+01
-2.048796650156222299e+01
-2.075345917425357101e+01
-2.049726390901914641e+01
-2.020128074480039260e+01
-2.035922595239745547e+01
-2.132191160422928533e+01
-2.319385698880083169e+01
-2.582437192936260928e+01
-2.888805465830225572e+01
-3.201300807462220632e+01
-3.490345084934408959e+01
-3.741409354632136797e+01
-3.955947053159241733e+01
-4.146959131204747706e+01
-4.331869020439661000e+01
-4.525193748899818047e+01
-4.732563205487556246e+01
-4.947137510664541082e+01
-5.149573076836355767e+01
-5.312535108438733999e+01
-5.409388467344307827e+01
-5.424477745220993796e+01
-5.361064858838540914e+01
-5.243645130505323948e+01
-5.113371357800728845e+01
-5.017539216231998722e+01
-4.996092718743258132e+01
-5.069613808573841141e+01
-5.233369759331179694e+01
-5.459893098562354652e+01
-5.708861388123468572e+01
-5.939823576580052134e+01
-6.122664875314404753e+01
-6.242939637009776987e+01
-6.302463851464364097e+01
-6.317279825269074678e+01
-6.314443868610781152e+01
-6.327709892884482912e+01
-6.392108293789777207e+01
-6.538410759341273604e+01
-6.788620373919420103e+01
-7.152367747846048474e+01
-7.623011020697323659e+01
-8.172912481873689217e+01
-8.749735911603605132e+01
-9.277725725086132513e+01
-9.666992872908036816e+01
-9.829377310300260717e+01
-9.694988767566785270e+01
-9.222941979045182848e+01
-8.403341757345317831e+01
-7.252317138442872135e+01
-5.804522593723405066e+01
-4.106695962964976587e+01
-2.213463772240764271e+01
-1.854442360031220538e+00
1.910220881920875868e+01
3.997790564274452407e+01
5.992521704000306215e+01
7.805769887285312336e+01
9.356144678502688805e+01
1.058237848759163455e+02
1.145164817077646120e+02
1.195988630216955357e+02
1.212559436223381937e+02
1.198198045538436816e+02
1.157187277186024090e+02
1.094656209591972384e+02
1.016612199886651098e+02
9.297523885079384343e+01
8.408812847618132480e+01
7.560815066380868643e+01
6.799464158123778645e+01
6.151016003734770266e+01
5.620610803186859528e+01
5.193469775592589599e+01
4.837942348696675054e+01
4.510111669327060469e+01
