1.982735177326981102e+01
7.065168833576797169e+01
1.128396721030707823e+02
1.400494073957542867e+02
1.497254808363422001e+02
1.431901783130495005e+02
1.245863435021728662e+02
9.925099158040671909e+01
7.214675231062807370e+01
4.679386353370240670e+01
2.488052161960440856e+01
6.491019666384477915e+00
-9.272126509809051953e+00
-2.356492532055666089e+01
-3.723858052054417556e+01
-5.058361805198547501e+01
-6.338568358727049912e+01
-7.518473152244068558e+01
-8.558396323345658629e+01
-9.447352280318818885e+01
-1.020886920017804442e+02
-1.088904240167001092e+02
-1.153272164208106005e+02
-1.215938261351441128e+02
-1.275119443566923252e+02
-1.326004703315905431e+02
-1.363031145851288102e+02
-1.382610150756809730e+02
-1.385062959256504485e+02
-1.375043767721434449e+02
-1.360443037496166880e+02
-1.350256962586532836e+02
-1.352064071696604515e+02
-1.369732585047548810e+02
-1.401992513349044884e+02
-1.442499923872320551e+02
-1.481693462010214830e+02
-1.509950644540067515e+02
-1.520748624166938612e+02
-1.512471120002043392e+02
-1.488323898140436654e+02
-1.454806831999099188e+02
-1.419602111878416792e+02
-1.389573626344353556e+02
-1.369290381974542470e+02
-1.360328239696055164e+02
-1.361458713229271211e+02
-1.369578920313154242e+02
-1.380976497251565718e+02
-1.392469282981642493e+02
-1.402133184692672501e+02
-1.409525125050874976e+02
-1.415427656641539613e+02
-1.421318035849810428e+02
-1.428952408064763517e+02
-1.440317106569094108e+02
-1.457681337853574064e+02
-1.483172243602755316e+02
-1.517730311021649356e+02
-1.560127849308591408e+02
-1.606997130762225368e+02
-1.654166015727031152e+02
-1.698638061319512929e+02
-1.740043997044583932e+02
-1.780586227268196353e+02
-1.823180801312608139e+02
-1.868297236233481726e+02
-1.910618343660060248e+02
-1.936929180550426679e+02
-1.926441853045112964e+02
-1.853989443196266507e+02
-1.695432717979000756e+02
-1.433746887618769108e+02
-1.063962649437705466e+02
-5.954443402325992452e+01
-5.075100006925126195e+00
5.386380365172460927e+01
1.138432034921676745e+02
1.717612286859283586e+02
2.252861421223231559e+02
2.730534460874173419e+02
3.146207302811171758e+02
3.502374680995215499e+02
3.805191848976727442e+02
4.061303861101952180e+02
4.275619191893249535e+02
4.450365666381152892e+02
4.585269200015603701e+02
4.678527989728011676e+02
4.728308716289782296e+02
4.734448541855293797e+02
4.699838584921466236e+02
4.630861986125273688e+02
4.536525222481745914e+02
4.426485190484208943e+02
4.308689221301021917e+02
4.187510129253593050e+02
4.063042072123545267e+02
3.931796719611569415e+02
3.788597099784832380e+02
3.629110941717582364e+02
3.452205844398337149e+02
3.261216695406124018e+02
3.063500156052048737e+02
2.868354550588438769e+02
2.684123241930144559e+02
2.515619626175095505e+02
2.362841928870806498e+02
2.221445232004467698e+02
2.084740652771538407e+02
1.946387889206091018e+02
1.802800870341080213e+02
1.654534677444893305e+02
1.506212766578273090e+02
1.364869568976254470e+02
1.237125424623174297e+02
1.126227648324567383e+02
1.030251860479429808e+02
9.423926481770750740e+01
8.533589113978437979e+01
7.548723199344958346e+01
6.427533693865649411e+01
5.183374069589941513e+01
3.877496620378285286e+01
2.594757344264247934e+01
1.413406962994537253e+01
3.812352941040217047e+00
-4.951384214004903583e+00
-1.248747186693516653e+01
-1.942970224726353479e+01
-2.657229846220566571e+01
-3.468734895422420550e+01
-4.432743024647101038e+01
-5.565929086128156200e+01
-6.837563970545221537e+01
-8.172402796672452041e+01
-9.467651155624804460e+01
-1.062130892022238982e+02
-1.156181412433193998e+02
-1.226653274274251828e+02
-1.276262179142595983e+02
-1.311259885051900937e+02
-1.339223772309501044e+02
-1.366914182791094845e+02
-1.398821219977619421e+02
-1.436684303588767762e+02
-1.479926907514150400e+02
-1.526645924239064982e+02
-1.574576451535367028e+02
-1.621504692499255214e+02
-1.665033258151636062e+02
-1.702151144045711533e+02
-1.729282709992316143e+02
-1.743195047665161326e+02
-1.742522001019694642e+02
-1.729153116249307516e+02
-1.708717622301578842e+02
-1.689824491311962049e+02
-1.682194779207151214e+02
-1.694069668895281779e+02
-1.729370716295663613e+02
-1.785195380838696053e+02
-1.850360527113847695e+02
-1.905693670667119193e+02
-1.926441853045112964e+02
-1.886542240078979660e+02
-1.763841196438095267e+02
-1.544978333853174206e+02
-1.228538703721313254e+02
-8.255071752244236905e+01
-3.568781874597920023e+01
1.507138541609857896e+01
6.698120741166675884e+01
1.175984236298609176e+02
1.650026786796483691e+02
2.078648475196016818e+02
2.454146001477740526e+02
2.773568222309565385e+02
3.037679769099523241e+02
3.249856809603423358e+02
3.414999265916518425e+02
3.538624342198826298e+02
3.626294018446432119e+02
3.683299933944022087e+02
3.714325494808157941e+02
3.722915980800252100e+02
3.710940201466613075e+02
3.678445820337921077e+02
3.624125071185631555e+02
3.546184373133044119e+02
3.443178440953535073e+02
3.314503024084467029e+02
3.160526095917924181e+02
2.982509231436670234e+02
2.782457314549656644e+02
2.562935660358692758e+02
2.326858674503731095e+02
2.077323494036400575e+02
1.817609152474157952e+02
1.551351800071989544e+02
1.282712792524058045e+02
1.016317384902162786e+02
7.569244143734249519e+01
5.089700615923099747e+01
2.761351073988535632e+01
6.101146794882190250e+00
-1.350577817865398700e+01
-3.118759095508898582e+01
-4.700558112961418544e+01
-6.106508881043000514e+01
-7.349460261887691104e+01
-8.444059149689044830e+01
-9.406467558473234192e+01
-1.025348408924761401e+02
-1.100145983929739089e+02
-1.166615096113483787e+02
-1.226441313953666850e+02
-1.281714078263730698e+02
-1.335081131858424044e+02
-1.389444584488713303e+02
-1.447136221150639699e+02
-1.508973403057053986e+02
-1.573864378153026848e+02
-1.639332074284785108e+02
-1.702610698169713146e+02
-1.761512941424764449e+02
-1.814550028228147767e+02
-1.860511935419221743e+02
-1.898153181126915285e+02
-1.926441853045112964e+02
-1.945265132747097709e+02
-1.955987241874307756e+02
-1.961193376958886461e+02
-1.963452794365143461e+02
-1.963679354284037117e+02
-1.960102739371474740e+02
-1.948690410447082968e+02
-1.925144573105638983e+02
-1.887635087589865179e+02
-1.838781634845155395e+02
-1.785635323162680947e+02
-1.737474779849046627e+02
-1.702417912147117534e+02
-1.684467059869722334e+02
-1.682378891089899753e+02
-1.690819675801334370e+02
-1.703114815145245302e+02
-1.714117171852453794e+02
-1.721680875027185209e+02
-1.725997144597021986e+02
-1.727330871600321416e+02
-1.723792964309786271e+02
-1.710873146640097104e+02
-1.683311998447954636e+02
-1.638301921295217483e+02
-1.578149190914745077e+02
-1.510862900250257610e+02
-1.448197067231054120e+02
-1.401773965521526293e+02
-1.378692697857439668e+02
-1.378367528518857341e+02
-1.392120968325708645e+02
