2.545584258203752448e+00
-6.176184532027863838e+01
-1.196060173976924546e+02
-1.663600204160874796e+02
-2.002299202454557019e+02
-2.222753696119954725e+02
-2.355254152598073460e+02
-2.436403253856298079e+02
-2.496343499537048558e+02
-2.550377004907825835e+02
-2.596450824721775916e+02
-2.617867279656646247e+02
-2.589389260106545407e+02
-2.484717951439412218e+02
-2.283675832916619868e+02
-1.977801836195542364e+02
-1.573308051477634422e+02
-1.090685454505215404e+02
-5.609018164696126973e+01
-1.907497793543788234e+00
5.026039518167689124e+01
9.805791950459166628e+01
1.402645681363394488e+02
1.767215043359881577e+02
2.080005116736376181e+02
2.349844829451490398e+02
2.585176329679973151e+02
2.792064430249510565e+02
2.973767774371428914e+02
3.131512027827757265e+02
3.265853529254187038e+02
3.377839903434101529e+02
3.469333149307018971e+02
3.542449008223368310e+02
3.598634117168209627e+02
3.638022675173995140e+02
3.659460135714408580e+02
3.661207028996707322e+02
3.641986104301023488e+02
3.601856917662548767e+02
3.542485759571726476e+02
3.466614897775117470e+02
3.376801172759023189e+02
3.273825465553892968e+02
3.155501325719682200e+02
3.016607059730416722e+02
2.850193624443235194e+02
2.649918871505191191e+02
2.412680485832775616e+02
2.140691382477619982e+02
1.842267888991382563e+02
1.531069521590027591e+02
1.224128899700307613e+02
9.392764160294514397e+01
6.923855013020379090e+01
4.946704915491994825e+01
3.504160460534639299e+01
2.557652150318953232e+01
1.990870465854694515e+01
1.629823368822739127e+01
1.275306499994773546e+01
7.412407325142194026e+00
-1.087080687271445356e+00
-1.333632610829801024e+01
-2.903058152512333834e+01
-4.703509330769374230e+01
-6.564250065760754183e+01
-8.298047558881810914e+01
-9.748378778529591671e+01
-1.083096817676597539e+02
-1.155635524627639654e+02
-1.202420667173742856e+02
-1.239026390340273451e+02
-1.281838913593105929e+02
-1.343544084757644157e+02
-1.430254190978082249e+02
-1.540728316191631393e+02
-1.667436160693613090e+02
-1.798940916454480430e+02
-1.923016610418487176e+02
-2.029817449148595188e+02
-2.114265003583944349e+02
-2.176863772349522606e+02
-2.222649800979452266e+02
-2.258785504931211676e+02
-2.291925323984963825e+02
-2.326453750437681833e+02
-2.364050106248885754e+02
-2.404237006208231264e+02
-2.445193778836257934e+02
-2.484339748711603875e+02
-2.518699537456479334e+02
-2.545381715211565847e+02
-2.562374204304413183e+02
-2.569440282457012472e+02
-2.568615802284729170e+02
-2.563905406294251748e+02
-2.560135153886814692e+02
-2.561337278149666190e+02
-2.569358547971501707e+02
-2.583368867359757814e+02
-2.600485823695375416e+02
-2.617093978272942536e+02
-2.630040989424068130e+02
-2.636888774399495219e+02
-2.634742786471182967e+02
-2.617867279656646247e+02
-2.575181930390458547e+02
-2.489286953786898948e+02
-2.338260612630907644e+02
-2.100274008805145058e+02
-1.759684809421528371e+02
-1.312552845569357771e+02
-7.696662100433641740e+01
-1.559823207385839794e+01
4.934976043403110424e+01
1.140346558160492521e+02
1.749990060759467951e+02
2.297617338111108154e+02
2.771272237494964656e+02
3.171737404257156072e+02
3.509728626726198399e+02
3.801359049534408427e+02
4.063058409407183262e+02
4.307285518702644254e+02
4.540184461226756412e+02
4.761588706344102775e+02
4.966785455103843674e+02
5.148901325324778782e+02
5.301035124359823385e+02
5.417948781770313644e+02
5.497473784298533701e+02
5.541518786044168792e+02
5.556161691924157822e+02
5.550438792846196066e+02
5.534127054640566712e+02
5.515368280018760743e+02
5.498847685004918731e+02
5.484664918744372244e+02
5.467740120468237137e+02
5.437897778777441999e+02
5.381229838410706634e+02
5.283257630513542153e+02
5.133569805595329854e+02
4.930477624645741344e+02
4.683578366465375780e+02
4.412568529575138996e+02
4.142231570983168467e+02
3.895428678628136367e+02
3.686925567622790254e+02
3.520371198209436443e+02
3.389167503418747174e+02
3.280343948782635835e+02
3.179623092373458348e+02
3.075799764558107654e+02
2.963139371383527418e+02
2.841423235759821182e+02
2.714211299023153288e+02
2.586472358502319366e+02
2.462668669396021812e+02
2.345786687702483277e+02
2.237137527109082100e+02
2.136445986879818406e+02
2.041920716326463889e+02
1.950373992731370265e+02
1.857614175875429225e+02
1.759156827480480274e+02
1.651086513267240434e+02
1.530896635930003242e+02
1.398228825004516693e+02
1.255393682992968252e+02
1.107389223371376090e+02
9.611039124080402019e+01
8.236756658718930169e+01
7.004234061385851362e+01
5.930760802672131149e+01
4.990553984495873863e+01
4.122902603388848775e+01
3.254276866629322740e+01
2.325710663858123439e+01
1.313069890343277279e+01
2.307596474568612166e+00
-8.824846527704664823e+00
-1.987881909967089200e+01
-3.067620026974472580e+01
-4.131288071420922847e+01
-5.205382607214247059e+01
-6.313497484109217339e+01
-7.459331969228071557e+01
-8.622071019631457034e+01
-9.766734983670522752e+01
-1.086423590196578743e+02
-1.191022530879960755e+02
-1.293205098507355615e+02
-1.398036981625604085e+02
-1.511085997051958429e+02
-1.636502178849174243e+02
-1.775644167967064391e+02
-1.926445152207560341e+02
-2.083423739504176524e+02
-2.238178436425529867e+02
-2.380252937255656889e+02
-2.498243145792067139e+02
-2.580890442668714968e+02
-2.617867279656646247e+02
-2.600160866528419206e+02
-2.520236521246939674e+02
-2.372292604457179550e+02
-2.152655976265005506e+02
-1.860475898730244353e+02
-1.498990942990278370e+02
-1.077343416151079794e+02
-6.120975727019532542e+01
-1.270359564756940074e+01
3.496710522814723276e+01
7.903951812919673614e+01
1.173353797146162805e+02
1.486421367788252041e+02
1.728335533155899952e+02
1.907220942956153351e+02
2.037205396795107788e+02
2.134299514701513658e+02
2.212635952883377968e+02
2.281856599909586407e+02
2.346105623041166552e+02
2.404711098570496404e+02
2.454147243657392323e+02
2.490413043952153771e+02
2.510841718567812677e+02
2.514679707210922004e+02
2.502362397260736770e+02
2.474012682829151117e+02
2.428068817675132891e+02
2.360859294552123799e+02
2.267335699298339762e+02
2.142467203785785728e+02
1.982554122737017224e+02
1.786030896885313837e+02
1.553791164649253176e+02
1.289268606792594767e+02
9.983848153618518495e+01
6.892338867810761371e+01
3.712822901880159066e+01
5.408159529918663111e+00
-2.541314399387327683e+01
-5.474318347859520628e+01
-8.225296062727043989e+01
-1.078468751217327082e+02
-1.315854798437157740e+02
-1.535775205201553888e+02
-1.738727822140865840e+02
-1.924051116633152105e+02
-2.090202791800943203e+02
-2.235691200294594410e+02
-2.359991358760069886e+02
-2.463872093519189548e+02
-2.549096986381169927e+02
-2.617867279656646247e+02
-2.672367639186473411e+02
-2.714567454525550261e+02
-2.746264211659288321e+02
-2.769227270979612285e+02
