-2.565654088975364999e+01
-5.078650790249254499e+01
-7.297963374592927721e+01
-9.020407232707805179e+01
-1.019061994400249063e+02
-1.089555606262178031e+02
-1.130845510148621003e+02
-1.161169715916599472e+02
-1.193246724595767603e+02
-1.231441482779202659e+02
-1.272994501131502290e+02
-1.312061276623215349e+02
-1.344354838483093317e+02
-1.370207517036169520e+02
-1.394771549565928410e+02
-1.425466383605691760e+02
-1.468058326183249562e+02
-1.523363672686424479e+02
-1.586201687535727842e+02
-1.647080180217598411e+02
-1.695812790740893661e+02
-1.725473108542820739e+02
-1.735044591573818309e+02
-1.729742457538181100e+02
-1.718972464121465578e+02
-1.712841145925782200e+02
-1.718640255305620315e+02
-1.738601020185334960e+02
-1.769595670684685160e+02
-1.804698028148829678e+02
-1.835901908960086075e+02
-1.857015733782447739e+02
-1.865818775013716788e+02
-1.864810323240947980e+02
-1.860212936855505745e+02
-1.859434330370078499e+02
-1.867914750652757050e+02
-1.886738058167316296e+02
-1.912142701596385166e+02
-1.937183759944059602e+02
-1.954733300642776896e+02
-1.960378348926611807e+02
-1.953965159878178213e+02
-1.939317250548055256e+02
-1.922407957245423802e+02
-1.908670093169450581e+02
-1.900278004523529489e+02
-1.894224438965979402e+02
-1.881782530992724674e+02
-1.849545527405509802e+02
-1.781822450608556494e+02
-1.663824416808005253e+02
-1.484837296822843768e+02
-1.240505788361212751e+02
-9.335886881765515000e+01
-5.731232493732922251e+01
-1.725590608820614591e+01
2.523286435837071195e+01
6.851406016935871435e+01
1.109977563543057073e+02
1.512174037884726943e+02
1.879025763627727770e+02
2.200793160752011204e+02
2.471886418522747988e+02
2.691752064434193699e+02
2.864904683163339314e+02
2.999853009448877970e+02
3.107132729441940455e+02
3.196968622260483812e+02
3.277109561965824582e+02
3.351241672757075207e+02
3.418287317953048614e+02
3.472845664744451142e+02
3.506843755416228987e+02
3.512044712640675925e+02
3.482603172694273326e+02
3.416751100912919696e+02
3.317087587527955179e+02
3.189558371263140089e+02
3.041670298295224484e+02
2.880647224553285923e+02
2.712123834357922760e+02
2.539676339130846543e+02
2.365147259384326901e+02
2.189461788959570470e+02
2.013503216324296261e+02
1.838653030833650064e+02
1.666825217870996596e+02
1.500119593498415043e+02
1.340388758869075900e+02
1.188978631199712623e+02
1.046751880226755418e+02
9.143330997549047368e+01
7.923698092963292083e+01
6.815707752387001506e+01
5.824357719728087801e+01
4.948238159156932170e+01
4.175930789136891974e+01
3.484180392431593276e+01
2.837610517244788610e+01
2.190510717952503938e+01
1.492652728854667288e+01
7.001809541719449470e+00
-2.107674973749141145e+00
-1.233080621324031867e+01
-2.326134698770432152e+01
-3.424991916579046602e+01
-4.459806445855770107e+01
-5.378810134282559829e+01
-6.165754130143264433e+01
-6.844304728632211265e+01
-7.466955643549346178e+01
-8.092736281416581789e+01
-8.763406187063917230e+01
-9.488260502805886176e+01
-1.024253634178071337e+02
-1.097805560606152540e+02
-1.164154190035884255e+02
-1.219540525262073061e+02
-1.263469477189968870e+02
-1.299271559785987904e+02
-1.333030484457573834e+02
-1.371150470721751162e+02
-1.417674853416339715e+02
-1.472675478692498530e+02
-1.532416044797909365e+02
-1.591017819796249739e+02
-1.642677355635807146e+02
-1.683462013958787225e+02
-1.712189823263423420e+02
-1.730395254181350424e+02
-1.741590036814336315e+02
-1.750085837532168398e+02
-1.759741327202823697e+02
-1.773028767264388819e+02
-1.790645401346673964e+02
-1.811629228881833171e+02
-1.833763126898122948e+02
-1.854056382995359797e+02
-1.869300468691762660e+02
-1.876909635790129300e+02
-1.876084033318999786e+02
-1.868802603805961269e+02
-1.859887545212909004e+02
-1.855747831998709501e+02
-1.862070439161798276e+02
-1.881236158836711638e+02
-1.910422219803894563e+02
-1.941140615967906626e+02
-1.960378348926611807e+02
-1.952864143532426624e+02
-1.903684901376630023e+02
-1.800609455398397643e+02
-1.635777982819939496e+02
-1.406653741772933870e+02
-1.116273740734395119e+02
-7.729158456378799258e+01
-3.892827621000873251e+01
1.876593842863250927e+00
4.338751707467012864e+01
8.390566826018610413e+01
1.219471259783164356e+02
1.563887101163508930e+02
1.865634926872493793e+02
2.122848242630169580e+02
2.337762464835658136e+02
2.515124497456101551e+02
2.660297172572247177e+02
2.777929814024922734e+02
2.871685184398095316e+02
2.944700472289664503e+02
2.999966461045651727e+02
3.040097701772990035e+02
3.066668408423154233e+02
3.079657768328405041e+02
3.077349691345638689e+02
3.056677654490589475e+02
3.013883588401952238e+02
2.945410262081527435e+02
2.848940156494659277e+02
2.724404659001598361e+02
2.574738022146013350e+02
2.406154095548180862e+02
2.227696944532911800e+02
2.049848480958714276e+02
1.882303735703260941e+02
1.731596689710519570e+02
1.599608490194161732e+02
1.483716231092024032e+02
1.378555893401570529e+02
1.278583876705071702e+02
1.180297286102338319e+02
1.083238839976256003e+02
9.895549823794361544e+01
9.025439025861363973e+01
8.250103344869813782e+01
7.581849316625773838e+01
7.015591449812822589e+01
6.534945253073468052e+01
6.121259411312666288e+01
5.760008028723049023e+01
5.440924098984072543e+01
5.152163599698484830e+01
4.872798511290628909e+01
4.569804401647527214e+01
4.203937765908497681e+01
3.743631636778996352e+01
3.179837408815588162e+01
2.532166883004630620e+01
1.840788711292180935e+01
1.147033074227846683e+01
4.724772582681778132e+00
-1.929101359603077270e+00
-8.878733418617287043e+00
-1.663729572397257783e+01
-2.562324197512079849e+01
-3.597319837459304637e+01
-4.745440617536628736e+01
-5.949314398000581150e+01
-7.129682154827756335e+01
-8.203338508252413419e+01
-9.102649444927507716e+01
-9.791560972737963198e+01
-1.027303451466824242e+02
-1.058548210040663093e+02
-1.078974198413150418e+02
-1.095079589384882155e+02
-1.111937441882661943e+02
-1.131894376847605912e+02
-1.154286128566183294e+02
-1.176316592903574900e+02
-1.194713022516767467e+02
-1.207374155278731394e+02
-1.214268613319074461e+02
-1.217283424990951630e+02
-1.219265438678788058e+02
-1.222839256226812807e+02
-1.229582848468895406e+02
-1.239849907069864656e+02
-1.253163786696339912e+02
-1.268885771288182838e+02
-1.286837976148477480e+02
-1.307704576320710430e+02
-1.333239809839627128e+02
-1.366340065673271056e+02
-1.410800878788913337e+02
-1.470414242219942196e+02
-1.547317900952532170e+02
-1.640025388074088823e+02
-1.741889540659223883e+02
-1.840684290253171866e+02
-1.919695474971633473e+02
-1.960378348926611807e+02
-1.946209646481062236e+02
-1.866764605807761370e+02
-1.720583270917206846e+02
-1.515556816264756321e+02
-1.266481979198596690e+02
-9.906399096131683280e+01
-7.031127815173243789e+01
-4.136503599304296586e+01
-1.262011162730145308e+01
