-4.710299177273356719e+01
-1.180658427172240437e+02
-1.802571240322298820e+02
-2.272591616917438557e+02
-2.564986750992405860e+02
-2.693539799214277082e+02
-2.700786761413620525e+02
-2.641093062628185635e+02
-2.564220515827262261e+02
-2.504544108242544098e+02
-2.477988949209139093e+02
-2.485385459812167710e+02
-2.518816190176721079e+02
-2.567477605298523144e+02
-2.621145116885049333e+02
-2.671235931577780320e+02
-2.710664993594588168e+02
-2.733860983372778719e+02
-2.737624020496448907e+02
-2.722428533206505108e+02
-2.693022653873827039e+02
-2.657356690397515422e+02
-2.623920243116098163e+02
-2.598697315836710686e+02
-2.583314588233954510e+02
-2.575329717064391843e+02
-2.570436269833810456e+02
-2.565352409329427132e+02
-2.559843060399689705e+02
-2.556835813444072869e+02
-2.560626948199776507e+02
-2.574173617488876857e+02
-2.596912740591691318e+02
-2.624224167373237151e+02
-2.648790943896325416e+02
-2.663221596860293516e+02
-2.662807839220290589e+02
-2.647303461796847159e+02
-2.621057988822036009e+02
-2.591541998224942063e+02
-2.566896781470517226e+02
-2.553321264847999146e+02
-2.552934695733910075e+02
-2.562482468781038278e+02
-2.573035132751135166e+02
-2.570731212976902498e+02
-2.538607588683690039e+02
-2.459395491225252499e+02
-2.318634476676526504e+02
-2.106959904044456380e+02
-1.820687491599090890e+02
-1.460906809344902513e+02
-1.032291395644666494e+02
-5.428446154780615274e+01
-4.850986621158099865e-01
5.638262738251447104e+01
1.139466146156533171e+02
1.694229804578773724e+02
2.200013806662856553e+02
2.633530185558839776e+02
2.981040040305011871e+02
3.241081690442052832e+02
3.424142284676620989e+02
3.549238757706249885e+02
3.638379702774202542e+02
3.710558260633841883e+02
3.777069217750370171e+02
3.839502478192785020e+02
3.890901555817493431e+02
3.919565023769899881e+02
3.914106247588084670e+02
3.867941096353055173e+02
3.781540718779220924e+02
3.661633825649863638e+02
3.517857225615888979e+02
3.358518553804686917e+02
3.187444020859722968e+02
3.003187120408437067e+02
2.800721159211302620e+02
2.574775752825937616e+02
2.323473731053169331e+02
2.050871786809759385e+02
1.767365517476764012e+02
1.487670959894006728e+02
1.227082457110281837e+02
9.974897739979297739e+01
8.047189881975170067e+01
6.480097235999589600e+01
5.212804851866570743e+01
4.150511808622971444e+01
3.180639822929268945e+01
2.185621956060866466e+01
1.059175421187308075e+01
-2.698434077891917582e+00
-1.812742221413693855e+01
-3.509664227871785158e+01
-5.241628837326003776e+01
-6.863731670154959374e+01
-8.247202278721817947e+01
-9.315673929663627462e+01
-1.006480013445917905e+02
-1.056050986006889190e+02
-1.091783646325956028e+02
-1.126843879408611429e+02
-1.172839152101790035e+02
-1.237597591710285911e+02
-1.324312765289577101e+02
-1.431852651816994353e+02
-1.555761579030051109e+02
-1.689438818442980050e+02
-1.825151530226574437e+02
-1.954901774056731369e+02
-2.071393575617648253e+02
-2.169203225300876738e+02
-2.245913930288857330e+02
-2.302705157919273518e+02
-2.343900148036257178e+02
-2.375448089568441503e+02
-2.403013652901536830e+02
-2.430571635247474660e+02
-2.459905740272729417e+02
-2.490828918506698528e+02
-2.521853693843827386e+02
-2.551176325707310468e+02
-2.577748691186496899e+02
-2.602008320657558329e+02
-2.625857234569921275e+02
-2.651788688290390041e+02
-2.681493249319686356e+02
-2.714590373223974211e+02
-2.748121397736990730e+02
-2.777099709051877880e+02
-2.795952581301954751e+02
-2.800331230910456384e+02
-2.788627975597038926e+02
-2.762682554407973043e+02
-2.727540666277122909e+02
-2.690480818894965864e+02
-2.659588384632189673e+02
-2.642030047768715235e+02
-2.642182855659918346e+02
-2.659966213507931343e+02
-2.689855375921821974e+02
-2.720890275385963264e+02
-2.737624020496448907e+02
-2.721708844264111349e+02
-2.653872653007924782e+02
-2.516211986855454370e+02
-2.294736179460509788e+02
-1.981880139000465704e+02
-1.578480266691797169e+02
-1.094678763657875606e+02
-5.493996987248583252e+01
3.170242293270696621e+00
6.196695165142747896e+01
1.186551258780485796e+02
1.709590293130264058e+02
2.173889622889771545e+02
2.572595710163960234e+02
2.904964344492026385e+02
3.173870175202346786e+02
3.384225150649922398e+02
3.542578018098127473e+02
3.657100313718651137e+02
3.737036740211680694e+02
3.791336478657960356e+02
3.826909206674192774e+02
3.847250640453170831e+02
3.852020072619029634e+02
3.837731013578403463e+02
3.799212904895520069e+02
3.731206725635426551e+02
3.629669009670972173e+02
3.492860020094634592e+02
3.322418027700025505e+02
3.124109748625027692e+02
2.907426634826163081e+02
2.683556362466948144e+02
2.462475878723981850e+02
2.250838442222554363e+02
2.051945580489550309e+02
1.867677890250028554e+02
1.700973613876074637e+02
1.557159500393545670e+02
1.443174609586150439e+02
1.364933128886220288e+02
1.324076958793252743e+02
1.315690110256799414e+02
1.328103437756494429e+02
1.345055386197484495e+02
1.349649069528441032e+02
1.328955508469082929e+02
1.277770150713909203e+02
1.200110003860698669e+02
1.107757612804646783e+02
1.016277036496906305e+02
9.398384729016092365e+01
8.865499044701770970e+01
8.558563713508138449e+01
8.389658565289043679e+01
8.222151851379051379e+01
7.921518056779379435e+01
7.404189493974274683e+01
6.665684604129729962e+01
5.776879955139644807e+01
4.850758524797272031e+01
3.995916391500333731e+01
3.278629462504360959e+01
2.708246593054537854e+01
2.247091821704969661e+01
1.835570841684292986e+01
1.420091018530291471e+01
9.736995334916866085e+00
5.031348355548555418e+00
3.975939726305739441e-01
-3.830122865975500446e+00
-7.565397584384662366e+00
-1.114449881195069736e+01
-1.529361608634703629e+01
-2.086594809344129686e+01
-2.845294055522537491e+01
-3.806756106637178050e+01
-4.908551432650136803e+01
-6.049707852293768440e+01
-7.134333996416101797e+01
-8.110337925542684445e+01
-8.983177113942829806e+01
-9.799376408561403196e+01
-1.061175703324959727e+02
-1.144793408493496258e+02
-1.229996308581357880e+02
-1.313830009824588103e+02
-1.393773900525710872e+02
-1.469802339990474138e+02
-1.544941365659980477e+02
-1.624468612175617750e+02
-1.714452525458002867e+02
-1.820210339235908918e+02
-1.944924450713465660e+02
-2.088414216488582724e+02
-2.246014900858144188e+02
-2.407701552923317649e+02
-2.557925056062376825e+02
-2.676801596430404402e+02
-2.742972323122868374e+02
-2.737624020496448907e+02
-2.648385842369860939e+02
-2.471789788255333633e+02
-2.213785650103384910e+02
-1.888738648277322909e+02
-1.517650217267731136e+02
-1.125961751652316138e+02
-7.408315044454498377e+01
-3.877546036495711235e+01
-8.676691890076554614e+00
1.510629670241366895e+01
3.257033130093098805e+01
4.474956338354650853e+01
5.332090381727291373e+01
5.999117553441155337e+01
6.592791813562422476e+01
7.151498844898669915e+01
