-4.576649803649252135e+01
-4.934195913771995734e+00
2.997950355576296744e+01
5.468614762331471013e+01
6.750101403523142096e+01
6.939660483547606873e+01
6.327619603630560619e+01
5.286145252679510520e+01
4.160857853243302884e+01
3.194847554480418950e+01
2.497770816547758699e+01
2.057074338104615663e+01
1.778039744037937453e+01
1.535622841206651401e+01
1.222542056953168199e+01
7.820709221265111921e+00
2.188563610158897887e+00
-4.127789615123495182e+00
-1.036139480075073571e+01
-1.582694287790821797e+01
-2.014151819226609774e+01
-2.330565320095137594e+01
-2.565483556727390280e+01
-2.772267950408765103e+01
-3.006278288236591578e+01
-3.308018373151601565e+01
-3.692441320168448726e+01
-4.147660383198559941e+01
-4.642220452715708490e+01
-5.136472965523976342e+01
-5.593054484202011167e+01
-5.983850357713728840e+01
-6.293665663841934332e+01
-6.521801738155853911e+01
-6.681692123267855266e+01
-6.797695954957806919e+01
-6.898897925893841432e+01
-7.011763750444183074e+01
-7.154714606432506230e+01
-7.336969278737493028e+01
-7.561657163929152148e+01
-7.830363488008279660e+01
-8.144649167592811523e+01
-8.501119020931452042e+01
-8.880054951173322308e+01
-9.231754505477033490e+01
-9.467670721748099538e+01
-9.463567842284767551e+01
-9.077941765789549322e+01
-8.182144658151193539e+01
-6.693152031840897109e+01
-4.598928521278942583e+01
-1.969237076625511662e+01
1.051002655024789512e+01
4.264540340881023184e+01
7.455838054860235786e+01
1.042844160136850888e+02
1.303643530667542905e+02
1.520198735635709113e+02
1.691512055489299087e+02
1.821749361932353963e+02
1.917692617851031969e+02
1.986194287064289199e+02
2.032480508283419169e+02
2.059719812761610171e+02
2.069659171635179007e+02
2.063670460477829351e+02
2.043520816916416436e+02
2.011531070714800080e+02
1.970211645953888819e+02
1.921717479742640933e+02
1.867493974786214608e+02
1.808331968177579370e+02
1.744789967875882439e+02
1.677718202684499715e+02
1.608539931102164360e+02
1.539029785412071192e+02
1.470561744008493577e+02
1.403112230866416894e+02
1.334542081558722089e+02
1.260691948263829403e+02
1.176543252983029930e+02
1.078190358815386958e+02
9.648779939192365873e+01
8.401752562212885778e+01
7.116282706342592235e+01
5.888671242402633510e+01
4.808509566624179143e+01
3.933529937359176643e+01
3.276840913353058227e+01
2.810809263028481553e+01
2.484270712666518932e+01
2.244072154690689658e+01
2.051208445846277328e+01
1.886156357682402529e+01
1.744169561420587655e+01
1.625484824411753593e+01
1.526097373135983482e+01
1.432876301823475629e+01
1.324234071961015147e+01
1.175612150007773771e+01
9.676059803854847985e+00
6.935326176987006264e+00
3.632864188994819443e+00
1.608594460391188363e-02
-3.591144969762371630e+00
-6.891646500523016527e+00
-9.708458403356377886e+00
-1.202935645621882799e+01
-1.398600563679621445e+01
-1.578273693425062163e+01
-1.761101557901829295e+01
-1.958571670095231099e+01
-2.172010617878483174e+01
-2.393355634693521949e+01
-2.607820440011806795e+01
-2.797880090677835341e+01
-2.948518989787697819e+01
-3.052784329431601407e+01
-3.115441306179481984e+01
-3.152423671519647286e+01
-3.185226240251627416e+01
-3.232105781565478253e+01
-3.300643255964480716e+01
-3.386320663557958710e+01
-3.478096119907426953e+01
-3.567175151377000475e+01
-3.653286524863291618e+01
-3.744858751096673899e+01
-3.853521787544869426e+01
-3.986762692250122342e+01
-4.143578845129463417e+01
-4.315936122440608358e+01
-4.494849780224869562e+01
-4.676779693351890899e+01
-4.866217389524693715e+01
-5.073358085888084190e+01
-5.308686781485008055e+01
-5.577258270486127856e+01
-5.875010878984241458e+01
-6.188498208414954149e+01
-6.497754889127591582e+01
-6.780234322759473287e+01
-7.013890353460077165e+01
-7.179854032674927566e+01
-7.266729765691442822e+01
-7.276490480573544062e+01
-7.228033182220437425e+01
-7.153566515563628059e+01
-7.087380205549793288e+01
-7.052734109224508074e+01
-7.054838714366043462e+01
-7.083934703434579205e+01
-7.125524125931040942e+01
-7.170245004023479396e+01
-7.216932722500335728e+01
-7.268108630305961526e+01
-7.323006772039124712e+01
-7.374598188462633175e+01
-7.413168127555591980e+01
-7.433809578136421692e+01
-7.443007810621779186e+01
-7.460650802449130481e+01
-7.515991507106105018e+01
-7.638160557777902682e+01
-7.844064714692738960e+01
-8.128442178784382577e+01
-8.461146158859268951e+01
-8.794564357814198274e+01
-9.079680544162802391e+01
-9.284309758024163273e+01
-9.404619998986017038e+01
-9.463567842284767551e+01
-9.496176093060527990e+01
-9.527652795579385270e+01
-9.552995787870506206e+01
-9.525514438144585938e+01
-9.358369020893455570e+01
-8.938921706948231360e+01
-8.151704767488425318e+01
-6.903681848384179887e+01
-5.145899835151165291e+01
-2.887560032041181302e+01
-2.002498863188900913e+00
2.788869120492125475e+01
5.914403602815080063e+01
8.996920724118348289e+01
1.186764720116223799e+02
1.438792940586881173e+02
1.646139638383271517e+02
1.804025393444343024e+02
1.912743036987743892e+02
1.977374291137685987e+02
2.006739019724786885e+02
2.011501541709916978e+02
2.001835900933834864e+02
1.985401481493101414e+02
1.966316365939824209e+02
1.945385775240061150e+02
1.921299947666149137e+02
1.892165533572913318e+02
1.856757539733744693e+02
1.815149832154847900e+02
1.768624461794696003e+02
1.718918007058628348e+02
1.667085549086489777e+02
1.612524105865616662e+02
1.552728837998582776e+02
1.484008796321577108e+02
1.402859621424167358e+02
1.307330001151813690e+02
1.197752682666283874e+02
1.076616875371766469e+02
9.478642423723009358e+01
8.161281438999930060e+01
6.862620814598648167e+01
5.631392309244177596e+01
4.514806435585748545e+01
3.555064627033636526e+01
2.783882907901900694e+01
2.216497433525135463e+01
1.847428224589667423e+01
1.650066085856721898e+01
1.580894851709737026e+01
1.587421530759619515e+01
1.617691236932772370e+01
1.629022824710416728e+01
1.594010094442321801e+01
1.502684366791298842e+01
1.360840451998272727e+01
1.185288375244323333e+01
9.969329700642724390e+00
8.128143595254186948e+00
6.389414986528972662e+00
4.658819804740932824e+00
2.679882721210633534e+00
6.127847097180261215e-02
-3.660148386187578318e+00
-8.916615714856892083e+00
-1.597507286581859276e+01
-2.480600014927174612e+01
-3.501054169301686159e+01
-4.585389421268678234e+01
-5.641556592712728246e+01
-6.581965288952214621e+01
-7.347179694370876746e+01
-7.921472036971482567e+01
-8.333103217488974224e+01
-8.637786899089459780e+01
-8.891579280049681699e+01
-9.124970708145782794e+01
-9.329645584135795389e+01
-9.463567842284767551e+01
-9.471913718179203556e+01
-9.314423288632055176e+01
-8.986946461113956275e+01
-8.527770339308689529e+01
-8.006139616731965702e+01
-7.497620457468056543e+01
-7.055993904882549828e+01
-6.693114750507332644e+01
-6.375733662049427153e+01
