-4.686665665473138631e+01
-4.962742569016717908e+01
-5.304772176047400478e+01
-5.750330099859309740e+01
-6.296832578103422406e+01
-6.905559073052076258e+01
-7.521773183166368426e+01
-8.101316752213988082e+01
-8.630598541271749014e+01
-9.129910546013280737e+01
-9.638489260158594618e+01
-1.018931836908683408e+02
-1.078683903715991050e+02
-1.139896708168093085e+02
-1.196760950091698845e+02
-1.243258344111651184e+02
-1.275681810937413019e+02
-1.294034860130044535e+02
-1.301746236515563453e+02
-1.304043236208735266e+02
-1.305826160603410244e+02
-1.309771642585118911e+02
-1.314988674454276634e+02
-1.316317270486198368e+02
-1.304409232682976381e+02
-1.266792756882936146e+02
-1.189960990768379077e+02
-1.062220407794254129e+02
-8.767684495869148975e+01
-6.342501962292200801e+01
-3.439042643692497592e+01
-2.263589467453935189e+00
3.078925565181437918e+01
6.252234083534072795e+01
9.099024116830648268e+01
1.148237571482692800e+02
1.333629769246590513e+02
1.466417817642742989e+02
1.552437990450612801e+02
1.600777216759526880e+02
1.621397166573175070e+02
1.623275691608548641e+02
1.613426807910062735e+02
1.596749154875905390e+02
1.576331642436281300e+02
1.553788078096779941e+02
1.529413799153792013e+02
1.502298084585734728e+02
1.470733094714329354e+02
1.433111089599779575e+02
1.389031605378535801e+02
1.339950160315515575e+02
1.288800823622176495e+02
1.238586134263324112e+02
1.190561174035439365e+02
1.142957475023403191e+02
1.090981877399679263e+02
1.028187839205681797e+02
9.487072821476724016e+01
8.496191091531113670e+01
7.327959993277509909e+01
6.056277580660332660e+01
4.801153173377849726e+01
3.702031813502964042e+01
2.878832160849292876e+01
2.392913736821554593e+01
2.223351663986978366e+01
2.269955953687129124e+01
2.383589755792410969e+01
2.411885513084403243e+01
2.242105734444014331e+01
1.826391130239452920e+01
1.184350028659525833e+01
3.867791792306842780e+00
-4.714897538611629635e+00
-1.300965584767007854e+01
-2.041282326878076248e+01
-2.673594028625189978e+01
-3.219177543903252570e+01
-3.725843972067725218e+01
-4.247231753809559507e+01
-4.822333251693827094e+01
-5.462860015083671783e+01
-6.153020862673205471e+01
-6.860106856448463475e+01
-7.548354431181692803e+01
-8.187910895662567157e+01
-8.756468419413359072e+01
-9.237645668114342357e+01
-9.621123312535051753e+01
-9.905424128341495305e+01
-1.010063398000266375e+02
-1.022841780070420157e+02
-1.031887281901382778e+02
-1.040522712709503708e+02
-1.051717427528001707e+02
-1.067336701596834700e+02
-1.087515361592371193e+02
-1.110571886575178553e+02
-1.133762173935904656e+02
-1.154632441211530534e+02
-1.172208707658903251e+02
-1.187306630845941697e+02
-1.201882571130381905e+02
-1.217989140870705711e+02
-1.236962072164385233e+02
-1.258967534845429981e+02
-1.282557723578975413e+02
-1.303954068193522176e+02
-1.316317270486198368e+02
-1.309666421422915619e+02
-1.271959061783773137e+02
-1.191297947334168299e+02
-1.058705392931689886e+02
-8.706520405656117134e+01
-6.305865905248852243e+01
-3.490177160840657677e+01
-4.211998253405684345e+00
2.707977251890027759e+01
5.704097304049327022e+01
8.404255530793498963e+01
1.069885722457532324e+02
1.254121471719214753e+02
1.394184193136559315e+02
1.495093399130488194e+02
1.563609489529401912e+02
1.606243856239720174e+02
1.628019065069255475e+02
1.632218178424718360e+02
1.621011931693132340e+02
1.596506867729617341e+02
1.561597502405723787e+02
1.520111852377345372e+02
1.476072019537787128e+02
1.432360775250278664e+02
1.389483263716640522e+02
1.345151461864958264e+02
1.295017539084548446e+02
1.234285865220808489e+02
1.159487443245970582e+02
1.069621280382981183e+02
9.661846897373843035e+01
8.521957145821239976e+01
7.308678282873805188e+01
6.047613578858533145e+01
4.758554820433389665e+01
3.463533364265157388e+01
2.196030709176937279e+01
1.004497109301860824e+01
-5.433564564063373403e-01
-9.314680596741048646e+00
-1.602992010179523419e+01
-2.077508075034863921e+01
-2.387847367361521478e+01
-2.572631874996197965e+01
-2.660333353370503318e+01
-2.665286318670244725e+01
-2.595498367186911892e+01
-2.464738268699723633e+01
-2.300832012884362499e+01
-2.146317128955129405e+01
-2.051893866340749639e+01
-2.065166731263397892e+01
-2.218227615524277851e+01
-2.518893048752463670e+01
-2.950289179383310767e+01
-3.480043388294964757e+01
-4.074874657056987814e+01
-4.712697401619116988e+01
-5.385319211591768607e+01
-6.090145683311865810e+01
-6.815835383032407435e+01
-7.530565757726492393e+01
-8.180570577200802518e+01
-8.701993819964594934e+01
-9.042896326648647687e+01
-9.186381901282895512e+01
-9.163403453363780216e+01
-9.047891102751869141e+01
-8.935874506459585120e+01
-8.917771469532628714e+01
-9.054131694474283165e+01
-9.361587255956463594e+01
-9.811937982624318977e+01
-1.034417584031022841e+02
-1.088568278425345710e+02
-1.137556051332406639e+02
-1.178188503025991878e+02
-1.210641806674685910e+02
-1.237495533061213564e+02
-1.261771519493339042e+02
-1.284861086881538483e+02
-1.305197272881728452e+02
-1.318061364659785681e+02
-1.316317270486198368e+02
-1.291524318092173189e+02
-1.235020487937007374e+02
-1.139023060985583271e+02
-9.980237501552352342e+01
-8.104180678038659380e+01
-5.797399323972135221e+01
-3.147513305478736356e+01
-2.817314210244324713e+00
2.654387420310299106e+01
5.518125501002915456e+01
8.183576203561997886e+01
1.054641135644114200e+02
1.252389157537024005e+02
1.405748389116363057e+02
1.512125392809689686e+02
1.573089240307367049e+02
1.594384864844675178e+02
1.584532104916049775e+02
1.552454735594560020e+02
1.505337517068734314e+02
1.447874820123269615e+02
1.383211951656222993e+02
1.314742158889638688e+02
1.247329519499488271e+02
1.186934426702573688e+02
1.138711713962224366e+02
1.104620285427496782e+02
1.081829822123650473e+02
1.062776144578667328e+02
1.036994841129998406e+02
9.941409022586211108e+01
9.270923111657378968e+01
8.340118585702536791e+01
7.187532988936004585e+01
5.896693010083322406e+01
4.573252215715695002e+01
3.318532118161071764e+01
2.208124823567953499e+01
1.282863922192143136e+01
5.537836650487341750e+00
1.559377501027787716e-01
-3.402718619896125674e+00
-5.201204426189388386e+00
-5.316163305987522847e+00
-3.920954344961510074e+00
-1.341564334435326522e+00
1.964375364144087754e+00
5.497793025125723432e+00
8.826674808443867093e+00
1.165980114868377271e+01
1.386296407800284847e+01
1.542895558435993131e+01
1.642851771085775425e+01
1.696602000347093053e+01
1.714951743137153528e+01
1.706974323677107108e+01
1.677980557974022346e+01
1.627987535875769964e+01
1.551937910022669520e+01
1.441675194702236595e+01
1.287789991850843485e+01
1.079644360987912322e+01
8.045996506166314788e+00
4.499773629886687054e+00
1.009820892462589548e-01
-5.043744981309340680e+00
-1.061988544018890046e+01
