6.816813212320012028e+00
3.190264788778505078e+01
5.278790188061012856e+01
6.646362520941644902e+01
7.182275464669476150e+01
6.972227625028520492e+01
6.244947936854552495e+01
5.286391094637178867e+01
4.354772334972592773e+01
3.622989752732642899e+01
3.159629879589454049e+01
2.943362999440731542e+01
2.896159405083388805e+01
2.920533074883153546e+01
2.930532309159961457e+01
2.870873312808045341e+01
2.722410316918378470e+01
2.495400527292612836e+01
2.214771440977041195e+01
1.903757938233545843e+01
1.572986839388849312e+01
1.219701198922419927e+01
8.364190842519080960e+00
4.231063989248243118e+00
-4.507864451041143639e-02
-4.151686401957512373e+00
-7.712883581791475152e+00
-1.043623051532660284e+01
-1.225072845966956336e+01
-1.336479620254794298e+01
-1.420157943711861037e+01
-1.522816026409883960e+01
-1.675417904167555960e+01
-1.879799700915497240e+01
-2.108607403417280679e+01
-2.317965629201009037e+01
-2.465866980832893418e+01
-2.527764250946083635e+01
-2.504272125410064120e+01
-2.420433760606126228e+01
-2.318299385710054139e+01
-2.244891222085096416e+01
-2.238395751512655707e+01
-2.317050297009621929e+01
-2.475161839480957937e+01
-2.687482803939057163e+01
-2.919266676231861624e+01
-3.138078475388363842e+01
-3.324347165697099626e+01
-3.477883736463260078e+01
-3.617052516789642169e+01
-3.768927572018647254e+01
-3.953623543132236051e+01
-4.170543666890787904e+01
-4.394296314069023879e+01
-4.583249501729895314e+01
-4.697334011503406259e+01
-4.717152225127699694e+01
-4.655638425146052128e+01
-4.556625843443485024e+01
-4.480264343630731361e+01
-4.480893998584112836e+01
-4.586062914025023929e+01
-4.784286381719057601e+01
-5.024762916721512340e+01
-5.227421763329146387e+01
-5.299015627403221629e+01
-5.151209162339937819e+01
-4.718151602426105740e+01
-3.971534715690602724e+01
-2.930185064678866524e+01
-1.660680736091386223e+01
-2.669461845497655084e+00
1.130056740745673238e+01
2.417826971209830589e+01
3.515698859087035544e+01
4.388949466803641997e+01
5.049960036676986164e+01
5.547340381696026412e+01
5.947075761934690519e+01
6.311261582539661674e+01
6.680574129501533776e+01
7.065611197564547297e+01
7.448932146284985834e+01
7.795627358846897437e+01
8.068010800284984896e+01
8.239832043294069308e+01
8.305792936464277432e+01
8.282972811736811991e+01
8.203274920878283183e+01
8.100021961182746111e+01
7.995034834090498066e+01
7.892621928197107195e+01
7.783311982053078282e+01
7.654630116036086918e+01
7.502145733225587776e+01
7.333987343083936139e+01
7.165822825353319558e+01
7.008721187166966615e+01
6.856730922519091109e+01
6.682054581323814091e+01
6.442070752606734629e+01
6.095635008537298916e+01
5.620425021607727700e+01
5.022673499810345277e+01
4.335637364790010650e+01
3.609582820583585061e+01
2.899337238779644110e+01
2.254160490311256382e+01
1.711015339316805495e+01
1.289742307671291321e+01
9.891853614459352073e+00
7.858434573551612345e+00
6.379330478036332686e+00
4.960094702076296436e+00
3.176487063112923170e+00
8.053607441288164193e-01
-2.121841517645856712e+00
-5.370358255327259300e+00
-8.626846735972026892e+00
-1.162664545484727796e+01
-1.422551531188392993e+01
-1.640612195467552681e+01
-1.824425664371749178e+01
-1.986097614641581544e+01
-2.137852181239393801e+01
-2.289736293965652791e+01
-2.450322758331684980e+01
-2.628693241312681650e+01
-2.834176709210798251e+01
-3.072084227285026614e+01
-3.337797300712514925e+01
-3.614005923996020897e+01
-3.874379124010633291e+01
-4.092798180628042104e+01
-4.253519366066579011e+01
-4.356747341237677773e+01
-4.416660020902828876e+01
-4.453203431328530115e+01
-4.482347897886038623e+01
-4.510129978997812117e+01
-4.533214345777848564e+01
-4.544399905886484703e+01
-4.538670551558843869e+01
-4.516009716296246523e+01
-4.479973537628041669e+01
-4.433633622213528724e+01
-4.376040343554442558e+01
-4.302400511974791897e+01
-4.209001600779891561e+01
-4.100344963257165176e+01
-3.993750653677116702e+01
-3.917774219558411630e+01
-3.904225081005299813e+01
-3.977075066493332400e+01
-4.143087829816879974e+01
-4.387633421362117758e+01
-4.676111097215728307e+01
-4.959565976774239004e+01
-5.183455622788165584e+01
-5.299015627403221629e+01
-5.275667225804374993e+01
-5.111390157599554129e+01
-4.837236767530017545e+01
-4.512487412247158147e+01
-4.209123053044957885e+01
-3.988996004065199230e+01
-3.881783508177675657e+01
-3.872365905653860807e+01
-3.902003988587125605e+01
-3.882020498304004974e+01
-3.715046838978066290e+01
-3.318072418746794483e+01
-2.642321983984043499e+01
-1.685927774674706114e+01
-4.961040196700886362e+00
8.409306264263349817e+00
2.220548722878389114e+01
3.544364378391971826e+01
4.739725366224372749e+01
5.767199057569283127e+01
6.615934795931283929e+01
7.293002921568123043e+01
7.813796965873297040e+01
8.196181871171052080e+01
8.455951571510749432e+01
8.600516858031380707e+01
8.621958869411834314e+01
8.494756827711731262e+01
8.182871932831439210e+01
7.655592360081831771e+01
6.905827955750874025e+01
5.962475991666710939e+01
4.891097588644923633e+01
3.782443718059347759e+01
2.733168896280081839e+01
1.825265269170161275e+01
1.110370817509861574e+01
6.030629105702367099e+00
2.839474692168948877e+00
1.096815447287367462e+00
2.515069867618793253e-01
-2.595579729244543721e-01
-9.348737795968740105e-01
-2.157474867444223676e+00
-4.161617712424596327e+00
-7.010000990232944318e+00
-1.058171918674745804e+01
-1.458316029571195749e+01
-1.859825049886410753e+01
-2.217812669960384042e+01
-2.494250113905610178e+01
-2.665475716341767054e+01
-2.725323302357601563e+01
-2.684622925654432635e+01
-2.567873752005991861e+01
-2.406729264759136555e+01
-2.230802398554654431e+01
-2.058933996071104033e+01
-1.895089342281013955e+01
-1.730996895116994594e+01
-1.554284263537230615e+01
-1.358234027901928798e+01
-1.148480338920229826e+01
-9.436455143895370767e+00
-7.701694077789469794e+00
-6.539208682210492007e+00
-6.115190572283650816e+00
-6.439900977148806938e+00
-7.352029632042004437e+00
-8.563178648075787436e+00
-9.748456468765217764e+00
-1.064521985129569792e+01
-1.111747693976528950e+01
-1.116092443381665156e+01
-1.085403663286593456e+01
-1.028803495711592753e+01
-9.516557987328637225e+00
-8.548632476377845180e+00
-7.377027355414250920e+00
-6.011817116180805165e+00
-4.495093397909671218e+00
-2.899678623011035405e+00
-1.331180158252243562e+00
6.096385700153639231e-02
1.086235934085653776e+00
1.562028751235894131e+00
1.414435993656237178e+00
7.885072642819337396e-01
9.508801641084441147e-02
-6.053128259495174635e-02
9.388851102942972204e-01
3.497591807908149164e+00
7.625137452699788376e+00
1.285495167377788661e+01
1.828288604433006626e+01
2.272485603831261614e+01
2.497994898468810021e+01
2.415636643547669493e+01
1.997243856541986773e+01
1.291960170193768853e+01
4.203495892935487532e+00
