-1.709404053740099627e+01
5.108235964089995917e+00
2.419170460041618043e+01
3.791125210789596878e+01
4.546563382802963815e+01
4.754158515583192468e+01
4.589879853423465761e+01
4.269686851134920857e+01
3.980919880918768428e+01
3.832867061650436824e+01
3.838174921840817433e+01
3.926243277793497555e+01
3.980158309116700366e+01
3.882552856165249722e+01
3.555002522214839189e+01
2.980200895930529015e+01
2.203463510582025719e+01
1.316518250707477122e+01
4.303893556399522424e+00
-3.541476940575084331e+00
-9.700541018690238104e+00
-1.395122246750841555e+01
-1.649073606482665610e+01
-1.780595294919950078e+01
-1.851051792182147437e+01
-1.920155027553581206e+01
-2.035518221446244880e+01
-2.225730648616332985e+01
-2.496041178223336487e+01
-2.826622829711002538e+01
-3.175268428443044755e+01
-3.487055114321773885e+01
-3.710623931979026935e+01
-3.815829058629084614e+01
-3.805278791995021948e+01
-3.714942526719998028e+01
-3.604140984058589225e+01
-3.539020349655723408e+01
-3.574507187361815852e+01
-3.739043208032948229e+01
-4.025745431239330685e+01
-4.392962684931480055e+01
-4.775369352921302379e+01
-5.103423817977515142e+01
-5.325379812767319976e+01
-5.423904413533470148e+01
-5.420218807259887228e+01
-5.363185020471163966e+01
-5.307854183533710568e+01
-5.293694984545780358e+01
-5.332154209018148094e+01
-5.406305825349626559e+01
-5.478284832918899383e+01
-5.498622142593315942e+01
-5.414737235743996990e+01
-5.178892781990115424e+01
-4.756077924799419776e+01
-4.130809531395386358e+01
-3.310919621900984566e+01
-2.326554013117618069e+01
-1.223733384374403954e+01
-5.404560451347659722e-01
1.135773167480345691e+01
2.310446992213061890e+01
3.447049532173232933e+01
4.530827554624435294e+01
5.548701989038184479e+01
6.484330858798030306e+01
7.317817937324318223e+01
8.030253647701783848e+01
8.610185119249183572e+01
9.058122367966120692e+01
9.386707798122299096e+01
9.616759533963747231e+01
9.771413436193466850e+01
9.871235223834210615e+01
9.932350307683879009e+01
9.967749792969320310e+01
9.989972573784950782e+01
1.001257655528725650e+02
1.004871241430599014e+02
1.010698209750586045e+02
1.018640228345691980e+02
1.027295253338920418e+02
1.033968805422049968e+02
1.035107382052202070e+02
1.027072679100564301e+02
1.007048007623567685e+02
9.737856339383191084e+01
9.279573581216442335e+01
8.720702621561630963e+01
8.100557976389343651e+01
7.466144634047429918e+01
6.863791982114632617e+01
6.330952134240488505e+01
5.891252784728682457e+01
5.554389076963457228e+01
5.319118822154342752e+01
5.175907655985711386e+01
5.107539093477744530e+01
5.089208481891177627e+01
5.090745752918187605e+01
5.081664233186009483e+01
5.036916478422779875e+01
4.940516199808194386e+01
4.786334614397992482e+01
4.577826746528985780e+01
4.328137688515872128e+01
4.059663657435767448e+01
3.801009327670023907e+01
3.580544417550296288e+01
3.417932721108538630e+01
3.316892619068435977e+01
3.263245510620268419e+01
3.230622664056562598e+01
3.192028480325960871e+01
3.131700401343277207e+01
3.051459441337519962e+01
2.968937086962710126e+01
2.908971411110252347e+01
2.891865724669539262e+01
2.923053282605869896e+01
2.988634974026990676e+01
3.059582000368012800e+01
3.103467510031002519e+01
3.098241098172587016e+01
3.040967512533003969e+01
2.947034313311852571e+01
2.840750425685205727e+01
2.743113342331297133e+01
2.663304436794913244e+01
2.596946950149014910e+01
2.530079056631478451e+01
2.446331259576940198e+01
2.335006275548633070e+01
2.197465360198606987e+01
2.048948828283620927e+01
1.914344060280264515e+01
1.819015971325436709e+01
1.778016216297396923e+01
1.788136191406502817e+01
1.826924802086945476e+01
1.860048637948084505e+01
1.853960249609644251e+01
1.787935949730197649e+01
1.660378950036945156e+01
1.487491791692551857e+01
1.295453078814140824e+01
1.109406382982794170e+01
9.438575720296274341e+00
7.983882138690859165e+00
6.597018805425086896e+00
5.079948564614937823e+00
3.244828832787085560e+00
9.757136376733797078e-01
-1.735041600382203342e+00
-4.776735029834235036e+00
-7.935678039857648969e+00
-1.093922968127601791e+01
-1.352782943359290613e+01
-1.553452785479448295e+01
-1.693534343791953489e+01
-1.784619879601211778e+01
-1.847527843524401447e+01
-1.905980385267394439e+01
-1.980839160519370523e+01
-2.085561190525996267e+01
-2.223592943074181250e+01
-2.388854333449278045e+01
-2.569406605427673895e+01
-2.752764073374601139e+01
-2.930785420229636173e+01
-3.102459242193840083e+01
-3.273688764171500765e+01
-3.454632750885226500e+01
-3.656329024198176825e+01
-3.887612480184943564e+01
-4.151787064125151261e+01
-4.442921730051742912e+01
-4.743808605738625062e+01
-5.028068325235934566e+01
-5.266014103056658513e+01
-5.430485178733393781e+01
-5.498622142593315942e+01
-5.448800854453202902e+01
-5.255673516532656464e+01
-4.887680845181954936e+01
-4.309955187258088216e+01
-3.493138637127291446e+01
-2.425991682934460414e+01
-1.127391418048619443e+01
3.474705815987817914e+00
1.910300971450072183e+01
3.452792904910311478e+01
4.866914396476386884e+01
6.067161905895520135e+01
7.007999849350889576e+01
7.690501044307487177e+01
8.155937493185857079e+01
8.469201839222105832e+01
8.698647041886857778e+01
8.899159079277413298e+01
9.102457918042009055e+01
9.315177970578730537e+01
9.523206864987690778e+01
9.700247496312923090e+01
9.818515970579247210e+01
9.858989084063321684e+01
9.818207989884646736e+01
9.709532479068221278e+01
9.558771916013998293e+01
9.395880529494243660e+01
9.245102557150161715e+01
9.115968301919045302e+01
8.997519667680805355e+01
8.858164365506397075e+01
8.652856695847013668e+01
8.337014741862503797e+01
7.883132936569148796e+01
7.293381011681563564e+01
6.601756376187010744e+01
5.863301625122722527e+01
5.133998303544164088e+01
4.450175107076496062e+01
3.817578773379649704e+01
3.215977057849573839e+01
2.616731259271968568e+01
2.003415447873329569e+01
1.384593853430935795e+01
7.932324066217873337e+00
2.740924579124637717e+00
-1.348367452309028991e+00
-4.189190600158612554e+00
-5.946272591349790915e+00
-7.054897873719337298e+00
-8.079133871009929635e+00
-9.520890629614921608e+00
-1.165050677633638543e+01
-1.442831966830559054e+01
-1.755560102547870471e+01
-2.063275660207678541e+01
-2.334357951916408780e+01
-2.557105592867226207e+01
-2.739513054455270691e+01
-2.899264560185677198e+01
-3.050939057178319302e+01
-3.198014604447553211e+01
-3.333911025142015916e+01
-3.451088731760457762e+01
-3.552373643012929705e+01
-3.656534872856788354e+01
-3.792861218317429461e+01
-3.986566435219872062e+01
-4.243728517680733603e+01
-4.545546390326295239e+01
-4.855477734845669602e+01
-5.134091027956387165e+01
-5.352509075919219583e+01
-5.498622142593315942e+01
-5.576231231676294442e+01
-5.600502608105384184e+01
-5.592921169085499855e+01
