-5.823228548203410071e+01
-6.857318664293644872e+01
-7.768998109066329505e+01
-8.472613364875569175e+01
-8.947687780438373295e+01
-9.236927071150867619e+01
-9.423460919219147058e+01
-9.599630388028218420e+01
-9.838615257580650564e+01
-1.017513545546556344e+02
-1.059773206610068712e+02
-1.105408003202326341e+02
-1.146950349288724453e+02
-1.177454439190525193e+02
-1.193180711550974848e+02
-1.195066486098016156e+02
-1.188368432163321131e+02
-1.180781105186962208e+02
-1.180037204921627563e+02
-1.192048909280835858e+02
-1.220057506665062448e+02
-1.264478598739969897e+02
-1.322796627569365739e+02
-1.389206018794579336e+02
-1.454293956730226967e+02
-1.505330618794568238e+02
-1.527543248882127500e+02
-1.506386424558803583e+02
-1.430509906879373432e+02
-1.294819000224019021e+02
-1.102668326640322078e+02
-8.660816562700540544e+01
-6.033708270166108889e+01
-3.346831286798349936e+01
-7.716032410116688389e+00
1.583754296978071352e+01
3.681874360807890412e+01
5.541130164214424525e+01
7.208817941581885691e+01
8.734784938675113608e+01
1.015348499762037164e+02
1.147649688572112012e+02
1.269353287634694425e+02
1.377951787419033849e+02
1.470598644897600309e+02
1.545385825249701099e+02
1.602252516013764136e+02
1.643042370107064869e+02
1.670624170862595008e+02
1.687538359071259606e+02
1.694935598678975737e+02
1.692421871327364045e+02
1.678937705007564887e+02
1.654244011973636361e+02
1.620205861710373085e+02
1.581051184179798668e+02
1.542194771482650424e+02
1.507929069884945363e+02
1.479003096441694822e+02
1.451401766465367018e+02
1.417154020437960469e+02
1.366950622475059447e+02
1.293455950235964451e+02
1.193975151154477032e+02
1.071524330223650310e+02
9.340011694707264667e+01
7.918193038230181457e+01
6.549158990542250081e+01
5.302871665177561766e+01
4.209449014549713297e+01
3.264579168921321894e+01
2.444764952588030837e+01
1.723219800226168630e+01
1.079425223266109057e+01
5.001917710841560449e+00
-2.511501504557642761e-01
-5.096327046467600042e+00
-9.697655783660772855e+00
-1.421527438046671499e+01
-1.876192697048196933e+01
-2.338931064322432363e+01
-2.811404195689248908e+01
-3.296802280675611030e+01
-3.804376178360116256e+01
-4.350263326144042253e+01
-4.952938157091713833e+01
-5.624765546894998636e+01
-6.363991445015568615e+01
-7.151837126499805208e+01
-7.956586999919966274e+01
-8.742279063341419487e+01
-9.476794317057036210e+01
-1.013511519463085193e+02
-1.069766120800466638e+02
-1.114759509504417707e+02
-1.147163562561737677e+02
-1.166569923413673422e+02
-1.174233999913424782e+02
-1.173506773133705394e+02
-1.169616271695143581e+02
-1.168776438474519068e+02
-1.176894751947492495e+02
-1.198310052767379830e+02
-1.234914264540752669e+02
-1.285725994796422356e+02
-1.346752972557216594e+02
-1.411059539499020730e+02
-1.469283255416736154e+02
-1.511057953726391645e+02
-1.527543248882127500e+02
-1.514512261551963093e+02
-1.474677852860227176e+02
-1.417860148821633288e+02
-1.358516833518038140e+02
-1.311493321586017089e+02
-1.287661395420243196e+02
-1.290992816178520570e+02
-1.317856936229570124e+02
-1.358415241038898955e+02
-1.399260743938235123e+02
-1.426183485581203456e+02
-1.426243199074353925e+02
-1.388973005058469994e+02
-1.307055935150146411e+02
-1.176876400376695671e+02
-9.990332247179296132e+01
-7.785608445564959368e+01
-5.245200197191555702e+01
-2.488357170152228548e+01
3.538902966837774500e+00
3.156205361271518228e+01
5.812534352283176275e+01
8.243341835711061094e+01
1.039663224317366144e+02
1.224494797299242634e+02
1.378155625923440084e+02
1.501878669640075827e+02
1.598896113592251709e+02
1.674407589083100731e+02
1.734864509563067543e+02
1.786425083149871398e+02
1.833124193531256196e+02
1.875653277854215730e+02
1.911431858495078018e+02
1.936077310592584411e+02
1.945713269232093410e+02
1.939073511618770738e+02
1.918391919367406899e+02
1.888713468668007351e+02
1.856084981799688478e+02
1.825508629562434635e+02
1.799432646304173602e+02
1.777187330145618205e+02
1.755400281775341398e+02
1.729136043735165913e+02
1.693340144706460535e+02
1.644133266926901058e+02
1.579587121865156121e+02
1.499825243390495189e+02
1.406587491527121472e+02
1.302626233540565863e+02
1.191307723156606784e+02
1.076542075813948145e+02
9.628020366771264094e+01
8.548278120373387878e+01
7.568807124398711039e+01
6.718639649150553339e+01
6.007713915229282975e+01
5.426352749921264262e+01
4.947901415395700297e+01
4.532144773453585174e+01
4.129771090929855148e+01
3.690514295012312118e+01
3.175663254567734128e+01
2.570259216444484807e+01
1.887498432535628368e+01
1.161507603964426494e+01
4.319719376263090993e+00
-2.709857948568679120e+00
-9.343376318321578111e+00
-1.560334114333336686e+01
-2.159027176647327551e+01
-2.740801145406745576e+01
-3.313086543633321668e+01
-3.881905105819376445e+01
-4.455191299873568056e+01
-5.043600886159985208e+01
-5.657027875515143478e+01
-6.298951839372317352e+01
-6.962344978386032324e+01
-7.629239261951367723e+01
-8.273706363685990084e+01
-8.867494707578170221e+01
-9.387895766577078405e+01
-9.825961487446713249e+01
-1.019096991819392599e+02
-1.050784465569783919e+02
-1.080840656281411896e+02
-1.112068295766994481e+02
-1.146028147143372138e+02
-1.182600278848548498e+02
-1.220097154129222190e+02
-1.255966839207697774e+02
-1.287863474341194774e+02
-1.314614115601065976e+02
-1.336674325450536571e+02
-1.355946876011924758e+02
-1.375042569962936057e+02
-1.396200275591020841e+02
-1.420293158525535944e+02
-1.446434570908432420e+02
-1.472401838454659924e+02
-1.495579265613719997e+02
-1.513759244826081556e+02
-1.525166096076738995e+02
-1.527543248882127500e+02
-1.516854121561631530e+02
-1.486561745722276555e+02
-1.428198824467671386e+02
-1.333229055539999592e+02
-1.195575834270180451e+02
-1.013957182559708627e+02
-7.932189337372804516e+01
-5.440960804949085627e+01
-2.813583623925033805e+01
-2.100217571037919839e+00
2.225048668995238188e+01
4.382354065891129835e+01
6.199162873786634265e+01
7.662296204875397621e+01
8.803830515950052416e+01
9.690677243693993148e+01
1.040981209253045563e+02
1.105057320816095086e+02
1.168543170079082643e+02
1.235274726854474636e+02
1.304758225848350435e+02
1.372570874760694437e+02
1.432052987378376372e+02
1.476630492604230938e+02
1.501824414050614678e+02
1.506251240621983527e+02
1.491517188288069065e+02
1.461417381908655102e+02
1.420905228357390229e+02
1.375016541508194905e+02
1.327777324343836085e+02
1.281277843821790157e+02
1.235265538040780058e+02
1.187488639624564541e+02
1.134675655347535610e+02
1.073758760059913442e+02
1.002926299291694647e+02
9.222432809717480495e+01
8.337223658753737254e+01
7.408319655414740623e+01
6.475992548921335867e+01
5.576518276986669065e+01
4.735174786325331553e+01
3.962547972620727421e+01
3.253344106455589468e+01
2.588098584232949051e+01
