-3.699282063607451931e+01
-7.096969399314315297e+01
-1.009708165669905213e+02
-1.240910251286880452e+02
-1.391865462967056430e+02
-1.469059167137645261e+02
-1.491938653180390020e+02
-1.485337826678278645e+02
-1.472059184727055197e+02
-1.467641579225621342e+02
-1.478283051683831957e+02
-1.501835132708676213e+02
-1.530982586632773348e+02
-1.557281702776779468e+02
-1.574650280732520571e+02
-1.581218647233480112e+02
-1.579169680938218789e+02
-1.573066764847849868e+02
-1.567737183105228951e+02
-1.566731561784411326e+02
-1.571791697957907274e+02
-1.583071763230651641e+02
-1.599587793191969354e+02
-1.619631805754915490e+02
-1.641249465944691792e+02
-1.662878344790143501e+02
-1.683927349017135100e+02
-1.704887977965344987e+02
-1.726756863605352237e+02
-1.749914812596043987e+02
-1.772815335607056966e+02
-1.790813936601965111e+02
-1.795390798272252653e+02
-1.774034765707002919e+02
-1.711145249168052658e+02
-1.590274711543461592e+02
-1.397645940450236424e+02
-1.126181408139254927e+02
-7.787309595417048058e+01
-3.692546853739706592e+01
7.858850617758228907e+00
5.351208801807881343e+01
9.696348804111076447e+01
1.355471076970431454e+02
1.674030262106755629e+02
1.916890293792087050e+02
2.085710053745548862e+02
2.190184644242598040e+02
2.244806001591600761e+02
2.265409366494650101e+02
2.266362356611837470e+02
2.258858897369215413e+02
2.250317715743672409e+02
2.244565710654774762e+02
2.242410102588520999e+02
2.242304434741275259e+02
2.240964485775344031e+02
2.233925504407092433e+02
2.216121908601752750e+02
2.182569961860468482e+02
2.129141342253431048e+02
2.053312624653726459e+02
1.954733930356782139e+02
1.835453768708624125e+02
1.699643299856175815e+02
1.552776642808968575e+02
1.400501794034110503e+02
1.247685426257805545e+02
1.098046703862004989e+02
9.543959196954995150e+01
8.190860290602044813e+01
6.942111599981296877e+01
5.813723070138594551e+01
4.811939736198289808e+01
3.929416506995277558e+01
3.145121179129237277e+01
2.428595280425027170e+01
1.747055370310641109e+01
1.072474611609449369e+01
3.858965958673739038e+00
-3.219684914097307171e+00
-1.052382084130214146e+01
-1.799979042813559715e+01
-2.552999547298753669e+01
-3.294076654487574274e+01
-4.004186097047473680e+01
-4.669917117744721224e+01
-5.290368346528758536e+01
-5.878689657135812752e+01
-6.456415449618796742e+01
-7.043770586830764557e+01
-7.651761388452456458e+01
-8.280039751873981402e+01
-8.920016280303229905e+01
-9.559411293767891493e+01
-1.018494995560345870e+02
-1.078303602721214105e+02
-1.134045178723146137e+02
-1.184645963893432707e+02
-1.229548173590793851e+02
-1.268846510510668111e+02
-1.303202210023625298e+02
-1.333613178532160077e+02
-1.361202558447506590e+02
-1.387150453915118646e+02
-1.412775121954192343e+02
-1.439624593254971501e+02
-1.469350248523430480e+02
-1.503205722659103856e+02
-1.541275453934678694e+02
-1.581839553857802514e+02
-1.621366660127689272e+02
-1.655353718872596858e+02
-1.679756823792574210e+02
-1.692413620002762400e+02
-1.693843317594539428e+02
-1.687083887660574533e+02
-1.676645116340701236e+02
-1.667034107679842805e+02
-1.661448133415472626e+02
-1.661091888154622893e+02
-1.665318869975136806e+02
-1.672533793366006023e+02
-1.681496145022021551e+02
-1.692369483646337756e+02
-1.706794985495501749e+02
-1.726642838995001341e+02
-1.751801806041227110e+02
-1.777959998608079104e+02
-1.795390798272252653e+02
-1.789293006102249421e+02
-1.741654809974810689e+02
-1.634293667997366128e+02
-1.452654572715445056e+02
-1.189772412214711750e+02
-8.494014680985770838e+01
-4.470453547724596888e+01
-8.019857517211192999e-01
4.371990678968602140e+01
8.588855755652315338e+01
1.233281942251642249e+02
1.545665386053232737e+02
1.790866411543887864e+02
1.971786009291526511e+02
2.096872043162090335e+02
2.177426636083511085e+02
2.225298257000683861e+02
2.251214133280410579e+02
2.263817353519322069e+02
2.269342837907539376e+02
2.271756472939238733e+02
2.273114629452635427e+02
2.273908093178283423e+02
2.273241551874781408e+02
2.268850105874007568e+02
2.257120614055679937e+02
2.233385997204600812e+02
2.192686706391059488e+02
2.130910112272655965e+02
2.045906268769817018e+02
1.938127976624658118e+02
1.810611338862039190e+02
1.668436886466371334e+02
1.517929041031294446e+02
1.365768042218966514e+02
1.218095399875003011e+02
1.079728237610118100e+02
9.536934079916311191e+01
8.412664373361377557e+01
7.424850325516455030e+01
6.568378900539680387e+01
5.837152666202966600e+01
5.223627008881787503e+01
4.714292018761017289e+01
4.285015248414838851e+01
3.900467644362688446e+01
3.519412684278539416e+01
3.104096727128669642e+01
2.629380177938980623e+01
2.087268780072335517e+01
1.485227520636730247e+01
8.400765809682132712e+00
1.710417885615389100e+00
-5.050889884005351327e+00
-1.175806337295207626e+01
-1.832589480411452598e+01
-2.469785618185066767e+01
-3.083557361860774648e+01
-3.671482670633554335e+01
-4.232934031607659620e+01
-4.769428311708173140e+01
-5.283787411519448796e+01
-5.778312067735238600e+01
-6.254177237723408211e+01
-6.714089116473422791e+01
-7.166832731824963787e+01
-7.628917019950698375e+01
-8.119499173342141773e+01
-8.649943315237231900e+01
-9.214026220566383074e+01
-9.785226710816201035e+01
-1.032373119513580804e+02
-1.079025573671898286e+02
-1.116011597265816420e+02
-1.143159593470164310e+02
-1.162633932637471901e+02
-1.178294290566820592e+02
-1.194668203688680137e+02
-1.215875756166310282e+02
-1.244784899771322557e+02
-1.282524531978842219e+02
-1.328334225787571938e+02
-1.379675895044716754e+02
-1.432577866715760706e+02
-1.482268682711800807e+02
-1.524187631833015928e+02
-1.555320679491178453e+02
-1.575508388840219709e+02
-1.588112121235033101e+02
-1.599471511355248197e+02
-1.617000409048714289e+02
-1.646332022534309942e+02
-1.688347386238471017e+02
-1.737054505479403019e+02
-1.779115701868813915e+02
-1.795390798272252653e+02
-1.764284872298668745e+02
-1.666159703799613396e+02
-1.487766859747133026e+02
-1.225630295778736638e+02
-8.875090645711411241e+01
-4.915061591128521457e+01
-6.303080196488146214e+00
3.695448385086373833e+01
7.793785214114797100e+01
1.144762637529030656e+02
1.451202300712288888e+02
1.691809175676665120e+02
1.866308146910940877e+02
1.979297569474701959e+02
2.038519197751582794e+02
2.053691991057335713e+02
2.035968135507156376e+02
1.997515742150242772e+02
1.950556885303143702e+02
1.905639965533826512e+02
1.869655082364031955e+02
1.844456916167508780e+02
1.826695556624296444e+02
1.808905601170187367e+02
1.781495398997898008e+02
1.735136387235534130e+02
1.663066343748800193e+02
1.562873406870584461e+02
1.437391948607235577e+02
1.294446978400070236e+02
1.145361354162862852e+02
1.002399704404013931e+02
8.756569047236104097e+01
7.702316984054621685e+01
6.846665571853075960e+01
6.113862313752353828e+01
