-4.226897072170751102e+01
-4.077342928960211310e+01
-4.050245547280152181e+01
-4.233244235831858759e+01
-4.659898994706276909e+01
-5.306693118652216157e+01
-6.105869078483894441e+01
-6.967773583818051009e+01
-7.805258289979248332e+01
-8.553543562619348961e+01
-9.181217734272671294e+01
-9.690959493977423733e+01
-1.011127955501395519e+02
-1.048273426257885745e+02
-1.084343946723505354e+02
-1.121852937419766931e+02
-1.161607944219957034e+02
-1.202916240090883093e+02
-1.244177113645633597e+02
-1.283571534667706828e+02
-1.319586944943063429e+02
-1.351213196303570214e+02
-1.377819191066033682e+02
-1.398917798853285603e+02
-1.414100832146975222e+02
-1.423275777289501036e+02
-1.427082413319531042e+02
-1.427224379558878127e+02
-1.426473384928273731e+02
-1.428213512279661472e+02
-1.435563386722500923e+02
-1.450346887982216515e+02
-1.472342871267455564e+02
-1.499147061417984332e+02
-1.526692014278308420e+02
-1.550267030226843303e+02
-1.565839712697984680e+02
-1.571426763419623001e+02
-1.568118602560431611e+02
-1.560294956901032037e+02
-1.554733890821015336e+02
-1.558675943911852926e+02
-1.577284018784975501e+02
-1.611181712068720913e+02
-1.654789405834259810e+02
-1.696000792532662729e+02
-1.717405824632733129e+02
-1.698892049192988054e+02
-1.621142418171813517e+02
-1.469314123222373212e+02
-1.236061774560113236e+02
-9.231465297951307036e+01
-5.412124275647163074e+01
-1.078353642009152225e+01
3.555735866607558648e+01
8.272003172714974539e+01
1.287798690870668565e+02
1.722578222172750202e+02
2.121741065838860720e+02
2.479909001154576629e+02
2.795065027904682893e+02
3.067589368792635582e+02
3.299579181322317254e+02
3.494321043330986640e+02
3.655783955052502279e+02
3.788156593947201145e+02
3.895502527375328441e+02
3.981537110406968054e+02
4.049487844536890293e+02
4.102026818738265774e+02
4.141289360160700426e+02
4.168980075447548757e+02
4.186518312839183409e+02
4.195103982521883381e+02
4.195563815354385042e+02
4.187950105309017772e+02
4.171060855585517970e+02
4.142170490421547129e+02
4.097214388236251921e+02
4.031510303621535627e+02
3.940895391926572984e+02
3.822941317220618203e+02
3.677785616785691332e+02
3.508248358894591092e+02
3.319260460080168968e+02
3.116920916387786633e+02
2.907514861287170334e+02
2.696697915201935984e+02
2.489011874173725971e+02
2.287898179500953972e+02
2.096201699289968303e+02
1.916819674041192343e+02
1.752960782212277309e+02
1.607673375668180711e+02
1.482772431976285930e+02
1.377721942549578102e+02
1.289147322510032154e+02
1.211404468579064400e+02
1.138147740304160038e+02
1.064311059228579666e+02
9.875939332304342599e+01
9.087122170156146694e+01
8.303403521009967392e+01
7.553835062451085491e+01
6.854658312688067667e+01
6.202369725864829064e+01
5.576006189758381737e+01
4.945890520051980843e+01
4.284788193829943737e+01
3.577838476304005155e+01
2.828150555031027125e+01
2.055528247830096689e+01
1.287901942105621345e+01
5.487581852876360244e+00
-1.533632398763629112e+00
-8.277637460143424164e+00
-1.495060602411125217e+01
-2.174298999387525555e+01
-2.870238845462176869e+01
-3.567466282604368644e+01
-4.234436221488394381e+01
-4.835528039654437293e+01
-5.345731542947791581e+01
-5.761957764672064286e+01
-6.106672640216115155e+01
-6.422714814009773932e+01
-6.761463404280451073e+01
-7.168171307448830021e+01
-7.667957100093764211e+01
-8.255537709584143613e+01
-8.892425597182523234e+01
-9.514964240791553607e+01
-1.005272699936088259e+02
-1.045105517937695083e+02
-1.068875780963745399e+02
-1.078465145864725514e+02
-1.079193170769274559e+02
-1.078327437071632744e+02
-1.083108598110756589e+02
-1.098786049246296841e+02
-1.127181209447629726e+02
-1.166225151721486384e+02
-1.210696338164995041e+02
-1.253996823439518948e+02
-1.290350595467768358e+02
-1.316566490809853462e+02
-1.332720024740519307e+02
-1.341660809941262755e+02
-1.347764048990566152e+02
-1.355525820290931733e+02
-1.368434687677428485e+02
-1.388246643741612161e+02
-1.414631735700039030e+02
-1.445250278552216798e+02
-1.476435297358750631e+02
-1.504514767827365063e+02
-1.527405726924264115e+02
-1.545765083635673989e+02
-1.562998708989046293e+02
-1.583872340307099194e+02
-1.612127212871593542e+02
-1.648000421187211657e+02
-1.686567045178580599e+02
-1.717405824632733129e+02
-1.725609212975698199e+02
-1.693879679534448996e+02
-1.605363728396581280e+02
-1.446787372630657842e+02
-1.211412561088004907e+02
-9.012005317137931115e+01
-5.274607745597178621e+01
-1.094703383011011510e+01
3.288204735022635816e+01
7.631179459952565480e+01
1.172841242983100898e+02
1.543757087309614917e+02
1.868704721522598220e+02
2.146698027127555690e+02
2.381143275413646734e+02
2.577852153229775354e+02
2.743179084612249881e+02
2.882396450779754105e+02
2.998528125372953355e+02
3.092033350454761376e+02
3.161588544290568734e+02
3.205709395071830841e+02
3.224457622295359442e+02
3.220395968444322534e+02
3.198344540828065874e+02
3.164070978504119580e+02
3.122502101582331306e+02
3.076183313768392509e+02
3.024505394995538836e+02
2.963841728357751890e+02
2.888435532831041428e+02
2.791747109219675167e+02
2.667970161151677644e+02
2.513465332038924771e+02
2.327869325351725536e+02
2.114631614125729016e+02
1.880790291943921488e+02
1.635967561946056321e+02
1.390794297794440126e+02
1.155165900928273004e+02
9.368016043608876942e+01
7.404851878085784733e+01
5.681316440762897457e+01
4.195264794917569873e+01
2.933234027848616421e+01
1.877889221909813244e+01
1.009466499220398816e+01
3.015134774299191633e+00
-2.849701895237355842e+00
-8.032984350670414386e+00
-1.314773402381766942e+01
-1.874814986223961455e+01
-2.517226326412849957e+01
-3.244579677990985545e+01
-4.030175215511400211e+01
-4.831060352092478638e+01
-5.605898433542547110e+01
-6.329325147340598079e+01
-6.996843947170482636e+01
-7.619657850398965593e+01
-8.213882900040059099e+01
-8.790623359672176207e+01
-9.351787802608797051e+01
-9.892612103102624133e+01
-1.040802209883443936e+02
-1.089862880782016248e+02
-1.137376415229410611e+02
-1.185121213478640527e+02
-1.235393055499294661e+02
-1.290376938708995453e+02
-1.351294677173038394e+02
-1.417603168901613913e+02
-1.486649006302500879e+02
-1.554048600939187850e+02
-1.614690392937132515e+02
-1.663936459653079396e+02
-1.698587037304241107e+02
-1.717405824632733129e+02
-1.721230298433631560e+02
-1.712767600225698743e+02
-1.696159246075280862e+02
-1.676354552917163971e+02
-1.658277121872620228e+02
-1.645790429539264323e+02
-1.640655385459443494e+02
-1.641890702264084894e+02
-1.645943760102321676e+02
-1.647776764712571662e+02
-1.642526554925643154e+02
-1.627075656165627606e+02
-1.600903593370086639e+02
-1.565976032921387002e+02
-1.525905590070049982e+02
-1.484839906650118166e+02
-1.446404669248324808e+02
-1.412814476645792752e+02
-1.384271874923497023e+02
-1.358936914866825134e+02
