-3.279694295107032076e+01
-1.089902178002141966e+02
-1.749927205859849835e+02
-2.235408286040583903e+02
-2.520388725665362131e+02
-2.625330610917094418e+02
-2.602402623472761434e+02
-2.514408217924777773e+02
-2.415754371640373961e+02
-2.340940073901984420e+02
-2.302065757164653519e+02
-2.293559886147102134e+02
-2.300599791975311064e+02
-2.307619909753189518e+02
-2.304328563908902083e+02
-2.288124006312543202e+02
-2.263147145400428712e+02
-2.237091812975357925e+02
-2.217275492033411979e+02
-2.207474940128554977e+02
-2.206655262083153843e+02
-2.209924068071352394e+02
-2.211072253696225971e+02
-2.205434107443434186e+02
-2.191849107695026646e+02
-2.173102529959330127e+02
-2.154919662754378464e+02
-2.144017009908311877e+02
-2.145785288766716690e+02
-2.162036488091505362e+02
-2.189100411501914891e+02
-2.216545602859329165e+02
-2.226926958855952989e+02
-2.197058462111081667e+02
-2.101115749132627855e+02
-1.915303168668465617e+02
-1.623115768589517813e+02
-1.219771327562094996e+02
-7.144345321153083717e+01
-1.294328287595966032e+01
5.034171981907783788e+01
1.148343712031972501e+02
1.771472797251684312e+02
2.345563359940586565e+02
2.852747170267704746e+02
3.285030362047623385e+02
3.642816394375171853e+02
3.932099596341801089e+02
4.161198188320140616e+02
4.337871830945625788e+02
4.467485378370328704e+02
4.552616430858777221e+02
4.594106378636177510e+02
4.593036856390182834e+02
4.552686336091006183e+02
4.479466562800745919e+02
4.382298997750690432e+02
4.270678185954788546e+02
4.152300185806495847e+02
4.031229899535177310e+02
3.907192665893918502e+02
3.776067912283792225e+02
3.631337802794938625e+02
3.466103615079925362e+02
3.275166990942209395e+02
3.056581415171372669e+02
2.812180930403852699e+02
2.546947610335754177e+02
2.267558226799971237e+02
1.980847885205164118e+02
1.692979267751487384e+02
1.409639554598121549e+02
1.136850886814612807e+02
8.815476463001431284e+01
6.512630511462020877e+01
4.528551310850816236e+01
2.907578237607198091e+01
1.655082969564757889e+01
7.321465501957355571e+00
6.251786973144248805e-01
-4.500269198108554747e+00
-8.993306975944584281e+00
-1.356271161931001501e+01
-1.856105883660830358e+01
-2.397400050997845256e+01
-2.952018280142338824e+01
-3.481534576971603201e+01
-3.953747517926898070e+01
-4.354527649105135367e+01
-4.693265035902886950e+01
-5.002256196367034136e+01
-5.330635370231134118e+01
-5.733399203229217278e+01
-6.257361927732813456e+01
-6.927992063914085463e+01
-7.741879134448817013e+01
-8.667634096618911599e+01
-9.654162045013399052e+01
-1.064231238082057303e+02
-1.157622435396205844e+02
-1.241303210922828839e+02
-1.313056892662896473e+02
-1.373153388381891205e+02
-1.424194741236720176e+02
-1.470338736243541291e+02
-1.516111289681186349e+02
-1.565184160457999667e+02
-1.619506364407075125e+02
-1.679034356524334157e+02
-1.742040647585077693e+02
-1.805744604160529434e+02
-1.866994070018041043e+02
-1.922913944210336865e+02
-1.971570884764087737e+02
-2.012598854244895392e+02
-2.047501612104377955e+02
-2.079278553640290852e+02
-2.111293242745340706e+02
-2.145801637325165245e+02
-2.182885902878976765e+02
-2.220383627693581161e+02
-2.254870883185531056e+02
-2.283266218846988522e+02
-2.304446456373993044e+02
-2.320327828751618711e+02
-2.335961290061810587e+02
-2.358320250129287672e+02
-2.393820769320656723e+02
-2.445202227511940691e+02
-2.508824208754775213e+02
-2.573334250718659746e+02
-2.620110477745477624e+02
-2.625330610917094418e+02
-2.563307084811215759e+02
-2.410714611448066478e+02
-2.151122312112517250e+02
-1.778824657860805019e+02
-1.300859834816891123e+02
-7.365667163191503164e+01
-1.147720802656339245e+01
5.306649965866822782e+01
1.165858087619976544e+02
1.761334168704937042e+02
2.295126650561649342e+02
2.754228992985795799e+02
3.134503311343473229e+02
3.439309646580859408e+02
3.677180157666439868e+02
3.858967712397044352e+02
3.995082903271083410e+02
4.093516531586214455e+02
4.159076226182006621e+02
4.193702522590531316e+02
4.197330849066742076e+02
4.168872104103855349e+02
4.107261939198182290e+02
4.012675236298607615e+02
3.887746503701221172e+02
3.738255442200176049e+02
3.572626151492855229e+02
3.399964459707042579e+02
3.227135491444375930e+02
3.056147285882344136e+02
2.883267558977804583e+02
2.700559598213898767e+02
2.499257916240537440e+02
2.273442307622272551e+02
2.022419800540058361e+02
1.751047019642989540e+02
1.468308535026602044e+02
1.185100720399110799e+02
9.121124836065364150e+01
6.582705548200499379e+01
4.298452830583915585e+01
2.301171016212183673e+01
5.944826212324251458e+00
-8.432218769334546948e+00
-2.051400055828504776e+01
-3.076925794413865844e+01
-3.963126746104240539e+01
-4.742010901285384961e+01
-5.432104521945465336e+01
-6.041537973391022831e+01
-6.573805252101305996e+01
-7.033143320755542049e+01
-7.427306891346233897e+01
-7.766905145980067005e+01
-8.062398025980419902e+01
-8.321519991815353023e+01
-8.549417899880981508e+01
-8.751258445665490626e+01
-8.935157074306633262e+01
-9.113484175848122959e+01
-9.301756644178509248e+01
-9.515404337474681995e+01
-9.765956298170780769e+01
-1.005904891588374994e+02
-1.039557939327295912e+02
-1.077466096260139494e+02
-1.119540427179337030e+02
-1.165558294507364110e+02
-1.214799836657338545e+02
-1.265765174179169179e+02
-1.316269196832654131e+02
-1.363950440932879644e+02
-1.406970268254960956e+02
-1.444619057697117341e+02
-1.477616258971331717e+02
-1.507960511849220779e+02
-1.538291035131848616e+02
-1.570936492742873725e+02
-1.607054832760696286e+02
-1.646287149491575121e+02
-1.687073052245802103e+02
-1.727399251351698410e+02
-1.765576112472342345e+02
-1.800735822991022417e+02
-1.832942684161668012e+02
-1.862953906521204317e+02
-1.891779916710521547e+02
-1.920271439029394287e+02
-1.948940498382383737e+02
-1.978094752433522672e+02
-2.008201435143895139e+02
-2.040281145466777559e+02
-2.076126668955346304e+02
-2.118236850758704577e+02
-2.169447874202043636e+02
-2.232255867976205366e+02
-2.307775073747816350e+02
-2.394262383423677250e+02
-2.485303353733376639e+02
-2.568153581272752035e+02
-2.623168622695316117e+02
-2.625330610917094418e+02
-2.548278196907426434e+02
-2.370120797036784381e+02
-2.079321741605441787e+02
-1.678699551121818843e+02
-1.186183220723477945e+02
-6.319698819831110370e+01
-5.280928361903498569e+00
5.149455896794528087e+01
1.041433001591057916e+02
1.506765571822693346e+02
1.901230349521899825e+02
2.222844699917819185e+02
2.473742105183456488e+02
2.656902875558128017e+02
2.774227076031491492e+02
2.826267489511658368e+02
2.813327288361069805e+02
2.737221649774627394e+02
2.602912997672655138e+02
2.419403738957760766e+02
2.199538052822202019e+02
1.958624843593248670e+02
1.712050441143018418e+02
1.472319833668045419e+02
1.246244272186120270e+02
1.033227379689077168e+02
8.255893272109580039e+01
