-2.030476456290557508e+00
-1.069689638936819449e+02
-1.976324492999441418e+02
-2.638364219582750252e+02
-3.019331347621096597e+02
-3.147796710398583855e+02
-3.096799553907391100e+02
-2.954433229181154275e+02
-2.797473658823817004e+02
-2.675606004917150358e+02
-2.607981542586327350e+02
-2.589260018435627444e+02
-2.600264429226393190e+02
-2.618691601754563862e+02
-2.626941291943214196e+02
-2.615960664211664266e+02
-2.585401316395717686e+02
-2.541203994384999874e+02
-2.492040905420807917e+02
-2.445937322911331080e+02
-2.407999064119280774e+02
-2.379685578847302736e+02
-2.359556515670140016e+02
-2.344906328151554362e+02
-2.333411508136681505e+02
-2.324043360908019054e+02
-2.316874085853901875e+02
-2.311738586157536020e+02
-2.305994748951444535e+02
-2.291988185148085790e+02
-2.255221902701694603e+02
-2.174375950406055154e+02
-2.023949256511189105e+02
-1.779384699670321481e+02
-1.423405436062551530e+02
-9.515134715698343371e+01
-3.747051494975576702e+01
2.815314677708748548e+01
9.815381048703034139e+01
1.685756573991420169e+02
2.357227812604525639e+02
2.966775197155808428e+02
3.495875142664460213e+02
3.936940434609346084e+02
4.291413292863413744e+02
4.566551985654523378e+02
4.772020673097534313e+02
4.917278533984051592e+02
5.010317289090048121e+02
5.057675954834863887e+02
5.065143450758172321e+02
5.038402769667009693e+02
4.983130017611694598e+02
4.904529600329925074e+02
4.806647970006229684e+02
4.691867959583850052e+02
4.560797993202427847e+02
4.412554289389275937e+02
4.245335731298604287e+02
4.057164252588901832e+02
3.846612552957193429e+02
3.613306894304390084e+02
3.358099626019065909e+02
3.083030295705192430e+02
2.791311884973843007e+02
2.487435613455152748e+02
2.177242304047147172e+02
1.867754469527692152e+02
1.566734339767150459e+02
1.282061041011176030e+02
1.020951104194246994e+02
7.889922648200902700e+01
5.891428275677674975e+01
4.211012366817422503e+01
2.814490326602683723e+01
1.646613173397552288e+01
6.466651039771338816e+00
-2.362792499212833519e+00
-1.033655666727926814e+01
-1.755164401581383515e+01
-2.393022006919152744e+01
-2.931385916197830710e+01
-3.359713581142713679e+01
-3.686712284632051251e+01
-3.948771606747146734e+01
-4.207540739612424829e+01
-4.536504806466210482e+01
-5.001843345917626493e+01
-5.644309750484428889e+01
-6.466869032901182379e+01
-7.430841280975243990e+01
-8.462681174509597781e+01
-9.472113647918490642e+01
-1.037812838267402356e+02
-1.113428479554891339e+02
-1.174333868886719472e+02
-1.225510182576648788e+02
-1.274816233086370119e+02
-1.330226496026208451e+02
-1.397190072200409929e+02
-1.477157717599513091e+02
-1.567808289964837911e+02
-1.664621696735409841e+02
-1.762741833205359114e+02
-1.858116463801525811e+02
-1.947655214045491618e+02
-2.028943316298178843e+02
-2.100240560522608462e+02
-2.161017885399187151e+02
-2.212631503427139990e+02
-2.258483307875900437e+02
-2.303310243189288258e+02
-2.351741212753678951e+02
-2.406602372382137105e+02
-2.467615498853890301e+02
-2.531172012614997016e+02
-2.591582792625901561e+02
-2.643468134153380902e+02
-2.684175432192834592e+02
-2.714970365621464339e+02
-2.740429791062340428e+02
-2.766462525581674754e+02
-2.797982171837423948e+02
-2.837165568488231884e+02
-2.882774450138649058e+02
-2.930661866565500873e+02
-2.975384014120606935e+02
-3.012521962327172673e+02
-3.040824175508876692e+02
-3.062971498795596972e+02
-3.084079886054502140e+02
-3.108042095208112414e+02
-3.132988081766736741e+02
-3.147796710398583855e+02
-3.131323828795094073e+02
-3.055060164764841488e+02
-2.888812077916955445e+02
-2.608025044062907227e+02
-2.200686757186023499e+02
-1.671641577307696878e+02
-1.042862463721661612e+02
-3.495733482310254914e+01
3.665360144571010892e+01
1.064990483478100316e+02
1.713047887389901973e+02
2.289535212792619632e+02
2.785399866413952736e+02
3.201384572181863177e+02
3.544014214413427339e+02
3.821414748167807716e+02
4.040278419176943316e+02
4.204624008338319641e+02
4.316210312986921736e+02
4.375942904793313346e+02
4.385486888841383575e+02
4.348430984889058095e+02
4.270646858789072553e+02
4.159874936553258067e+02
4.024818414287471455e+02
3.873998308171135818e+02
3.714515487775325937e+02
3.550931925704980472e+02
3.384635543638657396e+02
3.214009798499214980e+02
3.035415116960971886e+02
2.844630075951983486e+02
2.638258023727917134e+02
2.414725251117513949e+02
2.174734404758257256e+02
1.921218367595941743e+02
1.658888049044556112e+02
1.393469435410235633e+02
1.130819891854299044e+02
8.762542185170303810e+01
6.343837304195395177e+01
4.094767725950404724e+01
2.059510127313339467e+01
2.843261143878422104e+00
-1.189137339747929900e+01
-2.335320521669295246e+01
-3.154995104410851425e+01
-3.679516125892894252e+01
-3.967915011373646195e+01
-4.098005300558615005e+01
-4.153490967532150080e+01
-4.209970628161944717e+01
-4.323427082569252633e+01
-4.523812767517003408e+01
-4.814177727689610720e+01
-5.174399511015900543e+01
-5.568426875115164165e+01
-5.953899294564343592e+01
-6.292454548888980526e+01
-6.558324434690537430e+01
-6.742568283757256609e+01
-6.851466292177953221e+01
-6.900530685592302405e+01
-6.908463243297006784e+01
-6.895305471645525586e+01
-6.885325545515959789e+01
-6.910711408565754255e+01
-7.010739681633639009e+01
-7.224067354545292119e+01
-7.576914551980779322e+01
-8.073256278728541702e+01
-8.692119185625099931e+01
-9.392741071404236664e+01
-1.012457922666699801e+02
-1.083850236811953067e+02
-1.149664549821184494e+02
-1.207885914332813257e+02
-1.258358878159004206e+02
-1.302243093573874546e+02
-1.341098960981934169e+02
-1.376150586011963810e+02
-1.408178199470644927e+02
-1.438012376217903636e+02
-1.467164475226118725e+02
-1.498102180659155920e+02
-1.533959904682365618e+02
-1.577771347269775788e+02
-1.631533466735537559e+02
-1.695524820205310448e+02
-1.768197954422603573e+02
-1.846659392340761201e+02
-1.927450121513117267e+02
-2.007252254658950505e+02
-2.083323970738198909e+02
-2.153750667632418470e+02
-2.217730820229808160e+02
-2.275985530445988161e+02
-2.331157324850689747e+02
-2.387937156790729034e+02
-2.452637221416804607e+02
-2.531952769290596450e+02
-2.630784700697167864e+02
-2.749353060229747143e+02
-2.880384262416827710e+02
-3.007576631718849853e+02
-3.106433312123819519e+02
-3.147796710398583855e+02
-3.103383358406234720e+02
-2.951853173310355487e+02
-2.683777824386953625e+02
-2.304270077208842622e+02
-1.832750461976914380e+02
-1.300054639343226484e+02
-7.436558691668845711e+01
-2.021845116960824384e+01
2.894446249705903540e+01
7.033731591501393154e+01
1.020497869844598711e+02
1.231098055663615014e+02
1.335016928078138108e+02
1.341522657305893915e+02
1.268414482807340278e+02
1.139758504661819813e+02
9.819662602545380992e+01
8.186294717907543372e+01
6.653266121003811406e+01
5.261810954362147186e+01
3.938610703673420232e+01
