-1.627238293898151333e+00
2.427978064779019718e+01
4.578940889083759913e+01
5.966339284058251735e+01
6.458954403408685607e+01
6.124496390324541295e+01
5.178081585615663585e+01
3.900801581580575572e+01
2.559425216720982377e+01
1.350345919173314613e+01
3.776221204911404783e+00
-3.383814861985708689e+00
-8.339415296288798629e+00
-1.170478143636159629e+01
-1.409007432030438522e+01
-1.595565708200435218e+01
-1.757716065086498247e+01
-1.908545464722209317e+01
-2.053194735479170063e+01
-2.194500953377799135e+01
-2.336633124537069861e+01
-2.486338620606603911e+01
-2.651466779678170127e+01
-2.837592011629423894e+01
-3.045161279973476809e+01
-3.269776682323637829e+01
-3.506457492594499570e+01
-3.755997913367941266e+01
-4.029399115123663933e+01
-4.346251746232158553e+01
-4.725577520801783749e+01
-5.172055602419326448e+01
-5.664267108557996266e+01
-6.152184063899321131e+01
-6.567705092834671632e+01
-6.845865968692852732e+01
-6.948771000202398795e+01
-6.882446758886126759e+01
-6.699085994581139403e+01
-6.482070366753062274e+01
-6.317645746358693515e+01
-6.263511943124241554e+01
-6.327425932263331987e+01
-6.465525904340086072e+01
-6.601491144087820828e+01
-6.658149751663545146e+01
-6.587874817248126647e+01
-6.389852870109359628e+01
-6.109195160780790701e+01
-5.820309472794266981e+01
-5.601821346467574614e+01
-5.512025622986350726e+01
-5.572603095780559102e+01
-5.764681548265835431e+01
-6.036867394872049886e+01
-6.321599990139480241e+01
-6.554612734095118753e+01
-6.691906103576866371e+01
-6.719507562748776763e+01
-6.653555500826787750e+01
-6.531219759909652112e+01
-6.396019669913525263e+01
-6.283692061955381547e+01
-6.215131694102851867e+01
-6.198992709818439550e+01
-6.239463225547093828e+01
-6.339949175772169809e+01
-6.495847079215693043e+01
-6.677952186139302171e+01
-6.815926560230454356e+01
-6.793446359231974441e+01
-6.462523293898910026e+01
-5.676558145439229719e+01
-4.333411494333888925e+01
-2.414267679727738880e+01
-3.435976625161707432e-02
2.720580988497126640e+01
5.522410255202684937e+01
8.163916707159542341e+01
1.045626745460604212e+02
1.229238782619289907e+02
1.365195960667296333e+02
1.458343936065803632e+02
1.517497634200402103e+02
1.552559598849028077e+02
1.572299167656316854e+02
1.583005460361149517e+02
1.588058574742831013e+02
1.588354544640473591e+02
1.583324464339785322e+02
1.572098550541210216e+02
1.554345537268393684e+02
1.530517705341928547e+02
1.501570247659897177e+02
1.468526896933909711e+02
1.432308572933887376e+02
1.393930486965629711e+02
1.354746037202881723e+02
1.316303225916889801e+02
1.279722267073774020e+02
1.244954447858100934e+02
1.210390769536649032e+02
1.173004796491091923e+02
1.128909307827599378e+02
1.074187062054126756e+02
1.005984899739348890e+02
9.237948178789665121e+01
8.305502244239778520e+01
7.329636806818517414e+01
6.406717294662311701e+01
5.641496194895686500e+01
5.118144878793804509e+01
4.871635547001561406e+01
4.870805594421931062e+01
5.022793797728444787e+01
5.200270099413887692e+01
5.281563092211558796e+01
5.187267339924691356e+01
4.899580782659556633e+01
4.459353385733292896e+01
3.944708148098122535e+01
3.440989007484802897e+01
3.013683140069327848e+01
2.693082152441581201e+01
2.473074337676150236e+01
2.320541094959522255e+01
2.189243151229725015e+01
2.032501987002454058e+01
1.811173874200061107e+01
1.496757913124285366e+01
1.072559705187092760e+01
5.363170844128632098e+00
-9.506608769880813270e-01
-7.817597845212553409e+00
-1.462998118443750428e+01
-2.067970699605331220e+01
-2.534379434286681487e+01
-2.828271601157430837e+01
-2.956175582092491538e+01
-2.963280738441578421e+01
-2.918291699880229828e+01
-2.891840842438119807e+01
-2.937056758524815336e+01
-3.078289923729434463e+01
-3.309677792860480849e+01
-3.601366201117268417e+01
-3.909416489573024478e+01
-4.186470395729358529e+01
-4.392316109805767610e+01
-4.503689874080217237e+01
-4.520914776309187744e+01
-4.468121349836370371e+01
-4.385753994404288392e+01
-4.317977286957608385e+01
-4.300505237722077823e+01
-4.353676218701573930e+01
-4.481906802507774046e+01
-4.677367591941924729e+01
-4.925028820782576133e+01
-5.207176701030002164e+01
-5.506337545404441869e+01
-5.806177452926088733e+01
-6.091052420173355131e+01
-6.345763413293711608e+01
-6.556285218717297880e+01
-6.710085066162977796e+01
-6.793446359231974441e+01
-6.784911002578586192e+01
-6.647843456594672773e+01
-6.327999506708438560e+01
-5.760172419576434777e+01
-4.883171061398776658e+01
-3.657652764036166104e+01
-2.080224522413389110e+01
-1.897621692723554077e+00
1.934553036483208643e+01
4.181669784530790679e+01
6.421181184616517612e+01
8.518037393331788110e+01
1.034802383849825134e+02
1.181209433551705104e+02
1.284710975931304802e+02
1.343158622090596737e+02
1.358710648626602620e+02
1.337652438268543733e+02
1.289820977642164621e+02
1.227378228914603682e+02
1.162796926202571228e+02
1.106356570086299627e+02
1.063911160326931480e+02
1.035822941406873952e+02
1.017601349376967477e+02
1.002115499475587512e+02
9.825933553318567704e+01
9.552340292071360750e+01
9.203265138287790137e+01
8.813950843656571976e+01
8.428555103585124186e+01
8.074022448157325016e+01
7.743848103249443682e+01
7.397907246045103591e+01
6.976117868021444224e+01
6.418576843760533279e+01
5.684559684900180088e+01
4.765489239340313077e+01
3.690165735113124157e+01
2.522529411159345614e+01
1.352535953996036255e+01
2.807310822610796563e+00
-6.014494015398565985e+00
-1.231220561489169363e+01
-1.588295568425567517e+01
-1.699034679330433306e+01
-1.630163863103131661e+01
-1.474374088231471980e+01
-1.331566775137401670e+01
-1.289364896890210588e+01
-1.405952514549698229e+01
-1.698726710517008343e+01
-2.143046533533986064e+01
-2.683568511240362753e+01
-3.255021828275401674e+01
-3.803635108726219016e+01
-4.300102397247761843e+01
-4.740396556684712692e+01
-5.137046937012293313e+01
-5.506400774735520542e+01
-5.857035830086779526e+01
-6.183115990106897186e+01
-6.464825510942988274e+01
-6.675629043350747338e+01
-6.793446359231974441e+01
-6.811331912797012933e+01
-6.743598759808556053e+01
-6.624859813948926046e+01
-6.501419251138931088e+01
-6.416898393396508027e+01
-6.396832854432212656e+01
-6.438766390808969220e+01
-6.513075874334882087e+01
-6.575031033440035344e+01
-6.582780567001728400e+01
-6.512870864864365217e+01
-6.366801098963362193e+01
-6.167336741130706912e+01
-5.947831664663134887e+01
-5.739488456541162265e+01
-5.561089013860293306e+01
-5.414388221595226725e+01
-5.286217051504250719e+01
-5.155599756302736836e+01
-5.002230471000917333e+01
-4.813253794699081567e+01
-4.588177549636277774e+01
-4.343746258172134844e+01
-4.118893804816043058e+01
-3.975782190949017547e+01
-3.990945974181997968e+01
-4.233778833161110811e+01
-4.737086116480490716e+01
-5.472273520107233935e+01
-6.344414917026426792e+01
