-1.645394808179234758e+01
-3.363664463499326729e+01
-4.956577251264749862e+01
-6.318777730052517683e+01
-7.382271072982780424e+01
-8.124248405105643656e+01
-8.566531793853404508e+01
-8.767453216770871904e+01
-8.807478307950134422e+01
-8.770715393050991793e+01
-8.725697729121002055e+01
-8.710321991023370458e+01
-8.726583181522421739e+01
-8.748678392573000906e+01
-8.742236673158400606e+01
-8.685932439409248218e+01
-8.584898359155135950e+01
-8.470016989515136174e+01
-8.384648684882021996e+01
-8.365956433767397016e+01
-8.429784573739490838e+01
-8.565778432318876412e+01
-8.743778230480005220e+01
-8.926557562850845784e+01
-9.081903579721328867e+01
-9.189934078284491648e+01
-9.245956942238744602e+01
-9.260870730426999842e+01
-9.259540863542849820e+01
-9.275682062005891737e+01
-9.342077659009295587e+01
-9.477603917523927635e+01
-9.675933180834661584e+01
-9.902349279220342737e+01
-1.010239416727721249e+02
-1.021978852726807219e+02
-1.021577882503065666e+02
-1.008173826065439869e+02
-9.840826201238947135e+01
-9.539349542382443303e+01
-9.231937510846239547e+01
-8.966252830183589140e+01
-8.772577897584628204e+01
-8.661136627020904655e+01
-8.626112517150465919e+01
-8.652143327812673590e+01
-8.719177698589373904e+01
-8.804920146115304647e+01
-8.887072121632449750e+01
-8.947018121159844384e+01
-8.973769576132033876e+01
-8.965685235438250800e+01
-8.929021354732591931e+01
-8.874469805705247438e+01
-8.813353956245948950e+01
-8.754362845359680989e+01
-8.700833124694543130e+01
-8.648047925339302822e+01
-8.580073424121188452e+01
-8.466719583362191770e+01
-8.262524464816651459e+01
-7.909615829147188037e+01
-7.344663599133795628e+01
-6.508310445662695543e+01
-5.354926800406327203e+01
-3.861731239471307475e+01
-2.037951438530664561e+01
6.585323511502707561e-01
2.351672218284713978e+01
4.677441779330946758e+01
6.874470187215193562e+01
8.777131446169157414e+01
1.025674243332047411e+02
1.124881589350862043e+02
1.176444629266270141e+02
1.188187749335447307e+02
1.172182858740459039e+02
1.141603965365276991e+02
1.107913563407421691e+02
1.079030006712271046e+02
1.058714847326647686e+02
1.047105912212127521e+02
1.042027263906763750e+02
1.040477797639405111e+02
1.039727395618077281e+02
1.037751171916402200e+02
1.033071352259271265e+02
1.024263488737604462e+02
1.009446062159316284e+02
9.860614372462184463e+01
9.511331663100972378e+01
9.019624838004394007e+01
8.370096179545743098e+01
7.565816734209579408e+01
6.629869303316345963e+01
5.600593505425125329e+01
4.522995093638951403e+01
3.440726183756989798e+01
2.391965956751875666e+01
1.409248796264207471e+01
5.202606958794330438e+00
-2.536587202392148299e+00
-9.016494103160102469e+00
-1.426939400883509101e+01
-1.846170193467569121e+01
-2.183627844038176491e+01
-2.463312796928932258e+01
-2.703137374499016232e+01
-2.913711786841299656e+01
-3.101083127236045200e+01
-3.270977825874714284e+01
-3.432304297252655800e+01
-3.598786222046992123e+01
-3.788539765062093068e+01
-4.021749072528913871e+01
-4.316246286746682870e+01
-4.680773355513861134e+01
-5.107493518744159644e+01
-5.568002992339996382e+01
-6.017327351015457282e+01
-6.406757806475117434e+01
-6.701384232940374375e+01
-6.895101334281685013e+01
-7.016069575812704784e+01
-7.119030376770878377e+01
-7.266437668334850741e+01
-7.505618407609098597e+01
-7.851277082936263696e+01
-8.280269733280123035e+01
-8.739840514021508966e+01
-9.164779013396878327e+01
-9.496424205950671649e+01
-9.697495065137242420e+01
-9.759544069441260206e+01
-9.702739190673754877e+01
-9.569639476759400054e+01
-9.415160801952897884e+01
-9.294719379080869714e+01
-9.252595981647468193e+01
-9.312607274897233367e+01
-9.472455250459802301e+01
-9.702430616447867351e+01
-9.949737902600072914e+01
-1.015036813512759721e+02
-1.024820888050205099e+02
-1.021577882503065666e+02
-1.006690727743969092e+02
-9.853532193340150513e+01
-9.646423304250724584e+01
-9.507689757547521481e+01
-9.465766230132446424e+01
-9.500552983428246989e+01
-9.541130641594844519e+01
-9.474777071642328963e+01
-9.165196667068617842e+01
-8.478387949429018988e+01
-7.313572004377145674e+01
-5.633041916222877887e+01
-3.481286711159521730e+01
-9.845368442063657355e+00
1.671684866872643838e+01
4.280793337051187564e+01
6.656980212491384918e+01
8.667727221548743444e+01
1.024837412470423459e+02
1.139738186664655331e+02
1.215787746558844162e+02
1.259506444707906212e+02
1.277873555161510666e+02
1.277548957588899583e+02
1.264888112802748168e+02
1.246160565392863475e+02
1.227411950630741586e+02
1.213787675876358776e+02
1.208588620241966254e+02
1.212566844689133490e+02
1.223859098781322245e+02
1.238641457815433427e+02
1.252324005318083664e+02
1.260946238821804002e+02
1.262296389964487275e+02
1.256241825802560754e+02
1.244029727320636454e+02
1.226877547186191180e+02
1.204655434366052589e+02
1.175450756929068348e+02
1.136248332164537374e+02
1.084281058627190646e+02
1.018320063956706747e+02
9.394073030104230781e+01
8.509583495479147075e+01
7.583983045249551935e+01
6.684772805531662243e+01
5.883141212879009174e+01
5.241726781194338258e+01
4.800649668902540412e+01
4.565323909455612750e+01
4.501891452152983675e+01
4.544767625966810698e+01
4.615113790707518149e+01
4.643075363249371890e+01
4.585060549724175161e+01
4.430698704058698922e+01
4.198969127600815199e+01
3.926346245246119793e+01
3.651365583848924956e+01
3.400344742593781433e+01
3.178165939585423416e+01
2.966566904147304129e+01
2.731107228916163265e+01
2.436174340680745587e+01
2.063665232928889282e+01
1.626825680522433970e+01
1.170706649664601784e+01
7.570360686957874563e+00
4.400795300108844899e+00
2.448175520843019370e+00
1.569058895815114596e+00
1.278249729982768201e+00
9.215779753274695452e-01
-1.026657172611145086e-01
-2.154846886819274943e+00
-5.259717531226243636e+00
-9.132288916860655803e+00
-1.330263456112953691e+01
-1.728018127592585529e+01
-2.069376390074516081e+01
-2.337113040262762809e+01
-2.535215907454116291e+01
-2.684787970414545555e+01
-2.816689395155943743e+01
-2.963476229773271342e+01
-3.152700131374172088e+01
-3.402403382094880158e+01
-3.718657494585836787e+01
-4.095068513455436232e+01
-4.514850295536810165e+01
-4.956092970252070984e+01
-5.399534545567027521e+01
-5.836026726611329707e+01
-6.269777960879487466e+01
-6.715165821292386283e+01
-7.188733886215527491e+01
-7.700556118097600233e+01
-8.248133294782179803e+01
-8.812890168519902545e+01
-9.357687761467234111e+01
-9.825197467444023403e+01
-1.013971784254730437e+02
-1.021577882503065666e+02
-9.974215998966954544e+01
-9.362086912825265017e+01
-8.369955769213881069e+01
-7.040439492709874969e+01
-5.465096634824745081e+01
-3.770635283951781958e+01
-2.097557010835195968e+01
-5.745462761695428355e+00
7.075914486982654239e+00
1.716745956364872328e+01
2.488117128234354780e+01
3.115739120520928296e+01
