-9.282377991061748901e+01
-1.123884441612802618e+02
-1.291671035856652452e+02
-1.415327012569488829e+02
-1.495492385278863026e+02
-1.548669606871192457e+02
-1.600072142851175272e+02
-1.673924975930148378e+02
-1.785393351398990944e+02
-1.936988212270665599e+02
-2.119956222149433245e+02
-2.319073106313770154e+02
-2.518261961848157000e+02
-2.704751783226663520e+02
-2.870742478567252647e+02
-3.012959777712087543e+02
-3.131197756401413699e+02
-3.226735297655936847e+02
-3.300966908563067932e+02
-3.354359528596576752e+02
-3.385963802213387908e+02
-3.393769366064441328e+02
-3.375936324363811991e+02
-3.332454440346990054e+02
-3.266425482911138261e+02
-3.184289212058423004e+02
-3.094915130212306735e+02
-3.008073182547639135e+02
-2.932886653244040644e+02
-2.876512836121078180e+02
-2.842987274711665577e+02
-2.832278062475812703e+02
-2.839981366810900454e+02
-2.858215959975498208e+02
-2.877812660399478091e+02
-2.891123058174825928e+02
-2.894305287794359742e+02
-2.888164352002675059e+02
-2.877375104131422177e+02
-2.868617849146858134e+02
-2.868330275613678850e+02
-2.880558760110104686e+02
-2.905309637559249722e+02
-2.937988259902574555e+02
-2.970466006261476082e+02
-2.993680417064747417e+02
-3.000855195585851334e+02
-2.990066781276033225e+02
-2.965150443748348152e+02
-2.934595425868988627e+02
-2.908830034456322551e+02
-2.896844147863133685e+02
-2.903219366656483089e+02
-2.926412892253720202e+02
-2.958832680173740641e+02
-2.988905286314829937e+02
-3.004786425177135243e+02
-2.998597023995900486e+02
-2.969530423840068352e+02
-2.924387106511724710e+02
-2.875052733573312480e+02
-2.833602050921043087e+02
-2.806561336458977394e+02
-2.790244098985467645e+02
-2.768958363824619937e+02
-2.717114874500265387e+02
-2.604886431758772005e+02
-2.405666475634119763e+02
-2.102928400383715086e+02
-1.694474947703711507e+02
-1.193122156511812761e+02
-6.240230622833579588e+01
-1.969824386761942492e+00
5.858208011467405640e+01
1.162488088459601840e+02
1.688462756501032231e+02
2.152341243500623875e+02
2.552860910098877127e+02
2.895988420374804946e+02
3.190163245174356916e+02
3.441397020341934763e+02
3.650274292312575994e+02
3.812161175499061869e+02
3.920353354399838395e+02
3.970469593202302576e+02
3.963986187613540437e+02
3.909398267889520184e+02
3.820521798786323302e+02
3.712541640474868245e+02
3.597359534672585824e+02
3.480187835840116577e+02
3.358798116899420165e+02
3.225562524601195946e+02
3.071164235977622070e+02
2.888352799457578612e+02
2.674539230265529568e+02
2.432794512743684265e+02
2.171267087353932368e+02
1.901179198074478620e+02
1.633899971211893103e+02
1.378162613372227554e+02
1.138634393814617027e+02
9.163532404475328974e+01
7.105276188454482167e+01
5.206658700698205422e+01
3.481525079391220601e+01
1.967942068017987367e+01
7.211243682903003105e+00
-2.063916440677679986e+00
-7.924352732678009659e+00
-1.068865475536696863e+01
-1.127760623976874399e+01
-1.104731479283447015e+01
-1.146074708116648821e+01
-1.373420456903292575e+01
-1.858161405767695840e+01
-2.612233315930566846e+01
-3.596086730092362416e+01
-4.739704539407939876e+01
-5.968178015268146908e+01
-7.221676330609395222e+01
-8.462438074239750563e+01
-9.667478245022022065e+01
-1.081241786338264603e+02
-1.185657758934465278e+02
-1.273939256942516352e+02
-1.339255357921553582e+02
-1.376427551993341183e+02
-1.384611808379106037e+02
-1.369112049049422239e+02
-1.341476361644199642e+02
-1.317621809976791667e+02
-1.314438538670187882e+02
-1.345896371970978862e+02
-1.419908898805967965e+02
-1.536996515890793944e+02
-1.691143223969288556e+02
-1.872316083813030332e+02
-2.069329524267762395e+02
-2.271653879638658964e+02
-2.469547558429703145e+02
-2.652981312509499503e+02
-2.810477047478327677e+02
-2.928957829956737555e+02
-2.995192481338621633e+02
-2.998597023995900486e+02
-2.934232780168726435e+02
-2.804341116122565154e+02
-2.617245535004259978e+02
-2.383764459588873024e+02
-2.112726543874168215e+02
-1.807678937712031484e+02
-1.466143189566610943e+02
-1.081436396977193510e+02
-6.460503756031181410e+01
-1.553039070733055382e+01
3.896959127610894313e+01
9.802576713845878942e+01
1.599682927936655119e+02
2.224418334886345576e+02
2.826886985847818323e+02
3.379618503232179023e+02
3.859655481548250009e+02
4.251983621298531943e+02
4.551108514328212777e+02
4.760553484495651446e+02
4.890657942144698609e+02
4.955482616547602674e+02
4.969743954564514183e+02
4.946479567941119626e+02
4.895805365956518926e+02
4.824848628886098254e+02
4.738667976094043865e+02
4.641625258208931655e+02
4.538428453647549645e+02
4.434198560209858329e+02
4.333466844935411473e+02
4.238655390536475238e+02
4.148900824799053453e+02
4.059873642600309722e+02
3.964714096223792126e+02
3.855724555267576079e+02
3.726265652639767154e+02
3.572339276023809589e+02
3.393474436466311772e+02
3.192788297270788576e+02
2.976454003090436800e+02
2.752978886896677295e+02
2.532437471651905980e+02
2.325381739496807540e+02
2.141127476958168074e+02
1.985644485015600935e+02
1.859914403771276739e+02
1.759765452650006807e+02
1.677570243664778218e+02
1.605085189220143889e+02
1.535921996503252558e+02
1.466426602494076974e+02
1.394956307213708442e+02
1.320611036078912548e+02
1.242519667552091107e+02
1.160053201230003594e+02
1.073631066011479902e+02
9.854493708199403557e+01
8.994106791458293060e+01
8.198456645191473058e+01
7.493705839710524685e+01
6.869844998371512190e+01
6.275753099723624473e+01
5.632517256534374184e+01
4.859642328845940540e+01
3.903240273321324594e+01
2.754899917537982290e+01
1.453876576765174633e+01
7.248653771792703537e-01
-1.307953725611627505e+01
-2.619813466614758113e+01
-3.821985933189135665e+01
-4.900895845192157196e+01
-5.863727289126956066e+01
-6.729406996873086655e+01
-7.520668312932785682e+01
-8.258769890647279510e+01
-8.962186662413589033e+01
-9.649446305621953002e+01
-1.034364575145166327e+02
-1.107426539889154924e+02
-1.187284072171651417e+02
-1.276303877259136073e+02
-1.375042349017958543e+02
-1.481899610689381177e+02
-1.593833015494749077e+02
-1.707850213430487827e+02
-1.822481706174451688e+02
-1.938437190641128041e+02
-2.058137463928179045e+02
-2.184413120932169932e+02
-2.318981034818872047e+02
-2.461180426532616821e+02
-2.607054756746575208e+02
-2.748606808975920330e+02
-2.873198275607407481e+02
-2.963490660235269729e+02
-2.998597023995900486e+02
-2.956886933910157609e+02
-2.820243668792903691e+02
-2.578873992007249853e+02
-2.235322011203103330e+02
-1.806335315206800090e+02
-1.321745990411286868e+02
-8.203947952033561819e+01
-3.439869019593254507e+01
6.972484041668044696e+00
3.930148476517075551e+01
6.123670520565760000e+01
7.298473664821658247e+01
7.610655992769130762e+01
7.299531590393486624e+01
6.618141780076079783e+01
5.769117253816611424e+01
4.866332077440493009e+01
3.932882524472347541e+01
