4.246943933811497374e+00
-3.183717802231511840e+01
-6.442076053889778109e+01
-9.095099967548681263e+01
-1.103157634552257065e+02
-1.228955560331633450e+02
-1.302122571186592381e+02
-1.343741308024698071e+02
-1.374965643157234751e+02
-1.412157937037605961e+02
-1.463663880333880911e+02
-1.528595293100414381e+02
-1.597581453443740145e+02
-1.655021247851834971e+02
-1.682160957843295819e+02
-1.660411494611562659e+02
-1.574495016722332821e+02
-1.415046196076336003e+02
-1.180233164901988232e+02
-8.760509414041068510e+01
-5.152757104214234829e+01
-1.154520302434529455e+01
3.035400632150721378e+01
7.218480053808772823e+01
1.121592597703909604e+02
1.488201564997640105e+02
1.811099590023210908e+02
2.083848048558576806e+02
2.303838913818393621e+02
2.471604989351111215e+02
2.589859069770721476e+02
2.662524275255173620e+02
2.694089566527133002e+02
2.689462591776861018e+02
2.654153662078165326e+02
2.594374465117075488e+02
2.516709808389269654e+02
2.427362431678194241e+02
2.331269843887535842e+02
2.231421970199448879e+02
2.128539262572753898e+02
2.021123884548597118e+02
1.905875708679929232e+02
1.778489733662283072e+02
1.634801852808925844e+02
1.472109780387953322e+02
1.290346990091483690e+02
1.092710649800164617e+02
8.853948803424427183e+01
6.763296281676649357e+01
4.732769796276130592e+01
2.820512551683497549e+01
1.056289804936666599e+01
-5.559096463562910984e+00
-2.027547119598329317e+01
-3.374131432384191953e+01
-4.607350436850134656e+01
-5.731300225502364043e+01
-6.741215459318081571e+01
-7.623642489343750128e+01
-8.358108697913026219e+01
-8.920668764199248812e+01
-9.289732686190849620e+01
-9.454358724918733969e+01
-9.423863120493984979e+01
-9.235279219318391597e+01
-8.953762503722087729e+01
-8.662644574407829623e+01
-8.444632526173984388e+01
-8.360815261553700850e+01
-8.435904060057276865e+01
-8.655040245820512723e+01
-8.971837779075775643e+01
-9.323283666033329098e+01
-9.646603035591003561e+01
-9.894251570321534928e+01
-1.004391668135088622e+02
-1.010166720899313759e+02
-1.009865682054719258e+02
-1.008322998835110553e+02
-1.011019910598120077e+02
-1.022913500310823167e+02
-1.047428170367797406e+02
-1.085849729635537528e+02
-1.137184175547977532e+02
-1.198389251381629634e+02
-1.264893461561095194e+02
-1.331373273260723806e+02
-1.392712216650911330e+02
-1.444969551204623883e+02
-1.486157516443917928e+02
-1.516616626898511981e+02
-1.538746160682239577e+02
-1.555961072218097172e+02
-1.571128110468184218e+02
-1.585160939939264608e+02
-1.596550323330152708e+02
-1.602211319517556660e+02
-1.599329148574817623e+02
-1.587305030628117208e+02
-1.568839076091360880e+02
-1.549662276425409857e+02
-1.537055517711667960e+02
-1.537661931373988580e+02
-1.555151078677355372e+02
-1.588257931821806608e+02
-1.629733322306286709e+02
-1.666652167822955448e+02
-1.682160957843295819e+02
-1.658255604395088483e+02
-1.578891600829168169e+02
-1.432742688616022804e+02
-1.215115146725160855e+02
-9.286496298907870539e+01
-5.826281821056115007e+01
-1.910630142306494861e+01
2.298214157459382889e+01
6.638727478419897921e+01
1.096407854697214503e+02
1.514595069676508956e+02
1.907231097862364209e+02
2.264535915219896651e+02
2.578384403417395561e+02
2.842970057122270191e+02
3.055554516911257679e+02
3.216854936233964963e+02
3.330752654901236838e+02
3.403309697275747112e+02
3.441419859841589641e+02
3.451575652883417433e+02
3.439095203982560633e+02
3.407888555874557142e+02
3.360665021861570949e+02
3.299393250120814400e+02
3.225741827227535623e+02
3.141225074301005407e+02
3.046968296278243997e+02
2.943299581407446794e+02
2.829540902884984916e+02
2.704267673770590363e+02
2.565994257520367228e+02
2.413954480265038853e+02
2.248607977909233284e+02
2.071729845429365184e+02
1.886228766527053722e+02
1.695951983857829646e+02
1.505588671210154530e+02
1.320524526852891540e+02
1.146403327681575206e+02
9.883443585313733593e+01
8.500908012639160916e+01
7.335261586820411139e+01
6.388286728935834446e+01
5.651519701657836237e+01
5.114061398730464703e+01
4.766835453396393518e+01
4.601450656021562935e+01
4.605665810181528741e+01
4.759427637703021219e+01
5.033896126867597332e+01
5.392717138380945130e+01
5.793684876789065896e+01
6.190467044656998041e+01
6.535470804090311958e+01
6.784471366389250591e+01
6.902261005251459380e+01
6.867650817402440566e+01
6.676098173010487358e+01
6.338899102380888451e+01
5.878996529730335396e+01
5.324809174968114434e+01
4.704470080737193882e+01
4.042451822297022090e+01
3.358730076026571254e+01
2.668822650302995214e+01
1.982768080937331234e+01
1.302731201247719639e+01
6.210492288954441165e+00
-7.895885152180284194e-01
-8.187090386179121992e+00
-1.618013067051342091e+01
-2.488980704492765028e+01
-3.431784801601347112e+01
-4.432789940596232725e+01
-5.465171322289229749e+01
-6.492388375205891293e+01
-7.474610710677359293e+01
-8.376927637611706245e+01
-9.176728047423750922e+01
-9.867465216442042220e+01
-1.045777558482373024e+02
-1.096744084974908446e+02
-1.142297236826341873e+02
-1.185476866426853633e+02
-1.229556701260227953e+02
-1.277798353679086176e+02
-1.332895004496253648e+02
-1.396087636186330201e+02
-1.466179984472536830e+02
-1.538804899070028398e+02
-1.606256894630773218e+02
-1.658050768771965977e+02
-1.682160957843295819e+02
-1.666667095947646828e+02
-1.601368155862358833e+02
-1.479030987843059108e+02
-1.296159021890546512e+02
-1.053426549221130983e+02
-7.558687418895351584e+01
-4.127392029495884174e+01
-3.690777277459346806e+00
3.562200820776753574e+01
7.501550865134245782e+01
1.128928981958680282e+02
1.478534661837567796e+02
1.787907308087632998e+02
2.049366785366023009e+02
2.258679005885783226e+02
2.414942239955969683e+02
2.520375971545226435e+02
2.579920825261722257e+02
2.600441609682020498e+02
2.589398160246232692e+02
2.553211472106958411e+02
2.495960199869424798e+02
2.419047369412020032e+02
2.321989845387076912e+02
2.203894418278449336e+02
2.064916386571352405e+02
1.907133099493788961e+02
1.734598664766095055e+02
1.552651334132181091e+02
1.366746229650923112e+02
1.181186215816849767e+02
9.981209548293418266e+01
8.171206572687523817e+01
6.355427263495586487e+01
4.497000139384797990e+01
2.564519281137987861e+01
5.453994686124218561e+00
-1.548595110306776235e+01
-3.683733446264371025e+01
-5.810816841312612979e+01
-7.872160294798206337e+01
-9.807619526937426713e+01
-1.155986253413539657e+02
-1.307976105841432570e+02
-1.433268280897661953e+02
-1.530541701417188847e+02
-1.601195384836276503e+02
-1.649522788173997583e+02
-1.682160957843295819e+02
-1.706619062631843349e+02
-1.729080697088878367e+02
-1.752188325956342680e+02
-1.773761135581348185e+02
-1.787140562356937608e+02
-1.783269748773981860e+02
-1.753980680474713836e+02
-1.695436524162579417e+02
-1.610406356288651182e+02
-1.508284670152886235e+02
