-2.427870545677307490e+01
-1.533618791018285776e+01
-9.619643226772417677e+00
-9.540892969451284955e+00
-1.616036744394033065e+01
-2.913580483949739630e+01
-4.709523040762866231e+01
-6.824815217996597028e+01
-9.100021809066056733e+01
-1.143698619067262996e+02
-1.380980658661165421e+02
-1.624637257832609407e+02
-1.879213070950590634e+02
-2.147214000334294326e+02
-2.426494682673259149e+02
-2.709515805572311820e+02
-2.984457831587275223e+02
-3.237663023559883868e+02
-3.456578975680587291e+02
-3.632280119664699782e+02
-3.760822199060222601e+02
-3.843163735061080502e+02
-3.883950940416462458e+02
-3.889798752541904605e+02
-3.867720158736835856e+02
-3.824168614078236601e+02
-3.764848942014933755e+02
-3.695107917659997270e+02
-3.620500530184026502e+02
-3.547094949166223046e+02
-3.481168421718509194e+02
-3.428216286977682898e+02
-3.391659405356339789e+02
-3.371968034415820057e+02
-3.366762970935990325e+02
-3.371898547224830054e+02
-3.383027248815931216e+02
-3.397001157465102779e+02
-3.412634719166864556e+02
-3.430657651979096272e+02
-3.453010439299846439e+02
-3.481877047745242066e+02
-3.518876614782706156e+02
-3.564610472393161444e+02
-3.618483156579626439e+02
-3.678669162295709611e+02
-3.742280802213550146e+02
-3.805882206948122075e+02
-3.866287341994914186e+02
-3.921306694019270935e+02
-3.970106098392554941e+02
-4.013089856752916944e+02
-4.051457513916781181e+02
-4.086693355671427526e+02
-4.120240699131914539e+02
-4.153472119323691345e+02
-4.187833571205306953e+02
-4.224852611835430025e+02
-4.265670947091273320e+02
-4.309906697642735480e+02
-4.353885655708042464e+02
-4.388519896796075273e+02
-4.397422377644231233e+02
-4.356249311959128931e+02
-4.234414227233663723e+02
-3.999743656415991495e+02
-3.625367305836610399e+02
-3.096858249791825415e+02
-2.417221080837242368e+02
-1.608070505341758007e+02
-7.067455395177822197e+01
2.396621804171185488e+01
1.181762987611806466e+02
2.075112731403820021e+02
2.885799594963314689e+02
3.593409484315841382e+02
4.191034659121332311e+02
4.682689064168867503e+02
5.079140991052814798e+02
5.393518928137008288e+02
5.637868389387602974e+02
5.821230083498826389e+02
5.949161144139020507e+02
6.024276822349552276e+02
6.047387128365967328e+02
6.018909803560165983e+02
5.940242307502917356e+02
5.814717308032866185e+02
5.647833681268723467e+02
5.446665828646127920e+02
5.218591839732332573e+02
4.969713035529863419e+02
4.703526833820424145e+02
4.420401227929573906e+02
4.118110802887676414e+02
3.793288760347566040e+02
3.443313536836129174e+02
3.067970063456706953e+02
2.670282995167666513e+02
2.256244869103629753e+02
1.833630486780396325e+02
1.410484166563873032e+02
9.939835086201438230e+01
5.901158216787965216e+01
2.040990530226783761e+01
-1.589226552158846673e+01
-4.934515559623758918e+01
-7.937994287881554101e+01
-1.054852262012124413e+02
-1.273219108259270342e+02
-1.448399967185063133e+02
-1.583483629706388172e+02
-1.684912677566179582e+02
-1.761208636061168136e+02
-1.821093989997121696e+02
-1.871771631521046970e+02
-1.918018242513672362e+02
-1.962347064034715061e+02
-2.006011301238294209e+02
-2.050242602736750257e+02
-2.097034367063073148e+02
-2.149054386991292063e+02
-2.208774364661946947e+02
-2.277367071074480691e+02
-2.354079931722252468e+02
-2.436539110157222296e+02
-2.521897860580703252e+02
-2.608226428350034212e+02
-2.695360762356959299e+02
-2.784707293242917672e+02
-2.878106007761848559e+02
-2.976430458014436908e+02
-3.078783874602748369e+02
-3.182815550310976391e+02
-3.285974555301594364e+02
-3.386811987172214913e+02
-3.485316087606708493e+02
-3.581996565109540711e+02
-3.676477416968023704e+02
-3.766768594501393181e+02
-3.849809644735464076e+02
-3.922866838580899298e+02
-3.984794582653823909e+02
-4.036437398657374729e+02
-4.080195192137138065e+02
-4.119311960215163708e+02
-4.157366596484349088e+02
-4.197897970909393734e+02
-4.243629393343094875e+02
-4.294828253452274112e+02
-4.346905054656543825e+02
-4.387974425239984271e+02
-4.397422377644231233e+02
-4.346517606037858172e+02
-4.201736607095770069e+02
-3.930621035012304674e+02
-3.508835077710319865e+02
-2.926358885327681492e+02
-2.190901235587427607e+02
-1.327546009334631947e+02
-3.748726959711113693e+01
6.211936689681327550e+01
1.614083756110235868e+02
2.562303725997429638e+02
3.433281236587743592e+02
4.205159485284393668e+02
4.866844179286561598e+02
5.416775120187754737e+02
5.860851331858671074e+02
6.209864777109924034e+02
6.476783344895083019e+02
6.674254714677706488e+02
6.812746975336244759e+02
6.899697983032758657e+02
6.939767237560590729e+02
6.935849823102653318e+02
6.890243515771461489e+02
6.805444795481396341e+02
6.684359842376143206e+02
6.530025592466811304e+02
6.345117846918076339e+02
6.131566765463863931e+02
5.890543214751155574e+02
5.622923120278946953e+02
5.330058355621181363e+02
5.014407952302455556e+02
4.679592958167091865e+02
4.329834061309490494e+02
3.969232905050575368e+02
3.601556923304776205e+02
3.230890589585708881e+02
2.862861864899617785e+02
2.505581035595326398e+02
2.169440829760898453e+02
1.865594745290491687e+02
1.603726187929732419e+02
1.390051794181562741e+02
1.226271172252376971e+02
1.109673335751362941e+02
1.034153072483683218e+02
9.916653293056597818e+01
9.736433792710472801e+01
9.720039412262244127e+01
9.795578624504102550e+01
9.899820716829169953e+01
9.977888502438952401e+01
9.986541651000955255e+01
9.900476058827229053e+01
9.717072365350990992e+01
9.454940962025109741e+01
9.145316551954915951e+01
8.819058020990239299e+01
8.493038601924916975e+01
8.159267433974335404e+01
7.780115287763592846e+01
7.292782313921433968e+01
6.623699971753390514e+01
5.709397187350283787e+01
4.517110895687329730e+01
3.057561376370355788e+01
1.384047708616343897e+01
-4.232711793653763266e+00
-2.282484936810129739e+01
-4.134187642436475585e+01
-5.954747594026707702e+01
-7.753754702809578703e+01
-9.558610064212780344e+01
-1.139532713906774575e+02
-1.327561572597447253e+02
-1.519538035277428492e+02
-1.714156677868568011e+02
-1.909879559626407683e+02
-2.104949454404359130e+02
-2.296957862079572692e+02
-2.482812013968646170e+02
-2.659752551865080363e+02
-2.827205225097969787e+02
-2.988419203012635990e+02
-3.150636020371587733e+02
-3.323064222560234384e+02
-3.512940458952743370e+02
-3.720950492021853506e+02
-3.937750299169924801e+02
-4.143007015119779908e+02
-4.307449786186447227e+02
-4.397422377644231233e+02
-4.380867387058860345e+02
-4.233564833313485565e+02
-3.944439431404897505e+02
-3.518733038876972046e+02
-2.978129319133473132e+02
-2.357714750578708163e+02
-1.700647215743577476e+02
-1.052021295596365462e+02
-4.533633062426035565e+01
6.141002082463160150e+00
4.684903617840679857e+01
7.555849453585025799e+01
9.227503365041758343e+01
9.827506737034269690e+01
9.604240312814192748e+01
8.902952694655363075e+01
