-9.927285790714483937e+01
-5.284034387055789495e+01
-1.380274332468105314e+01
1.247527173139948076e+01
2.390297174101991828e+01
2.173031680997709714e+01
9.611560535436872499e+00
-7.834477273139732745e+00
-2.640930901953756660e+01
-4.325830712944794243e+01
-5.717656929635989371e+01
-6.837280068811385547e+01
-7.790375378148398511e+01
-8.702009693947232449e+01
-9.662203697688116222e+01
-1.069585041919307855e+02
-1.176295478757897683e+02
-1.278535685250268017e+02
-1.368618138447410786e+02
-1.442442307052381523e+02
-1.501187378808478456e+02
-1.550874543402942720e+02
-1.600204255994916593e+02
-1.657495480740117841e+02
-1.727750789261776276e+02
-1.810880729165240268e+02
-1.901741676253867581e+02
-1.991823319761502944e+02
-2.071555954201902239e+02
-2.131849125551078146e+02
-2.163950930698411810e+02
-2.157898063592936637e+02
-2.100993541700517255e+02
-1.977969242991837575e+02
-1.773492402708903057e+02
-1.476264622453967092e+02
-1.083215272788562373e+02
-6.024260841128471355e+01
-5.392705916897652330e+00
5.319167866432572112e+01
1.118073301085073439e+02
1.665786744573988187e+02
2.140005960887854428e+02
2.514566385722854704e+02
2.776187558715079149e+02
2.926171365364359644e+02
2.979057366114508909e+02
2.958431034548594880e+02
2.891115476664027710e+02
2.801569224388866814e+02
2.708169694740360001e+02
2.622213399806668122e+02
2.549210989626446633e+02
2.490977649895384332e+02
2.446839215727327144e+02
2.413265454635372009e+02
2.382747696874797896e+02
2.343604871896044983e+02
2.281972259068257927e+02
2.185833281358152362e+02
2.049548728451104864e+02
1.876754261139909090e+02
1.680018689775045857e+02
1.477055456598601495e+02
1.284954312736797135e+02
1.114967546101183444e+02
9.701180870641175602e+01
8.463828149021252045e+01
7.364229809531951787e+01
6.338526732904577443e+01
5.361872308039998813e+01
4.455084653653838700e+01
3.669574063801336195e+01
3.059943075705390569e+01
2.656940113270093917e+01
2.451135820753403394e+01
2.391839348251147612e+01
2.399977635939691822e+01
2.389900992513481981e+01
2.292742590464013830e+01
2.072683038216500861e+01
1.728901223672903598e+01
1.281728699467944566e+01
7.498988339196322350e+00
1.314450566671635734e+00
-6.009262629373386844e+00
-1.487241417800485621e+01
-2.556502575651389719e+01
-3.803010357800768304e+01
-5.174499322650760291e+01
-6.579461342635993049e+01
-7.912697020724986885e+01
-9.089632660016222587e+01
-1.007590746342183650e+02
-1.090053474216387741e+02
-1.164668322462996741e+02
-1.242172798797514304e+02
-1.331590012471004911e+02
-1.436397320164014673e+02
-1.552462033055782626e+02
-1.668678622213708991e+02
-1.770288836178374652e+02
-1.843848342652829615e+02
-1.882190164044696985e+02
-1.887694161880988588e+02
-1.872556306977195391e+02
-1.855537479070775646e+02
-1.855908653654184945e+02
-1.886607584047977468e+02
-1.949161140180138148e+02
-2.032155175829423968e+02
-2.113331885674664647e+02
-2.163950930698411810e+02
-2.153801693646174158e+02
-2.055960073536105028e+02
-1.851045020046184106e+02
-1.530782039955111316e+02
-1.100469387889634163e+02
-5.798098621626746763e+01
-1.499000613410750304e-01
5.929523088239389494e+01
1.159970374459380054e+02
1.661713279489061392e+02
2.072396837773406446e+02
2.381041459550893933e+02
2.590130946352572323e+02
2.711373753868801941e+02
2.760616259864376616e+02
2.753738530185180480e+02
2.704446820007616452e+02
2.623901466497711681e+02
2.521508712502045171e+02
2.406015893422205920e+02
2.286173074403740486e+02
2.170539551157224594e+02
2.066393564636784390e+02
1.978045759805679040e+02
1.905147453505009310e+02
1.841806656925922994e+02
1.777268219495237815e+02
1.698365832652219751e+02
1.593120086549892847e+02
1.454262159104834495e+02
1.281457917615546478e+02
1.081568164964288599e+02
8.670550149322362188e+01
6.531563920930560130e+01
4.545527844592280076e+01
2.822507386167330168e+01
1.415090680197269357e+01
3.153492784313977282e+00
-5.296476448558468775e+00
-1.192060775799620842e+01
-1.739967727649755602e+01
-2.225030746524446812e+01
-2.681281884337467147e+01
-3.129881783480919921e+01
-3.584625794778068553e+01
-4.055157097366031849e+01
-4.546918141021775028e+01
-5.058756735352591960e+01
-5.580660628113078303e+01
-6.094117292831488442e+01
-6.575737518000590853e+01
-7.002868586153728359e+01
-7.359886869186486535e+01
-7.644965055744451377e+01
-7.876788022469088446e+01
-8.098182808718181036e+01
-8.371855355702422230e+01
-8.766262409095833164e+01
-9.336514556603766835e+01
-1.010992471444788805e+02
-1.108296140292365379e+02
-1.222753745027563923e+02
-1.349725024700539961e+02
-1.482564026381904512e+02
-1.611907655447919865e+02
-1.725724654910997060e+02
-1.811317213211595458e+02
-1.859145080561973202e+02
-1.866889793665287129e+02
-1.841684485929170876e+02
-1.799141769622504228e+02
-1.759228539689946444e+02
-1.740407691682083566e+02
-1.754180081809521994e+02
-1.802008237493107004e+02
-1.875703550904536314e+02
-1.960972571924464205e+02
-2.042454041162920078e+02
-2.107937557507504209e+02
-2.149914420411591607e+02
-2.163950930698411810e+02
-2.145003420647456380e+02
-2.083962884891490148e+02
-1.966747612136271641e+02
-1.776987201941439878e+02
-1.501380877886942926e+02
-1.135325550358892315e+02
-6.863167415985651587e+01
-1.738792302086211095e+01
3.735472191916407070e+01
9.232655072067471735e+01
1.442936683185095603e+02
1.904186867094102524e+02
2.285005327147934793e+02
2.571253674482319411e+02
2.757672400568750390e+02
2.848349614412974802e+02
2.856116233959538704e+02
2.800386326790614930e+02
2.703632704843160468e+02
2.587390376552943962e+02
2.468922843885335396e+02
2.359377009156209226e+02
2.263553189883683388e+02
2.180744652754418951e+02
2.105920210620570572e+02
2.030870839131307548e+02
1.945420574159815317e+02
1.839043472168868902e+02
1.703100277514468246e+02
1.533437331503522216e+02
1.332517273991344098e+02
1.110004106212166590e+02
8.810788145322023013e+01
6.626732727300344550e+01
4.689589338722348089e+01
3.080991928797764956e+01
1.816997150993662657e+01
8.672940326823422197e+00
1.823369450017059634e+00
-2.889446407969548769e+00
-5.962588177989316840e+00
-7.925318257056336968e+00
-9.345001978631227502e+00
-1.073147576639459366e+01
-1.237314846053762096e+01
-1.420947447944810804e+01
-1.584444063444590789e+01
-1.672844506323134084e+01
-1.642648384743051437e+01
-1.482656186912935503e+01
-1.217775945618258682e+01
-8.958439433291410126e+00
-5.676060292668732465e+00
-2.719977758793084455e+00
-3.263362502717175317e-01
1.372290815053943902e+00
2.285688379909538881e+00
2.346974715912158338e+00
1.533147877420158345e+00
-1.165638021145847247e-01
-2.516348697995752559e+00
-5.574471739038197704e+00
-9.224624004043837644e+00
-1.342589450174855870e+01
-1.813691609692038043e+01
-2.328297861495750354e+01
-2.873230513182736345e+01
-3.429215138506722838e+01
