2.777993589218562533e+02
4.960174852341975793e+01
-1.491729234680892091e+02
-2.967452740942571268e+02
-3.839758831323752588e+02
-4.148658598280692900e+02
-4.031828246060169363e+02
-3.670243538451770178e+02
-3.234383747544176799e+02
-2.846961313276894430e+02
-2.568857201110358233e+02
-2.405901012021145675e+02
-2.328314781152492401e+02
-2.293122423364843030e+02
-2.261947262800597969e+02
-2.210610993397570496e+02
-2.130801191053234334e+02
-2.026436425006762647e+02
-1.907924432571573448e+02
-1.786754855449301544e+02
-1.671633710842976370e+02
-1.566455573759997719e+02
-1.470069047946956289e+02
-1.377634898174146656e+02
-1.283049270773472017e+02
-1.181575715892728340e+02
-1.071811830694440459e+02
-9.563736213243680595e+01
-8.410511048088250163e+01
-7.326994464759150105e+01
-6.367031475653658390e+01
-5.550937150768407946e+01
-4.860568112086519932e+01
-4.248819186369064482e+01
-3.658492673474688672e+01
-3.043223393990507475e+01
-2.383118581628662014e+01
-1.688973292976498897e+01
-9.923353131369026414e+00
-3.248173149537251447e+00
3.039838629196140118e+00
9.194055053114226439e+00
1.580288462909226155e+01
2.366449119846134863e+01
3.363622918253358307e+01
4.653390319856293900e+01
6.310262048935058488e+01
8.402867638958159091e+01
1.099376720956778968e+02
1.413305564312059346e+02
1.784380623823021210e+02
2.210155942615333515e+02
2.681447947181521840e+02
3.181363363399278796e+02
3.686150764194395606e+02
4.168076493074665905e+02
4.599768959905235306e+02
4.958974363461710482e+02
5.232519370216916741e+02
5.418400340591108488e+02
5.525320418640510525e+02
5.569717862743968908e+02
5.571224189526894861e+02
5.548110544883868442e+02
5.514125359843687875e+02
5.477223085234707014e+02
5.439755918591531554e+02
5.399427045958295821e+02
5.350586437611184465e+02
5.285736361487947761e+02
5.197149732582731758e+02
5.078414231152927982e+02
4.925655461721972301e+02
4.738221965422614517e+02
4.518719591782847829e+02
4.272424740191341357e+02
4.006272165102574263e+02
3.727766996521775695e+02
3.444216332094001132e+02
3.162528729902709870e+02
2.889492224809971503e+02
2.632071652737046179e+02
2.397165647423595942e+02
2.190595210452553374e+02
2.015609926940208254e+02
1.871470258391339598e+02
1.752604440708603022e+02
1.648721742986368213e+02
1.546227392130036833e+02
1.431062993506981798e+02
1.292447200689470037e+02
1.126223672394493889e+02
9.363232778665165768e+01
7.335484533111713290e+01
5.320783712379314068e+01
3.450124197652412050e+01
1.804911268833208027e+01
3.958431789980079607e+00
-8.349092643947903625e+00
-1.990314051997065192e+01
-3.183331898867786691e+01
-4.502601384060692169e+01
-5.988841005488960434e+01
-7.626823210781421380e+01
-9.353980282618512376e+01
-1.108332235421029139e+02
-1.273377674396497810e+02
-1.425711918261958431e+02
-1.565060216099703041e+02
-1.694946384776146999e+02
-1.820254048805608420e+02
-1.944342350426473729e+02
-2.067298181183788870e+02
-2.186270975047067964e+02
-2.297558646767742800e+02
-2.399072325439855149e+02
-2.491677026392442542e+02
-2.578701556409680506e+02
-2.664087831466997613e+02
-2.750426760335972176e+02
-2.837994776743497596e+02
-2.925085327324600826e+02
-3.009173522715847184e+02
-3.088244847652557610e+02
-3.161806148342856204e+02
-3.231315073774642315e+02
-3.299895872047015928e+02
-3.371342298507719306e+02
-3.448615915118083990e+02
-3.532285765072609820e+02
-3.619486672776313299e+02
-3.703912074801755239e+02
-3.777121701480624552e+02
-3.831041083433104859e+02
-3.860985681995215941e+02
-3.868096028804000639e+02
-3.860061028299584223e+02
-3.849535220093673615e+02
-3.850531397384916090e+02
-3.873920476730179985e+02
-3.923517693546343708e+02
-3.993870118414596959e+02
-4.070177762816481959e+02
-4.130312817677547628e+02
-4.148658598280692900e+02
-4.101113680123705763e+02
-3.970038874357504710e+02
-3.747619436397885693e+02
-3.436632974456978218e+02
-3.048713231281067237e+02
-2.601242938765035433e+02
-2.114317274773068789e+02
-1.608724603469747763e+02
-1.105052872972253795e+02
-6.233652228549023278e+01
-1.826755116603285956e+01
2.003025495073839579e+01
5.131664093138886074e+01
7.501021100573416334e+01
9.134980399918237026e+01
1.013871639203625534e+02
1.067640918247649324e+02
1.093293078147953281e+02
1.107270729528635798e+02
1.120889403987156641e+02
1.138980200135071925e+02
1.160237546338727839e+02
1.178762260829169577e+02
1.186094672138482622e+02
1.173197363150192700e+02
1.132263102656215210e+02
1.058414500356664689e+02
9.510547218438387063e+01
8.142900563397276414e+01
6.560918955588996937e+01
4.865524516220028772e+01
3.159747193867266901e+01
1.532946742932597317e+01
4.929547532992160086e-01
-1.259213891767279847e+01
-2.393605499839776485e+01
-3.381259726682770861e+01
-4.262697504222506950e+01
-5.075356739296501019e+01
-5.839905561223329755e+01
-6.554995330004229004e+01
-7.203396532424704901e+01
-7.766361517555711202e+01
-8.237759177340245742e+01
-8.629791963435846469e+01
-8.968103479868311467e+01
-9.280853763816438118e+01
-9.589045985770539460e+01
-9.903240563668279606e+01
-1.022730884596905696e+02
-1.056621284848835813e+02
-1.093338669751790349e+02
-1.135378309058959729e+02
-1.186078263476427708e+02
-1.248847430438875250e+02
-1.326292786994159769e+02
-1.419493532655625643e+02
-1.527412624422401848e+02
-1.646433180465797363e+02
-1.770315909850063463e+02
-1.891046950516374636e+02
-2.000664826911327054e+02
-2.093433030782912283e+02
-2.167347995255299793e+02
-2.224328175556051974e+02
-2.269177947619675422e+02
-2.307927491152771609e+02
-2.346192084170160115e+02
-2.388007466436591244e+02
-2.435390173181584714e+02
-2.488621176205536472e+02
-2.546938803421919317e+02
-2.609123233200610912e+02
-2.673604753366074078e+02
-2.738219054275313056e+02
-2.800153926934685273e+02
-2.856548864173099673e+02
-2.905648881184180823e+02
-2.947859059170855858e+02
-2.985993348311051818e+02
-3.024508925794177117e+02
-3.068105331458312435e+02
-3.120270778363452564e+02
-3.182193279354636388e+02
-3.252274318666328554e+02
-3.326411466409464310e+02
-3.399026611561171194e+02
-3.464436490900297940e+02
-3.517960349714901440e+02
-3.556463314617180345e+02
-3.578624512777694235e+02
-3.585513346114561273e+02
-3.581647174884495257e+02
-3.575800416072188455e+02
-3.580297030873227868e+02
-3.608086386307086286e+02
-3.668272140036593782e+02
-3.761816971226275541e+02
-3.879161321628973838e+02
-4.000691728044252500e+02
-4.099953414690282898e+02
-4.148658598280692900e+02
-4.122207384551924747e+02
-4.004646391564711507e+02
-3.792341443337014653e+02
-3.495752567790875105e+02
-3.138684369221454062e+02
-2.754634684278347549e+02
-2.380563335268545302e+02
-2.049346997593851540e+02
-1.782940131540685513e+02
-1.588420223273031979e+02
-1.458415381569302554e+02
-1.375911947514535143e+02
-1.321600514516954945e+02
-1.280626342254454357e+02
-1.245684569550399488e+02
