-3.058395821616940680e+00
-8.800061359411091644e+01
-1.617988275149340609e+02
-2.163208197848555869e+02
-2.483574542442281086e+02
-2.597403400818600971e+02
-2.559669399884882068e+02
-2.440772166901978153e+02
-2.305886799623935417e+02
-2.200760973812415386e+02
-2.146484777812074753e+02
-2.142420058581793114e+02
-2.174064207542730287e+02
-2.221896946305485585e+02
-2.268215219019786559e+02
-2.300742041957914239e+02
-2.313365445625176449e+02
-2.305126373026489546e+02
-2.278542306777611088e+02
-2.237995349383133430e+02
-2.188622579202955762e+02
-2.135834056671647545e+02
-2.085122990874816651e+02
-2.041590089912980943e+02
-2.008947100754575672e+02
-1.988370922399159895e+02
-1.977800312146386261e+02
-1.971948851989253058e+02
-1.962865447780432078e+02
-1.940701970239522893e+02
-1.894500492236376772e+02
-1.813110508246730603e+02
-1.686469570216670775e+02
-1.507208547196973711e+02
-1.272124896468996269e+02
-9.829780294908005089e+01
-6.463631079749916353e+01
-2.727655532812330819e+01
1.249595369666828049e+01
5.334276700120349801e+01
9.405611155442255722e+01
1.336966874318774217e+02
1.716425333786684746e+02
2.075372381866773139e+02
2.411688747573122100e+02
2.723344657722094553e+02
3.007390417378222764e+02
3.259618817814471186e+02
3.475078907961186019e+02
3.649358110159141120e+02
3.780120491974977313e+02
3.868120047789064984e+02
3.917133768976841566e+02
3.932860038933348505e+02
3.921349148482532883e+02
3.887634685829235082e+02
3.834961346929821957e+02
3.764677326379620581e+02
3.676713984308675549e+02
3.570534136205260438e+02
3.446277874456187647e+02
3.305581966957905706e+02
3.151505373894241870e+02
2.987429011889666413e+02
2.815554246183845635e+02
2.636121808185288273e+02
2.448201220234609252e+02
2.251919851745549011e+02
2.050931535669266452e+02
1.853516022147906313e+02
1.671293362995029952e+02
1.515775609568302116e+02
1.394114196270778336e+02
1.305869709042710269e+02
1.242257778168409743e+02
1.188295031810885689e+02
1.127094903918896165e+02
1.044801900085430191e+02
9.345198505918273213e+01
7.979894988913814302e+01
6.445464878221559957e+01
4.878149733596389126e+01
3.413317884898780363e+01
2.145930078404927599e+01
1.107901652173256402e+01
2.682668168916844564e+00
-4.469088624259168085e+00
-1.125367035644647729e+01
-1.843135913099828826e+01
-2.651624829215661805e+01
-3.578431970881796076e+01
-4.635761403949403814e+01
-5.827630027057612949e+01
-7.149772282331936424e+01
-8.582412184696136137e+01
-1.008222613591341457e+02
-1.158215413560791376e+02
-1.300426197227839964e+02
-1.428275425237804939e+02
-1.538624168249261857e+02
-1.632680966184772444e+02
-1.715051365606829563e+02
-1.791432985533039925e+02
-1.866087247433480059e+02
-1.940186101019389469e+02
-2.011636687678972351e+02
-2.076321211600580909e+02
-2.130163075442947331e+02
-2.171238425386136441e+02
-2.201195467414394784e+02
-2.225372734187000106e+02
-2.251334431531416840e+02
-2.286189775046956356e+02
-2.333747586195409554e+02
-2.392757295844848500e+02
-2.457017317518889001e+02
-2.517299332898610373e+02
-2.564307920083296608e+02
-2.591581746775281658e+02
-2.597403400818600971e+02
-2.585249281523762761e+02
-2.562817496625222589e+02
-2.540019731723066627e+02
-2.526430251654987842e+02
-2.528613432877892251e+02
-2.547693382021011530e+02
-2.577644398167557824e+02
-2.604968897470497495e+02
-2.610346635052602551e+02
-2.572218352419051826e+02
-2.471310040127845582e+02
-2.294507753296117301e+02
-2.036832897841449324e+02
-1.701325698192719358e+02
-1.297591996487528263e+02
-8.400210243440676550e+01
-3.463149953392110092e+01
1.636250397971484105e+01
6.688824588679331384e+01
1.149239258944097912e+02
1.587394841576334557e+02
1.971065083428549087e+02
2.294232085644362371e+02
2.557230266193847967e+02
2.765773049135846122e+02
2.929204599552805348e+02
3.058377331259408720e+02
3.163608125088055090e+02
3.252998974768096332e+02
3.331181134190902640e+02
3.398558832503410372e+02
3.451337474469047493e+02
3.482657389189023434e+02
3.484776224931046045e+02
3.451618080623615015e+02
3.380640301170760154e+02
3.273270352851641292e+02
3.133992686683022839e+02
2.968902032602529744e+02
2.784642827956378142e+02
2.588084797827366970e+02
2.386353970948867698e+02
2.186606358738145843e+02
1.995333323169394646e+02
1.817506797090004795e+02
1.656003762937746728e+02
1.511482255234662944e+02
1.382524399881255590e+02
1.265763144447465152e+02
1.156012659440546599e+02
1.046799577029410955e+02
9.316055092160260642e+01
8.055673739968338509e+01
6.669369998766943297e+01
5.176952803409196235e+01
3.631250123093177251e+01
2.104601256421813105e+01
6.690028693345603017e+00
-6.250523717906247612e+00
-1.763549408023968823e+01
-2.770336890762882120e+01
-3.692623020994922456e+01
-4.576743421659059408e+01
-5.446492458489267108e+01
-6.295259360487128220e+01
-7.095316738241227483e+01
-7.817894274833483337e+01
-8.452340804318960465e+01
-9.014660151559262147e+01
-9.542385319743564764e+01
-1.007917923745305160e+02
-1.065614242125256794e+02
-1.127767781233852418e+02
-1.191834873433910786e+02
-1.253356511023404636e+02
-1.308154493095476312e+02
-1.354808403198107953e+02
-1.396203050014352698e+02
-1.439155197350279991e+02
-1.492003288418547413e+02
-1.561114294905705151e+02
-1.647854396677136322e+02
-1.747372354853881120e+02
-1.849738702001767763e+02
-1.942994844047553329e+02
-2.016946413929113078e+02
-2.066356728908693299e+02
-2.092500306383324187e+02
-2.102605824182214462e+02
-2.107403539547796640e+02
-2.117650262469901747e+02
-2.140901366935980263e+02
-2.179705298870088654e+02
-2.231754390632645766e+02
-2.291607219761515353e+02
-2.352944853558771001e+02
-2.410331069934189543e+02
-2.460013685785159794e+02
-2.499961504982839529e+02
-2.529637390436889177e+02
-2.549852605691274334e+02
-2.562666478971357265e+02
-2.571029625143813746e+02
-2.577942549289734870e+02
-2.585278351082087056e+02
-2.592746319874377718e+02
-2.597403400818600971e+02
-2.593758130728602964e+02
-2.574251507983877900e+02
-2.529884390786233439e+02
-2.450882646452427878e+02
-2.327522315422894224e+02
-2.151488879172915460e+02
-1.918035137073175633e+02
-1.628529184691635123e+02
-1.292255018186656343e+02
-9.262812652360241827e+01
-5.529511450207060363e+01
-1.955582156548236128e+01
1.264383788254065166e+01
4.010152382439180485e+01
6.247499076054840828e+01
8.013049935911161015e+01
9.381153605545762275e+01
1.042799047382150377e+02
1.120696165603461338e+02
1.174230783353060019e+02
1.203888993655338879e+02
1.209968209494612665e+02
1.194096661739600904e+02
1.159726578425146784e+02
1.111270661647328950e+02
1.052325819500369732e+02
9.841982633927770507e+01
9.059624575903762889e+01
8.162574833238829797e+01
7.156797860392680377e+01
6.080603849700229091e+01
4.995455458966026185e+01
3.957833943579927904e+01
2.988166279449289675e+01
2.057145684434345867e+01
