1.730110199668258986e+01
3.141357623154338086e+01
4.242083010892641681e+01
4.799191255790447741e+01
4.698761068753212555e+01
3.953997670174921808e+01
2.680592135309935031e+01
1.054366732773075910e+01
-7.340520803907629954e+00
-2.517709995568347381e+01
-4.180151013072663346e+01
-5.668051941303285446e+01
-6.987181201793026730e+01
-8.180546285823142227e+01
-9.293011016095513810e+01
-1.033472897465782694e+02
-1.126056628878741037e+02
-1.197806406642779393e+02
-1.238245415626680597e+02
-1.240217062854020185e+02
-1.203248014087177467e+02
-1.134195073435563756e+02
-1.045146074572113264e+02
-9.498781458493698437e+01
-8.605573144795049245e+01
-7.857415560768541241e+01
-7.298242517661887518e+01
-6.934886236278451577e+01
-6.746064491981428546e+01
-6.691482938018327786e+01
-6.719906370171815979e+01
-6.777532360553367141e+01
-6.817019020561824050e+01
-6.804986325172204431e+01
-6.726105418733733643e+01
-6.584906550687733784e+01
-6.407524340025356935e+01
-6.242602961731755329e+01
-6.157114641439827096e+01
-6.223531142225708379e+01
-6.499939954540624854e+01
-7.010387361629598502e+01
-7.734426404791483378e+01
-8.611059555534656340e+01
-9.555584381124475613e+01
-1.048251343340651118e+02
-1.132650056336299684e+02
-1.205592837570428344e+02
-1.267764563936847821e+02
-1.323279975137273539e+02
-1.378229532753619822e+02
-1.438013374751716071e+02
-1.503818082391826749e+02
-1.569500320742649535e+02
-1.620580293060617123e+02
-1.636357874164834527e+02
-1.594686194903060823e+02
-1.477696314609534625e+02
-1.276483048820658155e+02
-9.933960285323399830e+01
-6.416076004311197778e+01
-2.424821948905236013e+01
1.783256148139030017e+01
5.950562955598009296e+01
9.854069142944301518e+01
1.332791880651628276e+02
1.627075240626564323e+02
1.864076761441843075e+02
2.044463633476715927e+02
2.172545830459301897e+02
2.255121247180930766e+02
2.300225952076295926e+02
2.315708496043861544e+02
2.307873348850501714e+02
2.280654612595637616e+02
2.235621803348589083e+02
2.172700931136392057e+02
2.091185321117671947e+02
1.990641238191913658e+02
1.871543247028091912e+02
1.735604123310730529e+02
1.585732071275643875e+02
1.425573177667085361e+02
1.258804490356669419e+02
1.088538119784668936e+02
9.171446436361847532e+01
7.465482971855008998e+01
5.787885907477495095e+01
4.165030865190906439e+01
2.630139736523362615e+01
1.219240777222649896e+01
-3.551681274592102255e-01
-1.111351603031869395e+01
-1.997071465436325610e+01
-2.693041783233580233e+01
-3.210794310128957818e+01
-3.572946246899629585e+01
-3.813214175199341582e+01
-3.975848680491007769e+01
-4.112921475021299500e+01
-4.277922898909813654e+01
-4.516218503818701890e+01
-4.855432707417729432e+01
-5.299650274729223298e+01
-5.830059993076718428e+01
-6.411950851256460737e+01
-7.005100662663247135e+01
-7.573431115872378427e+01
-8.091040186560637437e+01
-8.544181333732147721e+01
-8.931034001257761190e+01
-9.261903727798636510e+01
-9.560173730536682513e+01
-9.860071141098222824e+01
-1.019682285441946306e+02
-1.059132804659254106e+02
-1.103908688950234591e+02
-1.151270135571332389e+02
-1.197789353075489061e+02
-1.241268293255549082e+02
-1.281665608621559045e+02
-1.320452938499017250e+02
-1.359017444301774162e+02
-1.397448740820657633e+02
-1.434697633737317233e+02
-1.469943553828549909e+02
-1.503927994582876124e+02
-1.538802395213993464e+02
-1.575917457266949384e+02
-1.612404129820330638e+02
-1.638370880393219124e+02
-1.636357874164834527e+02
-1.583528058042263922e+02
-1.455865258205096779e+02
-1.233154255145800988e+02
-9.036674080687173216e+01
-4.676775415293356275e+01
6.094835827061981348e+00
6.555012759717614301e+01
1.279467546849656969e+02
1.891418938537864278e+02
2.451060535685629418e+02
2.925337727917338952e+02
3.293102106545615015e+02
3.546997542488352337e+02
3.692165905707939828e+02
3.742555302611064008e+02
3.716285820583000259e+02
3.631430329572865503e+02
3.503023021148566158e+02
3.341563412252277203e+02
3.152972933643397937e+02
2.939829658715817118e+02
2.703481645523586394e+02
2.446209215637552177e+02
2.172381060740964358e+02
1.888045640836449195e+02
1.599409071759276912e+02
1.311299281145309692e+02
1.026488124653002245e+02
7.460279458445258172e+01
4.702490528733632402e+01
1.999699455273288606e+01
-6.247135087548246091e+00
-3.127479065257661617e+01
-5.449440826804961091e+01
-7.528099395993899634e+01
-9.313668739132684493e+01
-1.078082675483756674e+02
-1.193072666485186488e+02
-1.278398171094681430e+02
-1.337030711276781290e+02
-1.372082395694876311e+02
-1.386557927706179498e+02
-1.383491739737056889e+02
-1.366148809110503635e+02
-1.338061385149168245e+02
-1.302912960558441000e+02
-1.264400320255860493e+02
-1.226133165335155866e+02
-1.191574628408441470e+02
-1.164046356532823268e+02
-1.146721584643526768e+02
-1.142326958727119575e+02
-1.152315839107929634e+02
-1.175683510645547187e+02
-1.208021086777174986e+02
-1.241518607422717082e+02
-1.266425500533120783e+02
-1.273996950089012614e+02
-1.260168145373735058e+02
-1.228383113089657570e+02
-1.189839358576273440e+02
-1.160368667316229931e+02
-1.154892161423652794e+02
-1.181792793273194775e+02
-1.239719758275690253e+02
-1.318199250112295147e+02
-1.401656404836346610e+02
-1.474992215336223467e+02
-1.528421627760440060e+02
-1.559928200050477471e+02
-1.574806193311042648e+02
-1.582669213117773950e+02
-1.592863377927790793e+02
-1.609635695614560973e+02
-1.628667053422941251e+02
-1.636357874164834527e+02
-1.612358393605860556e+02
-1.534599914287166200e+02
-1.385177565287982588e+02
-1.155281240003231318e+02
-8.478694970815909926e+01
-4.775351441609725356e+01
-6.769272866677955136e+00
3.542076457143258494e+01
7.621542729206720423e+01
1.136053371739555615e+02
1.463811488733509236e+02
1.740667595720494774e+02
1.966635946649307982e+02
2.143567672504233315e+02
2.273147886794933754e+02
2.356365305408219797e+02
2.394148982955263136e+02
2.388407463980976217e+02
2.342737412357683411e+02
2.262429553849501929e+02
2.153849815857292640e+02
2.023572478178208200e+02
1.877641201795233599e+02
1.721118326334984374e+02
1.557915962572195667e+02
1.390907023985508886e+02
1.222304188892064758e+02
1.054114744462744824e+02
8.883495415544786056e+01
7.268584868189739723e+01
5.710376036025554214e+01
4.218197073051292989e+01
2.801605657355474222e+01
1.478159621227501574e+01
2.787222115093964447e+00
-7.548107088541193832e+00
-1.579943775964338215e+01
-2.166646316733212529e+01
-2.505006913408171698e+01
-2.603720574699138979e+01
-2.483243713010716647e+01
-2.170847550297784068e+01
-1.701051752366196013e+01
-1.118834749695937703e+01
-4.808963111762295739e+00
1.471459110943587945e+00
6.964645954580667819e+00
1.101528222322996697e+01
1.306245296801610678e+01
1.269984034973032294e+01
9.746914891171657658e+00
4.337509859818746705e+00
-3.001311859991847797e+00
-1.134941026799153363e+01
