-3.147896365553692277e+01
-7.402036364507428345e+01
-1.104507893740626798e+02
-1.364283801653352839e+02
-1.504674674171350546e+02
-1.539452893614948721e+02
-1.502135125145889845e+02
-1.433013728721392965e+02
-1.367287913024052557e+02
-1.327655829045974656e+02
-1.322277625934014793e+02
-1.347130046045216716e+02
-1.390857596400122986e+02
-1.440174099423512644e+02
-1.484363643455189958e+02
-1.518066632365326996e+02
-1.542016522207386515e+02
-1.561718506565224800e+02
-1.584441579022276017e+02
-1.615400896868893881e+02
-1.654391592288695847e+02
-1.694066447978162557e+02
-1.720459716544604021e+02
-1.715518700255655347e+02
-1.660724278827891567e+02
-1.540678531745851956e+02
-1.345861445139150874e+02
-1.074283252703372398e+02
-7.320311903414446419e+01
-3.326986943817730236e+01
1.042233896076278654e+01
5.556057858001761929e+01
9.970530976453696326e+01
1.405105204936996017e+02
1.759323963956893238e+02
2.044296563448851032e+02
2.251225254779464251e+02
2.378548685909005940e+02
2.431254398092216320e+02
2.419020285684555063e+02
2.353763256991329342e+02
2.247410714247384078e+02
2.110574353926989488e+02
1.952245379376424523e+02
1.780042396238714844e+02
1.600432822199838085e+02
1.418672484510890683e+02
1.238518822127996089e+02
1.061870820478995512e+02
8.885081986565208467e+01
7.161350327471721755e+01
5.409275033568257385e+01
3.586934610798502376e+01
1.665561181052303752e+01
-3.522222060940926269e+00
-2.419532709387222269e+01
-4.444993837233757716e+01
-6.308555656927770627e+01
-7.889657106212267479e+01
-9.097563119573098334e+01
-9.892132026922018895e+01
-1.028805120822312773e+02
-1.034385201715490865e+02
-1.014336688167038574e+02
-9.778108324310888122e+01
-9.334879571038366919e+01
-8.887701303640503170e+01
-8.491243538532977198e+01
-8.175167627946272830e+01
-7.941896502649493073e+01
-7.771469767843476006e+01
-7.635475861615145732e+01
-7.517047194815656042e+01
-7.427258172877219522e+01
-7.406240943090438122e+01
-7.504856031652303727e+01
-7.755837794058307111e+01
-8.151800579514488732e+01
-8.644513553680324947e+01
-9.167103464643616917e+01
-9.666665057339157840e+01
-1.012840543552291876e+02
-1.057772612342322986e+02
-1.105967974168821826e+02
-1.160802133795781259e+02
-1.222151994917614815e+02
-1.286042282808271011e+02
-1.346395992231784362e+02
-1.397813033100303528e+02
-1.437867860606077954e+02
-1.467863806427752422e+02
-1.491935162747424783e+02
-1.515254398082715284e+02
-1.542339435274838593e+02
-1.575934647464686691e+02
-1.616198468526528700e+02
-1.659756089915057373e+02
-1.698727715743829094e+02
-1.720459716544604021e+02
-1.708684958431965129e+02
-1.646212651838387728e+02
-1.518512956559284248e+02
-1.317160988909025150e+02
-1.042188552215741595e+02
-7.026802390495582529e+01
-3.153780576227757848e+01
9.827463808068706896e+00
5.155801704663753071e+01
9.153780356808999841e+01
1.279609032034487086e+02
1.593824577085938756e+02
1.847216737111918974e+02
2.032664426660180652e+02
2.146960269761029849e+02
2.191120334521914401e+02
2.170554618300837149e+02
2.094793824013755454e+02
1.976499251873668186e+02
1.829732972427937625e+02
1.667769413189341492e+02
1.500884921024156142e+02
1.334635786510260118e+02
1.169212805512153324e+02
1.000329472505169406e+02
8.215360512766029899e+01
6.271243389979625249e+01
4.145122460128942521e+01
1.854026597981609825e+01
-5.433837580711958992e+00
-2.957841105911535706e+01
-5.286916911811004383e+01
-7.434829633267645477e+01
-9.328714484969519560e+01
-1.092553661115414485e+02
-1.220822791504146636e+02
-1.317598997789164628e+02
-1.383647548537885825e+02
-1.420420367818821887e+02
-1.430374381967667148e+02
-1.417316685042092104e+02
-1.386416422860915247e+02
-1.343758937778189306e+02
-1.295525236463709007e+02
-1.247093757983744808e+02
-1.202516920286185211e+02
-1.164664157657440740e+02
-1.135819983181284556e+02
-1.118117306672672981e+02
-1.113325936851358051e+02
-1.122107562292185889e+02
-1.143319946620798646e+02
-1.173916917142488643e+02
-1.209621126840685861e+02
-1.246191660815902651e+02
-1.280847179178765884e+02
-1.313211332486482092e+02
-1.345171310463653072e+02
-1.379464731894822762e+02
-1.417537509834956779e+02
-1.457807017414333473e+02
-1.495450052776650978e+02
-1.524123012130973223e+02
-1.538964025248371854e+02
-1.539398768184884432e+02
-1.530219168764802475e+02
-1.520245750622760283e+02
-1.519100273434083874e+02
-1.533499909023081500e+02
-1.564669511343467434e+02
-1.607926725484461485e+02
-1.654449199134094783e+02
-1.694182957189403282e+02
-1.718362374949475111e+02
-1.720459716544604021e+02
-1.695355661430374994e+02
-1.637518192220522906e+02
-1.539435901745216029e+02
-1.391479597797045358e+02
-1.183717908244552603e+02
-9.092350123317801547e+01
-5.675676641687490331e+01
-1.666931491483582661e+01
2.771776551624978424e+01
7.415928518221889476e+01
1.200661659706047431e+02
1.627928096357712207e+02
1.999121415249669838e+02
2.294851070196730234e+02
2.503101702083041573e+02
2.620989351965162086e+02
2.655113521341834257e+02
2.620129025629443049e+02
2.535691856829770074e+02
2.422464558652405628e+02
2.298180763943973375e+02
2.174741225724113178e+02
2.057008804796721506e+02
1.943498430649349586e+02
1.828574449118062546e+02
1.705264258085218785e+02
1.567733013047273403e+02
1.412934363683222045e+02
1.241496241882629192e+02
1.057976418616992760e+02
8.703245648712201898e+01
6.883264750448404357e+01
5.212667213656895626e+01
3.756436251939398119e+01
2.539464904543759260e+01
1.550459488252807638e+01
7.588497227496730169e+00
1.343638795775826011e+00
-3.415417428124005284e+00
-6.763640715049074714e+00
-8.746128887075464320e+00
-9.448147344724183938e+00
-9.005052250874587827e+00
-7.569030475636726152e+00
-5.286389513196944279e+00
-2.319321355501031690e+00
1.104450227400928242e+00
4.663038324488347541e+00
7.967376603551922898e+00
1.063343741382112029e+01
1.236053485743767055e+01
1.299006160993698700e+01
1.254249324455253856e+01
1.121972280401272570e+01
9.336219982755117996e+00
7.168960897156864576e+00
4.792036002244763893e+00
2.005158748829245496e+00
-1.583824701708216764e+00
-6.365533491697995316e+00
-1.253685683826353170e+01
-2.001029523940486854e+01
-2.845650910481478491e+01
-3.744240265284176417e+01
-4.659441991936208183e+01
-5.571996604886010118e+01
-6.484361241691237865e+01
-7.415380469000243124e+01
-8.390031704662098377e+01
-9.430148055361379988e+01
-1.054911517815225750e+02
-1.174822853487317786e+02
-1.300988443136492378e+02
-1.428596120879233240e+02
-1.548653021747177547e+02
-1.647869766537650378e+02
-1.710286560486883900e+02
-1.720459716544604021e+02
-1.667105833496298715e+02
-1.545799947257994518e+02
-1.359758757126475643e+02
-1.118574770926582858e+02
-8.355188065868077274e+01
-5.243959456960109833e+01
-1.969497529626879384e+01
1.384590213538858450e+01
4.767405873049195719e+01
8.150231410827345258e+01
