-3.036763050839350342e+01
-2.243323296878283912e+01
-1.615906016414025004e+01
-1.273703698282353791e+01
-1.262557121209151489e+01
-1.552829540574781930e+01
-2.058335358554063532e+01
-2.664297925693767155e+01
-3.253741398989531319e+01
-3.728284310794188627e+01
-4.023589939582392105e+01
-4.118745389199797557e+01
-4.036830246975583236e+01
-3.835383047538834944e+01
-3.589339616547683676e+01
-3.371781528047772269e+01
-3.238145354829049438e+01
-3.217881242653818674e+01
-3.314569860434785653e+01
-3.512373612860760375e+01
-3.784950615380543582e+01
-4.103492931426873724e+01
-4.443111518094951862e+01
-4.789126177725887601e+01
-5.143534182311314140e+01
-5.527469421131267779e+01
-5.973896023439042580e+01
-6.510368389223827990e+01
-7.140356569087384742e+01
-7.835265918748871172e+01
-8.543903427325808764e+01
-9.214961241576574480e+01
-9.819278949642372822e+01
-1.035922544844231510e+02
-1.086175460925998379e+02
-1.136146905292543181e+02
-1.188296807807417963e+02
-1.242772429218799175e+02
-1.296551977061746470e+02
-1.342895185450283577e+02
-1.371151161670657075e+02
-1.367240830198064714e+02
-1.315224554646248976e+02
-1.200091074638218629e+02
-1.011286683388202334e+02
-7.459748576412059151e+01
-4.109781086254120908e+01
-2.273188995547251068e+00
3.948746186258257751e+01
8.142992908245533101e+01
1.208836091978618725e+02
1.556678495193280014e+02
1.843601070940486579e+02
2.063709062441643027e+02
2.218363354699045260e+02
2.314043481898071946e+02
2.360048382395365252e+02
2.366470638430627389e+02
2.342417604402814675e+02
2.294497599173899403e+02
2.225895198512655782e+02
2.136381361766113116e+02
2.023278782675054686e+02
1.883098233533746111e+02
1.713460152914941546e+02
1.514870306300045968e+02
1.291830805869340111e+02
1.052768703434944797e+02
8.085517444285738975e+01
5.699759256345517144e+01
3.452502696476691568e+01
1.386355225373834799e+01
-4.921929650059057693e+00
-2.196439123609126653e+01
-3.740068854885021921e+01
-5.123753672236303203e+01
-6.331844544400401986e+01
-7.338474710448289784e+01
-8.119480450309401931e+01
-8.664916135779191109e+01
-8.986657163049558505e+01
-9.117860404556023468e+01
-9.105498927993836844e+01
-9.000457704807655546e+01
-8.849025191577456440e+01
-8.687057246579344394e+01
-8.537401443700909454e+01
-8.411715508625869120e+01
-8.316346104285383944e+01
-8.258950852094929473e+01
-8.251496983954740472e+01
-8.307362600561303623e+01
-8.433832783672228572e+01
-8.624087557925101066e+01
-8.853365667572941788e+01
-9.082516712580107310e+01
-9.269683370305904191e+01
-9.387403888268501362e+01
-9.438014971718791912e+01
-9.457880150532761832e+01
-9.505016837101767635e+01
-9.634706359445856094e+01
-9.876289014757627172e+01
-1.022376235541319147e+02
-1.064323220258996230e+02
-1.108999892553784292e+02
-1.152482799976625785e+02
-1.192308224795093565e+02
-1.227636381965105130e+02
-1.258925636634890566e+02
-1.287346168488749925e+02
-1.314041502718794163e+02
-1.339245428540554030e+02
-1.361200246821418887e+02
-1.374916614612329795e+02
-1.371151161670657075e+02
-1.336329316863190115e+02
-1.254072529569984056e+02
-1.108365554979496608e+02
-8.876273576097204909e+01
-5.885026021805908414e+01
-2.182630466620524246e+01
2.049089397638086751e+01
6.540425089900922728e+01
1.097682823802814625e+02
1.505479648878801413e+02
1.853557282063705429e+02
2.128063626148543506e+02
2.325864037457424445e+02
2.452363198925934284e+02
2.517512803350816171e+02
2.531729371712627028e+02
2.503298532363910454e+02
2.437890700960228685e+02
2.339646132253847384e+02
2.212641757243541178e+02
2.061722807671813769e+02
1.892380895634814237e+02
1.710031850304020509e+02
1.519267974206067038e+02
1.323413671697883842e+02
1.124399125927448040e+02
9.229708891896983403e+01
7.194331262315438380e+01
5.149317897552990075e+01
3.126884490181636167e+01
1.182680156243396397e+01
-6.149903450142243599e+00
-2.203496757479146595e+01
-3.540982874393392876e+01
-4.610772584728596257e+01
-5.415163132547044711e+01
-5.964926442493640479e+01
-6.272494817622788332e+01
-6.353231324824632509e+01
-6.232788932193578546e+01
-5.954157255089097589e+01
-5.578712321475242675e+01
-5.179844634129584335e+01
-4.831746972111393745e+01
-4.597435320971151640e+01
-4.519027225928557101e+01
-4.611289014845350920e+01
-4.858573710368881393e+01
-5.216065808512081503e+01
-5.617023226604739250e+01
-5.986565993450420819e+01
-6.259798432308272709e+01
-6.399617058235506306e+01
-6.408701060989770326e+01
-6.330943601871841508e+01
-6.240034669127052780e+01
-6.217239782520240965e+01
-6.325549196878306191e+01
-6.590407940062473813e+01
-6.995257444601752184e+01
-7.493209202616660036e+01
-8.028615752917303894e+01
-8.559045744070066064e+01
-9.069589728742413115e+01
-9.574489615009656518e+01
-1.010502090452438182e+02
-1.068828539677217861e+02
-1.132683430197994880e+02
-1.198962000479923518e+02
-1.261919702138547450e+02
-1.315055894460703314e+02
-1.352869892583870239e+02
-1.371151161670657075e+02
-1.365447451756501209e+02
-1.328761154422379889e+02
-1.250305572386297683e+02
-1.116720017482443268e+02
-9.158010989321954298e+01
-6.413789074659456446e+01
-2.972010367025460198e+01
1.020111159801897571e+01
5.328918614613924376e+01
9.681416439347826497e+01
1.381693987777880466e+02
1.752566953890490424e+02
2.066511340615150516e+02
2.315576182094052058e+02
2.496472317499095084e+02
2.608945769950614704e+02
2.655098604934224795e+02
2.639747332299666027e+02
2.571025299580529691e+02
2.460225654332218141e+02
2.320459386919914948e+02
2.164482622203603626e+02
2.002469264283027712e+02
1.840498065044369014e+02
1.680240626298048596e+02
1.519896209984454458e+02
1.355986628326180607e+02
1.185395964651174836e+02
1.007049396735517774e+02
8.227794479255368287e+01
6.371988380012786024e+01
4.567607440541075903e+01
2.884501910690926962e+01
1.385382613935965601e+01
1.164735919857861290e+00
-8.975222216149312260e+00
-1.653610579588051621e+01
-2.166752661960514104e+01
-2.464433205001963501e+01
-2.580964466847771632e+01
-2.551035122911233088e+01
-2.402295957239227420e+01
-2.149197561128767830e+01
-1.791690311799386848e+01
-1.321121135798775015e+01
-7.327196461184364296e+00
-4.076592777915131194e-01
7.102457235019860704e+00
1.445803320322024810e+01
2.076969752584768258e+01
2.528125302594668966e+01
2.765597265647838299e+01
2.812565705962041562e+01
2.740945767449800385e+01
2.642949213551311516e+01
2.595787736408377100e+01
2.635215333385411896e+01
2.747049465267967250e+01
2.876582073824618746e+01
2.950092250636073743e+01
2.901308003459110552e+01
2.695362357793390728e+01
2.342337453841071238e+01
1.894430181950633596e+01
1.426642758419742840e+01
1.008174237119518324e+01
6.761259673901452771e+00
4.223851706913661630e+00
1.992779286083373069e+00
-5.787409630251600934e-01
-4.003093783728359334e+00
-8.408335349033235318e+00
-1.346456498097052901e+01
