-1.653011940182610218e+01
7.129410161464578266e+01
1.433315241936895461e+02
1.880762432059287903e+02
2.008901351527792087e+02
1.842505608424048660e+02
1.459592565015633738e+02
9.629538612652439156e+01
4.516456380335529275e+01
-1.288857402599319357e-04
-3.523546177226258180e+01
-5.995991733675089819e+01
-7.608181857486397348e+01
-8.672775067363639323e+01
-9.502356856113632944e+01
-1.032453136684891462e+02
-1.124687573710614998e+02
-1.226662724086391734e+02
-1.330955075575116950e+02
-1.428002540222532843e+02
-1.510599024355815345e+02
-1.576590430753679470e+02
-1.629157740000971160e+02
-1.675015130635539435e+02
-1.721617024293300631e+02
-1.774666389403027438e+02
-1.836835811022873770e+02
-1.907852040094447261e+02
-1.985349516308850752e+02
-2.065739048083709690e+02
-2.144877780277660690e+02
-2.218873566011587855e+02
-2.285240921717385163e+02
-2.344032936806171108e+02
-2.398202704286813685e+02
-2.452704497875292020e+02
-2.512564098280348333e+02
-2.580814929189467648e+02
-2.657323252695744031e+02
-2.738988553371778494e+02
-2.820968078827295358e+02
-2.898073554409134545e+02
-2.965718424143370271e+02
-3.020450405152968756e+02
-3.060445741332889611e+02
-3.086076054239341033e+02
-3.100222776230894510e+02
-3.107898547182775815e+02
-3.114981348914711248e+02
-3.126230445803705038e+02
-3.142994636248374150e+02
-3.161096307520366508e+02
-3.169424566532366612e+02
-3.149840863906691766e+02
-3.078886347784473401e+02
-2.931331728613768632e+02
-2.684969466611225926e+02
-2.325490241815936088e+02
-1.850038328512924011e+02
-1.268291907011389839e+02
-6.007473400512062511e+01
1.249964839881553047e+01
8.784583835801235807e+01
1.629711133472661970e+02
2.351553701193338952e+02
3.020617980206246784e+02
3.617832566394519063e+02
4.128637069220974922e+02
4.543218498726128587e+02
4.856799024827277549e+02
5.069783917931657129e+02
5.187576791864539700e+02
5.219960447385043381e+02
5.179935119243273220e+02
5.081926368680299788e+02
4.939496347904806726e+02
4.763023190215893692e+02
4.558064019766260344e+02
4.325135908498826893e+02
4.061263590840728739e+02
3.762876967918931541e+02
3.428955750897838470e+02
3.063241125055751013e+02
2.674862888115346209e+02
2.277368270581348497e+02
1.886508064321978395e+02
1.517326559495980973e+02
1.181360190508922585e+02
8.849640204518750863e+01
6.294736261326397653e+01
4.129113154069037961e+01
2.319581018037602860e+01
8.289558171208071258e+00
-3.873937641746181271e+00
-1.388981311707863320e+01
-2.250037790803799354e+01
-3.047304113425797212e+01
-3.841416969812331672e+01
-4.662910721360888999e+01
-5.511416491975641918e+01
-6.368484013594510884e+01
-7.216240884246903420e+01
-8.051465169870787975e+01
-8.888803082365917874e+01
-9.753750568874235682e+01
-1.067070924120266397e+02
-1.165239078597720237e+02
-1.269511170134026941e+02
-1.378124729224794294e+02
-1.488677368424373810e+02
-1.599036405756887973e+02
-1.708127175643193709e+02
-1.816430776805954679e+02
-1.926009981694190003e+02
-2.039867441112581332e+02
-2.160631206716523991e+02
-2.288930584753713049e+02
-2.422129247150287483e+02
-2.554135388240286488e+02
-2.676715955232155011e+02
-2.782075378650843049e+02
-2.865698234078975020e+02
-2.928161673755004699e+02
-2.975031984403752290e+02
-3.014729411504130780e+02
-3.054974934909234889e+02
-3.098946167424548435e+02
-3.142397423232620781e+02
-3.172617450855855736e+02
-3.169424566532366612e+02
-3.107887471775893005e+02
-2.962302343567718594e+02
-2.710885609405186187e+02
-2.340404815299806103e+02
-1.849669266872538742e+02
-1.250817028776373547e+02
-5.678391996642026385e+01
1.673131583008280288e+01
9.197452885804925415e+01
1.656062131546394767e+02
2.347094517461908652e+02
2.968957264824956042e+02
3.503404866234241695e+02
3.938382740554218344e+02
4.268816079781195185e+02
4.496913520491145277e+02
4.631245570535987213e+02
4.684478362749094345e+02
4.670341389393889813e+02
4.600759192377106501e+02
4.483992331773941942e+02
4.324231092638879659e+02
4.122579980421441519e+02
3.878962506892848410e+02
3.594234186065944527e+02
3.271743121502402687e+02
2.917831567613981179e+02
2.541320743755984211e+02
2.152530873686068560e+02
1.762477805234898938e+02
1.382510373781323381e+02
1.024098595693032649e+02
6.982057922376871772e+01
4.139862304024944706e+01
1.771973319811699099e+01
-1.092649816989087697e+00
-1.538108666875796260e+01
-2.586769159982767974e+01
-3.350831303895397895e+01
-3.934403620586807193e+01
-4.439235283240807206e+01
-4.957947559401851834e+01
-5.567828811453630067e+01
-6.322380974213209015e+01
-7.242383450776712550e+01
-8.311376016920894472e+01
-9.479291585214677696e+01
-1.067483618762326216e+02
-1.182459739486587011e+02
-1.287422532574413765e+02
-1.380433055805440290e+02
-1.463411740774136547e+02
-1.541125623688103303e+02
-1.619350729504102162e+02
-1.703058765477307190e+02
-1.795236718482891547e+02
-1.896470795633272246e+02
-2.005121404443026449e+02
-2.117959966154127756e+02
-2.231261309176209977e+02
-2.342161396185183548e+02
-2.449675412331548046e+02
-2.554634574035761716e+02
-2.658315617836096294e+02
-2.760485055312011013e+02
-2.858184879392905486e+02
-2.946204658205289775e+02
-3.019074071936090036e+02
-3.073497965716578051e+02
-3.110004675245148746e+02
-3.132974372956733760e+02
-3.148753372695185249e+02
-3.162148917160569681e+02
-3.172288111149329097e+02
-3.169424566532366612e+02
-3.134321114462055107e+02
-3.041029037707057228e+02
-2.862502404751734844e+02
-2.577233609326782471e+02
-2.174645622906938627e+02
-1.657592655796283339e+02
-1.041618603155786786e+02
-3.517967882613592678e+01
3.814821179195187995e+01
1.126448836520611252e+02
1.852762694776208718e+02
2.533078138983734675e+02
3.143920402794162783e+02
3.666573655813264168e+02
4.088260723289820362e+02
4.403211473945356147e+02
4.612831761102082737e+02
4.724495018615997424e+02
4.749245950362444546e+02
4.699246520227771953e+02
4.585770364737861655e+02
4.418210780433992682e+02
4.204174598072310118e+02
3.950292134425278050e+02
3.663051150713840798e+02
3.349157560055303406e+02
3.015570297189345865e+02
2.669750038061354758e+02
2.320331912773267220e+02
1.977754450948606575e+02
1.654084829858045396e+02
1.361678849591235121e+02
1.111072334044787908e+02
9.090009094031599091e+01
7.573051042772894448e+01
6.529053374479576632e+01
5.886021248352957969e+01
5.544222512599311870e+01
5.392887941414497277e+01
5.326903936073981072e+01
5.259731440778146805e+01
5.130881848313202909e+01
4.908940516834769596e+01
4.591642967631248951e+01
4.203578131871275758e+01
3.791538865389262725e+01
3.416796035271253373e+01
3.141736523587509566e+01
3.008013966660976735e+01
3.008591087080245075e+01
3.065278544355341950e+01
3.028353964279244082e+01
2.708900424188759359e+01
1.939614968284710983e+01
6.438754619614966757e+00
-1.116185573321167368e+01
-3.138077995927135078e+01
