-1.829887453802840724e+01
-1.243633327354933158e+02
-2.165233824073283415e+02
-2.847863268604921245e+02
-3.254735197297182481e+02
-3.412284135632715447e+02
-3.390629931916168971e+02
-3.275073365797668430e+02
-3.140009920170813871e+02
-3.032984688345739528e+02
-2.971264339881010983e+02
-2.948599298901565362e+02
-2.947115955107238960e+02
-2.948837260325584566e+02
-2.942865748868207447e+02
-2.926938055680266757e+02
-2.904645420257573392e+02
-2.881039335537832358e+02
-2.859210163093062533e+02
-2.839156025023344796e+02
-2.818774709120771718e+02
-2.795886555544958583e+02
-2.770039053169003864e+02
-2.743237117239260670e+02
-2.719341388002928852e+02
-2.702412990648529103e+02
-2.694648107634031931e+02
-2.694704348260872848e+02
-2.697159598021058287e+02
-2.693598896445213313e+02
-2.675390314323757934e+02
-2.637513521543439765e+02
-2.581992906469633908e+02
-2.519119566778117019e+02
-2.465288453073057156e+02
-2.437815730314804057e+02
-2.448626475814080550e+02
-2.499248367295459730e+02
-2.578882031176569285e+02
-2.665939782367998419e+02
-2.732109761473232084e+02
-2.747384806267934323e+02
-2.684801698262155014e+02
-2.524336561002785118e+02
-2.255707081555904949e+02
-1.879617258652716885e+02
-1.406942788415443317e+02
-8.560494849966451625e+01
-2.494161441689923109e+01
3.889822595532112359e+01
1.034836358920626651e+02
1.663715937145410919e+02
2.251564739421133936e+02
2.776425134673389152e+02
3.221271938451545225e+02
3.576815446780424850e+02
3.842951293786553038e+02
4.028211477713433624e+02
4.147446710008014179e+02
4.218491560463524479e+02
4.258728560582468390e+02
4.282417372689347417e+02
4.299279251206997401e+02
4.314154812237280794e+02
4.327124512098414471e+02
4.333743143814361929e+02
4.325640420531352106e+02
4.291933078493617018e+02
4.221464295532985602e+02
4.105306405138910009e+02
3.938755199260828590e+02
3.722283477336598594e+02
3.461350853057145400e+02
3.165330800890976093e+02
2.845987147146134362e+02
2.515892767435165638e+02
2.187013236291047917e+02
1.869523784519315939e+02
1.570908806676122538e+02
1.295499942976881584e+02
1.044678877584248369e+02
8.177956870253581201e+01
6.134393046057206789e+01
4.304292450134298065e+01
2.681308743425064733e+01
1.261669158684848213e+01
3.762932684019233420e-01
-1.011335314842896338e+01
-1.927065025585762470e+01
-2.775376616021013731e+01
-3.637769652300566037e+01
-4.593108188846255757e+01
-5.696682302764096306e+01
-6.965515215151285133e+01
-8.375087089336224722e+01
-9.867416734730763039e+01
-1.136689146292115140e+02
-1.279928276163090146e+02
-1.410972357685978409e+02
-1.527563607305858397e+02
-1.631142540050313983e+02
-1.726419935868546247e+02
-1.820216853882575094e+02
-1.919762095436746563e+02
-2.030599340259426242e+02
-2.154504469775122857e+02
-2.288256020476333958e+02
-2.424118131959555456e+02
-2.552139094194321842e+02
-2.663348496469506017e+02
-2.752473549260387244e+02
-2.819149489408936233e+02
-2.867376299119445662e+02
-2.903667283149026161e+02
-2.934705331618057471e+02
-2.965363261552633958e+02
-2.997708941248341148e+02
-3.031177766447563044e+02
-3.063610734033863423e+02
-3.092547732678751800e+02
-3.116204657846976147e+02
-3.133920555069885836e+02
-3.146222947295382255e+02
-3.154694564403754953e+02
-3.161628698827528865e+02
-3.169418033578149334e+02
-3.179825711244393460e+02
-3.193476998472378341e+02
-3.209885560765772539e+02
-3.228086627342531756e+02
-3.247555781488674711e+02
-3.268740866519829638e+02
-3.292631563433531028e+02
-3.319529221441405298e+02
-3.347984114543438068e+02
-3.374841641344019649e+02
-3.396389845303549464e+02
-3.409600098530519290e+02
-3.412284135632715447e+02
-3.401791825049701856e+02
-3.372999246715136223e+02
-3.316858627892698337e+02
-3.220348679084499395e+02
-3.067820623743344868e+02
-2.843333781713143935e+02
-2.533700399204051905e+02
-2.131966106960975651e+02
-1.640582659046093568e+02
-1.073069369149720984e+02
-4.531784877284815138e+01
1.885037338759258319e+01
8.195852139717197815e+01
1.411089498641505884e+02
1.941529469865606927e+02
2.398943984047826916e+02
2.780633525302409907e+02
3.091007128355628879e+02
3.338466814357043972e+02
3.532412539179389910e+02
3.681225809286855792e+02
3.791595011233787886e+02
3.868974921861085932e+02
3.918579153990625628e+02
3.946217436991753971e+02
3.958406661335229728e+02
3.961423096200427949e+02
3.959410040563137727e+02
3.952253564223830722e+02
3.934328850620772755e+02
3.895077458583165253e+02
3.821700369178335563e+02
3.703302201877697826e+02
3.535003238202581883e+02
3.320326597042535468e+02
3.070848830512332484e+02
2.803359789913060354e+02
2.535794358097375607e+02
2.283405011699122156e+02
2.056227567767471669e+02
1.858354174970280042e+02
1.689006439790036325e+02
1.544777542525779381e+02
1.421874752109900726e+02
1.317255077258917595e+02
1.228395077718854225e+02
1.152481817968578639e+02
1.086119299232241531e+02
1.025944265303224370e+02
9.696104806997833236e+01
9.163458412634315664e+01
8.667493201120689150e+01
8.220350892647157082e+01
7.831139245943528238e+01
7.497988840106134489e+01
7.203015139664903188e+01
6.911842978227498691e+01
6.579214100283401478e+01
6.159843590449294481e+01
5.620173026115924131e+01
4.945567736073317633e+01
4.140296798621288588e+01
3.222243528038897153e+01
2.217283700770148869e+01
1.157156459567546136e+01
8.015146672872788258e-01
-9.696236354235251653e+00
-1.947487593779703730e+01
-2.816804032997470486e+01
-3.557446650745261252e+01
-4.171393873388130658e+01
-4.683575069642293442e+01
-5.135660158110416518e+01
-5.572095654277849519e+01
-6.023316039259732690e+01
-6.495860545193565372e+01
-6.976145734783418106e+01
-7.444763639648161302e+01
-7.890721498713662641e+01
-8.316861578317815429e+01
-8.735700391455335989e+01
-9.161188217542787982e+01
-9.602617427595171762e+01
-1.006402473412883296e+02
-1.054877222623081252e+02
-1.106562016844045218e+02
-1.163090153613827624e+02
-1.226341162777192864e+02
-1.297347371391799697e+02
-1.375173969111881718e+02
-1.456477981140469922e+02
-1.536300749458140729e+02
-1.610050689300062174e+02
-1.675761656230658048e+02
-1.735330506988317723e+02
-1.794031441417636188e+02
-1.858657467886145866e+02
-1.935265971609987901e+02
-2.027422284405160724e+02
-2.135400866203796966e+02
-2.256416791217216939e+02
-2.385713581276480397e+02
-2.518155260281696428e+02
-2.649828069836901250e+02
-2.779068856914053072e+02
-2.906353635280767094e+02
-3.032721449091570207e+02
-3.156989989359985316e+02
-3.272797648787602043e+02
-3.366986749853853098e+02
-3.420547641847991258e+02
-3.412284135632715447e+02
-3.324073479557309838e+02
-3.145808470517776527e+02
-2.878280190407738246e+02
-2.533181875369794511e+02
-2.130429936918150986e+02
-1.693693268273460433e+02
-1.245408716286409572e+02
-8.026392490762806631e+01
-3.747892210455709971e+01
3.648346749684716173e+00
4.354981118103178517e+01
