7.485739364971351506e+00
-2.569288854899674135e+01
-5.461615374884284790e+01
-7.620215924815282449e+01
-8.925777376956207831e+01
-9.448037739796161816e+01
-9.387985502488824352e+01
-8.994973594905941638e+01
-8.493242065206054292e+01
-8.039476821836900911e+01
-7.714879159556961952e+01
-7.540912704617426243e+01
-7.502588414755616952e+01
-7.566469677862266963e+01
-7.688906250086847649e+01
-7.818609312186217153e+01
-7.901298016362093790e+01
-7.890393082122729140e+01
-7.760729182660965364e+01
-7.518504531215232589e+01
-7.202009009933291850e+01
-6.871643234416779933e+01
-6.592065319389050160e+01
-6.412498201318625490e+01
-6.351901962765562359e+01
-6.393756416073581761e+01
-6.492077940521069479e+01
-6.587069696524410745e+01
-6.625498898512495316e+01
-6.578412473935193816e+01
-6.449280163675574329e+01
-6.269756495754290881e+01
-6.085671658743547141e+01
-5.939348374760066918e+01
-5.854458751101617509e+01
-5.827384364246547932e+01
-5.826345299225960161e+01
-5.797476799101173128e+01
-5.675463921899094544e+01
-5.395096081099036667e+01
-4.899958134026410050e+01
-4.146631763692795403e+01
-3.106431890286336284e+01
-1.768617031483947954e+01
-1.470860158377782057e+00
1.711659739669459412e+01
3.724781819880785605e+01
5.779154682669310716e+01
7.749138865735007187e+01
9.522086739527883026e+01
1.102246761243981439e+02
1.222474498754102257e+02
1.315014871055062713e+02
1.385038806801865121e+02
1.438661244787596729e+02
1.481160329864091523e+02
1.515948824165536735e+02
1.544379494395903976e+02
1.566234572103796836e+02
1.580588778193968551e+02
1.586701854833472112e+02
1.584706380669654777e+02
1.575945655101552347e+02
1.562797779054982357e+02
1.547875994481063913e+02
1.532769013645568634e+02
1.516805682014193053e+02
1.496433414330087430e+02
1.465643533183300917e+02
1.417529886244265640e+02
1.346594637608978360e+02
1.251004723645102956e+02
1.133927423143833693e+02
1.003416367743293449e+02
8.708795253273328285e+01
7.486240992299258323e+01
6.471553744417396103e+01
5.728762472004904538e+01
5.267396442922940025e+01
5.042317375768463705e+01
4.967234577710109988e+01
4.938043922251425499e+01
4.859182217779583368e+01
4.665778522067198253e+01
4.336167587089741460e+01
3.892021337050684338e+01
3.386013197464762925e+01
2.880028030478532841e+01
2.420883551289021796e+01
2.023111029510303283e+01
1.666243531945474388e+01
1.307325863234127183e+01
9.019490824994159439e+00
4.234295099672657159e+00
-1.281646772105263565e+00
-7.290476361513473336e+00
-1.342380531088665307e+01
-1.929965362578264632e+01
-2.460741350306379616e+01
-2.915286013659611086e+01
-3.286793368740777055e+01
-3.578942368218485370e+01
-3.802141677142635956e+01
-3.970951516032965145e+01
-4.104104544625391782e+01
-4.225114082082588851e+01
-4.360177683870187337e+01
-4.532735452281560384e+01
-4.757395411813067909e+01
-5.036275633743333913e+01
-5.358549622852900285e+01
-5.702182149730779770e+01
-6.037039315710002541e+01
-6.329800151231198413e+01
-6.551540279951571222e+01
-6.687196543742628307e+01
-6.743218909750176238e+01
-6.748658850214521010e+01
-6.747615000800176688e+01
-6.785549610547498389e+01
-6.895087298570143730e+01
-7.086746114100712646e+01
-7.347355764072983675e+01
-7.645640830602036431e+01
-7.942143313115619208e+01
-8.199826881452942473e+01
-8.392194877292608624e+01
-8.507327363857734781e+01
-8.548244768764723744e+01
-8.531075449606740335e+01
-8.482009556543091833e+01
-8.433003682090561881e+01
-8.415823984929997437e+01
-8.454606832711935738e+01
-8.558727085348641594e+01
-8.719475668997378648e+01
-8.913419419547584255e+01
-9.111055585069756546e+01
-9.284462269294996872e+01
-9.407471186342563385e+01
-9.448037739796161816e+01
-9.359836331203690918e+01
-9.081788793609761967e+01
-8.548811467713701973e+01
-7.709534321170467308e+01
-6.542939413877647326e+01
-5.067351121654078838e+01
-3.339452278840749955e+01
-1.444748211067223664e+01
5.171135886054528896e+00
2.447950450490391461e+01
4.263432528505985175e+01
5.899670569131883724e+01
7.314183148660501388e+01
8.483677680910486174e+01
9.401608454993719022e+01
1.007748094664104741e+02
1.053794267764018571e+02
1.082726598504683722e+02
1.100320759504559476e+02
1.112577373271991803e+02
1.124142445130471231e+02
1.136968865161695703e+02
1.149866809779162082e+02
1.159124424565768976e+02
1.159930003458241146e+02
1.148121243757868513e+02
1.121723309358786622e+02
1.081723189972554451e+02
1.031694176209379634e+02
9.763439406718696034e+01
9.195946397704283015e+01
8.630457289034009705e+01
8.055134160961566181e+01
7.439200553755252088e+01
6.752376983324272430e+01
5.986230308586723936e+01
5.166425726780595085e+01
4.348424401708957276e+01
3.597501504551413376e+01
2.962658749841002503e+01
2.458032650355736592e+01
2.061636088771375341e+01
1.731313297669226614e+01
1.428025982304022889e+01
1.133383270253888497e+01
8.530198689975648563e+00
6.061070157611826659e+00
4.084802138070013910e+00
2.591392762163867047e+00
1.368650096672499927e+00
7.679038507988167339e-02
-1.615331166431815291e+00
-3.901905511747221666e+00
-6.778702918144412948e+00
-1.007152257795760519e+01
-1.352956530685551506e+01
-1.692560532403398810e+01
-2.011333238865964290e+01
-2.303516690976840664e+01
-2.571011231606298963e+01
-2.822793000961794974e+01
-3.074238652990688792e+01
-3.343298029368049384e+01
-3.642173008519660016e+01
-3.967730414014785367e+01
-4.296788031272478747e+01
-4.590565251842502903e+01
-4.807536316689905220e+01
-4.919598096819757416e+01
-4.925046664653537221e+01
-4.853116156545287652e+01
-4.757862011426105653e+01
-4.702983179197696018e+01
-4.742447919841070103e+01
-4.903296032894316170e+01
-5.176289498033143843e+01
-5.517648737573281892e+01
-5.861917384282642018e+01
-6.142695869351018700e+01
-6.314890664888762473e+01
-6.370362383441206333e+01
-6.340375410049520610e+01
-6.283654313538416858e+01
-6.265519951244128549e+01
-6.337131833111597246e+01
-6.522221714478170895e+01
-6.813978923053139169e+01
-7.180552438654976299e+01
-7.575804642156725777e+01
-7.952106840763119067e+01
-8.272607532991638379e+01
-8.520395159869232771e+01
-8.701713554172462750e+01
-8.841231315147379632e+01
-8.969984897263623225e+01
-9.109911338893745381e+01
-9.260533947791410014e+01
-9.392226782095346493e+01
-9.448037739796161816e+01
-9.354104529849234950e+01
-9.036998854425468153e+01
-8.444102286446720029e+01
-7.561227929969390971e+01
-6.421641824901954010e+01
-5.102796135810325495e+01
-3.710875475424075631e+01
-2.357522911331743387e+01
-1.136183016806446844e+01
-1.058121350965521401e+00
7.131923298759232921e+00
1.330910549962917599e+01
1.772409263019405756e+01
2.062035618032398077e+01
2.213999678974943919e+01
2.232095093742960046e+01
2.116470507866727502e+01
1.872042635678683098e+01
1.513284589896603194e+01
1.063096509457491834e+01
5.473796912284768723e+00
-1.032573684435540429e-01
