-1.049342804543084640e+01
-3.474732699380953704e+01
-5.586343891193772038e+01
-7.161183398328694238e+01
-8.122023174435251747e+01
-8.537431858527692441e+01
-8.574790259398088210e+01
-8.431222130524081138e+01
-8.270832638000322845e+01
-8.188454383367671596e+01
-8.206214371654704109e+01
-8.295956099730436506e+01
-8.412561728273611550e+01
-8.522413002491067857e+01
-8.616531601431196918e+01
-8.706272864573847414e+01
-8.807155448959069588e+01
-8.920609509632471656e+01
-9.022922515282206746e+01
-9.066082627861538867e+01
-8.989004049017094644e+01
-8.733310158966364156e+01
-8.257399720536794518e+01
-7.544639832225020371e+01
-6.604004075574192711e+01
-5.463713941698699017e+01
-4.160787636710387005e+01
-2.731330791410200476e+01
-1.206260931767933542e+01
3.860983648474126007e+00
2.013707734277334183e+01
3.636091859043982311e+01
5.204507713322860241e+01
6.666495589218672535e+01
7.972235778996189026e+01
9.080694674912270159e+01
9.964894430244623891e+01
1.061601292743255982e+02
1.104552986666893730e+02
1.128437344098094286e+02
1.137856118570289823e+02
1.138198000982231974e+02
1.134804171604021121e+02
1.132211812472997963e+02
1.133562710210874940e+02
1.140132872331488443e+02
1.150934243930594221e+02
1.162513437961411711e+02
1.169252130708318731e+02
1.164398469700357168e+02
1.141710635388643311e+02
1.097247063122444501e+02
1.030710038538127407e+02
9.458308803615520333e+01
8.495475722627124071e+01
7.501691367276592359e+01
6.551697396485768365e+01
5.694164391868732622e+01
4.944017097076803680e+01
4.285999588440304819e+01
3.686669007834343148e+01
3.110033930316852491e+01
2.531873345003153730e+01
1.948562597713888778e+01
1.377742259558164228e+01
8.505995178994213646e+00
3.985817055643207762e+00
3.968028559508948172e-01
-2.303122080629613766e+00
-4.380408054509590698e+00
-6.241177846894473191e+00
-8.295028181796014977e+00
-1.082637076700659762e+01
-1.392530647710434089e+01
-1.749807039106066853e+01
-2.134158262241919601e+01
-2.524265627570034809e+01
-2.905513144558358007e+01
-3.272193927522884138e+01
-3.624217733949820541e+01
-3.961674218732481734e+01
-4.281460060110112664e+01
-4.578012208588388887e+01
-4.846986468519691016e+01
-5.088791597554724433e+01
-5.309142198644791222e+01
-5.515773744036554405e+01
-5.712988151564822914e+01
-5.897445358108879532e+01
-6.058525379894347651e+01
-6.184220437897518963e+01
-6.269834515908003425e+01
-6.324262561312359310e+01
-6.369538904685244063e+01
-6.433454136406550106e+01
-6.539349326782739524e+01
-6.698233284232549067e+01
-6.905697046795745564e+01
-7.142998220341351612e+01
-7.381021285936014920e+01
-7.586745677889788908e+01
-7.731888854159033997e+01
-7.801866134401716124e+01
-7.801723741193157480e+01
-7.756169234176488203e+01
-7.703342496223464764e+01
-7.684651434782480806e+01
-7.733998595776508012e+01
-7.868982410097837032e+01
-8.085468680243910455e+01
-8.356493770462662951e+01
-8.636799579731898291e+01
-8.873904462268481552e+01
-9.023883854385721293e+01
-9.066082627861538867e+01
-9.009629908733211323e+01
-8.888220975449551986e+01
-8.745953358835829761e+01
-8.621260601491179898e+01
-8.535075421210768809e+01
-8.484790994020350752e+01
-8.441905428430948177e+01
-8.351670177577288712e+01
-8.136397180259115203e+01
-7.705925751143396951e+01
-6.976149816279797733e+01
-5.891169858725795194e+01
-4.441236973393251475e+01
-2.669985472247461900e+01
-6.690070154512405942e+00
1.437786328213623221e+01
3.515258784428900185e+01
5.438654600270997719e+01
7.111857757305827477e+01
8.479765766157476037e+01
9.533066083325552142e+01
1.030449213359592591e+02
1.085711774916845513e+02
1.126720970447631629e+02
1.160568854579680078e+02
1.192281155141205318e+02
1.224022088138391666e+02
1.255257907211148876e+02
1.283735760317284189e+02
1.306765565473820061e+02
1.322226409285653972e+02
1.329018484277746950e+02
1.327039410092007188e+02
1.316878478434701947e+02
1.299335525902894801e+02
1.274827872544128695e+02
1.242852008824575023e+02
1.201771911058801692e+02
1.149132032851270111e+02
1.082456884100280661e+02
1.000285706954803260e+02
9.031347622806194408e+01
7.941390226802543850e+01
6.791790854673429578e+01
5.663229966703603679e+01
4.644878197532367636e+01
3.814348650459919554e+01
3.215773712860691802e+01
2.844486150840078409e+01
2.646733094433371747e+01
2.536688437412872332e+01
2.424224307360092823e+01
2.242090217351100279e+01
1.962968312614251332e+01
1.602234476720163769e+01
1.207125016095185543e+01
8.362852761497959975e+00
5.362294593417768596e+00
3.229655081910632219e+00
1.761309153044779308e+00
4.815630820103553589e-01
-1.160550634186213514e+00
-3.583068354306195857e+00
-6.940124110782491584e+00
-1.110786459135210080e+01
-1.576931505075324225e+01
-2.054301557061153360e+01
-2.509679317647720964e+01
-2.921334628181402238e+01
-3.280557937821642156e+01
-3.589705580544968200e+01
-3.858594965316805059e+01
-4.100736895417179539e+01
-4.330166640396879529e+01
-4.558669975293885557e+01
-4.792703788432684320e+01
-5.030099642611379807e+01
-5.258487606985232077e+01
-5.458435693378086739e+01
-5.612365911521174411e+01
-5.715795186999405075e+01
-5.784212798052467264e+01
-5.850354695364829638e+01
-5.951874532640071891e+01
-6.114693356065975394e+01
-6.339762385341831674e+01
-6.599654104439181879e+01
-6.846945540716995993e+01
-7.031092063749352405e+01
-7.117153654350326519e+01
-7.099357517536795115e+01
-7.004421754789703414e+01
-6.883121922338747822e+01
-6.793137091241128189e+01
-6.780194931880201636e+01
-6.865512308779264572e+01
-7.044029414309341064e+01
-7.291749016682906870e+01
-7.576292210478386835e+01
-7.865567263421178268e+01
-8.133108002938458014e+01
-8.361060993573765643e+01
-8.541819662731232654e+01
-8.678350136084627309e+01
-8.782368039105593027e+01
-8.869348184957200942e+01
-8.950754610900835928e+01
-9.026019854172045598e+01
-9.077048780519091054e+01
-9.066082627861538867e+01
-8.936810620208136413e+01
-8.620191148874759790e+01
-8.047349359683232706e+01
-7.168687035290615484e+01
-5.972698582679766588e+01
-4.495523077911516907e+01
-2.816099893798399023e+01
-1.039085027703672282e+01
7.272185119205030190e+00
2.390448606519080954e+01
3.886674677735811656e+01
5.184245643201347775e+01
6.279685708506157482e+01
7.187867658082309674e+01
7.929795032866083204e+01
8.522168165121765071e+01
8.972855187336716654e+01
9.284022546899443284e+01
9.460304123471881610e+01
9.516315111542782290e+01
9.478830023412334072e+01
9.382682986918830181e+01
9.262538422222755230e+01
9.143741371468152579e+01
9.035108608476090808e+01
8.925572397022331472e+01
8.785698830655837810e+01
8.574461299519049362e+01
8.250539112350612925e+01
7.785393788898099388e+01
7.173510035438599175e+01
6.435237654481154834e+01
5.610407091406701596e+01
4.745086843833374246e+01
3.876984046459506317e+01
3.025441800752184918e+01
2.189983291014508282e+01
