-8.903928808338467604e+01
-1.009409315920266295e+02
-1.096462440932449880e+02
-1.125480691503531006e+02
-1.078472761328117429e+02
-9.470135150319842410e+01
-7.320349578719799410e+01
-4.425318215032460500e+01
-9.374956647323045900e+00
2.948269682962282445e+01
7.015962669586920697e+01
1.105056219800435429e+02
1.485982307055008391e+02
1.829283872821083037e+02
2.125222809456239190e+02
2.369768158528911783e+02
2.563999696405211353e+02
2.712678943730160199e+02
2.822392778057163696e+02
2.899875455312937333e+02
2.950987365126787836e+02
2.980410655118826071e+02
2.991758012325175287e+02
2.987719177481080806e+02
2.970012951288503018e+02
2.939115260939861400e+02
2.893926089741745500e+02
2.831648913657389812e+02
2.748108453493732668e+02
2.638549265140335365e+02
2.498761329326472946e+02
2.326269082996359145e+02
2.121303462112138618e+02
1.887322362371799045e+02
1.630936420077089224e+02
1.361217755742736699e+02
1.088519398783257941e+02
8.230971890774354449e+01
5.739069921990495970e+01
3.478530362288663014e+01
1.495136902386328615e+01
-1.887546615761841906e+00
-1.574264193824788016e+01
-2.685875969358310300e+01
-3.568634310889400751e+01
-4.280553554783050174e+01
-4.881017396658677399e+01
-5.418443440665605237e+01
-5.920901002685918968e+01
-6.392210059909942999e+01
-6.814710137778591559e+01
-7.158715232251891791e+01
-7.396957549520726616e+01
-7.519949024239966207e+01
-7.546308283768297542e+01
-7.522483038243349540e+01
-7.510061990299111301e+01
-7.564878624226642501e+01
-7.716948110020489082e+01
-7.960715039166061047e+01
-8.260411254351262755e+01
-8.567771108673773028e+01
-8.843148073382842256e+01
-9.069984538002690044e+01
-9.256969475586113560e+01
-9.428889713082428159e+01
-9.612319102819851935e+01
-9.823648522252220516e+01
-1.006430185459337139e+02
-1.032329189046768505e+02
-1.058372420086881363e+02
-1.082921693751286938e+02
-1.104771327395271356e+02
-1.123213681342059971e+02
-1.137888867289710362e+02
-1.148613621465677141e+02
-1.155375054559775236e+02
-1.158517512386091113e+02
-1.158944200438854324e+02
-1.158087284536142221e+02
-1.157511359228319492e+02
-1.158206047213296159e+02
-1.159844506495298475e+02
-1.160459229559314025e+02
-1.156890321963454795e+02
-1.145912205321001665e+02
-1.125480691503531006e+02
-1.095495110930232983e+02
-1.057841061043377096e+02
-1.015875125068332210e+02
-9.735816653574688928e+01
-9.346020271933203105e+01
-9.013648563778563982e+01
-8.745838208765147215e+01
-8.532429964939723277e+01
-8.349012040428218029e+01
-8.159402988291424208e+01
-7.913918053431203248e+01
-7.542215267984221327e+01
-6.943884406173461343e+01
-5.984157597354584368e+01
-4.502924107476385984e+01
-2.341027375738451610e+01
6.197709187147182774e+00
4.414395784671516765e+01
8.965048512021259342e+01
1.407809314836885051e+02
1.947183039982991772e+02
2.482819323938394405e+02
2.985278639005699119e+02
3.432572225791572009e+02
3.813022301919978645e+02
4.125408747281130672e+02
4.376754962093525592e+02
4.578738865924442507e+02
4.743957487947520235e+02
4.883029003493687696e+02
5.002949513039678209e+02
5.106628564116516031e+02
5.193353382308773689e+02
5.259933041629512900e+02
5.302196287572783149e+02
5.316398295558819882e+02
5.300174100453466508e+02
5.252970694101995832e+02
5.176092622420785574e+02
5.072412436348288338e+02
4.945636213077533512e+02
4.799119221243508946e+02
4.634616287676000752e+02
4.451665792285779730e+02
4.248193143853178526e+02
4.022360569056872919e+02
3.774982270102548796e+02
3.511383664160216540e+02
3.241697293087610205e+02
2.979219149896661065e+02
2.737305383462655186e+02
2.526004063313742449e+02
2.349806593286944860e+02
2.207356572536425006e+02
2.092955893710623627e+02
1.998919550896441706e+02
1.917709330891793797e+02
1.843242404819907847e+02
1.771376687248338158e+02
1.699901069157179734e+02
1.628320323979244790e+02
1.557532974237688279e+02
1.489375063519761113e+02
1.426011248025151872e+02
1.369246141133609456e+02
1.319910525282033973e+02
1.277490689698644530e+02
1.240108286619567366e+02
1.204838403585315945e+02
1.168243953403589330e+02
1.127003234969564858e+02
1.078581786250710195e+02
1.021887151737833790e+02
9.577066909070966005e+01
8.886340058493277638e+01
8.182968701863930505e+01
7.500026013319771323e+01
6.852927967689473121e+01
6.231240055741754702e+01
5.602064085972159546e+01
4.924474834839755033e+01
4.168543832706916419e+01
3.330392775758433288e+01
2.436884898692449042e+01
1.538131564596594103e+01
6.910841448705269841e+00
-5.872196276776833201e-01
-6.896254977030338296e+00
-1.206189231623727665e+01
-1.632531724401570727e+01
-2.001722440421772831e+01
-2.346660161544104994e+01
-2.695212533345096517e+01
-3.069019009627197647e+01
-3.483165008526898987e+01
-3.944255653029526343e+01
-4.447357680949318137e+01
-4.975289125096448117e+01
-5.503295957325737220e+01
-6.008128012468587542e+01
-6.476980787711697474e+01
-6.912263958789908713e+01
-7.331470914190042265e+01
-7.763404570232269464e+01
-8.241070637718333103e+01
-8.790430736282691271e+01
-9.415951122992883882e+01
-1.008757591585802658e+02
-1.073535136796759417e+02
-1.125480691503531006e+02
-1.152046432409039340e+02
-1.140176786301497174e+02
-1.077803735639165694e+02
-9.552281353741877012e+01
-7.665220131733052256e+01
-5.109093657342687322e+01
-1.938555321028566425e+01
1.725370435450979301e+01
5.702452726027183161e+01
9.773927265487537852e+01
1.371474411678257184e+02
1.733010825786564624e+02
2.048579483972487196e+02
2.312289251891341451e+02
2.525284972475843688e+02
2.693553141881355373e+02
2.824864590175421313e+02
2.925940028649288251e+02
3.000778928316750012e+02
3.050583785843465989e+02
3.074991174687327771e+02
3.073699586573043234e+02
3.047461587858917937e+02
2.997926536097294843e+02
2.926607389977598928e+02
2.833732697099082998e+02
2.717714292037072141e+02
2.575605262804280073e+02
2.404482627084266255e+02
2.203263295123408056e+02
1.974159987118661093e+02
1.723020627888954550e+02
1.458273988036735886e+02
1.188911201071424983e+02
9.224381902207176154e+01
6.637029371846742265e+01
4.149671022803971709e+01
1.769483957189321188e+01
-4.979294081242883863e+00
-2.637313904059194059e+01
-4.618957012116157301e+01
-6.401287137629476831e+01
-7.939424855620923438e+01
-9.196793722238973601e+01
-1.015650175070866936e+02
-1.082924162508906250e+02
-1.125480691503531006e+02
-1.149597666348102507e+02
-1.162673147581371325e+02
-1.171932213815714050e+02
-1.183409392338008956e+02
-1.201300113598338442e+02
-1.227593612841892536e+02
-1.261992255518274817e+02
-1.302264678757591128e+02
-1.345100251132948870e+02
-1.387256983832205322e+02
-1.426579476095871541e+02
-1.462487169033849170e+02
-1.495769890267697804e+02
-1.527847750430655083e+02
-1.559902209630659513e+02
-1.592309726685733438e+02
-1.624572031606135170e+02
-1.655609552897999208e+02
