-3.355958621440700540e+01
-9.210615187675702487e+01
-1.432489354625990927e+02
-1.816834776057662850e+02
-2.054935023468980546e+02
-2.161497844110279800e+02
-2.174469868864510715e+02
-2.139600983023565277e+02
-2.096484859454515686e+02
-2.070246364963258827e+02
-2.069931413385430403e+02
-2.092058337832530412e+02
-2.126596196279000992e+02
-2.162821182598306677e+02
-2.193412376637779460e+02
-2.216102576983979304e+02
-2.232948390716661606e+02
-2.247937312780197203e+02
-2.264193660479033099e+02
-2.282124694037765380e+02
-2.299234856883217617e+02
-2.311388768516646905e+02
-2.314659710105215709e+02
-2.306850381290914811e+02
-2.288141832038064649e+02
-2.260790592805062431e+02
-2.228143510978908637e+02
-2.193426515317462417e+02
-2.158791797365455523e+02
-2.124964426348246320e+02
-2.091565857910338195e+02
-2.057947367060805277e+02
-2.024221199045421713e+02
-1.992094979465146878e+02
-1.965083788829530249e+02
-1.947781943577663810e+02
-1.944173103018976860e+02
-1.955332370524391763e+02
-1.977158833850811277e+02
-1.998899965065263302e+02
-2.003173823845711468e+02
-1.967903855784831819e+02
-1.870032813372192493e+02
-1.690212532814527719e+02
-1.417172258336210575e+02
-1.050466528975502740e+02
-6.008583770715696915e+01
-8.840086760644922492e+00
4.610661516834163365e+01
1.019986405609678002e+02
1.562755561349050311e+02
2.068340196910158681e+02
2.521648234380496376e+02
2.913810742960376956e+02
3.241666783068243944e+02
3.506708086030323557e+02
3.713701974977941518e+02
3.869240209643521098e+02
3.980493083132244578e+02
4.054390123673696849e+02
4.097275159976008467e+02
4.114866475410356657e+02
4.112224704779847002e+02
4.093478297702981763e+02
4.061269949438083131e+02
4.016164877139697751e+02
3.956409045423202429e+02
3.878307224353509923e+02
3.777209659675575608e+02
3.648858725749366840e+02
3.490722921349567969e+02
3.302924113714075247e+02
3.088496876577701187e+02
2.853009365376163942e+02
2.603831778873156964e+02
2.349336847156163515e+02
2.098096541275378399e+02
1.857985842540169585e+02
1.635213901034232151e+02
1.433563262821722333e+02
1.254224082881121802e+02
1.096367032401751800e+02
9.581462476794862937e+01
8.375410707027843671e+01
7.325915452006071860e+01
6.410500347440485314e+01
5.598840284575648951e+01
4.851249828574677991e+01
4.122996010522920329e+01
3.373568136757937452e+01
2.577833840614501071e+01
1.734772073008636895e+01
8.691615627224191343e+00
2.326666640127612595e-01
-7.602434071704507801e+00
-1.457907972619722159e+01
-2.078793173634868907e+01
-2.664709866702165897e+01
-3.276472061978043371e+01
-3.971825728283964452e+01
-4.784267860586292898e+01
-5.711406971151210143e+01
-6.717325414038496945e+01
-7.747211426988256733e+01
-8.747173565293215347e+01
-9.680445879399562159e+01
-1.053389858550727922e+02
-1.131425679981046244e+02
-1.203850495527275655e+02
-1.272436787237692215e+02
-1.338407340326489532e+02
-1.402130877606731190e+02
-1.463079260242247130e+02
-1.520110249938506968e+02
-1.572091980951083769e+02
-1.618637791344528409e+02
-1.660555012590588149e+02
-1.699699842868411679e+02
-1.738205587544758544e+02
-1.777373836511315801e+02
-1.816745076434683597e+02
-1.853869660237303378e+02
-1.885036425177043782e+02
-1.906760052660547444e+02
-1.917401657984606800e+02
-1.918188912287737082e+02
-1.913204357301947311e+02
-1.908404939163250731e+02
-1.910127284249419688e+02
-1.923665179907028460e+02
-1.952346005275333596e+02
-1.997166656601619081e+02
-2.056694869051257797e+02
-2.126822902671696056e+02
-2.200168534049709024e+02
-2.265362867147126167e+02
-2.306850381290914811e+02
-2.305816572077604860e+02
-2.242431630532786926e+02
-2.099090274501355111e+02
-1.863978732514634657e+02
-1.534129001117383666e+02
-1.117082829931487993e+02
-6.305329554029448502e+01
-9.987242215958843872e+00
4.457782387101264021e+01
9.780683984333644787e+01
1.473355788968019624e+02
1.915251959744151975e+02
2.295410841956295371e+02
2.612701029645408539e+02
2.871282069319216816e+02
3.078273638792896918e+02
3.241634404687096094e+02
3.368612801215586501e+02
3.464861829721839399e+02
3.534167461147218319e+02
3.578689835676181019e+02
3.599537086953622520e+02
3.597393799121174425e+02
3.572939244536878505e+02
3.526957081427186722e+02
3.460229110198316675e+02
3.373363131248800073e+02
3.266637559237209416e+02
3.139912776292295575e+02
2.992718959195404409e+02
2.824629226607386272e+02
2.635864768262974849e+02
2.427908243018946450e+02
2.203898745628369795e+02
1.968693187358534260e+02
1.728567196552749579e+02
1.490587246899789307e+02
1.261773913528348032e+02
1.048270178651416273e+02
8.547351983363230943e+01
6.840579056286830451e+01
5.373141363518195845e+01
4.138281381180614460e+01
3.112766819068441748e+01
2.258740501575325865e+01
1.527127356651167034e+01
8.633078269951505845e+00
2.154850743567649829e+00
-4.548817632129827260e+00
-1.163391233313813444e+01
-1.898717626722071117e+01
-2.628637506050623074e+01
-3.315535703047807203e+01
-3.934749831241467177e+01
-4.486575357326346136e+01
-4.995730165583346150e+01
-5.498601473456273681e+01
-6.025047921526670081e+01
-6.584411526284381466e+01
-7.162783386751958403e+01
-7.731887068122829021e+01
-8.263717531562056706e+01
-8.743145025461268460e+01
-9.173014403657215610e+01
-9.570468974688544961e+01
-9.957446116963737381e+01
-1.035092362149854495e+02
-1.075780693829890140e+02
-1.117553372812643744e+02
-1.159552366167909980e+02
-1.200573436440236748e+02
-1.239112499070248816e+02
-1.273397682439814105e+02
-1.301680158154295555e+02
-1.322856223109324958e+02
-1.337196583936380421e+02
-1.346792664437843712e+02
-1.355410620557950097e+02
-1.367692734545893813e+02
-1.387891804899951467e+02
-1.418491578209817021e+02
-1.459163293915931376e+02
-1.506503044295865266e+02
-1.554821494594775118e+02
-1.597909781646808938e+02
-1.631287132020856347e+02
-1.654144810220688555e+02
-1.670224149617019407e+02
-1.687225750608340604e+02
-1.714853219264422250e+02
-1.762006962810593507e+02
-1.833859528315935563e+02
-1.929575474909458137e+02
-2.041279293098739060e+02
-2.154527237969490159e+02
-2.250125479916579820e+02
-2.306850381290914811e+02
-2.304552285421482338e+02
-2.227182954243246513e+02
-2.065370633282439599e+02
-1.818230852210849093e+02
-1.494120886303414295e+02
-1.110044686824934672e+02
-6.895293943414819182e+01
-2.591530544994159513e+01
1.555673863352853914e+01
5.338298032496726364e+01
8.617483737919849318e+01
1.132732685342641048e+02
1.346381677334227334e+02
1.506540746445071193e+02
1.619074472980537678e+02
1.689769928047600160e+02
1.722804536288830093e+02
1.720208200176964226e+02
1.682505298757790513e+02
1.610283681049838265e+02
1.506024132987724329e+02
1.375348641367118887e+02
1.227024719099382821e+02
1.071533637064853224e+02
9.185566591362459121e+01
7.741736799907829436e+01
6.388438221821033380e+01
5.072207340357054761e+01
