-2.492625256484702589e+01
-3.126771075528997557e+01
-3.767153832133831770e+01
-4.427141180925877961e+01
-5.130972470354315362e+01
-5.907324264062866348e+01
-6.778525642161655185e+01
-7.751701165588087861e+01
-8.816144433611668774e+01
-9.947356955723816441e+01
-1.111470592785999116e+02
-1.228785934314739450e+02
-1.343809911397371764e+02
-1.453448130493426333e+02
-1.553920546047860398e+02
-1.640770114815622094e+02
-1.709569671238702142e+02
-1.757068792048231387e+02
-1.782240983394352440e+02
-1.786755052530453156e+02
-1.774704446984118817e+02
-1.751775270983339965e+02
-1.724221441552343776e+02
-1.697962302108088579e+02
-1.677902865847469229e+02
-1.667391339620224073e+02
-1.667737083371455356e+02
-1.677899560326009691e+02
-1.694620849895051435e+02
-1.713198937995175015e+02
-1.728782230598805825e+02
-1.737745815236544615e+02
-1.738647127870981706e+02
-1.732474184133267556e+02
-1.722194289946527874e+02
-1.711808240181268843e+02
-1.705180518182972378e+02
-1.704906727157585919e+02
-1.711478404465378276e+02
-1.723028158843479787e+02
-1.735860410609388964e+02
-1.745675747498345913e+02
-1.749004866049153009e+02
-1.744206266019907900e+02
-1.731637058634843811e+02
-1.713104593594622145e+02
-1.691069784008142278e+02
-1.668061102180110993e+02
-1.646451536025228961e+02
-1.628437369049369181e+02
-1.615959849353863547e+02
-1.610420733716232462e+02
-1.612220072402411120e+02
-1.620295303003821346e+02
-1.631927445811116399e+02
-1.643055612720728789e+02
-1.649183667593047176e+02
-1.646728448037897579e+02
-1.634434320192294194e+02
-1.614323836898033733e+02
-1.591629332117746003e+02
-1.573349534462788597e+02
-1.565524697674360084e+02
-1.569868857475603932e+02
-1.580807601650634524e+02
-1.584090137744045990e+02
-1.557881498366421056e+02
-1.476567169163147355e+02
-1.316577290081801834e+02
-1.062698837862313894e+02
-7.129542528990519656e+01
-2.804294582454891582e+01
2.085911293778359266e+01
7.195772597972003837e+01
1.216243310947183431e+02
1.666750834004707826e+02
2.048168486154245613e+02
2.348463851568821781e+02
2.566050899360921562e+02
2.707489569504173232e+02
2.784285936770544936e+02
2.809811277361249608e+02
2.797067104954803085e+02
2.757479664308569909e+02
2.700416045279402510e+02
2.632949442562793365e+02
2.559623021110788272e+02
2.482341354671578983e+02
2.400671941050443934e+02
2.312608592569659436e+02
2.215498349203570569e+02
2.106748568751026767e+02
1.984177841832030253e+02
1.846159454513388027e+02
1.691747580146549126e+02
1.520826326031532005e+02
1.334232942087433855e+02
1.133855737983771519e+02
9.227463522877579294e+01
7.052321036697554746e+01
4.869403888288078974e+01
2.746073943179673194e+01
7.554035000548630308e+00
-1.033178561038103638e+01
-2.565852598528396911e+01
-3.815642647253148567e+01
-4.788871636220711991e+01
-5.523924340947350231e+01
-6.082121284259738303e+01
-6.533735909165875455e+01
-6.944027409606590595e+01
-7.363300988963491989e+01
-7.822328806920310740e+01
-8.332271736048282662e+01
-8.887802505238946082e+01
-9.472553552811504574e+01
-1.006581116542906216e+02
-1.064863094326902484e+02
-1.120758934655256098e+02
-1.173561083109009786e+02
-1.223066831045547644e+02
-1.269379039684721846e+02
-1.312779397284724610e+02
-1.353751997482644072e+02
-1.393100300837725456e+02
-1.431983141198340945e+02
-1.471716940404860736e+02
-1.513338184296673887e+02
-1.557077095577837724e+02
-1.601980799493925360e+02
-1.645906220960443704e+02
-1.685967294322183818e+02
-1.719325276592492742e+02
-1.744065569961724123e+02
-1.759871427803432482e+02
-1.768258930786093117e+02
-1.772243519913211856e+02
-1.775479279197499807e+02
-1.781132996232098264e+02
-1.790898698871542081e+02
-1.804487863970213368e+02
-1.819689871900118305e+02
-1.832902152225859993e+02
-1.840008421057885357e+02
-1.837511532602276532e+02
-1.823733520630231340e+02
-1.799739312235034276e+02
-1.769616127900798119e+02
-1.739896957747720592e+02
-1.718132255262383410e+02
-1.710779352881154125e+02
-1.720716124149986399e+02
-1.744886881750947794e+02
-1.772817858002650837e+02
-1.786755052530453156e+02
-1.763791626958258973e+02
-1.679715234294942263e+02
-1.513764082442454253e+02
-1.253225094523864129e+02
-8.967971455533007941e+01
-4.558536863334941813e+01
4.681413578053804869e+00
5.805710915392531746e+01
1.111989084673714672e+02
1.610101647782829843e+02
2.050572870607779237e+02
2.417963052055547450e+02
2.705996843881639506e+02
2.916324169551098748e+02
3.056478087204852159e+02
3.137624081439627162e+02
3.172454543932551019e+02
3.173396314375385145e+02
3.151249852274587511e+02
3.114388797584659301e+02
3.068570912687983991e+02
3.017224561828032279e+02
2.961934519836008803e+02
2.902892877124741062e+02
2.839235562482149930e+02
2.769278947447884320e+02
2.690673279767253234e+02
2.600523508638962085e+02
2.495636451360293222e+02
2.373094675518758834e+02
2.231184898624131563e+02
2.070389100487209930e+02
1.893953174029410036e+02
1.707696971483863138e+02
1.519124090701390628e+02
1.336201008186785373e+02
1.166194246122244920e+02
1.014776686782685147e+02
8.854639454927843190e+01
7.794082026045003886e+01
6.955724177417734211e+01
6.312331213496345583e+01
5.826424005432084385e+01
5.456381725165891083e+01
5.160975640314284618e+01
4.902975556565852600e+01
4.652904722842842489e+01
4.392567057722984458e+01
4.116494757018604389e+01
3.829891851066938102e+01
3.543422963550497684e+01
3.266538596921495241e+01
3.001397502301407982e+01
2.739425913586679329e+01
2.462212646669099314e+01
2.147083618662427540e+01
1.775396037570718732e+01
1.339955640619503541e+01
8.484175478898777101e+00
3.214817073789362212e+00
-2.134276797459875752e+00
-7.309799995490422475e+00
-1.216160276300708887e+01
-1.668435539029691483e+01
-2.099768726221374493e+01
-2.527441022031030116e+01
-2.965541673310316639e+01
-3.419469967515874487e+01
-3.885539183327811941e+01
-4.354739509804737452e+01
-4.818010516742873506e+01
-5.270479224154722431e+01
-5.713300180224322844e+01
-6.153088498282735941e+01
-6.599863974692125623e+01
-7.064659587193321499e+01
-7.557442614131450398e+01
-8.085170988725769803e+01
-8.649752405009076028e+01
-9.246897390178801857e+01
-9.867935646654402149e+01
-1.050563302711060203e+02
-1.116205412905835601e+02
-1.185386900295159762e+02
-1.261030680693341139e+02
-1.346154717618460381e+02
-1.441938421735397071e+02
-1.545543103570120991e+02
-1.648373845606073189e+02
-1.735488554389575597e+02
-1.786755052530453156e+02
-1.779995286434242701e+02
-1.695696697481789386e+02
-1.522174764946399534e+02
-1.259691899460374032e+02
-9.221696943615603459e+01
-5.357754266715848246e+01
-1.346271627704906138e+01
2.452263148196345455e+01
5.719178991243389021e+01
8.224707455811629586e+01
9.852220664825726715e+01
1.059833176640094052e+02
1.055373615421613636e+02
9.873648926573983431e+01
8.748006182612243720e+01
7.379479152555941823e+01
