5.417583974218011633e+01
5.513617907858330369e+01
6.127772722393215332e+01
7.614052672902286645e+01
1.006137149986733021e+02
1.329058689571170362e+02
1.693542273287638977e+02
2.056488707533789011e+02
2.379883698284524201e+02
2.638218397146125085e+02
2.820694609540593092e+02
2.929250844425089326e+02
2.974414665695010171e+02
2.970787308090859824e+02
2.933254184964040405e+02
2.874418838021636020e+02
2.803369889791092646e+02
2.725516042974348920e+02
2.642972363110291667e+02
2.555140612275551462e+02
2.459531738233301326e+02
2.352988664131943040e+02
2.233123238209720398e+02
2.099440240274217047e+02
1.953728054581482638e+02
1.799720151182774543e+02
1.642334467430119957e+02
1.486812885794161616e+02
1.337951187602864707e+02
1.199479827744648190e+02
1.073627110523185451e+02
9.609795199498563534e+01
8.607548153560020410e+01
7.713730846196128255e+01
6.909785424043087687e+01
6.176656799229870387e+01
5.495247395258405021e+01
4.848285592506900343e+01
4.224959519526119323e+01
3.625733113246889161e+01
3.062659810218464429e+01
2.552611126910552031e+01
2.105852702450613023e+01
1.715954583433710212e+01
1.356119815779859294e+01
9.836526778137958615e+00
5.516498437509687491e+00
2.464263767775989322e-01
-6.080172040970658998e+00
-1.328167491045957505e+01
-2.097798846378164939e+01
-2.877880983213088939e+01
-3.648308999273064757e+01
-4.419305987040804951e+01
-5.229115955104765590e+01
-6.129213355245055084e+01
-7.162257397832307504e+01
-8.339108236654779205e+01
-9.621722081610235477e+01
-1.091926991793433359e+02
-1.210302253321446244e+02
-1.303948859801833180e+02
-1.363268765340393713e+02
-1.385987761238868927e+02
-1.378480713012556009e+02
-1.354018530926112192e+02
-1.328425261282712029e+02
-1.314870713898211250e+02
-1.319939805848005108e+02
-1.342456990650562716e+02
-1.375229385420823007e+02
-1.408620112122822832e+02
-1.434235184231273479e+02
-1.447242934904001288e+02
-1.446788864522630149e+02
-1.435042288860057624e+02
-1.415899491113781608e+02
-1.394028876902731042e+02
-1.374248633511746220e+02
-1.360804143912987456e+02
-1.356171521884973004e+02
-1.359447542030860916e+02
-1.364961179310636226e+02
-1.362030550951627674e+02
-1.336425848516468591e+02
-1.273265277176958534e+02
-1.160385508634943506e+02
-9.911197648637448765e+01
-7.658112227812387118e+01
-4.919303371608850739e+01
-1.830349265360667488e+01
1.431000375258032875e+01
4.669285068418573559e+01
7.699131834716492051e+01
1.037236959909477179e+02
1.259797889021324409e+02
1.434773668915799192e+02
1.564457321108939141e+02
1.653914009459413705e+02
1.708667232037678332e+02
1.733444024318333163e+02
1.732126245663880013e+02
1.708254099239135542e+02
1.665261439727011918e+02
1.606041050721692329e+02
1.532101980412667501e+02
1.443068732204138769e+02
1.337199172544776218e+02
1.212940108711252662e+02
1.070753469758662959e+02
9.141309185450406005e+01
7.491488862914957281e+01
5.828172506551527476e+01
4.211905135408169087e+01
2.682516044404535904e+01
1.259905923234929048e+01
-4.642590523930074653e-01
-1.226292837129831703e+01
-2.262387203228945864e+01
-3.131125983671767443e+01
-3.809765541002368394e+01
-4.285967449620082448e+01
-4.564579299569847137e+01
-4.667501201409328360e+01
-4.626521858244269936e+01
-4.474074977410506904e+01
-4.239239079217561823e+01
-3.952994899317235422e+01
-3.658995718530551500e+01
-3.419871791507924996e+01
-3.310251270532776147e+01
-3.396073745800464394e+01
-3.709349544440950552e+01
-4.231912879045485454e+01
-4.898399914292342316e+01
-5.619283524388418272e+01
-6.314112644154404563e+01
-6.939380277273119191e+01
-7.498529984688084937e+01
-8.031388591185907444e+01
-8.590309257840090140e+01
-9.215129828827559777e+01
-9.917284572087837091e+01
-1.067708725989189844e+02
-1.145155207678008651e+02
-1.218689035382181061e+02
-1.283041670826908671e+02
-1.333911297637551456e+02
-1.368506307030358471e+02
-1.385987761238868927e+02
-1.387906204906230982e+02
-1.378367192027627084e+02
-1.363481889430393608e+02
-1.349977793584317851e+02
-1.343355045658383347e+02
-1.346237007964313648e+02
-1.357470482249397890e+02
-1.372308167390676772e+02
-1.383788444244155755e+02
-1.385125694523164270e+02
-1.372480627559197615e+02
-1.347086038631910867e+02
-1.315699695367961226e+02
-1.288904731091875817e+02
-1.277644678000656882e+02
-1.289085570881031231e+02
-1.323121639134878365e+02
-1.370648335933389603e+02
-1.414307841099474672e+02
-1.431744961820184017e+02
-1.400497556797290599e+02
-1.302948786533768839e+02
-1.129865892263366050e+02
-8.818468251063582386e+01
-5.687849349333653493e+01
-2.078095191410495346e+01
1.797069670031453370e+01
5.712968048047582670e+01
9.459131542698898443e+01
1.285478313703058006e+02
1.575730924732958442e+02
1.806837052326924891e+02
1.973958310865575072e+02
2.077638405076825165e+02
2.123765915203626378e+02
2.122914142672609330e+02
2.088914011382850049e+02
2.036656043113318333e+02
1.979413862372031190e+02
1.926284420218194100e+02
1.880443415405509029e+02
1.838756599847549467e+02
1.792921057938541765e+02
1.731866937702383211e+02
1.644828389580092107e+02
1.524400485319854397e+02
1.368957762570266823e+02
1.183907550102209711e+02
9.813666467145945660e+01
7.780533327094561002e+01
5.916305607311133485e+01
4.364277553847180968e+01
3.199918442928279916e+01
2.417506799616931801e+01
1.942157735212486713e+01
1.661537986110091580e+01
1.465479847288228399e+01
1.280726748962524297e+01
1.090416022185050338e+01
9.322895114735192834e+00
8.761203922921499299e+00
9.884824669704517675e+00
1.298212480222628784e+01
1.775560605192346841e+01
2.332613531084466629e+01
2.845125306994754411e+01
3.188762966451275105e+01
3.277251845073017478e+01
3.087991108915052152e+01
2.664912354863544408e+01
2.098214233236060267e+01
1.490834468984047589e+01
9.259115458807332999e+00
4.464967765545976519e+00
5.182775540103268241e-01
-2.924049415454810230e+00
-6.368884557258059687e+00
-1.032322786946505744e+01
-1.518183373260608704e+01
-2.116602650758390070e+01
-2.829608911066864607e+01
-3.638893534703215238e+01
-4.508684799300731072e+01
-5.392654355574330793e+01
-6.244356357477391839e+01
-7.027744456782241400e+01
-7.722615512288938078e+01
-8.322564267413952166e+01
-8.828597425571010149e+01
-9.244288342738482811e+01
-9.575565107458517389e+01
-9.833358004982601130e+01
-1.003541288677610481e+02
-1.020574680953287157e+02
-1.037318969830078714e+02
-1.057036177693774306e+02
-1.083137631498215967e+02
-1.118494416281154145e+02
-1.164268272820788752e+02
-1.218757519928958857e+02
-1.276902938709580155e+02
-1.330733512540752486e+02
-1.370506876431782075e+02
-1.385987761238868927e+02
-1.367358647844654342e+02
-1.305661628803517544e+02
-1.193194635668083947e+02
-1.024485397721221318e+02
-7.980833642170982500e+01
-5.186630267458698995e+01
-1.983464271184149652e+01
1.438137227278299157e+01
