-7.442463771502222158e+00
-2.257653450953302254e+01
-3.555308301440383190e+01
-4.478724073226163682e+01
-4.965759736470396746e+01
-5.056349530702934914e+01
-4.868206819415822650e+01
-4.553863786004127689e+01
-4.254439428798981737e+01
-4.064648669212665766e+01
-4.018270132187426924e+01
-4.095262849583604492e+01
-4.244172615572880858e+01
-4.409148691233639994e+01
-4.550931790818155065e+01
-4.655185270144874465e+01
-4.727728424578764077e+01
-4.782035773044928106e+01
-4.827292912935100588e+01
-4.863748866995251774e+01
-4.886896944562636236e+01
-4.896468802668805154e+01
-4.903572837785252858e+01
-4.930637884582941410e+01
-5.003165482984233847e+01
-5.137296918949942182e+01
-5.330006617675223879e+01
-5.557569502211349288e+01
-5.783585502376995890e+01
-5.973080740030581381e+01
-6.106424701115849274e+01
-6.186541049624629096e+01
-6.234963774274520887e+01
-6.276749182653718862e+01
-6.320043925488059955e+01
-6.340060145113766765e+01
-6.276208252947582622e+01
-6.045207518555815085e+01
-5.565420157150887093e+01
-4.782604952122852637e+01
-3.687377979794661798e+01
-2.319425949445915691e+01
-7.595538809644372336e+00
8.858035849684185337e+00
2.502944679469156952e+01
3.988935302146788331e+01
5.266892185569228246e+01
6.296017577567297252e+01
7.074179772170606384e+01
7.632464056444553080e+01
8.023561417204314239e+01
8.307355421706054699e+01
8.536932452929229953e+01
8.747677491960706675e+01
8.951755928520879024e+01
9.139246576160857671e+01
9.285287497412889479e+01
9.360845214334597131e+01
9.343620237972595532e+01
9.225199838255215923e+01
9.011686112970738805e+01
8.718184155501873533e+01
8.360997389088726095e+01
7.952162995927830025e+01
7.498207383985229058e+01
7.001410582161324214e+01
6.460998913303396307e+01
5.874008539488070113e+01
5.237947174061503119e+01
4.556638706787990856e+01
3.847091038140139574e+01
3.142502762986438825e+01
2.487771094698163310e+01
1.928327199929526259e+01
1.497027730226596276e+01
1.204604236765723257e+01
1.037303764649244719e+01
9.622577028438133340e+00
9.378738516687416649e+00
9.247066594733311717e+00
8.930220454409759867e+00
8.257610850846292649e+00
7.176924752405515306e+00
5.722310979673155273e+00
3.973788857556209031e+00
2.021634578289758011e+00
-5.547764509327146598e-02
-2.199663961206346219e+00
-4.377611085252763878e+00
-6.583798424844935049e+00
-8.841368558353373430e+00
-1.119500179349503100e+01
-1.369320818833761066e+01
-1.636321651446595382e+01
-1.918234052847880733e+01
-2.204926677491049247e+01
-2.476771394401259840e+01
-2.706750678472564076e+01
-2.868224544052753799e+01
-2.946829695700909468e+01
-2.950733377126147161e+01
-2.912275482782880687e+01
-2.878209543036588869e+01
-2.893037366835105573e+01
-2.984348451755494835e+01
-3.156802080950511780e+01
-3.395195407653703512e+01
-3.672634409769923991e+01
-3.959242867439648705e+01
-4.228262565101391601e+01
-4.458274945130870037e+01
-4.632651938799952518e+01
-4.739409748072663575e+01
-4.774129280432686784e+01
-4.745051536862631281e+01
-4.676025213220782462e+01
-4.603256193218808789e+01
-4.565765361261960464e+01
-4.593721448137753782e+01
-4.700074455253625416e+01
-4.878662400692378753e+01
-5.108346929247910850e+01
-5.360317990465217264e+01
-5.605550851067950902e+01
-5.820779456321097456e+01
-5.992601990523245092e+01
-6.119256479079917455e+01
-6.208835630578931131e+01
-6.273178885045628306e+01
-6.319003866007979298e+01
-6.340060145113766765e+01
-6.313874012230118637e+01
-6.204159141017839829e+01
-5.967428692772735843e+01
-5.561381790618780485e+01
-4.953077739370814214e+01
-4.125800946179320761e+01
-3.083940927215364525e+01
-1.855025016667594784e+01
-4.881054574690864456e+00
9.514796316945014709e+00
2.390164539990580650e+01
3.755975747704865597e+01
4.988569700335536083e+01
6.047007206024538561e+01
6.912778053819855018e+01
7.587519827165044717e+01
8.087542441530466419e+01
8.438343425045903246e+01
8.670907175281037382e+01
8.819233682817537101e+01
8.917290179194196753e+01
8.994082344343347302e+01
9.067237968702875150e+01
9.137399669493585463e+01
9.186577214886393961e+01
9.182464830622467389e+01
9.087975836874792890e+01
8.872578730923285661e+01
8.521136205343364622e+01
8.037342725070240590e+01
7.441571201844254801e+01
6.765223288497236354e+01
6.044201523793557840e+01
5.313150673748227604e+01
4.601167167649909828e+01
3.929489477126666941e+01
3.311438953187995793e+01
2.754073403825736222e+01
2.260515058467376903e+01
1.832208034447497980e+01
1.470494234748383278e+01
1.176367511153177681e+01
9.474235243555021668e+00
7.730690200896297881e+00
6.316174671961533704e+00
4.931957884380705259e+00
3.293951402556384522e+00
1.260530847048852543e+00
-1.075873152397833765e+00
-3.395518382013937853e+00
-5.273043463402458109e+00
-6.366819561158660434e+00
-6.585407399649186644e+00
-6.149563506662865109e+00
-5.524895238465236780e+00
-5.264497191152553768e+00
-5.832580283073905747e+00
-7.470528466901339648e+00
-1.013759170097041817e+01
-1.353495289915557187e+01
-1.720781323078279001e+01
-2.070032680585521945e+01
-2.370970222295906282e+01
-2.617346904888089654e+01
-2.825121254697378959e+01
-3.021571722695090401e+01
-3.231054855157869099e+01
-3.463866977346862086e+01
-3.712458741839782306e+01
-3.955711294019137370e+01
-4.168565145974407926e+01
-4.332227968887499969e+01
-4.440359870497436390e+01
-4.498942380075629188e+01
-4.520855432282975528e+01
-4.518941027771754193e+01
-4.501894367464703350e+01
-4.475013421523873802e+01
-4.444293120917983231e+01
-4.420429698957244824e+01
-4.419968706777667933e+01
-4.462640555603836390e+01
-4.565537213736882194e+01
-4.736098167454611740e+01
-4.966852212466127270e+01
-5.234788369952558185e+01
-5.506536025030724346e+01
-5.747876940455481076e+01
-5.934070282924864159e+01
-6.057066403238712127e+01
-6.126800148127941270e+01
-6.165874356314213145e+01
-6.199441383364013802e+01
-6.243957458434299923e+01
-6.298796334215689541e+01
-6.343357517775463350e+01
-6.340060145113766765e+01
-6.241704650694941137e+01
-6.000850951811231937e+01
-5.578746397189601680e+01
-4.951616037452493657e+01
-4.113291330448154781e+01
-3.075019184104409220e+01
-1.864381598694356157e+01
-5.246310583717434639e+00
8.859323040694352613e+00
2.296311342704631997e+01
3.628714395043552798e+01
4.808323583582035354e+01
5.775027699730753739e+01
6.493669555451802466e+01
6.959472491965277641e+01
7.197103744198031450e+01
7.254168750123679388e+01
7.191313429503165366e+01
7.071002132416955988e+01
6.946322034269820733e+01
6.851126948959272056e+01
6.793553814255250245e+01
6.755117257248579676e+01
6.696311820105316315e+01
6.567718469325262731e+01
6.324313265242497550e+01
5.939987805506953578e+01
5.418384572934468935e+01
4.795474556059122762e+01
4.130723277426945117e+01
3.488017086596870797e+01
2.912849333276188091e+01
2.415374333954079233e+01
1.967677886452803193e+01
