-6.410176699233866238e+00
-1.768818277997260324e+01
-2.751235029053771086e+01
-3.484102724705535792e+01
-3.928024165564388426e+01
-4.111097197915928803e+01
-4.111387176388427633e+01
-4.028111952067409618e+01
-3.952464254325441573e+01
-3.946492561267048416e+01
-4.033942822109605686e+01
-4.202965763236178276e+01
-4.417902353382299196e+01
-4.635374939307335040e+01
-4.818498870992422667e+01
-4.943356411366259096e+01
-4.995189875696200232e+01
-4.957360976130646435e+01
-4.800829032348109138e+01
-4.482214055291914434e+01
-3.953663496226005947e+01
-3.180818447748639954e+01
-2.160707456414023042e+01
-9.316616038407600442e+00
4.287775505110513308e+00
1.817162357900425107e+01
3.124266554441764043e+01
4.256211462719107885e+01
5.151268542834033326e+01
5.788729108614816710e+01
6.188521798152351039e+01
6.402463509236477535e+01
6.499505837795366858e+01
6.548195249171189403e+01
6.600476062040830527e+01
6.681546498139344692e+01
6.789081352435388794e+01
6.901357529830039539e+01
6.989844205983497716e+01
7.030242963967316427e+01
7.007595042791075457e+01
6.914924348546622923e+01
6.748698758268844244e+01
6.505604476489216381e+01
6.182915878877737015e+01
5.781148412685601556e+01
5.305872593294618156e+01
4.766836714695148203e+01
4.175300440810884339e+01
3.542045995038225925e+01
2.877746926506530656e+01
2.195370998071830471e+01
1.512836206412736217e+01
8.539797055946614535e+00
2.469266250606929169e+00
-2.795720112793774526e+00
-7.006300979699276787e+00
-9.999296861357205302e+00
-1.174360130924151946e+01
-1.237342910398434803e+01
-1.218652547219667248e+01
-1.159522947521332270e+01
-1.104246677371235386e+01
-1.091081955806835779e+01
-1.145030501096129072e+01
-1.274045518897826312e+01
-1.469645058233325940e+01
-1.712188861322589517e+01
-1.979187093575386669e+01
-2.252825486812276523e+01
-2.522868620284849683e+01
-2.784138658484380002e+01
-3.031510082189808841e+01
-3.256549570107387126e+01
-3.447999573022030262e+01
-3.595573203739649415e+01
-3.694952195184312416e+01
-3.751456326571446453e+01
-3.780265567379672831e+01
-3.802446622939825005e+01
-3.837920041351719647e+01
-3.898023523941597546e+01
-3.980899658962222531e+01
-4.072157469357910742e+01
-4.151052654808933795e+01
-4.199623008259044354e+01
-4.210452743244674423e+01
-4.189517735893683437e+01
-4.153601741741530162e+01
-4.124668955014106331e+01
-4.124116047709327404e+01
-4.168242106881455555e+01
-4.264679656797098062e+01
-4.409501311401416501e+01
-4.585770190588071671e+01
-4.764945562101532062e+01
-4.912174993590284089e+01
-4.995264421797194387e+01
-4.995189875696200232e+01
-4.914172465060009642e+01
-4.777139705599817177e+01
-4.624738294605562317e+01
-4.499983506074336503e+01
-4.433897950091304807e+01
-4.436239352939102076e+01
-4.495080063832720896e+01
-4.584533512158207458e+01
-4.675899447489175031e+01
-4.746720897623683300e+01
-4.784940590022028317e+01
-4.788798145396312833e+01
-4.764650464303067423e+01
-4.724223146731937817e+01
-4.681424777132232862e+01
-4.648335468740195608e+01
-4.630717902825887933e+01
-4.624550161254665426e+01
-4.615268409710873954e+01
-4.579879969814129481e+01
-4.489985826977762429e+01
-4.313545634162895226e+01
-4.015723982782899526e+01
-3.561653509109568461e+01
-2.923202017684003806e+01
-2.088295411468580909e+01
-1.068663253690128734e+01
9.769278575814784871e-01
1.350672667868159671e+01
2.618064507751576642e+01
3.828903459793468755e+01
4.926493206505072209e+01
5.876912425691390496e+01
6.670052302761496321e+01
7.313273651514819562e+01
7.821221836894110879e+01
8.207081842296162222e+01
8.479447787823545468e+01
8.645564508577820106e+01
8.717937006133735167e+01
8.719486316992515640e+01
8.683479995292285025e+01
8.647376797683949690e+01
8.642693375633251662e+01
8.684670934236365269e+01
8.765556699283513353e+01
8.854188834929428253e+01
8.902694084188530610e+01
8.858648615087068379e+01
8.678804404043553689e+01
8.339904527960297287e+01
7.843802360615310931e+01
7.216663247074711762e+01
6.503470283891637393e+01
5.759322845055575613e+01
5.039586589807286998e+01
4.391748550419540464e+01
3.850964687111750351e+01
3.438637032159447671e+01
3.161581521559998009e+01
3.010337916841134387e+01
2.957857802438621420e+01
2.961704568143213834e+01
2.972053485153541885e+01
2.944109703774307718e+01
2.849742108599206247e+01
2.682723947724112179e+01
2.455689968266585765e+01
2.191709643962066068e+01
1.915531108729529564e+01
1.648029037909496353e+01
1.404067269049260780e+01
1.191672085816346183e+01
1.010729187242296589e+01
8.515923518997256636e+00
6.956934925303231765e+00
5.199709368831292089e+00
3.049908794084573493e+00
4.409754392398834710e-01
-2.509824800881099272e+00
-5.522498689847758158e+00
-8.256182934119783212e+00
-1.044232038860409517e+01
-1.197602572612496630e+01
-1.292276428036091218e+01
-1.345556293010776017e+01
-1.377414863485893193e+01
-1.405000473516009407e+01
-1.441032344136331744e+01
-1.494729900674575873e+01
-1.572818752755587823e+01
-1.678882376953967537e+01
-1.811503068007793615e+01
-1.963215274192292270e+01
-2.121550964548954710e+01
-2.271662176670304589e+01
-2.399560392399795106e+01
-2.495808681603086399e+01
-2.559478912715664833e+01
-2.600889132311774787e+01
-2.640939505529738085e+01
-2.706019362724762090e+01
-2.819627288974310630e+01
-2.993774944028368878e+01
-3.224084787732451218e+01
-3.491250793990550250e+01
-3.768177094395220195e+01
-4.028859548531528390e+01
-4.254630162921031200e+01
-4.436021381775097439e+01
-4.571734582736397101e+01
-4.667150843774881963e+01
-4.733068706913746126e+01
-4.783386777194361628e+01
-4.830849108442130557e+01
-4.882204034519832447e+01
-4.935265426969190372e+01
-4.978961333190705574e+01
-4.995189875696200232e+01
-4.960556519165335487e+01
-4.847322651885413336e+01
-4.624741303494587896e+01
-4.262540689012661943e+01
-3.736948946116073245e+01
-3.037563869313380849e+01
-2.172461752784745315e+01
-1.169768358564468613e+01
-7.542055372423464021e-01
1.052230540118425317e+01
2.150147617374959808e+01
3.159556022730221869e+01
4.034150619727789433e+01
4.745094719287365592e+01
5.281400702010215298e+01
5.646519317719135955e+01
5.853526663877072167e+01
5.921006835817751579e+01
5.870415795723517505e+01
5.724840678773988856e+01
5.508707192212892778e+01
5.247413507629739371e+01
4.965487846621920198e+01
4.682685672829434509e+01
4.409237058522855079e+01
4.142871733015131497e+01
3.870068704051052322e+01
3.571978620225489465e+01
3.232781854423677714e+01
2.846585053541247490e+01
2.419348676264170450e+01
1.964820918543661321e+01
1.497030142456003254e+01
1.024372844905479241e+01
5.497002387731756201e+00
7.723821647357835829e-01
-3.770460024051194736e+00
-7.776053178256157494e+00
-1.069833389691084236e+01
-1.191747648065828713e+01
-1.094504927316428322e+01
-7.642482421132552162e+00
-2.355188271676169620e+00
4.108715804459032839e+00
