2.477117718540845033e+02
4.359242548130890782e+02
6.247807540520364000e+02
8.132366432490896386e+02
9.980560537000776549e+02
1.173652515917846813e+03
1.332763197735405811e+03
1.467773761471599983e+03
1.572274141680305775e+03
1.642361450973397041e+03
1.677331936823374917e+03
1.679637655523281410e+03
1.654211198218653408e+03
1.607407399556326709e+03
1.545860346074476411e+03
1.475525629024584305e+03
1.401090894932137417e+03
1.325814170188919434e+03
1.251722886083746289e+03
1.180013379397960989e+03
1.111455555806028315e+03
1.046638990212151157e+03
9.859859972109114779e+02
9.295710609839869676e+02
8.768740838646036764e+02
8.266194923446828398e+02
7.768130662108388833e+02
7.250116800967477957e+02
6.687807855779303736e+02
6.062332410619032999e+02
5.365156991413005017e+02
4.601199931233286406e+02
3.789369489193101685e+02
2.960250670333228413e+02
2.151324213800015457e+02
1.400796449293530372e+02
7.415449430051106106e+01
1.965236069322485690e+01
-2.236599395331453977e+01
-5.209130482676004448e+01
-7.078607285920523395e+01
-8.046045249363422158e+01
-8.348160852762541140e+01
-8.221521277018895546e+01
-7.879173226324139989e+01
-7.503882341367989284e+01
-7.253303326536699558e+01
-7.265192694296442255e+01
-7.651773458394235661e+01
-8.482310735344536567e+01
-9.764487231992586658e+01
-1.143932152964250690e+02
-1.339804544575777356e+02
-1.551672019760646037e+02
-1.769364599793223078e+02
-1.987303215677440846e+02
-2.204688983168609866e+02
-2.423893806291283681e+02
-2.648090557188868388e+02
-2.879057922302249608e+02
-3.115684128540889901e+02
-3.353434371643143095e+02
-3.584899918669231056e+02
-3.801263079331787935e+02
-3.994161849652804790e+02
-4.157353287465247149e+02
-4.287830470421659470e+02
-4.386316597350199231e+02
-4.457083141755575184e+02
-4.506989399216028573e+02
-4.543811633792188900e+02
-4.574252116624529094e+02
-4.602161609192484661e+02
-4.627387919090439823e+02
-4.645527337011183704e+02
-4.648835639482419424e+02
-4.628424122856226290e+02
-4.577393095730864729e+02
-4.493915529303167773e+02
-4.382980258950863686e+02
-4.255895614787844465e+02
-4.127577587961069980e+02
-4.012545662961293260e+02
-3.920963840791437747e+02
-3.855933095056259958e+02
-3.812807622456882086e+02
-3.780805540077604405e+02
-3.746639330889802864e+02
-3.699283944740118955e+02
-3.634490827256963144e+02
-3.557463327889942661e+02
-3.482361262439940788e+02
-3.428054970767768168e+02
-3.410686099456407305e+02
-3.434732946078007103e+02
-3.484994082451210602e+02
-3.521986673925451328e+02
-3.482721594375564678e+02
-3.287774865835678497e+02
-2.854132740412973703e+02
-2.111622023966298798e+02
-1.019310933068172744e+02
4.222423112828272451e+01
2.166242858375476601e+02
4.123960709930212829e+02
6.177349708962153727e+02
8.197072643619703740e+02
1.006156400947411157e+03
1.167266117551791922e+03
1.296480366890856885e+03
1.390720083154870963e+03
1.450044768525722020e+03
1.476992443605837707e+03
1.475805163134898294e+03
1.451681031026280607e+03
1.410138457784914863e+03
1.356536535790210564e+03
1.295756883792887493e+03
1.232025386220835117e+03
1.168842729269190613e+03
1.108983153026593754e+03
1.054502964176921523e+03
1.006701139920117157e+03
9.660157258219210235e+02
9.318977478621725368e+02
9.027413802236931133e+02
8.759580962160423496e+02
8.482704832890062789e+02
8.162586036082811916e+02
7.771044824861260167e+02
7.293631193571895892e+02
6.735019454659061466e+02
6.119761631584091219e+02
5.487682935661609918e+02
4.885328115132236917e+02
4.356233173523080495e+02
3.932800345022522492e+02
3.631583648871401238e+02
3.452565645194439412e+02
3.381909107467669742e+02
3.396820584371056952e+02
3.470787862816152369e+02
3.577770301628439711e+02
3.694742168035147643e+02
3.802784781380607910e+02
3.887311387605187747e+02
3.937952028760957432e+02
3.948307875883767224e+02
3.915507595643279615e+02
3.839480231225719535e+02
3.722025727534969519e+02
3.565913874552687730e+02
3.374288859903481921e+02
3.150554774039410404e+02
2.898632316104639131e+02
2.623186890965946532e+02
2.329454738617425562e+02
2.022671187456460586e+02
1.707479746809521544e+02
1.387753707153825644e+02
1.066984865955802775e+02
7.489720801708972431e+01
4.382509152632678706e+01
1.398146111915161782e+01
-1.418321463836116436e+01
-4.037719825009406804e+01
-6.453465111782344366e+01
-8.681379466302860237e+01
-1.075361446481951475e+02
-1.270943516798548103e+02
-1.458570784313470767e+02
-1.640959803003971160e+02
-1.819571106860121859e+02
-1.994909276290426874e+02
-2.167311474246448029e+02
-2.337747870075824608e+02
-2.507915461805227437e+02
-2.679177268628066599e+02
-2.850714510514281415e+02
-3.018072249666350331e+02
-3.173372809063847058e+02
-3.307677001766599574e+02
-3.414826950989964303e+02
-3.495295487387449498e+02
-3.558405299231349659e+02
-3.621690216388307704e+02
-3.706948553160339657e+02
-3.833480444436174253e+02
-4.009907267586988269e+02
-4.226635453520866008e+02
-4.451218137780115853e+02
-4.628424122856226290e+02
-4.685803324135417256e+02
-4.544272663189369155e+02
-4.132204901979327474e+02
-3.400110580418992754e+02
-2.332715413375066191e+02
-9.555370082263422660e+01
6.657743113300557525e+01
2.433339042451463570e+02
4.230535217095942926e+02
5.938236111768574119e+02
7.450472371780542744e+02
8.686496119834907859e+02
9.597330610376827735e+02
1.016642311286161885e+03
1.040540808281673435e+03
1.034687239109716302e+03
1.003627989981044948e+03
9.524852284778035028e+02
8.864389239433025978e+02
8.104127726956487550e+02
7.289138096793469686e+02
6.459521699996255393e+02
5.649724284793308016e+02
4.887535726883612597e+02
4.192708564123813062e+02
3.575443820374999859e+02
3.035182592634579350e+02
2.560216416772104822e+02
2.128629501516965661e+02
1.711025409223490215e+02
1.275225836728119475e+02
7.924732416707291804e+01
2.438202809496522150e+01
-3.750502215603378886e+01
-1.051956145235874374e+02
-1.759740688994249069e+02
-2.460747389465279582e+02
-3.113269913355053973e+02
-3.678674702229632771e+02
-4.127700963900153965e+02
-4.444603343188899771e+02
-4.628424122856226859e+02
-4.691499141082674669e+02
-4.655940571126656664e+02
-4.549133317797677023e+02
-4.399301381306568715e+02
-4.232060769268849185e+02
-4.068560412302003897e+02
-3.925264196862835320e+02
-3.814786076297914974e+02
-3.746810769804908432e+02
-3.728292904846575766e+02
-3.762753641890092808e+02
-3.849176338370851340e+02
-3.981313659440418178e+02
-4.148077185558601627e+02
-4.335320547474133264e+02
-4.528873914641050646e+02
-4.718062522867054440e+02
-4.898317002950189476e+02
-5.071446206367401146e+02
-5.243067839216409993e+02
-5.418163271728868722e+02
-5.596848124333494070e+02
-5.772549591474783028e+02
-5.933718123955936790e+02
-6.068438149688913654e+02
-6.169777976009063423e+02
-6.239322159860577131e+02
-6.287244170782760193e+02
