2.962373198839164701e+01
8.669211609732879253e+01
1.321826381380336386e+02
1.578597388330908018e+02
1.606129996855135005e+02
1.424750042362869635e+02
1.090954233171644745e+02
6.754248346585859508e+01
2.431001709189842686e+01
-1.591681519110615639e+01
-5.059904272742814868e+01
-7.898265085040596034e+01
-1.014072019572016927e+02
-1.186413514562118081e+02
-1.314617917910820495e+02
-1.405187478115767874e+02
-1.464048243139971532e+02
-1.497957527300909248e+02
-1.515515299161341147e+02
-1.527204947490666029e+02
-1.544416450302820181e+02
-1.577799448128540121e+02
-1.635573503363824557e+02
-1.722474643877629603e+02
-1.839703197203271259e+02
-1.985699950068093074e+02
-2.157186623843392397e+02
-2.349918133397437430e+02
-2.558949220475925870e+02
-2.778642383689473832e+02
-3.002851868890361402e+02
-3.225552665903168190e+02
-3.441731930626717144e+02
-3.647995624427529719e+02
-3.842454562032312424e+02
-4.024006429846054971e+02
-4.191632668889978959e+02
-4.344335526359481037e+02
-4.481843477752302078e+02
-4.605557317449016068e+02
-4.718844290605273954e+02
-4.826050772024641446e+02
-4.930439373501725413e+02
-5.032115518626848143e+02
-5.127258075035671254e+02
-5.209441780598085643e+02
-5.272882940921213049e+02
-5.316528169555033401e+02
-5.347340036392255342e+02
-5.381010650429730049e+02
-5.438691571655492680e+02
-5.539279439817668163e+02
-5.688404347816739346e+02
-5.867191357076656004e+02
-6.025238254617624989e+02
-6.082087885460554162e+02
-5.939297301808848033e+02
-5.501489399498259445e+02
-4.700968101349517951e+02
-3.518426199626119910e+02
-1.993087311014802196e+02
-2.189839685348253084e+01
1.671438699779651529e+02
3.531358858195896460e+02
5.224449574417633357e+02
6.644540678577374138e+02
7.726565853240576871e+02
8.448281318379936238e+02
8.824593344441299223e+02
8.897521139604207292e+02
8.724848903420822808e+02
8.369783056922137803e+02
7.892974794328521284e+02
7.347442532116840539e+02
6.776263562050754672e+02
6.212340592637019654e+02
5.679181557771310054e+02
5.191662767731269241e+02
4.756253266374226314e+02
4.370948383791017591e+02
4.025756675477888393e+02
3.704629374516110261e+02
3.389129163970416130e+02
3.063144369056266783e+02
2.717102200194134412e+02
2.350063062135442919e+02
1.968995298578921620e+02
1.585858130847926759e+02
1.213965160690404446e+02
8.650522110456648761e+01
5.477889326023742456e+01
2.676518459601822997e+01
2.751254374158889959e+00
-1.718050780603192607e+01
-3.314323471149179312e+01
-4.548207494972274390e+01
-5.482497601809297549e+01
-6.210521628898364099e+01
-6.851912243924321899e+01
-7.540595700515964950e+01
-8.407155644069720779e+01
-9.560352384620264843e+01
-1.107283566470778453e+02
-1.297414327124330100e+02
-1.525124137122163575e+02
-1.785494163784715909e+02
-2.071055188375460148e+02
-2.373172102543892663e+02
-2.683545978125633837e+02
-2.995418615301837235e+02
-3.304013069846625967e+02
-3.606031534376578520e+02
-3.898549502476440693e+02
-4.178045961161342916e+02
-4.440239315377654634e+02
-4.680843259310831854e+02
-4.896735780780249456e+02
-5.086824165909548583e+02
-5.252187727187854307e+02
-5.395571129675765860e+02
-5.520579405829047346e+02
-5.630865730257678479e+02
-5.729401896868630502e+02
-5.817799730188903595e+02
-5.895682203303329061e+02
-5.960304223723971973e+02
-6.006905549734908618e+02
-6.030316265399237636e+02
-6.027826041459750286e+02
-6.002414512487523552e+02
-5.964693961970754117e+02
-5.931881117607580336e+02
-5.922908368754826824e+02
-5.950117363071286718e+02
-6.009446021947170493e+02
-6.072219862599810085e+02
-6.082087885460554162e+02
-5.959831111901800114e+02
-5.616659455935493952e+02
-4.973714028282221875e+02
-3.982927707422535946e+02
-2.643089340756120009e+02
-1.005892000299514564e+02
8.302006792509067168e+01
2.736498712692731488e+02
4.576164196018825123e+02
6.225866322620959181e+02
7.592106790869995621e+02
8.619695421928892074e+02
9.292403867139337308e+02
9.627595964509954456e+02
9.667344181332094877e+02
9.468444093237771995e+02
9.093175327218835946e+02
8.601894510786607952e+02
8.047841673987339846e+02
7.474076827804561844e+02
6.912236092195106494e+02
6.382706043218869354e+02
5.895789137686682579e+02
5.453444628046761409e+02
5.051243354008734059e+02
4.680294513767185549e+02
4.329078957396368423e+02
3.985291382632873933e+02
3.637848275834161882e+02
3.279064003423647478e+02
2.906651938680150238e+02
2.524882112527321851e+02
2.144236710787116635e+02
1.779390441543179975e+02
1.446060320457615092e+02
1.157750630141576949e+02
9.233653626568811035e+01
7.461546420392276957e+01
6.238606102861142233e+01
5.495935616065679596e+01
5.130208281621460031e+01
5.017215297746900404e+01
5.027582550906411285e+01
5.044266929182600734e+01
4.977895474932911668e+01
4.773145188760736346e+01
4.401250499657771798e+01
3.840617382217657649e+01
3.054794224395747193e+01
1.979690762778473712e+01
5.284856726090801260e+00
-1.385208006627815536e+01
-3.814226552124381442e+01
-6.748801410453665994e+01
-1.010522829883083773e+02
-1.373933248754247245e+02
-1.748119563301202390e+02
-2.117733654719133369e+02
-2.472236572320056212e+02
-2.806769771985498210e+02
-3.120757277359535351e+02
-3.415436802937647940e+02
-3.691862560144708141e+02
-3.950302410301466125e+02
-4.190855175309358742e+02
-4.414277502142095955e+02
-4.621951508105069024e+02
-4.814652981284297084e+02
-4.990821809563170746e+02
-5.145719775397271860e+02
-5.272678949098453813e+02
-5.366574466518152349e+02
-5.428260803457280872e+02
-5.467787220392175414e+02
-5.504228572476202999e+02
-5.560914499291661741e+02
-5.656426863069909814e+02
-5.793519780416028198e+02
-5.949482640339685986e+02
-6.071810169226243943e+02
-6.082087885460554162e+02
-5.888878196151219981e+02
-5.407536409235391375e+02
-4.582096143403703081e+02
-3.402830067221074728e+02
-1.913826170562680318e+02
-2.079112868602743447e+01
1.589689693554099108e+02
3.344125068355316444e+02
4.933745785943394822e+02
6.267389244359012537e+02
7.292992833715097731e+02
7.997362978427441931e+02
8.399189939117782160e+02
8.538472924615091415e+02
8.465504149452214051e+02
8.231791947356394985e+02
7.884177236792411350e+02
7.462285737320719363e+02
6.998551088258917616e+02
6.519424486635782614e+02
6.046287413033048779e+02
5.595216063273123837e+02
5.175819756170928940e+02
4.790180621300373787e+02
4.432983537795646498e+02
4.093349987086923534e+02
3.758101498614927323e+02
3.415593556502764727e+02
3.059132820662169365e+02
2.689241952425693398e+02
2.314330282666478524e+02
1.949532432319007853e+02
1.613791587240663148e+02
1.325752961071045206e+02
1.099446762124909469e+02
9.408815541651429726e+01
8.465084146900511541e+01
8.040304750508221332e+01
7.953316385908416919e+01
8.007299504370590171e+01
8.035599283282712690e+01
7.941003653176652222e+01
7.718358693945670268e+01
7.450872174694617911e+01
