8.604210382405275936e+01
-1.748822987514093938e+02
-4.021641471508565928e+02
-5.719673151922908119e+02
-6.759015329129122165e+02
-7.211378441754823143e+02
-7.256070945516215716e+02
-7.106979316381191438e+02
-6.941826707624608161e+02
-6.854283618753007659e+02
-6.838484627315108355e+02
-6.804648534729653875e+02
-6.616607396535065391e+02
-6.138222745859583256e+02
-5.275599780854688561e+02
-4.004765721696342098e+02
-2.379194156292948037e+02
-5.173193832779988810e+01
1.424457608088181075e+02
3.284493152597493122e+02
4.925302993052715692e+02
6.253008902272224532e+02
7.224105762729767548e+02
7.840752176763843408e+02
8.138523439286585699e+02
8.171528453172032869e+02
7.999123735863273623e+02
7.676792163098600668e+02
7.251809669667603657e+02
6.762684799256526276e+02
6.240479550912760942e+02
5.710200704384179744e+02
5.191233384309711028e+02
4.696731692321287142e+02
4.232573859004626797e+02
3.796817448778228936e+02
3.380535861020420043e+02
2.970440584643602620e+02
2.552926712735574029e+02
2.118477658454413302e+02
1.665048935172526683e+02
1.199291415306168744e+02
7.352584311647510162e+01
2.911859764273237161e+01
-1.145178403711356196e+01
-4.669567249031632628e+01
-7.573021123467243854e+01
-9.837962553305544589e+01
-1.151180797432577521e+02
-1.268931920973051319e+02
-1.348957685931350738e+02
-1.403437359152094928e+02
-1.443279608460464374e+02
-1.477402378131744172e+02
-1.512823316470275756e+02
-1.555373142239809283e+02
-1.610623538019125078e+02
-1.684450032068841665e+02
-1.782762321411186690e+02
-1.910382546246518700e+02
-2.069589566272056516e+02
-2.259121197462253576e+02
-2.474224874811328050e+02
-2.707773696623940509e+02
-2.951909748618990648e+02
-3.199518850724870731e+02
-3.445121283993604493e+02
-3.685161794524803440e+02
-3.917865151186640560e+02
-4.142798515541537654e+02
-4.360281344505991683e+02
-4.570837872216898745e+02
-4.774810709009253742e+02
-4.972065587418728683e+02
-5.161683679892432792e+02
-5.341723724109349405e+02
-5.509297572093149711e+02
-5.661196450870692161e+02
-5.795215507907139454e+02
-5.912138025888224320e+02
-6.017887060626944731e+02
-6.124685821992056844e+02
-6.249674616683092836e+02
-6.409878545254559867e+02
-6.613790897798487549e+02
-6.851575059590295496e+02
-7.087193308189624759e+02
-7.256070945516215716e+02
-7.270966775994553473e+02
-7.036610566672757159e+02
-6.470805425559594823e+02
-5.526634190208404789e+02
-4.208974259033630574e+02
-2.579592407112050978e+02
-7.486687763830059339e+01
1.144863180008688062e+02
2.958357514471771879e+02
4.569033712177517828e+02
5.890551551682489162e+02
6.879788375399893994e+02
7.534066584464862899e+02
7.881478968777878436e+02
7.968179970030832919e+02
7.846415127563567466e+02
7.565896826556493124e+02
7.169483195775698050e+02
6.692617537137560930e+02
6.165014432138087841e+02
5.612741019890715961e+02
5.059160774066123167e+02
4.524105907433449829e+02
4.021762397118349099e+02
3.558519540462149848e+02
3.132077876123918827e+02
2.732517068646363896e+02
2.345216414363101762e+02
1.954882398020378673e+02
1.549619413245550277e+02
1.123963453589208825e+02
6.800713463580797224e+01
2.268359893070243061e+01
-2.225460568938781591e+01
-6.534761283014671562e+01
-1.052284840743896837e+02
-1.407568936107589934e+02
-1.710829637458999173e+02
-1.957001227657885352e+02
-2.145182127735669155e+02
-2.279378081613933205e+02
-2.368780589775559520e+02
-2.427153933316218399e+02
-2.471147471110862455e+02
-2.517698171276960011e+02
-2.581106657857304185e+02
-2.670669311904269989e+02
-2.789683833878167434e+02
-2.936185375015983823e+02
-3.105118779029397729e+02
-3.291083043858224073e+02
-3.490538174317969151e+02
-3.702598596359373460e+02
-3.928198735433043680e+02
-4.168172158094190536e+02
-4.421231937804748213e+02
-4.682809798092574169e+02
-4.945305110580079599e+02
-5.199700939443166590e+02
-5.437920475139712835e+02
-5.654947157660849371e+02
-5.849803388323180116e+02
-6.024983993836121954e+02
-6.184634649799559156e+02
-6.332289768456212187e+02
-6.469083883149767189e+02
-6.593052630650204264e+02
-6.699716428051924595e+02
-6.783829394309384497e+02
-6.841944445348963200e+02
-6.875139283092427149e+02
-6.890908925986809663e+02
-6.903098099050725978e+02
-6.929012083047113038e+02
-6.983518891152994001e+02
-7.070916480715065973e+02
-7.176411404289952998e+02
-7.260014496733451779e+02
-7.256070945516215716e+02
-7.080832958671406914e+02
-6.648065882882058304e+02
-5.889300926020315501e+02
-4.773094842155784363e+02
-3.317252034477881466e+02
-1.590004414758141706e+02
3.003538271969716789e+01
2.224313938732552174e+02
4.053100155213203379e+02
5.678009229822123416e+02
7.023000738494048392e+02
8.049047105453639688e+02
8.751353436706824596e+02
9.152134047792951606e+02
9.291842797028957648e+02
9.220964176156436451e+02
8.993340706911345706e+02
8.661089686964207885e+02
8.270761808294453203e+02
7.860519142365375274e+02
7.458432001751741609e+02
7.082106558444653501e+02
6.739636411516473800e+02
6.431525351791530056e+02
6.153014349591022665e+02
5.896271188400730807e+02
5.652111152457065373e+02
5.411185945045247081e+02
5.164806398185028229e+02
4.905685315658616901e+02
4.628833701767290449e+02
4.332617981556259110e+02
4.019721519112632677e+02
3.697607204530243052e+02
3.378082306157882613e+02
3.075705837349879630e+02
2.805124581892118272e+02
2.577971351327120146e+02
2.400359787644424898e+02
2.271831713922180143e+02
2.185934304189917157e+02
2.131971617573331059e+02
2.097226453276232405e+02
2.068994874541327533e+02
2.035979018954627691e+02
1.988899021666676106e+02
1.920506006625964801e+02
1.825357003526279698e+02
1.699678092873251103e+02
1.541432256731002326e+02
1.350483799559228544e+02
1.128694756551602154e+02
8.798819983132344191e+01
6.096100234191021627e+01
3.247245173307658916e+01
3.250515007501817877e+00
-2.605229163862259156e+01
-5.498131606092866264e+01
-8.336111564235014271e+01
-1.113043753779987242e+02
-1.391506744485889158e+02
-1.673668015934356958e+02
-1.964427343292246064e+02
-2.267937400666270378e+02
-2.586552522127302041e+02
-2.919612769235014298e+02
-3.262342266603977237e+02
-3.605584567405114740e+02
-3.937195284608967540e+02
-4.245393521357168538e+02
-4.523382467766609807e+02
-4.773599690590050386e+02
-5.009575483914536562e+02
-5.253799627077485184e+02
-5.531133608878626546e+02
-5.858810829961590798e+02
-6.235468659430131311e+02
-6.632561067903438925e+02
-6.991644985738838614e+02
-7.230143882294553350e+02
-7.256070945516215716e+02
-6.989150274693217852e+02
-6.382872412114991221e+02
-5.440690650628029061e+02
-4.220757772769063649e+02
-2.827102303144891948e+02
-1.389556751850668093e+02
-3.823821161737669172e+00
1.120356493618921263e+02
2.019727372131393963e+02
2.639090070952959763e+02
2.998625661368936335e+02
3.147411486490391894e+02
3.149154887875261011e+02
3.071112877920195388e+02
