8.187455886701484076e+01
1.534223792269174282e+02
2.195108085846994186e+02
2.755252078710254864e+02
3.184538052166737430e+02
3.472433140543767536e+02
3.627722388943717533e+02
3.674758177930153238e+02
3.647106191198277543e+02
3.579982700690248407e+02
3.503240290490523421e+02
3.436506649243671632e+02
3.387256943749954416e+02
3.351446239746227889e+02
3.315527358686574644e+02
3.258733042326541067e+02
3.155304863213810904e+02
2.977279326885521868e+02
2.698772526695647116e+02
2.302008580926840295e+02
1.783835041313463421e+02
1.160182769455937262e+02
4.660284971484492189e+01
-2.499100022202954108e+01
-9.343379564622040334e+01
-1.539617840207149868e+02
-2.032203874778043087e+02
-2.397314735542784092e+02
-2.639205584854659037e+02
-2.777614098861072875e+02
-2.841730398869245846e+02
-2.863365306597916060e+02
-2.870998656527561366e+02
-2.886064808197388629e+02
-2.922067924239801187e+02
-2.986068774926782226e+02
-3.081270515699765156e+02
-3.209297929043802924e+02
-3.371239808740372155e+02
-3.567240669371823287e+02
-3.795145557093713933e+02
-4.049233432240239381e+02
-4.320114621436308653e+02
-4.596246818838025092e+02
-4.866543034164516826e+02
-5.122870248854418378e+02
-5.361373418466625935e+02
-5.582338884295904791e+02
-5.789002806178491483e+02
-5.985829273636925336e+02
-6.176616293075035173e+02
-6.362821257947862250e+02
-6.542647080700517108e+02
-6.711279962759120963e+02
-6.862191171759384360e+02
-6.989009332164566786e+02
-7.087421530798693539e+02
-7.156759839423390304e+02
-7.201064279350041488e+02
-7.229290262690483360e+02
-7.254121538581761115e+02
-7.289053804237106533e+02
-7.344270951098313844e+02
-7.422842943384391674e+02
-7.519106217096278897e+02
-7.620422664897565710e+02
-7.712178145025809499e+02
-7.784409712498267027e+02
-7.837357301993888541e+02
-7.883038373587779688e+02
-7.940965740046628980e+02
-8.028175269295544467e+02
-8.146095135402074447e+02
-8.268586805571075047e+02
-8.335990058470609938e+02
-8.258834255791822443e+02
-7.932170970688172247e+02
-7.257995678534778108e+02
-6.170187999674477624e+02
-4.655036212824200561e+02
-2.761367610870004228e+02
-5.972472135622084011e+01
1.686066696057066565e+02
3.919022177001387490e+02
5.941702132881656553e+02
7.628544260432541932e+02
8.904839151058695279e+02
9.752500730321961555e+02
1.020535118939313179e+03
1.033614282919187190e+03
1.023859559790087587e+03
1.000826141395530385e+03
9.726126980443231105e+02
9.448181171887574692e+02
9.202532245330230580e+02
8.993483180664928796e+02
8.810002479026867377e+02
8.634953085143200724e+02
8.451744876949186391e+02
8.246750487238747382e+02
8.008078531588691931e+02
7.722906838228019524e+02
7.375814807140682205e+02
6.949662093931891604e+02
6.429238857250062438e+02
5.806640989427326076e+02
5.086394611633726299e+02
4.288166391595095774e+02
3.445696274638557952e+02
2.602016027205175988e+02
1.802295836748721740e+02
1.086227649561517126e+02
4.816557317613089140e+01
5.646146278529329265e-02
-3.620015952770521039e+01
-6.258737505870136175e+01
-8.208594968255984270e+01
-9.802061610933203895e+01
-1.134322539256118318e+02
-1.306452729813062774e+02
-1.510922077001072807e+02
-1.753463506575781139e+02
-2.032666788703435543e+02
-2.341790349399494175e+02
-2.670660647683042725e+02
-3.007718740429615991e+02
-3.342185956551890627e+02
-3.665976292228560283e+02
-3.974827046127692256e+02
-4.268327247196856433e+02
-4.548878462205888695e+02
-4.819921792496895705e+02
-5.083996658856581234e+02
-5.341297112345187088e+02
-5.589206388855485557e+02
-5.822863094127899330e+02
-6.036418941716590325e+02
-6.224512670896011741e+02
-6.383594201360010629e+02
-6.512891846853876814e+02
-6.614881279942617311e+02
-6.695186843318587080e+02
-6.762023435782688239e+02
-6.825346904729374273e+02
-6.895635901283636713e+02
-6.982028751904068713e+02
-7.089851189507076015e+02
-7.218253469245569249e+02
-7.359125193155648503e+02
-7.498268604415499112e+02
-7.619033511375114358e+02
-7.707581835416134481e+02
-7.758100357640661286e+02
-7.776042320909226646e+02
-7.778028208139407980e+02
-7.788070816115227899e+02
-7.830706107993651131e+02
-7.922110353587321470e+02
-8.060642047352120017e+02
-8.218785507919940301e+02
-8.339002099522098206e+02
-8.335990058470609938e+02
-8.106925733681226802e+02
-7.549348418691258757e+02
-6.583786166476664903e+02
-5.175786749613242819e+02
-3.350872069982999619e+02
-1.197063209817881955e+02
1.146911001753933590e+02
3.515062553454901035e+02
5.742943405184320227e+02
7.694221597997499202e+02
9.278812353478901969e+02
1.045949823094764497e+03
1.124760634148027748e+03
1.169108592068440430e+03
1.185942050543964115e+03
1.182924148418090908e+03
1.167302848645535050e+03
1.145178145443747098e+03
1.121148091535098274e+03
1.098247270979138648e+03
1.078055773301309955e+03
1.060869329358038158e+03
1.045883185091811583e+03
1.031410603917433036e+03
1.015180360750347063e+03
9.947262647139051523e+02
9.678261605158315888e+02
9.329094317398314615e+02
8.893566785005758675e+02
8.376523291897043464e+02
7.793834259421282695e+02
7.170853077796116395e+02
6.539351173773948176e+02
5.933181702909066644e+02
5.383425023886942427e+02
4.914133114900942019e+02
4.539621881577769500e+02
4.263651499649893708e+02
4.080212138341215677e+02
3.975281905958939319e+02
3.928882185667605427e+02
3.917023130427267574e+02
3.913652579109789258e+02
3.893109560660399211e+02
3.833312783611336840e+02
3.719043344417406729e+02
3.544030095323267346e+02
3.310840054038656035e+02
3.028619485299657299e+02
2.709680365136683236e+02
2.366204723655734767e+02
2.008016089875400496e+02
1.641803342747134593e+02
1.271648629259800316e+02
9.003258613607037830e+01
5.306479667088584762e+01
1.662193336284998679e+01
-1.886787109235457649e+01
-5.298792323417995931e+01
-8.543630621546449788e+01
-1.161121976982165052e+02
-1.451560248493537983e+02
-1.729307449845023825e+02
-1.999527452474919187e+02
-2.267937415747591672e+02
-2.539740563307044567e+02
-2.818674982158535727e+02
-3.106413364721274775e+02
-3.402453747272256237e+02
-3.704443415703546520e+02
-4.008800614698083109e+02
-4.311603947213951642e+02
-4.609851512116485992e+02
-4.903159219585439814e+02
-5.195637041118552588e+02
-5.497094436393153956e+02
-5.822244017696417586e+02
-6.186745139550253043e+02
-6.599987279994718392e+02
-7.056047330254366443e+02
-7.525560745867701371e+02
-7.951778546573808626e+02
-8.253511134543471144e+02
-8.335990058470609938e+02
-8.108418349331237778e+02
-7.504821849125708013e+02
-6.503265046449123474e+02
-5.138024858188340431e+02
-3.500442191248288282e+02
-1.727002521089878542e+02
2.300516747917924931e+00
1.594577069306696160e+02
2.861769644198404876e+02
3.744282581671663479e+02
4.213082309319133856e+02
4.285842360414517884e+02
4.015563292652894347e+02
3.476772005164768871e+02
2.753347084706374517e+02
1.930662435702626851e+02
