-8.009859397277432436e+01
-6.272738172004734025e+01
-4.563317585393070885e+01
-2.919723489564829322e+01
-1.426671599128583878e+01
-2.187682265552826522e+00
5.355816560613110511e+00
6.661877030425287671e+00
3.933661177972886946e-01
-1.409556931338996399e+01
-3.659101664639939600e+01
-6.606661781716482551e+01
-1.009359637839355202e+02
-1.394226089651668872e+02
-1.799159311651548876e+02
-2.212009163222178358e+02
-2.625194788891744793e+02
-3.034879452535745372e+02
-3.439230874955780450e+02
-3.836317126089117551e+02
-4.222259527123910061e+02
-4.590317066826685846e+02
-4.931339938052672096e+02
-5.235508910573728372e+02
-5.494768900705646502e+02
-5.705104491942546474e+02
-5.867835222886859583e+02
-5.989418169126138309e+02
-6.079810012925627234e+02
-6.150048046878943069e+02
-6.209955153486152994e+02
-6.266570741591939395e+02
-6.323380261242989491e+02
-6.380163685327205485e+02
-6.433438776678722206e+02
-6.477706582135809867e+02
-6.507653710365617599e+02
-6.521090141662607493e+02
-6.521882743441518642e+02
-6.521695574280249730e+02
-6.539252519356161883e+02
-6.596368482907890893e+02
-6.711043960990951973e+02
-6.888945006827283351e+02
-7.115176671668702966e+02
-7.348471571636142698e+02
-7.519944166107562751e+02
-7.538236016537249498e+02
-7.301800769634786548e+02
-6.717134198341641422e+02
-5.719423934131714304e+02
-4.290374652862038261e+02
-2.467919412788947398e+02
-3.445659696838514918e+01
1.945483879034795791e+02
4.247090047797858006e+02
6.407662090356013778e+02
8.298123462918730411e+02
9.827272783904212474e+02
1.094750978102641966e+03
1.165232974863331947e+03
1.196805345793209199e+03
1.194321478238065083e+03
1.163865692442358977e+03
1.112007819007630360e+03
1.045323985616924801e+03
9.700967750465144945e+02
8.920772907152894504e+02
8.162305485988341616e+02
7.464552322104341329e+02
6.853251152100147010e+02
6.339224054405366360e+02
5.918267615605245737e+02
5.572941085527927498e+02
5.276153029231093115e+02
4.996045545752613180e+02
4.701431518026486174e+02
4.366903565061973040e+02
3.976683940982857735e+02
3.526471822009212360e+02
3.023062941548170670e+02
2.482164338429406598e+02
1.925255720698667119e+02
1.376384909391705946e+02
8.594908810561881296e+01
3.963929808707895575e+01
5.187850829305773459e-01
-3.013125996363650927e+01
-5.172069653030386860e+01
-6.448712640287652675e+01
-6.955207856272934919e+01
-6.885885173525176128e+01
-6.499038370195864900e+01
-6.088871147802782957e+01
-5.950261555945429848e+01
-6.339793935621183607e+01
-7.438986762521493290e+01
-9.328435457832006250e+01
-1.198149845907953477e+02
-1.528118290094737404e+02
-1.905554812292069187e+02
-2.311964890844442095e+02
-2.731015626512859740e+02
-3.150376131250120579e+02
-3.561943482859173287e+02
-3.961155343393857606e+02
-4.346113946154158612e+02
-4.716744696374721002e+02
-5.073783521146565931e+02
-5.417408543183837537e+02
-5.745699668856387916e+02
-6.053521702578074155e+02
-6.332581515030708488e+02
-6.573078596740911053e+02
-6.766597531778490975e+02
-6.909117628686136641e+02
-7.002808532772603485e+02
-7.055843149206885982e+02
-7.080381760650381011e+02
-7.089539737403282516e+02
-7.094316346132684430e+02
-7.101315867818515244e+02
-7.111801027526647658e+02
-7.122249254271033578e+02
-7.126260139005271412e+02
-7.117458112443226810e+02
-7.092841869149282275e+02
-7.055751427306845471e+02
-7.017350739613980295e+02
-6.995513259581863394e+02
-7.010466970754921476e+02
-7.077481650517679554e+02
-7.197973170380015517e+02
-7.351256269871093991e+02
-7.489506885582915174e+02
-7.538236016537249498e+02
-7.403757673337942151e+02
-6.987669154985679825e+02
-6.206246875445823434e+02
-5.010516404562117145e+02
-3.401529502860735192e+02
-1.436147205207450099e+02
7.786583930821871036e+01
3.101564449168493525e+02
5.378695411900164345e+02
7.466316750691821653e+02
9.249590073760625728e+02
1.065401801232077560e+03
1.164838449381366900e+03
1.224023050156582940e+03
1.246656561908140247e+03
1.238313582663742636e+03
1.205496087128643012e+03
1.154937822974407936e+03
1.093133584868465050e+03
1.025996856615277920e+03
9.585782170566776585e+02
8.948505516932593764e+02
8.376026086408796800e+02
7.884513029179026944e+02
7.479311496914132249e+02
7.156004673886938008e+02
6.901277084126069212e+02
6.693662755321596478e+02
6.504716678161709069e+02
6.301397851728268051e+02
6.050237768499605409e+02
5.723122233849297800e+02
5.303549130636346263e+02
4.791526306067163432e+02
4.205238823480436281e+02
3.578441879025263574e+02
2.954033209242186899e+02
2.375706068322843691e+02
1.880118648412481832e+02
1.491403015387836888e+02
1.218704679995842639e+02
1.056564771762884192e+02
9.875262566361789141e+01
9.861534269113705875e+01
1.023556593989963517e+02
1.071506399617330914e+02
1.105365684419884502e+02
1.105451109756822774e+02
1.057015953428457209e+02
9.495504397874867664e+01
7.762318735651955137e+01
5.340477449190053250e+01
2.245521742445682634e+01
-1.452706658585507427e+01
-5.627289001319469719e+01
-1.010262779758882061e+02
-1.467578883372391090e+02
-1.914802881876497622e+02
-2.335925522040710689e+02
-2.721574841387455876e+02
-3.070254532454411560e+02
-3.387568548235705634e+02
-3.683498985315530376e+02
-3.968482772602210957e+02
-4.249632426080095229e+02
-4.528539577562901286e+02
-4.801468883952832130e+02
-5.061674030139113256e+02
-5.302607493159016485e+02
-5.520454530984760595e+02
-5.714917625354739812e+02
-5.888229285005860447e+02
-6.043275384219039097e+02
-6.181920961229759541e+02
-6.304217893952641134e+02
-6.408623398977489387e+02
-6.493059178615155815e+02
-6.556609799819472073e+02
-6.601606513215399445e+02
-6.635535476592087889e+02
-6.671793470441504041e+02
-6.728185686131797638e+02
-6.822469303391136464e+02
-6.965142205279644259e+02
-7.150793576669194636e+02
-7.350319013135919022e+02
-7.506862992931603458e+02
-7.538236016537249498e+02
-7.347411680763170807e+02
-6.840368286825366795e+02
-5.947615421611634474e+02
-4.643642567612128005e+02
-2.958504028192672308e+02
-9.779318335806726736e+01
1.168288541609659319e+02
3.326767613597920104e+02
5.344784220212898163e+02
7.092787574833612325e+02
8.480471905667924375e+02
9.463871117541351623e+02
1.004345823910781974e+03
1.025535898050838568e+03
1.015894311467822149e+03
9.824134832102807877e+02
9.321002358461187214e+02
8.712934589970503794e+02
8.053439136728336507e+02
7.385677575991550157e+02
6.743454818437494396e+02
6.152433699453538338e+02
5.630671523723167411e+02
5.188064648169288375e+02
4.824965871386869480e+02
4.531009289411223335e+02
4.285590154865006411e+02
4.061056039976180614e+02
3.828566118333733925e+02
3.565319013367010825e+02
3.260960831881483273e+02
2.920817442262521126e+02
2.564377930097224976e+02
2.219061247044942320e+02
1.911089829152846278e+02
1.656517795070363377e+02
1.455669357240669228e+02
1.293281448559241085e+02
