-2.062273754458678923e+02
-2.526787717177359127e+02
-2.818716080373998807e+02
-2.802402994459100682e+02
-2.402894396610064689e+02
-1.615341933028683457e+02
-4.982842264365660867e+01
8.448083479161576292e+01
2.289198573568251049e+02
3.711480835007840255e+02
5.006707672210101236e+02
6.098141280054087474e+02
6.939991845208805898e+02
7.514979055229900951e+02
7.829054337138085202e+02
7.905299219856541413e+02
7.778239578156117204e+02
7.489016830991090501e+02
7.081364444532396192e+02
6.598243195310553801e+02
6.079106777209469783e+02
5.557825297749136553e+02
5.061219683899564075e+02
4.608101150823333683e+02
4.208756114263047721e+02
3.864922671263443590e+02
3.570417848181381828e+02
3.312636354230008919e+02
3.075050922465601388e+02
2.840558593537128331e+02
2.595123600839260689e+02
2.330852357624231672e+02
2.047618905721463705e+02
1.752752900225400197e+02
1.458957855137041406e+02
1.181192910294800242e+02
9.334552103818450064e+01
7.262425581932967589e+01
5.651366787520160528e+01
4.505776003557670606e+01
3.785506885330352134e+01
3.416452761125322013e+01
3.299385352300625129e+01
3.315129521082188546e+01
3.329090732674052333e+01
3.200235383648565346e+01
2.797054949214491160e+01
2.018147305783544709e+01
8.112973199724237361e+00
-8.159225707286132945e+00
-2.798842679015147183e+01
-5.032051264388350376e+01
-7.394904234501223073e+01
-9.778495219144321027e+01
-1.210596726283450550e+02
-1.434026827152356418e+02
-1.647768356490926749e+02
-1.853063228290681366e+02
-2.050758026346766201e+02
-2.239923635764327798e+02
-2.417689193806557739e+02
-2.580217157822802960e+02
-2.724165150458422318e+02
-2.847819787608061119e+02
-2.951379243561895009e+02
-3.036372590926732755e+02
-3.104626225938777111e+02
-3.157321948022132005e+02
-3.194533199834251036e+02
-3.215328017125048063e+02
-3.218297403021437049e+02
-3.202307099951978557e+02
-3.167286188631740629e+02
-3.114837648335970925e+02
-3.048423193343554658e+02
-2.972957493455560893e+02
-2.893876623733650035e+02
-2.816015018471901499e+02
-2.742748352742560769e+02
-2.675727256427834391e+02
-2.615221149941124850e+02
-2.560805955913224921e+02
-2.512016167648804981e+02
-2.468670395242707514e+02
-2.430779010155407605e+02
-2.398149644427972476e+02
-2.369973441287239098e+02
-2.344726623141647224e+02
-2.320580691926712120e+02
-2.296270403623155971e+02
-2.272199367890195276e+02
-2.251479309645965259e+02
-2.240491101678990731e+02
-2.248446286508863636e+02
-2.285474787868648718e+02
-2.359055718261353718e+02
-2.469104839765458337e+02
-2.602661149326436316e+02
-2.729753863518912453e+02
-2.802402994459100682e+02
-2.758423597162907299e+02
-2.530542859779246214e+02
-2.059543753645789934e+02
-1.308386693648412233e+02
-2.733761877701152798e+01
1.011071974632718877e+02
2.475689114696843944e+02
4.026813595960691146e+02
5.561181824059823384e+02
6.981315654064214868e+02
8.208201140879430113e+02
9.189190508490816001e+02
9.900476249599794301e+02
1.034471743821552536e+03
1.054530054928760137e+03
1.053913973341394467e+03
1.036975707757000237e+03
1.008176283715720842e+03
9.717108618393306187e+02
9.312924915393704168e+02
8.900494321753903932e+02
8.504849221533420405e+02
8.144502870486402344e+02
7.830984748373717821e+02
7.568214058326796021e+02
7.352142526023751543e+02
7.171274816451191327e+02
7.008530155358428146e+02
6.844507738255539380e+02
6.661705941490558871e+02
6.448787665874858703e+02
6.203743875206254188e+02
5.934939524855108175e+02
5.659591825091854389e+02
5.400044920006199618e+02
5.178881356427191349e+02
5.014147698894942096e+02
4.915766486857544351e+02
4.883780619470621787e+02
4.908620899256297889e+02
4.973153640022110835e+02
5.055902366627231004e+02
5.134665628449508858e+02
5.189822838790025799e+02
5.206840023272100098e+02
5.177704261396345373e+02
5.101132111828259212e+02
4.981493743752096748e+02
4.826660173263039724e+02
4.645389931487762851e+02
4.445100995292625043e+02
4.230676253651904517e+02
4.004445222188767275e+02
3.767019669466955065e+02
3.518477448209256977e+02
3.259453840272236675e+02
2.991851425189951783e+02
2.719038479672444169e+02
2.445572228788313396e+02
2.176629350615902467e+02
1.917376501414711356e+02
1.672420828878640862e+02
1.445337722371124300e+02
1.238260863799092419e+02
1.051639536863646356e+02
8.843154026339794882e+01
7.339651870500034647e+01
5.978301390574074503e+01
4.735756473863375504e+01
3.600295879594222015e+01
2.574656494760131409e+01
1.671955402145749758e+01
9.056010863899359720e+00
2.773917838615716391e+00
-2.313128250690795085e+00
-6.622786565099204381e+00
-1.076132127298728847e+01
-1.541895803224878136e+01
-2.122270508513253162e+01
-2.858065052511057047e+01
-3.756789281704351424e+01
-4.790621498774061138e+01
-5.906033905268191120e+01
-7.042149820814250916e+01
-8.150796472440026719e+01
-9.211154239799577681e+01
-1.023567224549730668e+02
-1.126826891644863622e+02
-1.237756832271482494e+02
-1.364670472234232648e+02
-1.515914594889442242e+02
-1.697904022498752283e+02
-1.912516079639629538e+02
-2.153923969665913773e+02
-2.405279296065724566e+02
-2.636184935306856687e+02
-2.802402994459100682e+02
-2.849226430315217158e+02
-2.719087863800007199e+02
-2.362525620117602330e+02
-1.749966986552519188e+02
-8.810487006382288655e+01
2.114385076363257099e+01
1.464448418078820850e+02
2.793877675301369550e+02
4.107674031472106435e+02
5.319456938262953827e+02
6.359452537180984564e+02
7.180780254583337410e+02
7.760777996861352221e+02
8.098429699040109426e+02
8.209625419682986376e+02
8.121892227099000365e+02
7.869690069806728161e+02
7.490751227885692742e+02
7.023437654924282469e+02
6.504744442798109958e+02
5.968476997217187545e+02
5.443333575462577301e+02
4.950996470661615945e+02
4.504609946220085703e+02
4.108061222704351394e+02
3.756373406042365559e+02
3.437413364865585095e+02
3.134974123590576482e+02
2.832931920213142121e+02
2.519629502387314233e+02
2.191266198696976630e+02
1.853234804298471943e+02
1.519004040181063715e+02
1.206954146646264547e+02
9.361580916225082660e+01
7.222615407598492254e+01
5.743880934359551560e+01
4.935685595170699713e+01
4.727362894783942693e+01
4.979666161610848008e+01
5.504872142234498256e+01
6.090892583909403868e+01
6.527675060952017816e+01
6.634470627917802688e+01
6.284373331169115318e+01
5.420344770308304305e+01
4.057863789341378435e+01
2.273383980130329007e+01
1.820016779189728595e+00
-2.089923987212098666e+01
-4.430779835235763642e+01
-6.762478306360335978e+01
-9.048183287065978675e+01
-1.128822421070432256e+02
-1.350621637680046945e+02
-1.572911343237196320e+02
-1.796590669869122792e+02
-2.019040292967611663e+02
-2.233369787650659646e+02
-2.429100466215300287e+02
-2.594469816959324362e+02
-2.720015621399321617e+02
-2.802402994459100682e+02
-2.846946748643797491e+02
-2.867413176244572242e+02
