9.804351432910554820e+01
2.248864354392391647e+02
3.324321532549062113e+02
4.064794269551684920e+02
4.412410957609482693e+02
4.392726951748886677e+02
4.089031744433764857e+02
3.606873207475201184e+02
3.043280325302819165e+02
2.468925526078036796e+02
1.924377884089445843e+02
1.426617808558497416e+02
9.799677545658354916e+01
5.860759051309111101e+01
2.495946114909881430e+01
-2.131721782130682641e+00
-2.183913557688990892e+01
-3.380091263408102975e+01
-3.847349835810208418e+01
-3.721148412190534316e+01
-3.207591593303499167e+01
-2.548453143210473826e+01
-1.984265946941594905e+01
-1.724868780588511186e+01
-1.930173767114422390e+01
-2.699375454214438719e+01
-4.065991994125926823e+01
-5.998177055346980069e+01
-8.406027922233239735e+01
-1.115740954669861935e+02
-1.410074186690021349e+02
-1.708954444126895851e+02
-2.000220845022104470e+02
-2.275269478561488370e+02
-2.529210682929639802e+02
-2.760440262725492744e+02
-2.969999860532442995e+02
-3.160890677817872074e+02
-3.337231725238118543e+02
-3.503079980035108179e+02
-3.660984793856218857e+02
-3.810770118683026908e+02
-3.949223663864875675e+02
-4.071023688645399261e+02
-4.170555515632156585e+02
-4.243827600473848634e+02
-4.289775012971202273e+02
-4.310612833230506453e+02
-4.311264196218542679e+02
-4.298137649687693624e+02
-4.277673465895687173e+02
-4.255114496351259845e+02
-4.233872956765181925e+02
-4.215659799747993475e+02
-4.201238614878796511e+02
-4.191359551824596679e+02
-4.187317946582132890e+02
-4.190794453357120801e+02
-4.203045166261389340e+02
-4.223861984381610455e+02
-4.250867568450003091e+02
-4.279620999524826743e+02
-4.304664758144120924e+02
-4.321129290146758422e+02
-4.326176348276944736e+02
-4.319707735075138544e+02
-4.304235327569767264e+02
-4.284156704044446542e+02
-4.264716603717147905e+02
-4.250877184074433899e+02
-4.246392352799973651e+02
-4.253454929999159049e+02
-4.273093458802267719e+02
-4.306048865711123312e+02
-4.353433379622720736e+02
-4.416258696474094450e+02
-4.492988914508281937e+02
-4.574824627348421018e+02
-4.639625261095043811e+02
-4.646862519144138446e+02
-4.536847972858666367e+02
-4.236801241225013541e+02
-3.673961385224162086e+02
-2.792844965196067051e+02
-1.571586679270547222e+02
-3.227819722529730484e+00
1.757811952027405766e+02
3.694504989568417272e+02
5.652420738115836230e+02
7.504495395316132544e+02
9.141031717100286187e+02
1.048431261336983653e+03
1.149598186620548859e+03
1.217627109036793627e+03
1.255631834087123934e+03
1.268653728584349892e+03
1.262457975686956161e+03
1.242574638254132651e+03
1.213723538426042751e+03
1.179620224160530825e+03
1.143074547313180574e+03
1.106251995668099426e+03
1.070946064239165025e+03
1.038721117126468926e+03
1.010852813948226867e+03
9.880969017268218977e+02
9.704013259076850773e+02
9.567046616616901247e+02
9.449398698741395037e+02
9.323040949592275410e+02
9.157728096551911676e+02
8.927431553773365067e+02
8.616226967282423175e+02
8.221854407579232884e+02
7.756069912124987695e+02
7.242063057794021006e+02
6.709929069929637535e+02
6.191348928692680147e+02
5.714569828172175221e+02
5.300652244507756450e+02
4.961623810776745245e+02
4.700563519349236685e+02
4.512973881751455565e+02
4.388526426098014781e+02
4.312585284774739876e+02
4.267521497255149825e+02
4.234201141211271420e+02
4.193919886236417369e+02
4.130648541225687609e+02
4.033069932020929969e+02
3.895722105473230954e+02
3.718706754108648056e+02
3.505920940558494294e+02
3.262491727329650644e+02
2.992622540178866757e+02
2.698942671455645268e+02
2.383621266455519958e+02
2.050455943062351594e+02
1.706604956405003577e+02
1.362952229677275682e+02
1.032906638953559764e+02
7.300661431824931924e+01
4.653868249258306378e+01
2.445523663693148819e+01
6.630523775819710863e+00
-7.758962721817681540e+00
-2.004549728257478591e+01
-3.171715055488164126e+01
-4.399302653728574342e+01
-5.746607675109277125e+01
-7.195000900402868638e+01
-8.659578372331185392e+01
-1.002320545801728144e+02
-1.117954288331419548e+02
-1.206976243727172005e+02
-1.270207640515100138e+02
-1.314977551859893197e+02
-1.352941080292652032e+02
-1.396585347514334217e+02
-1.455490770211708877e+02
-1.533527652185135253e+02
-1.627893568832146798e+02
-1.730328067729538475e+02
-1.830159105170803855e+02
-1.918213850494925623e+02
-1.990262038200643815e+02
-2.048748363258322911e+02
-2.102176977833530032e+02
-2.162439853845671109e+02
-2.241175343259291708e+02
-2.346467317375179960e+02
-2.480826774643516615e+02
-2.640842234646384554e+02
-2.818479132544218260e+02
-3.003688916173469465e+02
-3.187621967689034932e+02
-3.365475822956569232e+02
-3.538052330276173620e+02
-3.711358871522145932e+02
-3.893859986079302757e+02
-4.091321351008987790e+02
-4.299874523827884900e+02
-4.498981824226137292e+02
-4.646862519144138446e+02
-4.680970898189678451e+02
-4.525090552321206019e+02
-4.102891935655880502e+02
-3.355358999212173217e+02
-2.257697007859427458e+02
-8.306480794972856074e+01
8.575623026000590698e+01
2.699429951943285459e+02
4.564153359475537286e+02
6.317298365266578912e+02
7.840109918182915862e+02
9.045322397537136112e+02
9.887117872875430749e+02
1.036364983092741113e+03
1.051182796240022526e+03
1.039583401597604507e+03
1.009238504775161573e+03
9.676364170274869139e+02
9.209933398575446972e+02
8.736905979406872120e+02
8.282472933726287465e+02
7.856933547085952796e+02
7.461329822734433037e+02
7.092938028467765434e+02
6.749198534511160688e+02
6.429454197272727924e+02
6.134456473500647462e+02
5.863987094971153056e+02
5.613449943303290866e+02
5.370961822545036739e+02
5.116726486180041888e+02
4.825719515053632449e+02
4.473227453526633894e+02
4.041546174394596846e+02
3.525793249483871250e+02
2.937178457481679175e+02
2.302739766113541577e+02
1.661287808479948751e+02
1.056184536139259649e+02
5.265621245642867621e+01
9.927219973803914854e+00
-2.162096038876705961e+01
-4.285564924489342076e+01
-5.609565759268282648e+01
-6.443075735691519412e+01
-7.094848050581617827e+01
-7.811528655856162118e+01
-8.747614497927763466e+01
-9.968962702083486249e+01
-1.147875884318954576e+02
-1.324942891036950812e+02
-1.524663935842040132e+02
-1.743944411976598303e+02
-1.979860462248821875e+02
-2.228930137259054334e+02
-2.486509084265414344e+02
-2.746808640721358188e+02
-3.003597462466584034e+02
-3.251190338501211841e+02
-3.485233196582228743e+02
-3.703052618802960865e+02
-3.903585988540933158e+02
-4.086961553569277612e+02
-4.253765030111018177e+02
-4.404052947537341538e+02
-4.536319187096049745e+02
-4.646862519144138446e+02
-4.730161451427079555e+02
-4.780694369332314864e+02
-4.796089512727229476e+02
-4.780768400612353162e+02
-4.748642329550651766e+02
-4.723149913363534438e+02
-4.733259504269615263e+02
-4.805326744020214846e+02
-4.952841517672887903e+02
-5.168250579702306595e+02
-5.421610408484837080e+02
