-1.144066142722704171e+02
-1.183852619723237183e+02
-1.231027055913264689e+02
-1.290709074195270318e+02
-1.365043742387736927e+02
-1.453274056616818086e+02
-1.552531300232580804e+02
-1.658830384796537771e+02
-1.767970437230254959e+02
-1.876246747749259214e+02
-1.980941385343594163e+02
-2.080554632081438626e+02
-2.174769643051570256e+02
-2.264195115323681193e+02
-2.349940694514153279e+02
-2.433076957861384813e+02
-2.514105408370302257e+02
-2.592675924449454783e+02
-2.667771640273869025e+02
-2.738361011835406202e+02
-2.804223379055126770e+02
-2.866486780115960187e+02
-2.927484413824072931e+02
-2.989824685404616389e+02
-3.054967037942995489e+02
-3.121929928479244722e+02
-3.186860025561485941e+02
-3.243945251468408628e+02
-3.287566945184743759e+02
-3.314894835606158381e+02
-3.327720573752837936e+02
-3.332458359648188093e+02
-3.337857204885359579e+02
-3.350798224933302549e+02
-3.371305923816235008e+02
-3.388351644559276110e+02
-3.377998012980411318e+02
-3.304891000103140755e+02
-3.127211308155490883e+02
-2.804217276055186971e+02
-2.304710380228927988e+02
-1.614369311377046756e+02
-7.401126105954080003e+01
2.895364065374153739e+01
1.427990604408424815e+02
2.616989213410502089e+02
3.794269785481467352e+02
4.900932519280588622e+02
5.887272053736575117e+02
6.716433089992152645e+02
7.365839517037932183e+02
7.826809113406134202e+02
8.103032779180173293e+02
8.208608383845439675e+02
8.166053773850085236e+02
8.004320474632140758e+02
7.756567777860107071e+02
7.457523074161372278e+02
7.140544693155068217e+02
6.834744808632310651e+02
6.562565581392980221e+02
6.338085901890838159e+02
6.166215437541998199e+02
6.042885430147596253e+02
5.956315950321879882e+02
5.889318491353517402e+02
5.822357236902125805e+02
5.736862554335325513e+02
5.618233948731767669e+02
5.458113772004395514e+02
5.255692424268909235e+02
5.017869995916448715e+02
4.758123725775960793e+02
4.494112688954780879e+02
4.244416162929266534e+02
4.025132200530430282e+02
3.847136859495071803e+02
3.714600749075164003e+02
3.625001219038960016e+02
3.570486555200616863e+02
3.540128185525536537e+02
3.522403275844776545e+02
3.507252989292567236e+02
3.487274986038695488e+02
3.457938283219465347e+02
3.417015067737523850e+02
3.363614813082338060e+02
3.297256690479958934e+02
3.217330253006781504e+02
3.123081434109758447e+02
3.013983234363598172e+02
2.890161950749467223e+02
2.752590589084122144e+02
2.602976854222492875e+02
2.443459115453155732e+02
2.276273235902035594e+02
2.103529612102815349e+02
1.927208883469506304e+02
1.749412030844083858e+02
1.572746265630099174e+02
1.400561340188717452e+02
1.236725368505199327e+02
1.084839359102891194e+02
9.471415923360501665e+01
8.236149219642757657e+01
7.118075666052128270e+01
6.076072144410646558e+01
5.067835214278008493e+01
4.067027183190197093e+01
3.074437135020232859e+01
2.117931281530130150e+01
1.241881314659931945e+01
4.920837222532725264e+00
-9.709499710457407673e-01
-5.102277764630514412e+00
-7.536261160822050442e+00
-8.548244731841577959e+00
-8.588582761628771323e+00
-8.208897164838191429e+00
-7.960168690250270629e+00
-8.289571857256106568e+00
-9.467845565935760987e+00
-1.156479830633244887e+01
-1.447208331561287764e+01
-1.796377051767200328e+01
-2.178107097041089446e+01
-2.571840569983376668e+01
-2.968116084324549320e+01
-3.369432816963069399e+01
-3.786375355787930630e+01
-4.231229067353427808e+01
-4.712053289165953629e+01
-5.229734290406000241e+01
-5.779467964974995198e+01
-6.356349626793138441e+01
-6.962358175484797584e+01
-7.610523458012417564e+01
-8.323024915258730516e+01
-9.122975928689783132e+01
-1.002298337532353969e+02
-1.101563809592315124e+02
-1.207062737757365767e+02
-1.314003643622766049e+02
-1.416952504321665174e+02
-1.511087408304523478e+02
-1.593170532154181274e+02
-1.662010670573339439e+02
-1.718410412536653666e+02
-1.764745640496877286e+02
-1.804382525281274638e+02
-1.841110352124588303e+02
-1.878676595465740320e+02
-1.920415632713190348e+02
-1.968952015759501251e+02
-2.026013000777085153e+02
-2.092384434189031595e+02
-2.167957518510748969e+02
-2.251753434372776042e+02
-2.341891768130778928e+02
-2.435650783730244484e+02
-2.529869242020454863e+02
-2.621806218130963089e+02
-2.710260046992944467e+02
-2.796458368478428156e+02
-2.884113640385761528e+02
-2.978126191415515223e+02
-3.081754844332346011e+02
-3.192693815512451465e+02
-3.299220143124352376e+02
-3.377998012980411318e+02
-3.394884110033143543e+02
-3.309196412451541960e+02
-3.080785835158290524e+02
-2.678207717801186618e+02
-2.085860590963667960e+02
-1.308245618022039878e+02
-3.704547367922388901e+01
6.848391979450222777e+01
1.802793349301235253e+02
2.922863454919800006e+02
3.985190651396617909e+02
4.936169610886602754e+02
5.732854541498247727e+02
6.346090900338676875e+02
6.762276442484560448e+02
6.983573059322036443e+02
7.026415760024467545e+02
6.918405913032670469e+02
6.694048500672637374e+02
6.390096078715121166e+02
6.041329041593771763e+02
5.677405432224954893e+02
5.321074845015182291e+02
4.987722263363099273e+02
4.685948671510877261e+02
4.418729163123401804e+02
4.184679279965786236e+02
3.979109574177194872e+02
3.794770127820705170e+02
3.622422303036299809e+02
3.451557025426376981e+02
3.271554768405756590e+02
3.073281963507673709e+02
2.850736448263480725e+02
2.602216653674296936e+02
2.330705441128313282e+02
2.043485171125455508e+02
1.751126037414097141e+02
1.465928682543616333e+02
1.199948706804564154e+02
9.629980014437788327e+01
7.612311916334415685e+01
5.967761020090017610e+01
4.683815305576962373e+01
3.725491052904968114e+01
3.044262228373879964e+01
2.580051898733304938e+01
2.257371597122616436e+01
1.981398329719502271e+01
1.640263223702069695e+01
1.116112072126068711e+01
3.027108691794580864e+00
-8.754327633489282334e+00
-2.447775209800572327e+01
-4.390456641020825401e+01
-6.629154503011866950e+01
-9.051605895763665899e+01
-1.152724956465910253e+02
-1.393033593525536844e+02
-1.616196627895920699e+02
-1.816569767923666348e+02
-1.993210230287843956e+02
-2.149107564400990213e+02
-2.289538397051543370e+02
-2.420199737602522418e+02
-2.545721087774737441e+02
-2.668817442630888195e+02
-2.790020169906310343e+02
-2.907839379610139758e+02
-3.019293348680467943e+02
-3.120750040093568600e+02
-3.208889380665683575e+02
-3.281475001050889659e+02
-3.337689142930104822e+02
-3.377998012980411318e+02
-3.403709816427908663e+02
-3.416476657016870604e+02
-3.417980433243303651e+02
-3.409916886460187015e+02
-3.394173804601080064e+02
-3.372945898261866660e+02
-3.348569566993331819e+02
-3.323028425505442556e+02
-3.297245062587394386e+02
-3.270414007080855754e+02
-3.239733456772714817e+02
-3.200831802498362890e+02
-3.148900959114200191e+02
-3.080236500059000377e+02
-2.993744590998184094e+02
-2.891942982573463041e+02
-2.780967470002588016e+02
