9.721166388702464189e+01
1.197484488673282499e+01
-7.606764061426025592e+01
-1.685268568238432181e+02
-2.651701759946492416e+02
-3.637382287555752782e+02
-4.603160117254896022e+02
-5.501004132878049404e+02
-6.283253515140853551e+02
-6.910890786480166526e+02
-7.358845288226857519e+02
-7.617546799561591797e+02
-7.691298483138759821e+02
-7.594915933414763458e+02
-7.350222604402734987e+02
-6.983492808180216116e+02
-6.524063994237601491e+02
-6.003539537261900705e+02
-5.454728259414664535e+02
-4.909809360406519545e+02
-4.397818486584490074e+02
-3.942014090648610818e+02
-3.557844974792280937e+02
-3.252129629118907701e+02
-3.023744902815482760e+02
-2.865687312230887187e+02
-2.767946636131523519e+02
-2.720379098485018972e+02
-2.714789216610392941e+02
-2.745734949728709466e+02
-2.810068410159061614e+02
-2.905669269008649849e+02
-3.029954668483920273e+02
-3.178599890930943843e+02
-3.344778781329407025e+02
-3.519240802024853565e+02
-3.691484431720687667e+02
-3.851979533423060502e+02
-3.994900858678649911e+02
-4.120440417758551348e+02
-4.235726197452054294e+02
-4.353687057940331897e+02
-4.489648072825326608e+02
-4.655879818745476086e+02
-4.854823060390588125e+02
-5.072297774075894949e+02
-5.272520363732605801e+02
-5.396949367235507680e+02
-5.368632488670676821e+02
-5.102672473389035304e+02
-4.521704964336843204e+02
-3.573319022888792347e+02
-2.244972581625067392e+02
-5.720004245760114259e+01
1.363962854511872251e+02
3.446037028022953450e+02
5.539809276520867343e+02
7.513240437692697924e+02
9.254136320866188044e+02
1.068174088740260231e+03
1.175104319493594630e+03
1.245054828755139624e+03
1.279575565371597349e+03
1.282094903983780796e+03
1.257127673263996712e+03
1.209607830250072084e+03
1.144356893006528480e+03
1.065665017687276304e+03
9.769798647133108034e+02
8.807392191295739394e+02
7.784031325183261742e+02
6.707173277390770636e+02
5.581789824835609579e+02
4.416007689698684544e+02
3.226110532697836106e+02
2.039246250094016091e+02
8.928408838907392919e+01
-1.692146132475781428e+01
-1.102591415435202293e+02
-1.869269778187076838e+02
-2.443491183557177919e+02
-2.815672092220397076e+02
-2.993489662617097906e+02
-2.999952888832669942e+02
-2.868992827345068690e+02
-2.639788780632591738e+02
-2.351359259754307516e+02
-2.038625594820134097e+02
-1.730373137111587027e+02
-1.448823541818282479e+02
-1.210266269342783545e+02
-1.026253622025202645e+02
-9.049029397351171156e+01
-8.518195234353858325e+01
-8.702865075749571133e+01
-9.607571943408788684e+01
-1.120108396183814392e+02
-1.341270485873573648e+02
-1.613655137573614979e+02
-1.924417770433859971e+02
-2.260230919738621935e+02
-2.609016108647651890e+02
-2.961058812278396317e+02
-3.309225110579836269e+02
-3.648559972008218892e+02
-3.975974411222795766e+02
-4.290599811638882102e+02
-4.594788507260641381e+02
-4.895149582540316828e+02
-5.202713190716248164e+02
-5.531293776828404134e+02
-5.893386359552678186e+02
-6.293592319149498735e+02
-6.720627966042515027e+02
-7.140168028824306248e+02
-7.491574450608699181e+02
-7.691298483138759821e+02
-7.644110444698159199e+02
-7.260753695702198911e+02
-6.478221932565420502e+02
-5.277330470358518824e+02
-3.692643129429465603e+02
-1.811731969142570904e+02
2.363616888379922898e+01
2.300692709913840304e+02
4.231285955398534497e+02
5.900158565985553878e+02
7.216367537086460970e+02
8.132950026420517133e+02
8.645778435476267987e+02
8.785987345905293751e+02
8.608471871244172462e+02
8.179113988291779833e+02
7.563077739319284092e+02
6.815893558593132866e+02
5.978297013077190059e+02
5.075061239766182553e+02
4.117419912030609339e+02
3.108109425412818609e+02
2.047640051706309237e+02
9.402761444323357409e+01
-2.015606421014021521e+01
-1.355223327364052466e+02
-2.488277924194503612e+02
-3.561214056512840216e+02
-4.531958594477169981e+02
-5.361446246830466862e+02
-6.019126452587552194e+02
-6.487089606944520028e+02
-6.761822338903559739e+02
-6.853426282584587170e+02
-6.782986535460952382e+02
-6.579157495590259259e+02
-6.274853024591443500e+02
-5.904478182725465558e+02
-5.501738198178637731e+02
-5.097824371117483793e+02
-4.719739938622395812e+02
-4.388738749874511313e+02
-4.119201733494837185e+02
-3.918467343365056195e+02
-3.787928416483492242e+02
-3.725155974135244037e+02
-3.726233499054076219e+02
-3.787315836167428529e+02
-3.904839891957331020e+02
-4.074515492053341745e+02
-4.289775999927335306e+02
-4.540575176859196063e+02
-4.813273876974592440e+02
-5.091914847210299513e+02
-5.360606702722398040e+02
-5.606306044574027965e+02
-5.821189192697307817e+02
-6.004030198928574009e+02
-6.160391247383167865e+02
-6.301750918167570035e+02
-6.443708814710420256e+02
-6.603097139680342025e+02
-6.793566930703929074e+02
-7.019476434356854497e+02
-7.268817860687886423e+02
-7.507097974691065474e+02
-7.674859061996921810e+02
-7.691298483138759821e+02
-7.465098700051901233e+02
-6.911402032760983047e+02
-5.971296806182685941e+02
-4.628846251225410242e+02
-2.920478944053312489e+02
-9.335712473555344104e+01
1.205637642726654803e+02
3.351567263669627437e+02
5.361342588774502929e+02
7.114484860218740323e+02
8.526633217626957730e+02
9.555502918280578797e+02
1.019914876618063204e+03
1.048814571575416949e+03
1.047419126798725301e+03
1.021775847290935076e+03
9.777044915373876393e+02
9.199903525729245075e+02
8.519754525455687144e+02
7.755627566774519437e+02
6.915639867094532747e+02
6.002611380596508752e+02
5.020241916886963054e+02
3.978339602539124371e+02
2.895982502233741798e+02
1.802107247335578109e+02
7.336634208197529006e+01
-2.680197022993333178e+01
-1.161758976965857499e+02
-1.911079549772532573e+02
-2.488168393020439453e+02
-2.876788058204173240e+02
-3.073854619274592892e+02
-3.089501793298396706e+02
-2.945661368643914102e+02
-2.673466745645976061e+02
-2.309972737779504541e+02
-1.894674643512674095e+02
-1.466165422786609724e+02
-1.059145311204922280e+02
-7.019933802398624323e+01
-4.151728234556837549e+01
-2.107093643451317178e+01
-9.277144643732327722e+00
-5.909868912511981875e+00
-1.028702610578834253e+01
-2.146748637210593813e+01
-3.844060359545846950e+01
-6.028987440283052024e+01
-8.629141465737109229e+01
-1.159024723557848802e+02
-1.486376477994027709e+02
-1.839026811130689794e+02
-2.208993109312222032e+02
-2.586854264302726278e+02
-2.963859026105495218e+02
-3.334623990065659882e+02
-3.699178418773869907e+02
-4.063400568651122740e+02
-4.437530100130016990e+02
-4.833104466618353854e+02
-5.259053650513957336e+02
-5.717644349749729145e+02
-6.200677351577335230e+02
-6.686236250126870573e+02
-7.136593299077788970e+02
-7.498381580048583146e+02
-7.706336318044259315e+02
-7.691298483138759821e+02
-7.391626847717748205e+02
-6.765268961081071666e+02
-5.798687161561080075e+02
-4.509582847360277356e+02
-2.942786206556866091e+02
-1.161518572250575971e+02
7.620763865815825966e+01
2.753571232246293903e+02
