-1.059949131594480320e+02
-1.322397877931538233e+02
-1.566000252154281611e+02
-1.778193313182827637e+02
-1.952697904486179539e+02
-2.089899753768201833e+02
-2.195745261887251445e+02
-2.280222595465324957e+02
-2.356162108303519744e+02
-2.438175975038964793e+02
-2.540736644322358586e+02
-2.674334785585291456e+02
-2.839583905632641745e+02
-3.020652058759194460e+02
-3.180697944985871572e+02
-3.262279588541867383e+02
-3.194626731219390194e+02
-2.907483362909400171e+02
-2.348667058207394405e+02
-1.500496412031538682e+02
-3.897221249639046903e+01
9.128995822010620032e+01
2.304017169100681883e+02
3.666979438885056197e+02
4.893350914693863274e+02
5.900638645079111484e+02
6.642012200041281176e+02
7.106755483512472438e+02
7.313137626117367063e+02
7.297331076903080884e+02
7.102341542526871763e+02
6.769751032507183481e+02
6.335238762076078274e+02
5.827344751797011213e+02
5.268283456098890838e+02
4.675635926866638101e+02
4.064029943887019840e+02
3.446228608742345614e+02
2.833398631775407353e+02
2.234737709587416816e+02
1.656982815444056598e+02
1.104403349981726592e+02
5.796202267731868574e+01
8.511874104950379660e+00
-3.750866260773932481e+01
-7.943121549076222720e+01
-1.163111505911124652e+02
-1.470415781161436257e+02
-1.705680484782042754e+02
-1.861437468792954917e+02
-1.935468542043018942e+02
-1.931921399490758517e+02
-1.861037416666131605e+02
-1.737628665451185839e+02
-1.578851460200356485e+02
-1.401984870985313876e+02
-1.222768824901858693e+02
-1.054521800815330153e+02
-9.079380939327580791e+01
-7.912630175575506541e+01
-7.104962138808816974e+01
-6.694091589903761985e+01
-6.694214447506008980e+01
-7.095531592570200985e+01
-7.866182366244458990e+01
-8.956579230763121302e+01
-1.030528624479887156e+02
-1.184579541526237279e+02
-1.351361514832473745e+02
-1.525230516182190854e+02
-1.701639884570098218e+02
-1.877019437535846578e+02
-2.048407900559575410e+02
-2.213177742338189091e+02
-2.369066386052954840e+02
-2.514429740563434734e+02
-2.648443484913482280e+02
-2.771013567859317845e+02
-2.882347668086465546e+02
-2.982371697406759949e+02
-3.070328464631396628e+02
-3.144839397584126459e+02
-3.204440602665590632e+02
-3.248318337424373681e+02
-3.276873909720737856e+02
-3.291841915242846994e+02
-3.295849936111978309e+02
-3.291513097936463055e+02
-3.280393846740157073e+02
-3.262279588541867383e+02
-3.235098705683660683e+02
-3.195540466266806447e+02
-3.140341061630498416e+02
-3.068078583563868165e+02
-2.981179891091351806e+02
-2.887440308254422234e+02
-2.800022816016034426e+02
-2.735008196706126000e+02
-2.706179295448014841e+02
-2.717687661033288578e+02
-2.756379733151476898e+02
-2.786535605047542390e+02
-2.750010900297150442e+02
-2.573714668358530844e+02
-2.184060992862277431e+02
-1.525312968038547297e+02
-5.767067407532459811e+01
6.371746672456378491e+01
2.046660724060917573e+02
3.548404719957608222e+02
5.024697314247046620e+02
6.364964923243555859e+02
7.483583095236011786e+02
8.330038738025959901e+02
8.890310649606149127e+02
9.180920673340854137e+02
9.238672947895126981e+02
9.109430685751450483e+02
8.838656508167675838e+02
8.465348958162169311e+02
8.019807610070611190e+02
7.524552618394178580e+02
6.996923543329834274e+02
6.451646953783745175e+02
5.902125467572641355e+02
5.360163792424526719e+02
4.834787321149389641e+02
4.331245042080946064e+02
3.851121859718822407e+02
3.393894258355346665e+02
2.959494726818850836e+02
2.550834918158105324e+02
2.175124065408158742e+02
1.843308729921469649e+02
1.567791503485387921e+02
1.359311954659807213e+02
1.224139274435213167e+02
1.162477249020107593e+02
1.168424785573144646e+02
1.231247980665201283e+02
1.337339568952587285e+02
1.472176747799528869e+02
1.621759706206938176e+02
1.773284239086796390e+02
1.915127326401931498e+02
2.036543329617643394e+02
2.127586828341103455e+02
2.179574062505100187e+02
2.186015759807893915e+02
2.143651385415226969e+02
2.053106944782361154e+02
1.918782191590825619e+02
1.747839481864881748e+02
1.548568834024218859e+02
1.328752235374667521e+02
1.094680473684280742e+02
8.511030874397530965e+01
6.018703210033357465e+01
3.507324386622657642e+01
1.018193143043083637e+01
-1.404340941534744047e+01
-3.718940906945283587e+01
-5.896141522190640671e+01
-7.925777297093472384e+01
-9.818653800523873088e+01
-1.160041465605335134e+02
-1.329949088201476286e+02
-1.493416820439665571e+02
-1.650395848316262573e+02
-1.798803374235204160e+02
-1.935078496033801798e+02
-2.055282017669758829e+02
-2.156430881776652768e+02
-2.237635488291289221e+02
-2.300625641768771743e+02
-2.349468188227065752e+02
-2.389582546276489552e+02
-2.426384030762436623e+02
-2.463951350959511046e+02
-2.504052654487712175e+02
-2.545763991198932672e+02
-2.585860532990063234e+02
-2.620116287467559459e+02
-2.645437769117019116e+02
-2.662312723577942961e+02
-2.676609661376672875e+02
-2.699640282783642533e+02
-2.745672191802748898e+02
-2.826668883659002631e+02
-2.944938850369829879e+02
-3.085518627260461813e+02
-3.211073607419119753e+02
-3.262279588541867383e+02
-3.165632030188947965e+02
-2.848376421655819968e+02
-2.257310398807021556e+02
-1.375852683630931779e+02
-2.334693151723384119e+01
1.096160492690781041e+02
2.507940661316586670e+02
3.885153058666892321e+02
5.120413767372572238e+02
6.132330016144217097e+02
6.874454050069351752e+02
7.335811507076498401e+02
7.534626479793728322e+02
7.508267669614642728e+02
7.302658236450122331e+02
6.963597754092684227e+02
6.531183789018366497e+02
6.037374155103359499e+02
5.505983586090027302e+02
4.954076905306492336e+02
4.393758022726060517e+02
3.833706393208080954e+02
3.280304045157853352e+02
2.738517631724556054e+02
2.212692315361597650e+02
1.707264593611608916e+02
1.227358911093014484e+02
7.792675731284705876e+01
3.707497391399915898e+01
1.093981021731664782e+00
-2.903688216897020880e+01
-5.240875537636648573e+01
-6.835364854149773350e+01
-7.659684104968226848e+01
-7.734402153132188573e+01
-7.128024374494641791e+01
-5.948432896061882502e+01
-4.328251690380525929e+01
-2.408138661845628548e+01
-3.228111724741935973e+00
1.806533002578760971e+01
3.872678183857137668e+01
5.778166396598057020e+01
7.430827260281284907e+01
8.743653655743864306e+01
9.641362875252229969e+01
1.007188625438689655e+02
1.001753521176122632e+02
9.500369862999201587e+01
8.579578914512730137e+01
7.342744726069216199e+01
5.894621553665575675e+01
4.345830379759162554e+01
2.801516071023257837e+01
1.349102163975895685e+01
4.613222605730378234e-01
-1.087639073931406131e+01
-2.068761968231997628e+01
-2.937254634438397716e+01
-3.735561056221506249e+01
-4.485547891431905043e+01
-5.169884731212540885e+01
-5.723526845586359002e+01
-6.040765609944421044e+01
-6.000898444120930719e+01
-5.508679904730267651e+01
-4.536856104355472041e+01
-3.153159778514245204e+01
-1.517329972968154550e+01
