-1.217203641827616281e+02
-6.921709844715131510e+01
-2.157624768617165500e+01
1.748561548825992418e+01
4.608648779005839913e+01
6.422819596830373712e+01
7.330431118315604522e+01
7.535276862814259857e+01
7.235681986520063447e+01
6.580015500804654494e+01
5.653779904209966389e+01
4.491626810812056192e+01
3.100835307277060338e+01
1.483253229642467375e+01
-3.515424376988846689e+00
-2.382081110961520665e+01
-4.575710995057212926e+01
-6.889990904687620343e+01
-9.273330198627442655e+01
-1.166646531816315076e+02
-1.400747559640127520e+02
-1.624113990912589998e+02
-1.832962224398428361e+02
-2.025906904829906523e+02
-2.203798334566188828e+02
-2.368711972422605356e+02
-2.522461143028440915e+02
-2.665253196869402927e+02
-2.795134793642416753e+02
-2.908631104910318754e+02
-3.002526578748828570e+02
-3.076227201906273194e+02
-3.133795956859629541e+02
-3.184712530083616002e+02
-3.242675095031181627e+02
-3.322216007266637803e+02
-3.433431724167840002e+02
-3.575718658304901965e+02
-3.732073711872033641e+02
-3.866051991222821584e+02
-3.923410509570470026e+02
-3.839480183868963081e+02
-3.551576741239899206e+02
-3.013883487914058037e+02
-2.210916168775177368e+02
-1.165491792222479148e+02
6.164705878581997922e+00
1.380993045163417889e+02
2.689917881344474040e+02
3.890538850181509929e+02
4.905134445210811691e+02
5.685567805946128601e+02
6.215261839953705021e+02
6.504531405228701715e+02
6.581795672490311517e+02
6.483836275780399774e+02
6.247747570025220512e+02
5.906017315871400797e+02
5.484912430826689160e+02
5.005352373514787132e+02
4.484839973054944267e+02
3.938980576876815007e+02
3.381769368616612610e+02
2.824809027068570799e+02
2.276296552561164503e+02
1.740664144008084975e+02
1.219349875472053952e+02
7.126434304055422331e+01
2.220953850431742183e+01
-2.473164307530255357e+01
-6.861047225973926800e+01
-1.080805092168567256e+02
-1.416062684718543778e+02
-1.677619094725471598e+02
-1.855262492974368058e+02
-1.944942895030803811e+02
-1.949656106943606346e+02
-1.879076074632856148e+02
-1.748121213250193478e+02
-1.574782438837008272e+02
-1.377730519402232687e+02
-1.174332580702398729e+02
-9.795288520412654520e+01
-8.055645091340144859e+01
-6.621378859839086317e+01
-5.564486596435870780e+01
-4.929513339722349485e+01
-4.730428000865325089e+01
-4.950838947767203280e+01
-5.549660384713597239e+01
-6.470846569698480266e+01
-7.653676609530120345e+01
-9.040468785620825543e+01
-1.058043477172798958e+02
-1.223005763901714005e+02
-1.395129524556445517e+02
-1.570934339815679550e+02
-1.747181361907277051e+02
-1.921053060696897887e+02
-2.090539788000777151e+02
-2.254794313839771007e+02
-2.414184519911381415e+02
-2.569909761565619419e+02
-2.723218205459110095e+02
-2.874379159972155549e+02
-3.021659807817637784e+02
-3.160680327322268681e+02
-3.284598784848375317e+02
-3.385441955537792182e+02
-3.456485768277767647e+02
-3.495064506287015433e+02
-3.504855880637044265e+02
-3.496733578194562142e+02
-3.487595128649866751e+02
-3.496930810014898157e+02
-3.541268557456293138e+02
-3.627187375713598385e+02
-3.744380491048351018e+02
-3.860967068173004009e+02
-3.923410509570470026e+02
-3.862660771048605284e+02
-3.606508640815929425e+02
-3.096005031101255440e+02
-2.301874975840558193e+02
-1.235985864016211195e+02
4.619055676874229022e+00
1.453566910800160770e+02
2.875910153358316279e+02
4.204078967798574809e+02
5.348404793983672789e+02
6.250726758733821953e+02
6.888052003648008395e+02
7.268491102592362267e+02
7.422058569176315359e+02
7.389671641582696111e+02
7.213318594163456510e+02
6.929335708263661218e+02
6.565497519575939123e+02
6.141484081729145146e+02
5.671420517333020825e+02
5.166804401751427349e+02
4.638424187624465844e+02
4.096716797060677209e+02
3.550973513853059558e+02
3.008372281730981967e+02
2.473735647603550376e+02
1.950343112364804483e+02
1.441505456060173458e+02
9.522961031709226631e+01
4.908388634194029976e+01
6.865789860106744413e+00
-3.002579728484571575e+01
-6.016723208738577000e+01
-8.240222138456417156e+01
-9.610462605084052257e+01
-1.013246571708034196e+02
-9.878991673130025220e+01
-8.979300739315223723e+01
-7.602345224983686478e+01
-5.938827010834145881e+01
-4.183423360279353176e+01
-2.516748033901447457e+01
-1.087923228877419035e+01
-1.416690688473210002e-02
6.873561503181150556e+00
9.658230636033827921e+00
8.499986432148162407e+00
3.681021994635486294e+00
-4.513962265120902373e+00
-1.583317742203482226e+01
-3.001662590335300251e+01
-4.672841275568062258e+01
-6.552249318664529198e+01
-8.587131020303286277e+01
-1.072364610125724766e+02
-1.291309691349822231e+02
-1.511368657015197527e+02
-1.728809681343017246e+02
-1.940011300564783312e+02
-2.141374622785373845e+02
-2.329629806713001017e+02
-2.502429953572200247e+02
-2.658978508215488432e+02
-2.800401341840984060e+02
-2.929582026830178734e+02
-3.050264403470506522e+02
-3.165494237736640457e+02
-3.275891263512069145e+02
-3.378570883489638277e+02
-3.467463547346648625e+02
-3.535237757644218277e+02
-3.576325656311473153e+02
-3.590088664511295065e+02
-3.583053153865575950e+02
-3.569206846098243773e+02
-3.567507440055036909e+02
-3.596261649046825823e+02
-3.665100978295921550e+02
-3.766614972189200330e+02
-3.870562234596479811e+02
-3.923410509570470026e+02
-3.854765319997694633e+02
-3.590362909767339943e+02
-3.069149372875911581e+02
-2.260153042450302792e+02
-1.174182365782111219e+02
1.335736133500063261e+01
1.571347455798269834e+02
3.027070173070613919e+02
4.388644321056556805e+02
5.562815669710220163e+02
6.488128761123009554e+02
7.139594430342353917e+02
7.525232436086575945e+02
7.676768126485255834e+02
7.637904208808563453e+02
7.453556909988164989e+02
7.162427801377612013e+02
6.793774119306968942e+02
6.367828528525535603e+02
5.898424949524371641e+02
5.396166381895275208e+02
4.870862189139863290e+02
4.332701818055249987e+02
3.792310929573556564e+02
3.260163231342941117e+02
2.745829114613382558e+02
2.257435215514393576e+02
1.801598532347138928e+02
1.383941464148932141e+02
1.010025083669258521e+02
6.862412081606541392e+01
4.201022884433697158e+01
2.196053478380113688e+01
9.180510351931388868e+00
4.110159483112795442e+00
6.780391939483322972e+00
1.673146216691709753e+01
3.300004301408547747e+01
5.416620276492979258e+01
7.845295773710554954e+01
1.038774202445533490e+02
1.284481012696166147e+02
1.503847033698149858e+02
1.683173306725128384e+02
1.814174836209767818e+02
1.894306895142933342e+02
1.926122231322639493e+02
1.915954263315693709e+02
1.872331642066246502e+02
1.804457287804007137e+02
1.720921437955855140e+02
1.628664567794244249e+02
1.532109071139110483e+02
1.432395757864803159e+02
1.326875384993341527e+02
1.209328551813456016e+02
1.071465180944780116e+02
9.057935259934285455e+01
7.091058249301558192e+01
4.851389706855142236e+01
2.449439871025936810e+01
