-1.741799794667031875e+01
-5.919080939777168737e+01
-9.770028141327890125e+01
-1.307340731707511168e+02
-1.577059841359873076e+02
-1.795789648860913417e+02
-1.982409995723240570e+02
-2.156561835477582747e+02
-2.331373588309862157e+02
-2.509669440030011174e+02
-2.684204409099526174e+02
-2.841029703092365821e+02
-2.964325211491650975e+02
-3.040992146108449106e+02
-3.063808169996652850e+02
-3.032680135501274208e+02
-2.954144622486477374e+02
-2.839611224770371223e+02
-2.702964415384662971e+02
-2.558133897884588350e+02
-2.417161583475412669e+02
-2.289124464273102717e+02
-2.179994744173791332e+02
-2.093206750752846403e+02
-2.030515385054140722e+02
-1.992749740812407140e+02
-1.980212209041091569e+02
-1.992650473605605157e+02
-2.028913233312558759e+02
-2.086565673292931535e+02
-2.161786391518689925e+02
-2.249721445712302739e+02
-2.345235246472450115e+02
-2.443831910231613733e+02
-2.542441632411815533e+02
-2.639758372631373504e+02
-2.735965715921133778e+02
-2.831981639185051449e+02
-2.928557284009573891e+02
-3.025537013262029404e+02
-3.121465372588073137e+02
-3.213661223825939715e+02
-3.298797875956549888e+02
-3.373823400503448511e+02
-3.436829141353040313e+02
-3.487449971337234160e+02
-3.526640342596512596e+02
-3.556030469144697577e+02
-3.577233788584311469e+02
-3.591354344437739883e+02
-3.598701199835520015e+02
-3.598598592027999530e+02
-3.589318536742656534e+02
-3.568445631057708738e+02
-3.534052079887348441e+02
-3.486649141101810869e+02
-3.431185088709448792e+02
-3.377886618816705777e+02
-3.340833933190630205e+02
-3.333816707136757032e+02
-3.364053770387276359e+02
-3.425478740809360261e+02
-3.494020524109957364e+02
-3.527158734350161922e+02
-3.468915952703496828e+02
-3.259769467254436108e+02
-2.849348759621357772e+02
-2.208760413894499948e+02
-1.339277390160910386e+02
-2.750397664437426926e+01
9.209163635872633336e+01
2.166181970133969799e+02
3.371662396893435130e+02
4.454608797862896949e+02
5.349465606085325362e+02
6.014760658397117368e+02
6.435264308118150893e+02
6.619713649069560688e+02
6.595312447163822753e+02
6.400706899232850446e+02
6.079075326550668024e+02
5.672490686806667100e+02
5.218082842705368876e+02
4.745974804390979216e+02
4.278633941425204625e+02
3.831179388976537439e+02
3.412235341249167959e+02
3.025034090346219386e+02
2.668612454039497948e+02
2.339057646459448847e+02
2.030758832315831910e+02
1.737506128100727665e+02
1.453233526949372560e+02
1.172417494723360676e+02
8.904799114475858346e+01
6.045815635745390182e+01
3.147560475185859730e+01
2.480492069928295962e+00
-2.577163035848388617e+01
-5.226619058725013645e+01
-7.592751659790215513e+01
-9.583094664446775823e+01
-1.113628146948918101e+02
-1.222892598389966139e+02
-1.287330953148607762e+02
-1.310925975749045165e+02
-1.299532778117144289e+02
-1.260342308982537674e+02
-1.201791567405306438e+02
-1.133653071319469916e+02
-1.066805842949436283e+02
-1.012280997120397501e+02
-9.796318560026624311e+01
-9.752271742202952964e+01
-1.001265338729605219e+02
-1.055972488217992407e+02
-1.134830210297088939e+02
-1.232210595107330136e+02
-1.342729637329656214e+02
-1.461930511689193963e+02
-1.586362280719091018e+02
-1.713440390984975465e+02
-1.841438792368502106e+02
-1.969618799532850062e+02
-2.098202331367051272e+02
-2.227967873240418726e+02
-2.359593352320830775e+02
-2.493097870240643772e+02
-2.627637257200464092e+02
-2.761639090529607756e+02
-2.893063125503382480e+02
-3.019567313513126692e+02
-3.138527760783155145e+02
-3.247035721362405525e+02
-3.342004098005891137e+02
-3.420396225818311677e+02
-3.479520297024754996e+02
-3.517374657763105574e+02
-3.533057619103221896e+02
-3.527158734350161922e+02
-3.501916422324028417e+02
-3.460955896834148007e+02
-3.408639562163536425e+02
-3.349282760835113208e+02
-3.286559937771726823e+02
-3.223368194021934983e+02
-3.162276246057583649e+02
-3.106434382015171423e+02
-3.060435858238605533e+02
-3.030256333360904932e+02
-3.021407285784663941e+02
-3.035105164088171819e+02
-3.063387135761429931e+02
-3.085044289301944218e+02
-3.064427946815522432e+02
-2.954504908025613190e+02
-2.704230284953776504e+02
-2.268819788442724530e+02
-1.620431025393045275e+02
-7.565459392312259013e+01
2.960555203230785537e+01
1.482810653534541814e+02
2.728291075576745470e+02
3.947229223943801912e+02
5.057314749091995054e+02
5.990930945911834442e+02
6.703358495675736322e+02
7.176070995789477820e+02
7.415136032190711148e+02
7.445899043700487709e+02
7.305741697275782371e+02
7.036743307068592230e+02
6.679691431168911322e+02
6.270265877084145814e+02
5.837494747014519589e+02
5.403906465934358039e+02
4.986413600047977184e+02
4.597053764997693861e+02
4.243212397171895418e+02
3.927530298392204600e+02
3.647988420122708249e+02
3.398531630044708436e+02
3.170248585093488600e+02
2.952889189339410905e+02
2.736496446922217274e+02
2.513038921554035312e+02
2.277975674376428117e+02
2.031576409916562227e+02
1.779627707508573451e+02
1.533081807154451894e+02
1.306397798831103501e+02
1.114761184861098400e+02
9.708781699783901331e+01
8.823525243107698657e+01
8.504848507742084962e+01
8.706823946457710406e+01
9.339450342396582982e+01
1.028600381184783998e+02
1.141724656514855099e+02
1.260194152647287069e+02
1.371636260357560957e+02
1.465481771746536879e+02
1.533998097904014912e+02
1.572948521948850384e+02
1.581601045868592621e+02
1.562095833663036046e+02
1.518399251881111525e+02
1.455116255560210732e+02
1.376396492630381090e+02
1.285139782388546053e+02
1.182676232729467642e+02
1.069017756820038869e+02
9.436197620717345558e+01
8.063968571783721018e+01
6.586110977413113687e+01
5.032782231600721445e+01
3.449129998481399184e+01
1.886700132427476007e+01
3.912716590360304281e+00
-1.009370428838820999e+01
-2.314028926138263387e+01
-3.550054058118591627e+01
-4.767188286733681934e+01
-6.023811420590214993e+01
-7.368432626959489085e+01
-8.821985564720083062e+01
-1.036816894411377916e+02
-1.195703278143443242e+02
-1.352101636752662444e+02
-1.499652627564939280e+02
-1.634191559894051977e+02
-1.754528456052678393e+02
-1.862128327026916281e+02
-1.960198166621516975e+02
-2.052918221588013239e+02
-2.145278628496864144e+02
-2.243414260180674660e+02
-2.354816305075798937e+02
-2.487602634812916449e+02
-2.648290753540726428e+02
-2.838152204885632841e+02
-3.048956442427612501e+02
-3.259488361537420360e+02
-3.434462252744224315e+02
-3.527158734350161922e+02
-3.486211569983189520e+02
-3.265670482877089285e+02
-2.836192503351235814e+02
-2.194479737446960712e+02
-1.368242915633921086e+02
-4.150143997026921738e+01
5.852960358988762835e+01
1.542608099900646152e+02
2.370950284964675348e+02
3.001611179800122500e+02
3.392266699637710872e+02
3.530303035570630072e+02
3.430237380636119155e+02
3.126818668077817733e+02
2.666429498904689126e+02
2.099500826239448088e+02
1.475879732372656008e+02
