-1.166713036071740248e+02
-2.332902864955960922e+02
-3.345319071286063490e+02
-4.092448468367930445e+02
-4.531211458845550624e+02
-4.688484679834097619e+02
-4.641984548391812382e+02
-4.490958827399572328e+02
-4.327737948223066269e+02
-4.217853875325329795e+02
-4.191796156642055848e+02
-4.247441254148384360e+02
-4.359718901399656374e+02
-4.493285234700460933e+02
-4.614461079551848570e+02
-4.699887108232930473e+02
-4.740702449439351085e+02
-4.742217244521765451e+02
-4.719895205341921383e+02
-4.692988725826496648e+02
-4.677402500353429105e+02
-4.679335048122837293e+02
-4.691016837244670228e+02
-4.689490888360599570e+02
-4.638904268300418039e+02
-4.496185712196304394e+02
-4.219249470393455681e+02
-3.776096134255327001e+02
-3.152694854316569035e+02
-2.357649264018500048e+02
-1.422412372092117891e+02
-3.969645647321847548e+01
6.579603337300456189e+01
1.680179793203576253e+02
2.614760348967976142e+02
3.420418180442451330e+02
4.072770274126285130e+02
4.564416134056428973e+02
4.902424170300847663e+02
5.104151197279286976e+02
5.192474164718987595e+02
5.191415545890869225e+02
5.122814028038916376e+02
5.004308131365542067e+02
4.848629052632106209e+02
4.664036038121201955e+02
4.455580086615143500e+02
4.226715727180339854e+02
3.980675430720796726e+02
3.721118881919077239e+02
3.451924327184644881e+02
3.176436036343648652e+02
2.896722395669543744e+02
2.613299874191644676e+02
2.325490153190824572e+02
2.032300421798145749e+02
1.733527823666885581e+02
1.430732199030384777e+02
1.127809845277870693e+02
8.310432554299146091e+01
5.486257611972902737e+01
2.897866790099419632e+01
6.372046779047380483e+00
-1.215460709810733420e+01
-2.603409988958362931e+01
-3.505679554438162171e+01
-3.947756093258914234e+01
-4.007302072586595898e+01
-3.811011240840339553e+01
-3.520003300205045349e+01
-3.304445037265622886e+01
-3.312348240827976298e+01
-3.640844910919777533e+01
-4.318852756861366515e+01
-5.306981313036013148e+01
-6.514958325439982900e+01
-7.831408411367821998e+01
-9.157083855808761541e+01
-1.043132868698726838e+02
-1.164385328738730152e+02
-1.282960029028083966e+02
-1.405051872120781979e+02
-1.537148103899615421e+02
-1.683801244903420979e+02
-1.846188442953425692e+02
-2.021777491108712184e+02
-2.205085531543874424e+02
-2.389195528068747478e+02
-2.567460247697358682e+02
-2.734792071304932506e+02
-2.888170873368080720e+02
-3.026382006771847273e+02
-3.149302717395908076e+02
-3.257157131019586132e+02
-3.350084378160918277e+02
-3.428191780150993964e+02
-3.492035878879402162e+02
-3.543251913356100431e+02
-3.584946467130323526e+02
-3.621535053236839303e+02
-3.657931628732111449e+02
-3.698324961896938703e+02
-3.745058615553465415e+02
-3.798150207791983348e+02
-3.855666846420794514e+02
-3.914706303661773745e+02
-3.972415017587244392e+02
-4.026498233850387578e+02
-4.075046151604408351e+02
-4.115997970520008380e+02
-4.146842352252329533e+02
-4.164986250908088437e+02
-4.168739849977782796e+02
-4.158423176926929727e+02
-4.136979012249705079e+02
-4.109698201951179044e+02
-4.083081680007534260e+02
-4.063304940245244552e+02
-4.054987192879274289e+02
-4.060779477346272301e+02
-4.081742924484444188e+02
-4.117986113942225757e+02
-4.168942973140756862e+02
-4.233049016564398244e+02
-4.307119264283643361e+02
-4.386030789173870517e+02
-4.463180202873003850e+02
-4.531785392837993527e+02
-4.586676584925739348e+02
-4.625896126117222025e+02
-4.651305923041475126e+02
-4.667608230030867276e+02
-4.679686817905351290e+02
-4.688775769522772521e+02
-4.688484679834097619e+02
-4.662040065609018029e+02
-4.582098644621642052e+02
-4.413971700672177008e+02
-4.122097368277284772e+02
-3.678328123949834776e+02
-3.069700305843589376e+02
-2.303328960275663917e+02
-1.406999020840223125e+02
-4.254441942559528655e+01
5.864704253731591166e+01
1.571841571693009882e+02
2.479281850096926405e+02
3.268565350736409414e+02
3.913747369472944229e+02
4.403940823098262740e+02
4.742369879946443803e+02
4.944211096392533591e+02
5.033389290961831648e+02
5.038425420616690644e+02
4.987769496897360568e+02
4.905474777927202581e+02
4.808208354671021425e+02
4.704287189662420019e+02
4.594760801754441104e+02
4.475863097936105532e+02
4.341836800557633183e+02
4.187318109885079593e+02
4.008895927854309775e+02
3.805828174839455755e+02
3.580114608982989353e+02
3.336196583117193200e+02
3.080483325322764472e+02
2.820743557403619093e+02
2.565276115096540934e+02
2.321837655471165363e+02
2.096582069023880308e+02
1.893487226617075692e+02
1.714581547976485467e+02
1.560791681049917656e+02
1.432834004287740015e+02
1.331597377220347198e+02
1.257866137665656083e+02
1.211674654190243245e+02
1.191743169508673645e+02
1.195276112053979602e+02
1.218136007901979951e+02
1.255248185382689883e+02
1.301047519340098404e+02
1.349796154124453551e+02
1.395713973038344022e+02
1.433050557574477750e+02
1.456321112744850552e+02
1.460810148064956877e+02
1.443209613386686101e+02
1.402110848188148395e+02
1.338135596437602999e+02
1.253688685314874363e+02
1.152450851227175406e+02
1.038760018785167176e+02
9.170633804925458321e+01
7.916391968298454174e+01
6.666281549345627866e+01
5.461447567900254541e+01
4.341761901327318185e+01
3.342077952010765074e+01
2.487341883284801725e+01
1.788077251068450835e+01
1.237167732935900943e+01
8.094996414637490645e+00
4.662120459946490492e+00
1.632959889887654725e+00
-1.381547839615638651e+00
-4.632377000948622481e+00
-8.182516021809632889e+00
-1.190463484598975441e+01
-1.552653189078178997e+01
-1.871438907946062358e+01
-2.117435673132027318e+01
-2.274438239146292773e+01
-2.344898368089891960e+01
-2.350869850868905786e+01
-2.331788376378442251e+01
-2.340272780218202087e+01
-2.434995377607705791e+01
-2.669128700217596872e+01
-3.075812392684073870e+01
-3.656013875633541943e+01
-4.375171402566883216e+01
-5.171850483954654010e+01
-5.976290313756720707e+01
-6.732250044522805865e+01
-7.414182787349236037e+01
-8.033876095107515880e+01
-8.635016280416496670e+01
-9.278563138092039253e+01
-1.002452311698878873e+02
-1.091606836616620342e+02
-1.197063657728819521e+02
-1.318038264412150511e+02
-1.452134368095184698e+02
-1.596751148738548238e+02
-1.750407324808207363e+02
-1.913456492338225416e+02
-2.087936802458444845e+02
-2.276650475908667204e+02
-2.481873633964633541e+02
-2.704257309245256238e+02
-2.942392927192832985e+02
-3.193134723277570970e+02
-3.452250600903857389e+02
-3.714652760174877244e+02
-3.973620783017293547e+02
-4.219040167082412722e+02
-4.435415645780806813e+02
-4.600896566791909095e+02
-4.688484679834097619e+02
-4.669875303870221046e+02
-4.521216846343720022e+02
-4.229017774940984395e+02
-3.794086730198601458e+02
-3.231965556207578061e+02
-2.569526557191056213e+02
-1.838767152304782257e+02
-1.069867822647194942e+02
-2.858498608897690474e+01
4.995550674905842925e+01
1.280622187644906660e+02
