-4.910010458266712163e+01
-5.981675723095609953e+01
-6.932091283808803439e+01
-7.671621041783346584e+01
-8.162372070550136982e+01
-8.421432208271329500e+01
-8.508032410297728632e+01
-8.501200562662495486e+01
-8.475844803379335701e+01
-8.483560452505918192e+01
-8.542259966739729293e+01
-8.636731614985596650e+01
-8.729760046602493162e+01
-8.780325332970474506e+01
-8.762555556677118318e+01
-8.678170450419887061e+01
-8.557414296180061797e+01
-8.448368376797269264e+01
-8.399573196510017681e+01
-8.443396621495089960e+01
-8.586369297648005272e+01
-8.808688574622453871e+01
-9.070711240026349742e+01
-9.322029287881088067e+01
-9.509451026608502389e+01
-9.582316072047318301e+01
-9.494997140724022699e+01
-9.206964125584404712e+01
-8.681474721680325501e+01
-7.885073612260275411e+01
-6.790541407439137345e+01
-5.384422842151701616e+01
-3.676984329619490666e+01
-1.709711408771129726e+01
4.444309569182749442e+00
2.689763114632545893e+01
4.923481313047644647e+01
7.053050734736534366e+01
9.009981825213544937e+01
1.075639330068379849e+02
1.228366117770278692e+02
1.360524277095172465e+02
1.474724662904686454e+02
1.573961644182119244e+02
1.660877168076974044e+02
1.737160180693714437e+02
1.803185199539953487e+02
1.858117493087637513e+02
1.900592170383108339e+02
1.929730482184771176e+02
1.945990085891531862e+02
1.951422674825919614e+02
1.949266104581051877e+02
1.943113677239114736e+02
1.935977105219392058e+02
1.929475165832064363e+02
1.923310774676402275e+02
1.915159126394672739e+02
1.900999439359135579e+02
1.875828946441188236e+02
1.834690489156376429e+02
1.773935595667118719e+02
1.692493460934027780e+02
1.592703463054061217e+02
1.480228228794996994e+02
1.362831656652952006e+02
1.248311631343307369e+02
1.142360805504303585e+02
1.047275057417866293e+02
9.620958702608960778e+01
8.840958932951957649e+01
8.108311925323928904e+01
7.416793371771194643e+01
6.780827084294450913e+01
6.224614771236133492e+01
5.764845976525004545e+01
5.396794714289175232e+01
5.091305394622830249e+01
4.804430018890955978e+01
4.495043132346246040e+01
4.141560497115599304e+01
3.749384743361729733e+01
3.345937472659149137e+01
2.966724683253876904e+01
2.639571063307669618e+01
2.373512503753424596e+01
2.155614763920865329e+01
1.955514358891255355e+01
1.734958092438757404e+01
1.458617049920277609e+01
1.103074334268281831e+01
6.621845172592937701e+00
1.479571755341524408e+00
-4.130092464258183327e+00
-9.863651402222103570e+00
-1.538191026189625887e+01
-2.042548956361428480e+01
-2.486519142172008401e+01
-2.871178943919480275e+01
-3.208392316842136438e+01
-3.515469220773155712e+01
-3.810866645415956100e+01
-4.112544701531822966e+01
-4.437284477530937465e+01
-4.797570246330208477e+01
-5.195006921510815801e+01
-5.613885740348619890e+01
-6.020651374761098396e+01
-6.372211765030422725e+01
-6.630690333560524152e+01
-6.778499318925085504e+01
-6.827383431635003319e+01
-6.817486797763082507e+01
-6.806050453032148084e+01
-6.849108596728339649e+01
-6.982356479201142463e+01
-7.207870690997710028e+01
-7.491502079043395668e+01
-7.772588151362774056e+01
-7.983816491956289951e+01
-8.075040252850541833e+01
-8.032088568050438937e+01
-7.882376415775544842e+01
-7.684294742673894518e+01
-7.504912366697394077e+01
-7.396206108056524897e+01
-7.380281369460702479e+01
-7.448830865475058260e+01
-7.574887244469749703e+01
-7.729704271869090348e+01
-7.896252614193824115e+01
-8.073331504071374809e+01
-8.269653035344107650e+01
-8.492913339007270679e+01
-8.741026237318931180e+01
-8.999720886497746619e+01
-9.245510800581955380e+01
-9.450031676602230846e+01
-9.582316072047318301e+01
-9.607954798882200009e+01
-9.486370237003730210e+01
-9.169053073868062143e+01
-8.601921326833011960e+01
-7.733577674976757521e+01
-6.527901907826124273e+01
-4.976384179370430161e+01
-3.105444213339215054e+01
-9.766139545133285083e+00
1.319665760630155305e+01
3.674817647251535391e+01
5.976141889044448874e+01
8.123014799879635461e+01
1.004283959787361766e+02
1.170198339665396361e+02
1.310642136795108286e+02
1.429018799833605442e+02
1.529565808189610152e+02
1.615414817417277504e+02
1.687515455673069482e+02
1.744782966992633533e+02
1.785206292865958631e+02
1.807261014639460086e+02
1.811017716684473271e+02
1.798671765947343886e+02
1.774491357721806821e+02
1.744221895038073171e+02
1.713953472785873942e+02
1.688575052649994745e+02
1.670217064552838337e+02
1.657305151322331653e+02
1.644758050804168477e+02
1.625419144889318375e+02
1.592246181674402692e+02
1.540431102244114641e+02
1.468668276678639586e+02
1.379169294890597826e+02
1.276535443755630439e+02
1.166045871091668715e+02
1.052118766936243759e+02
9.375435477598827561e+01
8.236404902454816579e+01
7.110393102594326820e+01
6.005453446359429392e+01
4.936624704362692029e+01
3.926327705295917525e+01
3.001173486213525621e+01
2.187279734147919186e+01
1.505298147075628634e+01
9.652569479307857137e+00
5.616439071177218523e+00
2.708499046174409841e+00
5.405845505224355918e-01
-1.333428568100540446e+00
-3.291741967285377157e+00
-5.551606208555851296e+00
-8.159657649187092687e+00
-1.106389120501632206e+01
-1.421437468411938809e+01
-1.762667526595884482e+01
-2.137338489457415136e+01
-2.551859374647330725e+01
-3.004305059535442268e+01
-3.480664527492101712e+01
-3.956477604965716921e+01
-4.402035039330078803e+01
-4.788229164154230233e+01
-5.091793667030685810e+01
-5.300422682803734631e+01
-5.417962785672898463e+01
-5.468128143618510251e+01
-5.493854936338553330e+01
-5.549877537851926945e+01
-5.688985414552139730e+01
-5.946598005938767528e+01
-6.330474286410630214e+01
-6.819983532735066944e+01
-7.373982457698608073e+01
-7.942291375783011631e+01
-8.475628552832063178e+01
-8.931733480524086133e+01
-9.278584760157636424e+01
-9.496834085736952602e+01
-9.582316072047318301e+01
-9.547280060575722871e+01
-9.418267209095562009e+01
-9.230314344416510153e+01
-9.019610919809854011e+01
-8.817321720940495311e+01
-8.645882450575493294e+01
-8.517644527172205926e+01
-8.435434505312821329e+01
-8.394808004624032094e+01
-8.387565563314541350e+01
-8.405237262735658987e+01
-8.440574325706009517e+01
-8.486019825378050996e+01
-8.530809677676995761e+01
-8.560481016499082330e+01
-8.561399436776221705e+01
-8.528608614314541114e+01
-8.471477653187830015e+01
-8.412141767801094261e+01
-8.376643741844745250e+01
-8.383785707457798253e+01
-8.437813794729017047e+01
-8.528102096513612196e+01
-8.635060010038299083e+01
-8.738955153410871901e+01
-8.827600969851425816e+01
-8.899708244306293636e+01
-8.962869943741060297e+01
-9.027481711700050937e+01
-9.098869800186676571e+01
-9.169423082372034628e+01
-9.212210145173568776e+01
-9.178454229807204001e+01
-9.002118244239696310e+01
-8.613677235763650231e+01
-7.961555457533867752e+01
-7.035156004701977395e+01
-5.880135896090020964e+01
-4.597144220356922517e+01
