-1.334242346348046482e+01
-1.492539718970760987e+01
-1.704787290512977904e+01
-2.002250303452462532e+01
-2.380804127817959071e+01
-2.802644742004923728e+01
-3.211249024842365429e+01
-3.551872336845107014e+01
-3.788223627599353449e+01
-3.909666830494057876e+01
-3.928899829877789074e+01
-3.873817538127352833e+01
-3.778238331832337593e+01
-3.675209086287402727e+01
-3.594282734805167934e+01
-3.561236260563304512e+01
-3.597175414765157342e+01
-3.715427567270253917e+01
-3.917561500993070922e+01
-4.191087118633552677e+01
-4.510111923758327634e+01
-4.838473369775255861e+01
-5.133918693581103554e+01
-5.351622675043345367e+01
-5.446245666819423548e+01
-5.374162768897274134e+01
-5.099020353482096368e+01
-4.601393933523259250e+01
-3.888338507348350248e+01
-2.996098881166545880e+01
-1.982122751349687917e+01
-9.087748853997730691e+00
1.736026386902130625e+00
1.235911355685306212e+01
2.267820279657244242e+01
3.266154030568607425e+01
4.221213238060796158e+01
5.108488601142388319e+01
5.889988387908537959e+01
6.524521454781556429e+01
6.982389588174538630e+01
7.258503883400800305e+01
7.378482816203532479e+01
7.394478375385665458e+01
7.371642420067379931e+01
7.370627410819682268e+01
7.432886523949430568e+01
7.572809607376035501e+01
7.776670988518566219e+01
8.006278030452858729e+01
8.205932080515124483e+01
8.312853282416789114e+01
8.270918049106009562e+01
8.045225578908969055e+01
7.633137198886842612e+01
7.067861593204742121e+01
6.412903489279568703e+01
5.748571773671896779e+01
5.154224983519902992e+01
4.690860215721957616e+01
4.387963751976944593e+01
4.237663175063818954e+01
4.198606143641895017e+01
4.210090926029784697e+01
4.212895400749571451e+01
4.168902155154819411e+01
4.070538512916252216e+01
3.935499692567924512e+01
3.790441298367684198e+01
3.653501340463531477e+01
3.524620885055405495e+01
3.386067415038309036e+01
3.209771871221051498e+01
2.967066815585293327e+01
2.638136725812348971e+01
2.219394073524689759e+01
1.726767007516539820e+01
1.193352830187917490e+01
6.616594495538151932e+00
1.726694283589520040e+00
-2.447901299823087129e+00
-5.807062697728621714e+00
-8.440922975849570520e+00
-1.056943401201067090e+01
-1.244971711707610496e+01
-1.429234954952806902e+01
-1.621719011697663149e+01
-1.825882101216770081e+01
-2.040934393267259850e+01
-2.266780842973044940e+01
-2.506297551008491098e+01
-2.763656438046638897e+01
-3.040553433927875204e+01
-3.333988957929741304e+01
-3.637941099060478223e+01
-3.947459155024400701e+01
-4.260619524305218420e+01
-4.574885933706731578e+01
-4.879526537443521761e+01
-5.150246445194406419e+01
-5.351482492916160538e+01
-5.446245666819423548e+01
-5.407810258556517624e+01
-5.226305831393746359e+01
-4.906776169472271931e+01
-4.460549051639313234e+01
-3.895100278189167398e+01
-3.207690311927731841e+01
-2.385970800014287363e+01
-1.416057353005593455e+01
-2.958209286827798934e+00
9.515044411449611772e+00
2.269963385747524143e+01
3.575347914358447099e+01
4.772670317899871861e+01
5.781698373087314735e+01
6.561065132785995502e+01
7.120893381963517754e+01
7.517736052581142303e+01
7.832831624691343109e+01
8.142221752926931799e+01
8.490925117462290928e+01
8.880932498120824903e+01
9.276144787170882466e+01
9.620317631477726650e+01
9.859738332221861867e+01
9.962095291125061181e+01
9.925933597953113008e+01
9.779173581229782997e+01
9.568918720150769275e+01
9.347187271957540133e+01
9.157264413365675182e+01
9.023361864676084565e+01
8.944334624792207933e+01
8.892249640304997627e+01
8.817861941373789136e+01
8.664492189080510798e+01
8.387766903912284988e+01
7.973880107694367325e+01
7.448028240936605471e+01
6.868595190742425416e+01
6.308662819380862885e+01
5.831608476405970976e+01
5.470421978385523687e+01
5.219313923985616555e+01
5.040550328399098134e+01
4.882026049063897233e+01
4.696677485563815679e+01
4.455996477199242634e+01
4.154848914521768677e+01
3.809321053715443384e+01
3.450644841371058646e+01
3.116892907454042572e+01
2.842692725339540871e+01
2.648017098528021052e+01
2.529716942611285901e+01
2.460431391990002936e+01
2.396475518921806724e+01
2.291471913622371659e+01
2.110011118306873357e+01
1.836749682555145213e+01
1.478975273572906346e+01
1.062581643685120980e+01
6.226438792886899165e+00
1.915896132556092368e+00
-2.102100580833429433e+00
-5.772637564398067411e+00
-9.149551477727918325e+00
-1.232572596656745390e+01
-1.537787988622951474e+01
-1.834153379889301050e+01
-2.120641037317659539e+01
-2.392349418285542839e+01
-2.642621015393484640e+01
-2.866587021116865941e+01
-3.064818189434826223e+01
-3.245077963964713064e+01
-3.420901630544615557e+01
-3.607330514302660873e+01
-3.815726667828540286e+01
-4.050318865122692102e+01
-4.308086884744334100e+01
-4.580815528147709870e+01
-4.855969075655852407e+01
-5.114225397118872252e+01
-5.325307179944650215e+01
-5.446245666819423548e+01
-5.425196373326043897e+01
-5.210951312063748730e+01
-4.765827276049343197e+01
-4.077929125809626498e+01
-3.168490589989308148e+01
-2.091169845229619639e+01
-9.231233024812969035e+00
2.490530580018140761e+00
1.343936190683734466e+01
2.296699872146954391e+01
3.065607444142020910e+01
3.633648606777991574e+01
4.006484014951799821e+01
4.208150213196936562e+01
4.275492930087256838e+01
4.251740227563216479e+01
4.180075314794954267e+01
4.098859546080768013e+01
4.039098667986906577e+01
4.022114850919924578e+01
4.054934229959575021e+01
4.124502419686653809e+01
4.195743062673780344e+01
4.217794087452458740e+01
4.137905317171674824e+01
3.918066392147615318e+01
3.548238387930676652e+01
3.051376461097971315e+01
2.478133544060863613e+01
1.892835964244929414e+01
1.355786963903591058e+01
9.082620717157926293e+00
5.650248606277475716e+00
3.158388780968120813e+00
1.339543062493259384e+00
-1.270606544259891280e-01
-1.522153673747808966e+00
-3.040561369392403179e+00
-4.794262344290025624e+00
-6.841371005418054096e+00
-9.209268487181169860e+00
-1.189368451008304817e+01
-1.484223484758265243e+01
-1.794507411343472469e+01
-2.104474256941279009e+01
-2.396243618948192733e+01
-2.653746860175153444e+01
-2.867692095617714543e+01
-3.039822282065713566e+01
-3.183553967902944848e+01
-3.319438425743627619e+01
-3.467061347681715233e+01
-3.637273764040880764e+01
-3.828295159918707213e+01
-4.026714916926167120e+01
-4.211841220350196835e+01
-4.361096342733342368e+01
-4.455180349648188809e+01
-4.482963429658055787e+01
-4.446189598649946362e+01
-4.362915993307815654e+01
-4.267209866015797104e+01
-4.202681762921847763e+01
-4.209920056356020979e+01
-4.311739091262703027e+01
-4.502804107891202534e+01
-4.749595046495995376e+01
-5.002447642894452429e+01
-5.215092480254078566e+01
-5.362242206288414792e+01
-5.446245666819423548e+01
-5.490073789617378708e+01
-5.521673080590052507e+01
-5.558901237851323174e+01
-5.602944143047515269e+01
