2.706819510115792937e+01
3.840694129264084467e+01
4.866383954963587399e+01
5.684746565488764247e+01
6.204411584152607873e+01
6.350765038056168521e+01
6.079377859989232036e+01
5.391888050202378935e+01
4.348490385944439396e+01
3.067760340036083022e+01
1.706832687500209644e+01
4.246165067149187067e+00
-6.587780838000721673e+00
-1.490036436651667984e+01
-2.087772500274425980e+01
-2.525082364951496317e+01
-2.898355164207993084e+01
-3.294569413123454638e+01
-3.767718557458246664e+01
-4.329719642339170349e+01
-4.955279312591229512e+01
-5.597417958259410398e+01
-6.209678228426445656e+01
-6.768126587997466004e+01
-7.282248685893679863e+01
-7.786100486231359241e+01
-8.312280216362910323e+01
-8.863562051821000409e+01
-9.400035789204993364e+01
-9.850924106771874733e+01
-1.014628852294533630e+02
-1.025331076269229413e+02
-1.019985496287387861e+02
-1.007430344892347165e+02
-1.000136094889917615e+02
-1.010356913826017262e+02
-1.046318632507723834e+02
-1.109741272535279961e+02
-1.195382366909194474e+02
-1.292546657925947500e+02
-1.387918398551044845e+02
-1.468841997292455233e+02
-1.526258953209201081e+02
-1.556669543125887571e+02
-1.562647303386767987e+02
-1.551731060109307236e+02
-1.534034935637921251e+02
-1.519447908186675988e+02
-1.515455593513003123e+02
-1.526231962067420795e+02
-1.552949706728043964e+02
-1.594670939571251438e+02
-1.649032414087221241e+02
-1.712291939988386389e+02
-1.778924001389187879e+02
-1.841458663437218775e+02
-1.891301544285510090e+02
-1.920750410999618225e+02
-1.925631306935715088e+02
-1.907434916832347938e+02
-1.873858638299662971e+02
-1.837213255344207425e+02
-1.811035116537502461e+02
-1.806128103938707454e+02
-1.827650357945242945e+02
-1.874421844417516354e+02
-1.940539310890773947e+02
-2.018263159672310110e+02
-2.100639474510127798e+02
-2.182679374212025891e+02
-2.260820967487321411e+02
-2.331271444766113063e+02
-2.388228408632995183e+02
-2.422834112312526713e+02
-2.423288133138022999e+02
-2.376120502394090579e+02
-2.268285810078164673e+02
-2.089524065437072124e+02
-1.834470063299302751e+02
-1.504210375211148687e+02
-1.107087461376862620e+02
-6.584585526103609254e+01
-1.791355318706830957e+01
3.074124592937126010e+01
7.784826653440289590e+01
1.215242535665289267e+02
1.604702368064282894e+02
1.940303667865398154e+02
2.221447986781951727e+02
2.452470103576582119e+02
2.641306692600186921e+02
2.797810445551283465e+02
2.931747447731612510e+02
3.050960536480580458e+02
3.160397867356527968e+02
3.262278999314979728e+02
3.356980887969588139e+02
3.443965214094415614e+02
3.522354294403710355e+02
3.591129787842035057e+02
3.649039557783529517e+02
3.694293731466047461e+02
3.724239892306858337e+02
3.735321991306261680e+02
3.723498944835845350e+02
3.684976741956560318e+02
3.616915959460285990e+02
3.517889380591741428e+02
3.388092155263817062e+02
3.229374272407475246e+02
3.045094579988544865e+02
2.839806053088084354e+02
2.618877120005194570e+02
2.388150474789794941e+02
2.153660155236128730e+02
1.921447632393260392e+02
1.697583197830078632e+02
1.488391923450975298e+02
1.300620871891917432e+02
1.141126339470111617e+02
1.015800444774341713e+02
9.278854410264369790e+01
8.763520557242146936e+01
8.552764740024954904e+01
8.547854984726635053e+01
8.632586930073212272e+01
8.697358701914384937e+01
8.654886047568065521e+01
8.444225026997737871e+01
8.027435590845206548e+01
7.385950779459615489e+01
6.521392680425759636e+01
5.461032281470516381e+01
4.263606059809078630e+01
3.018771553135753294e+01
1.834862149399780051e+01
8.146059741767695428e+00
2.482678056407836564e-01
-5.290051785593437472e+00
-9.112185267219631513e+00
-1.238843400723172117e+01
-1.639977330700700620e+01
-2.201959393713811863e+01
-2.932975347121849907e+01
-3.757700835906841519e+01
-4.551706590432414856e+01
-5.198881276545254337e+01
-5.643324376697830758e+01
-5.910471160515336919e+01
-6.089687477881619060e+01
-6.291158419994701489e+01
-6.601244986257067637e+01
-7.056667693163794297e+01
-7.643603083202638970e+01
-8.314428754738831628e+01
-9.009721447935457661e+01
-9.675302223125208911e+01
-1.026999566922074507e+02
-1.076597556137036520e+02
-1.114646142890995577e+02
-1.140392724632879720e+02
-1.153899392607584673e+02
-1.155914823596019403e+02
-1.147735911943884162e+02
-1.131169767274857634e+02
-1.108685743851811907e+02
-1.083671960175274904e+02
-1.060516520960614741e+02
-1.044257042506047384e+02
-1.039787060095443252e+02
-1.050802935480405580e+02
-1.078755164730745548e+02
-1.122231449502418883e+02
-1.177301211547051452e+02
-1.238951472609809912e+02
-1.302959553231266909e+02
-1.367124498685848266e+02
-1.431161059837963023e+02
-1.495445258588243860e+02
-1.559548507166156810e+02
-1.621615839232911185e+02
-1.679056485623933384e+02
-1.730100299160545774e+02
-1.775151366805313273e+02
-1.817004640574882615e+02
-1.859763552433212794e+02
-1.907067946641099070e+02
-1.960523684782017995e+02
-2.019029516354348459e+02
-2.079224239858355361e+02
-2.136739170812393809e+02
-2.187643298601083472e+02
-2.229580898641394526e+02
-2.262392633449009338e+02
-2.288161088968769263e+02
-2.310624309580701095e+02
-2.333907647174706881e+02
-2.360624943307435046e+02
-2.389697232153167477e+02
-2.414654268061752589e+02
-2.423288133138022999e+02
-2.399066487659782752e+02
-2.324017175652235210e+02
-2.182317016119631887e+02
-1.963691900005399589e+02
-1.665867302017585700e+02
-1.295537680726313852e+02
-8.676094444810536288e+01
-4.029293815534106926e+01
7.475737051240329833e+00
5.416831075820338270e+01
9.761872511946414477e+01
1.360148316174526713e+02
1.680208071029014718e+02
1.929190428891016325e+02
2.107497213532182911e+02
2.223622790882789388e+02
2.292929251846202590e+02
2.334576844932403787e+02
2.367443842991896190e+02
2.406298961604033479e+02
2.459224629496168859e+02
2.526751647312493674e+02
2.602769657872677271e+02
2.676960627922841240e+02
2.738101509059765135e+02
2.777297696264935212e+02
2.790284840231679482e+02
2.778239420355773177e+02
2.746844329413344212e+02
2.703730623475638595e+02
2.654983679705663349e+02
2.601953528811773140e+02
2.539704454807489071e+02
2.457871456767472580e+02
2.343737600565108892e+02
2.186488676092620835e+02
1.981158959677487985e+02
1.730906601725690734e+02
1.446931728787331792e+02
1.146218605864986557e+02
8.479001640404378293e+01
5.693239183449141194e+01
3.229451714438394561e+01
1.149135597082625360e+01
-5.440527271391690789e+00
-1.884897033160526902e+01
-2.923306144073879409e+01
-3.707199253574874831e+01
-4.276511913120599928e+01
-4.666671249753120065e+01
-4.916086736371867261e+01
-5.071940861971326342e+01
-5.190061681739159383e+01
-5.327271413562022673e+01
-5.528668479862772500e+01
-5.815979873288872426e+01
-6.183209573771773648e+01
-6.601942739548999839e+01
-7.033764355551679159e+01
-7.443873924666003461e+01
-7.809037870604832676e+01
