-1.313319906924733615e+01
-2.915357253024813389e+01
-4.324171742654018402e+01
-5.405201409471403196e+01
-6.118136705796047181e+01
-6.513801962288232517e+01
-6.699645648358512062e+01
-6.792007995206004978e+01
-6.875489957368610305e+01
-6.983465039331346702e+01
-7.103186289340297321e+01
-7.198636084247915790e+01
-7.238119355537182287e+01
-7.213788330779205182e+01
-7.146124352560430282e+01
-7.074277584830622345e+01
-7.038931422971123197e+01
-7.066161256859066953e+01
-7.158956736991339653e+01
-7.298727009815523559e+01
-7.454212600919682075e+01
-7.592569197397918401e+01
-7.688052663474803694e+01
-7.726293608833937299e+01
-7.704757395264607567e+01
-7.631505518909892771e+01
-7.524097986756063960e+01
-7.408695773914648441e+01
-7.317832323976836051e+01
-7.285430709864552057e+01
-7.339031385734044477e+01
-7.490288496218074954e+01
-7.724997669854104743e+01
-7.994304988352379837e+01
-8.210433271223763541e+01
-8.252063207441052839e+01
-7.983306585423844126e+01
-7.284832072772790923e+01
-6.088971325324418160e+01
-4.406563409412520116e+01
-2.334183339675971780e+01
-3.666806394939240432e-01
2.290317917387664792e+01
4.464263558942670329e+01
6.350624243393306756e+01
7.878297294319801836e+01
9.035286113117868467e+01
9.851879297420811099e+01
1.038078083930496547e+02
1.068088657373999979e+02
1.080726591155965366e+02
1.080678399881353187e+02
1.071719438739548877e+02
1.056747095423656191e+02
1.037834047849491554e+02
1.016328181089084808e+02
9.930622310708304212e+01
9.686716601863638232e+01
9.439030976382774440e+01
9.197160821458517432e+01
8.970505294867619739e+01
8.763516442826960429e+01
8.571265256969948609e+01
8.377662187574721031e+01
8.156568195916335640e+01
7.874734493986308337e+01
7.496311501497304164e+01
6.989741640518658983e+01
6.336699872636187081e+01
5.540058048836530702e+01
4.626965077584787878e+01
3.645478916959729787e+01
2.656311168129849776e+01
1.722384886098848966e+01
8.983833117072784091e+00
2.220476693673862911e+00
-2.910434329604918879e+00
-6.478648811396094942e+00
-8.731345917179169192e+00
-1.000351106064632845e+01
-1.061444647958402854e+01
-1.079041768867011442e+01
-1.064665899115030356e+01
-1.023232303897362883e+01
-9.607802103011563233e+00
-8.908735301183076771e+00
-8.361968488475561401e+00
-8.246367696187201446e+00
-8.819075389693999512e+00
-1.023980159261365941e+01
-1.251948612949555262e+01
-1.550749612485091689e+01
-1.892306281608708929e+01
-2.242865152377084215e+01
-2.573036210139460067e+01
-2.867569432303821841e+01
-3.130967665609470529e+01
-3.385731257457644006e+01
-3.663082996277935877e+01
-3.990151704973103364e+01
-4.379553353447305852e+01
-4.825257741305902925e+01
-5.304757125838846576e+01
-5.785428834805437504e+01
-6.233075757634862413e+01
-6.620790026615301826e+01
-6.935680097892665685e+01
-7.180927659209677927e+01
-7.372139822335675774e+01
-7.529492450450707963e+01
-7.669160847601138187e+01
-7.797688616215899060e+01
-7.911368990483482833e+01
-8.000575218383400511e+01
-8.056982404052783409e+01
-8.080076355925905318e+01
-8.079255264834951333e+01
-8.070088242215022944e+01
-8.066871947215922489e+01
-8.075967907043180105e+01
-8.093774083860829194e+01
-8.110152156694866221e+01
-8.114911463532875757e+01
-8.103732186962723461e+01
-8.081174549533227491e+01
-8.060254822014384501e+01
-8.058453827827138127e+01
-8.089822110622820617e+01
-8.154153320646634029e+01
-8.226574601425296862e+01
-8.252063207441052839e+01
-8.148300130357763749e+01
-7.817587542366160847e+01
-7.165607447470361535e+01
-6.122865101222725315e+01
-4.664036320950967962e+01
-2.820854368503525578e+01
-6.852158785427640453e+00
1.599460044453782359e+01
3.858794529520735495e+01
5.917187369498610394e+01
7.630171708215391391e+01
8.910377388553590094e+01
9.739426637208788406e+01
1.016300987469458619e+02
1.027214034947824075e+02
1.017744058021383324e+02
9.984295538895293021e+01
9.775051524449114027e+01
9.601001026886849843e+01
9.483274924028918917e+01
9.419585172606028323e+01
9.393384710093575052e+01
9.382612351937896733e+01
9.366002241400691730e+01
9.325913560258632629e+01
9.247965383650966942e+01
9.119069175708587238e+01
8.925870008858846916e+01
8.654818108568815660e+01
8.293841863812880888e+01
7.834868218073896173e+01
7.276438737792688016e+01
6.625890322358090145e+01
5.900652928251933105e+01
5.128207254760958733e+01
4.344161998221623833e+01
3.587957943417903550e+01
2.896554673385313095e+01
2.298104018791499215e+01
1.808470282473712487e+01
1.432135291222772366e+01
1.166471640481027805e+01
1.006527632629524405e+01
9.471736517788647447e+00
9.809630140446683910e+00
1.093171083342526906e+01
1.258145301800568738e+01
1.440644707855150664e+01
1.602341407723779909e+01
1.710152774516938479e+01
1.742266861680676726e+01
1.689666355708831702e+01
1.553911579262090470e+01
1.343996394685010642e+01
1.074898535522453535e+01
7.680725960068796709e+00
4.514421742882502642e+00
1.556755995709777851e+00
-9.440540786016906605e-01
-2.904632702475622885e+00
-4.473539821569581854e+00
-6.006699048966370746e+00
-7.948069369640895943e+00
-1.066797892534149561e+01
-1.433158710023239379e+01
-1.884660012273850072e+01
-2.389783746733564840e+01
-2.904390154771094856e+01
-3.383809597410776604e+01
-3.793713057883713446e+01
-4.116905597926329818e+01
-4.354556154459065453e+01
-4.522424249619719205e+01
-4.644252576438228175e+01
-4.744544402265250227e+01
-4.842369290734737319e+01
-4.947824211895791535e+01
-5.062335843544671121e+01
-5.182044274488226421e+01
-5.301524534051468862e+01
-5.415352687632386619e+01
-5.517432693926915022e+01
-5.600235961423575048e+01
-5.656209949669031545e+01
-5.681645457035723012e+01
-5.681002100049595072e+01
-5.669102711186366861e+01
-5.670100919973883435e+01
-5.713952377531544613e+01
-5.831482264110475455e+01
-6.048168336476143736e+01
-6.376117909805994088e+01
-6.804738233995247754e+01
-7.292791115005941549e+01
-7.765956724367049446e+01
-8.123177414259768625e+01
-8.252063207441052839e+01
-8.050080432131679231e+01
-7.445916152279708911e+01
-6.415374187513906179e+01
-4.988225083059894160e+01
-3.245204086048916281e+01
-1.306328887987867304e+01
6.873122386380584814e+00
2.595225404174153994e+01
4.298208197917421813e+01
5.712941020499309275e+01
6.796855836488126101e+01
7.543561475185236986e+01
7.973099429640649305e+01
8.122356210827356904e+01
8.038569128867598579e+01
7.775880049437772357e+01
7.393730205183742044e+01
6.955656270543786945e+01
6.526278886937663515e+01
6.164106320780469872e+01
5.909986286772068809e+01
5.774820070590652676e+01
5.732715849029725064e+01
5.724999187507605569e+01
5.676372132835552975e+01
5.518953615597361306e+01
5.215844925536115539e+01
4.775326226906641125e+01
4.249875423632325067e+01
3.719441210362388262e+01
3.263955866492430857e+01
2.934345420907462909e+01
2.732944588491277926e+01
2.612048782421934234e+01
