-1.071383050053160559e+02
-1.178492495353341809e+02
-1.275038544784915331e+02
-1.353746457620496528e+02
-1.412269161517840246e+02
-1.452657197843811048e+02
-1.479272397499590284e+02
-1.496483114888019372e+02
-1.507341391827536370e+02
-1.513636021258730295e+02
-1.516791727028445109e+02
-1.518697608319625374e+02
-1.521884749647227011e+02
-1.529077569016758957e+02
-1.542492787342873157e+02
-1.563271546063380413e+02
-1.591276629610193538e+02
-1.625288817853910928e+02
-1.663478956431524978e+02
-1.703958114099162913e+02
-1.745184147548806379e+02
-1.786057493284941415e+02
-1.825737254379422438e+02
-1.863422995236303166e+02
-1.898334317359462489e+02
-1.929865608447817351e+02
-1.957658175878971747e+02
-1.981329653609782042e+02
-1.999779056311533907e+02
-2.010162508733845073e+02
-2.006745844223859478e+02
-1.979956394305571621e+02
-1.916099651507421697e+02
-1.798276949947111234e+02
-1.608878278766988501e+02
-1.333506233170945734e+02
-9.654216436839234916e+01
-5.090355336651127516e+01
1.894672031917519206e+00
5.913945931577483606e+01
1.175303758357993473e+02
1.737822942842684029e+02
2.252086484969265996e+02
2.701317881774916714e+02
3.080314838544844065e+02
3.394223887626503711e+02
3.655156588143084946e+02
3.877630026860417729e+02
4.074071798336734673e+02
4.251648889499621191e+02
4.411312193174353524e+02
4.549188811684937264e+02
4.659573689521929509e+02
4.738175011651810564e+02
4.784277825858034703e+02
4.801163530001981599e+02
4.795057365808314671e+02
4.773401215002971867e+02
4.743098601601104747e+02
4.708965128598918000e+02
4.672450755469984074e+02
4.630819171066571016e+02
4.577085876557576967e+02
4.500956962019158709e+02
4.390813285878236343e+02
4.236503734815685220e+02
4.032375615073798372e+02
3.779708775512026477e+02
3.487724898574906547e+02
3.172679498756317571e+02
2.855070018079019860e+02
2.555521009412580895e+02
2.290376045398139979e+02
2.068339195423830290e+02
1.889345516383395989e+02
1.746023669484146410e+02
1.627040310056595729e+02
1.520930896737504554e+02
1.419032396588471272e+02
1.316724817310767435e+02
1.213012810488114610e+02
1.109096754852675133e+02
1.006707302386729310e+02
9.067244107935539432e+01
8.083732657588632264e+01
7.092749142273855512e+01
6.065284301694860147e+01
4.984960248604838995e+01
3.863507904032573492e+01
2.743908158156972377e+01
1.688089573406374200e+01
7.550364236402060669e+00
-2.050273232030264126e-01
-6.406906749260016909e+00
-1.145771401713858495e+01
-1.604706340381893881e+01
-2.098072234556154569e+01
-2.697300488168862387e+01
-3.445625073613395273e+01
-4.346296449085104996e+01
-5.361686227679470562e+01
-6.423366041751111766e+01
-7.449593812971122020e+01
-8.364281015156311128e+01
-9.111772489704560485e+01
-9.664956511909210235e+01
-1.002803292960629733e+02
-1.023640475297284240e+02
-1.035398943096850530e+02
-1.046559039669209312e+02
-1.066212008989898550e+02
-1.101988456976222324e+02
-1.157929472095231063e+02
-1.233026506325344371e+02
-1.321005056551759083e+02
-1.411557239998568605e+02
-1.492831891896362606e+02
-1.554622108152528313e+02
-1.591347917730055315e+02
-1.603780469960644552e+02
-1.598736413663713165e+02
-1.586710314464735063e+02
-1.578293717314199398e+02
-1.580773553335309600e+02
-1.596205057176765365e+02
-1.621573116983005889e+02
-1.650733145219217874e+02
-1.677113393681051434e+02
-1.696013019684687322e+02
-1.705767173345820424e+02
-1.707749669482147965e+02
-1.705663550303291345e+02
-1.704535241829418055e+02
-1.709490938847263806e+02
-1.724286816483705422e+02
-1.749910964864881464e+02
-1.783983564234721371e+02
-1.821556335314313060e+02
-1.857145143541779646e+02
-1.887011677956133155e+02
-1.910527475899451417e+02
-1.929973478062851484e+02
-1.948880568568497154e+02
-1.969587165473654125e+02
-1.990920762039593512e+02
-2.006745844223859478e+02
-2.005681029928589112e+02
-1.971943222640001920e+02
-1.887256919829121387e+02
-1.733759447235258051e+02
-1.497607567777864119e+02
-1.172543850233464582e+02
-7.624052533045554014e+01
-2.817141088633761115e+01
2.459746746517314264e+01
7.916373208395243921e+01
1.325408801506937948e+02
1.821207247579047248e+02
2.260332253850104962e+02
2.633268918237388334e+02
2.939417707144201586e+02
3.185082783023675574e+02
3.380481496990156529e+02
3.536612351055593990e+02
3.662679388925789112e+02
3.764610738722502674e+02
3.844989336021689041e+02
3.904278712873922359e+02
3.942665747505740228e+02
3.961553218667481815e+02
3.964000734336107143e+02
3.954035539822122018e+02
3.935280691539754798e+02
3.909561819002860830e+02
3.876113450337727500e+02
3.831725712293522861e+02
3.771678409972697068e+02
3.690897773842610832e+02
3.584786200863513841e+02
3.449593444925208132e+02
3.282633124104084459e+02
3.082721258336634378e+02
2.850906243846366124e+02
2.591206629486266024e+02
2.310949331893773149e+02
2.020388178680160536e+02
1.731496636135466929e+02
1.456141924387259508e+02
1.204121544293459465e+02
9.816036191230826091e+01
7.903875657830474211e+01
6.281935083678897058e+01
4.898813650004096587e+01
3.691384574480790093e+01
2.599872872203503249e+01
1.576133609402752001e+01
5.839604326057695971e+00
-4.057811833004286939e+00
-1.420029895817897803e+01
-2.483630165284508706e+01
-3.613241463224174765e+01
-4.808140037689403812e+01
-6.043533935110873045e+01
-7.271022316280514985e+01
-8.427510364226526463e+01
-9.450712460810727578e+01
-1.029771793545168350e+02
-1.096203181782504430e+02
-1.148286393693225307e+02
-1.193997564703254568e+02
-1.243127626312485745e+02
-1.303836837971921909e+02
-1.379297897743209660e+02
-1.465968214571586259e+02
-1.554492745144997912e+02
-1.633067156001189346e+02
-1.691892071392469745e+02
-1.726835173830402823e+02
-1.740855180406658178e+02
-1.742790446320308320e+02
-1.744180163708556108e+02
-1.755414819516644229e+02
-1.782554971407273001e+02
-1.825734745057197017e+02
-1.879427119064731642e+02
-1.934251123424593288e+02
-1.979654619192225482e+02
-2.006745844223859478e+02
-2.010613095435635387e+02
-1.991548651614540404e+02
-1.954769452204342883e+02
-1.908627177365907528e+02
-1.861860819419804898e+02
-1.820895373926819332e+02
-1.788217457610992369e+02
-1.762374049508490543e+02
-1.739403016274014249e+02
-1.714905670947514977e+02
-1.685782206629722850e+02
-1.650957058964932287e+02
-1.611066702534157571e+02
-1.567661861271626833e+02
-1.522615471860402181e+02
-1.478080429797739157e+02
-1.436773004277445409e+02
-1.401964799025080310e+02
-1.376676944949229551e+02
-1.362191498106847121e+02
-1.356685698024293458e+02
-1.354970890123231584e+02
-1.349785417498467552e+02
-1.334220882515276969e+02
-1.304237094717943819e+02
-1.260164809341939076e+02
-1.206538202208815420e+02
-1.150315192997012304e+02
-1.098291051408341730e+02
-1.054924721036820330e+02
-1.021525067030722624e+02
-9.968777635203544207e+01
-9.785562157447571963e+01
-9.639806591046308881e+01
