-5.590044068228425544e+01
-7.409931059682695320e+01
-8.864225191587041763e+01
-9.662564936128966053e+01
-9.631938923316153023e+01
-8.730891501275050359e+01
-7.035349401498504562e+01
-4.708485745368525954e+01
-1.966169380108969023e+01
9.554330596053361546e+00
3.827895230472867638e+01
6.453768667813149307e+01
8.684316224083410418e+01
1.043043207023013110e+02
1.166568391730255314e+02
1.242128737739151063e+02
1.277363506769016510e+02
1.282594074840137921e+02
1.268705134342852716e+02
1.245184218720754217e+02
1.218755780070165713e+02
1.192866525805285391e+02
1.168011745871263969e+02
1.142661517521328278e+02
1.114450602554160668e+02
1.081343214502635846e+02
1.042560729826546719e+02
9.990707322797288725e+01
9.534344047712114900e+01
9.089280451024441732e+01
8.681358545674217453e+01
8.315371153292844042e+01
7.967569030383464224e+01
7.589330562068924735e+01
7.121215104703719589e+01
6.511479759264560130e+01
5.731650604670639382e+01
4.784180477310030710e+01
3.701145500157036139e+01
2.536283229405201922e+01
1.354549834847803425e+01
2.228738863019454897e+00
-7.969829221215098514e+00
-1.654950394528288626e+01
-2.319406248375788948e+01
-2.782370224587677399e+01
-3.060194882450721110e+01
-3.188493720600109427e+01
-3.212817546909538180e+01
-3.178490790979469693e+01
-3.123286421263781421e+01
-3.075011036719921975e+01
-3.053259100624026701e+01
-3.072632638616103762e+01
-3.144986885073835126e+01
-3.279679871758250442e+01
-3.481774789295513273e+01
-3.748842825237147736e+01
-4.068143029070348149e+01
-4.416708997592867547e+01
-4.765885704240751153e+01
-5.089329849025826036e+01
-5.371205091147496091e+01
-5.610956447130847380e+01
-5.822836081326752833e+01
-6.030867022436001434e+01
-6.261335986283266664e+01
-6.534734100037137239e+01
-6.858608429816284513e+01
-7.223084135894610824e+01
-7.601013316804196052e+01
-7.953505616192802563e+01
-8.239446207339111083e+01
-8.426190528787816447e+01
-8.498665131722887622e+01
-8.464751276666456192e+01
-8.355360181234885886e+01
-8.218632492076211804e+01
-8.109600679176445226e+01
-8.078183987962469814e+01
-8.158296990446149266e+01
-8.359706365413278206e+01
-8.663472749266496464e+01
-9.021758291789741691e+01
-9.362429991465253920e+01
-9.597380991540424588e+01
-9.631938923316153023e+01
-9.373131898256698946e+01
-8.737031887193079172e+01
-7.657649847732592718e+01
-6.098767524132134099e+01
-4.066990434701409640e+01
-1.621054828138539960e+01
1.128005128229515464e+01
4.028118545715234688e+01
6.906528564365268608e+01
9.593868759790841239e+01
1.194667301668906418e+02
1.386481188929942618e+02
1.530172749229853935e+02
1.626599617983620760e+02
1.681379556487932518e+02
1.703381845424629546e+02
1.702817677704114772e+02
1.689363340093713646e+02
1.670691156615066575e+02
1.651659598587291384e+02
1.634263345051581382e+02
1.618252357492269766e+02
1.602133257102389621e+02
1.584167282908927632e+02
1.563039863356471528e+02
1.538066373448874344e+02
1.509011679702757078e+02
1.475714644570830387e+02
1.437683974827728548e+02
1.393765261702280043e+02
1.341987093822521899e+02
1.279750020114557145e+02
1.204478830964534950e+02
1.114642282683169725e+02
1.010773906264220159e+02
8.960240343484863956e+01
7.759479834208768523e+01
6.575637994999537739e+01
5.479652078399677606e+01
4.528677588076485705e+01
3.754768689479485744e+01
3.160252634223348878e+01
2.721593808999861253e+01
2.400440456416172808e+01
2.157383276400186389e+01
1.962675761738296032e+01
1.799751490370022466e+01
1.661083776188772632e+01
1.539833504301077483e+01
1.422653648341531607e+01
1.287730380843775535e+01
1.108803540002925914e+01
8.632579305059255859e+00
5.413491847618047359e+00
1.529418311182951129e+00
-2.723298574645454551e+00
-6.939628797055746645e+00
-1.076623805870419659e+01
-1.406473552886478018e+01
-1.699179863774849508e+01
-1.994382825257437020e+01
-2.338199467560013289e+01
-2.761608813622839875e+01
-3.264740678747854474e+01
-3.814202989232305185e+01
-4.354513373447475999e+01
-4.828787194253764881e+01
-5.200429352115078530e+01
-5.467371132493269670e+01
-5.663363681709658692e+01
-5.846026208887371922e+01
-6.076422681390759806e+01
-6.397759336787974860e+01
-6.820780972490780414e+01
-7.320954562289419698e+01
-7.848197954866557779e+01
-8.345148855806679933e+01
-8.766760423792410961e+01
-9.093499425558708538e+01
-9.332612924915245856e+01
-9.506418816687198614e+01
-9.631938923316153023e+01
-9.699745268887490113e+01
-9.660106652175299757e+01
-9.422326330131490124e+01
-8.869913041759041050e+01
-7.889060400597178102e+01
-6.402067581258796736e+01
-4.394202210340279180e+01
-1.924834381489048241e+01
8.797757778038402421e+00
3.848024083502755133e+01
6.791344929341428838e+01
9.531950610928623746e+01
1.192470498190463530e+02
1.387097804258025349e+02
1.532469309271133966e+02
1.629146718920069077e+02
1.682139339018985424e+02
1.699612349829862694e+02
1.691216888518487167e+02
1.666410143121063356e+02
1.633206811651395185e+02
1.597635248003071240e+02
1.563808061717229521e+02
1.534225070750192117e+02
1.509960859258168284e+02
1.490708007617648434e+02
1.474926532490861177e+02
1.460311260027935134e+02
1.444477746151695214e+02
1.425491028012953052e+02
1.401890208306572276e+02
1.372208156427498977e+02
1.334395336251789388e+02
1.285693858739725783e+02
1.223238018962124158e+02
1.145171344909341542e+02
1.051712198262300149e+02
9.456085169781228217e+01
8.317693499035082993e+01
7.162742256181212497e+01
6.051610970760614805e+01
5.033363216468436008e+01
4.138134400639310684e+01
3.374252698591131150e+01
2.731201031005219448e+01
2.188112159215042496e+01
1.724965138108882101e+01
1.331602234400225981e+01
1.009900768625145240e+01
7.676148178355115093e+00
6.072021824152843195e+00
5.162655379211639861e+00
4.655777012447364527e+00
4.162452716159133814e+00
3.320175472109352377e+00
1.896530437989964568e+00
-1.795437032105233754e-01
-2.858212170328915391e+00
-6.036849245604493319e+00
-9.611146648857907593e+00
-1.349417214005348598e+01
-1.761361231111084891e+01
-2.190227342012454770e+01
-2.629023845373082224e+01
-3.070153060035787007e+01
-3.505674986372410729e+01
-3.928283343245811920e+01
-4.332818227205153505e+01
-4.717683336818578255e+01
-5.085501350174610025e+01
-5.442744602543946542e+01
-5.798135793685392514e+01
-6.159266795252403881e+01
-6.527347798302456283e+01
-6.891954396040790698e+01
-7.229568872161887327e+01
-7.509062215740971169e+01
-7.703581314687140491e+01
-7.804344164608352230e+01
-7.830589977554370762e+01
-7.831294608104738586e+01
-7.876137641787008192e+01
-8.035007022262261955e+01
-8.348558535729847563e+01
-8.797581866843719922e+01
-9.283493777656580903e+01
-9.631938923316153023e+01
-9.624537679202256868e+01
-9.053150635720106720e+01
-7.781724382725558087e+01
-5.796531227208639336e+01
-3.227638858496147378e+01
-3.322763054977341923e+00
