-8.918649194922137369e+00
-2.915477008976878892e+01
-4.637072571537862586e+01
-5.851889474899873989e+01
-6.503714553307133883e+01
-6.679209169093745402e+01
-6.555428558931325256e+01
-6.328709049070219805e+01
-6.151821090465332276e+01
-6.096121759483168034e+01
-6.144038138302352081e+01
-6.207480459339276990e+01
-6.161468664236592474e+01
-5.881331746329980348e+01
-5.275453936582582770e+01
-4.309220288875802396e+01
-3.016447143268174713e+01
-1.494528808609160109e+01
1.170222895833729737e+00
1.668483457639552370e+01
3.031694776084105314e+01
4.122372204998315226e+01
4.909035866448738261e+01
5.409965242542964603e+01
5.682081088243452172e+01
5.805265933259347833e+01
5.864246286759660620e+01
5.929872244974698958e+01
6.043056251094691333e+01
6.206216053036156666e+01
6.386155835052792895e+01
6.527924845208571014e+01
6.574004871958534579e+01
6.481477491131744273e+01
6.232724153123064070e+01
5.839216706100538801e+01
5.339314902815939945e+01
4.790329057608131791e+01
4.255707340152461882e+01
3.790660852869612540e+01
3.431008970716528239e+01
3.188475242990880076e+01
3.052276333192025248e+01
2.994333816701734463e+01
2.975463843716023149e+01
2.951842617510153843e+01
2.882570220267275118e+01
2.738383971963778407e+01
2.509050088325524541e+01
2.205378402167280782e+01
1.853405022359686427e+01
1.482425078666932983e+01
1.112335206181563052e+01
7.467673161851905661e+00
3.761171526364808226e+00
-1.053017839596854799e-01
-4.112746417268693833e+00
-8.043696793297367975e+00
-1.154161815024244220e+01
-1.427976568660678680e+01
-1.615234154096136976e+01
-1.739081593408623050e+01
-1.854713640633669769e+01
-2.033669427546144703e+01
-2.338173902034117546e+01
-2.794338937265119682e+01
-3.375885216457261606e+01
-4.007483977476946535e+01
-4.588497516014797384e+01
-5.027914870014699034e+01
-5.275145112730238139e+01
-5.332922047448217739e+01
-5.247731058350207434e+01
-5.084751122807636392e+01
-4.901275255926748997e+01
-4.731323795599405457e+01
-4.586599362878789776e+01
-4.469735147692860266e+01
-4.389447824766983786e+01
-4.367160717714809692e+01
-4.431247415936568501e+01
-4.603473268381983985e+01
-4.886235953130780274e+01
-5.257084638433988744e+01
-5.671884245325389884e+01
-6.073955712956731645e+01
-6.405420461346685101e+01
-6.617755554876028157e+01
-6.679209169093745402e+01
-6.576933457294710195e+01
-6.312833655517238185e+01
-5.894903916697992940e+01
-5.328303579716829574e+01
-4.610894713863974204e+01
-3.735514269989388936e+01
-2.698131744752713956e+01
-1.509046573033570482e+01
-2.030119999530556996e+00
1.156523269069098703e+01
2.482687903286714004e+01
3.680356472942337831e+01
4.667815622156339117e+01
5.398297251791387907e+01
5.873040850206065500e+01
6.139473029068329879e+01
6.274156906438140169e+01
6.356965295723500731e+01
6.446200335342885523e+01
6.562933019892329867e+01
6.688561857570942948e+01
6.775086942494085918e+01
6.764170725214373192e+01
6.608620855287884410e+01
6.288930531166187166e+01
5.819378148367969317e+01
5.242724671793162372e+01
4.617108015099195484e+01
4.001001616564519736e+01
3.441685885460356786e+01
2.970111337268535934e+01
2.601510191538091732e+01
2.338766583435686286e+01
2.175704782734928244e+01
2.099079113899026439e+01
2.089370655411139310e+01
2.120895203993008948e+01
2.161571869078835562e+01
2.172803643382316707e+01
2.110882960815928300e+01
1.932339560832398817e+01
1.604683913629561332e+01
1.120232587166190541e+01
5.064161890591245552e+00
-1.748094319750835623e+00
-8.413694232918917493e+00
-1.415132962956084661e+01
-1.846296005443908683e+01
-2.128257394807900482e+01
-2.297156734577352566e+01
-2.416501652944180023e+01
-2.553241800722917176e+01
-2.755174587035083178e+01
-3.038834503755949257e+01
-3.391339476696103361e+01
-3.782042822717028230e+01
-4.175721178222186580e+01
-4.540880165010883474e+01
-4.851956158285718601e+01
-5.088588982526786708e+01
-5.236393292896272555e+01
-5.291456957906633818e+01
-5.266607536751999419e+01
-5.194433779854140454e+01
-5.122698930569796261e+01
-5.101532124250661582e+01
-5.166119397079133790e+01
-5.321920571147867207e+01
-5.540369208675637935e+01
-5.769512183156073348e+01
-5.956272962713318719e+01
-6.069721616507669637e+01
-6.113629764512149478e+01
-6.122583036034206572e+01
-6.144406065418363028e+01
-6.217206181423288314e+01
-6.350134300720641534e+01
-6.514705962271226269e+01
-6.649901866286589325e+01
-6.679209169093745402e+01
-6.532315673204075779e+01
-6.162045622564799174e+01
-5.550602715957017352e+01
-4.706080847497639752e+01
-3.654740635621874389e+01
-2.434539896180766760e+01
-1.091939408654130794e+01
3.194552246531577211e+00
1.740658120433822020e+01
3.110456078570121008e+01
4.369731668820017489e+01
5.466322874533221921e+01
6.359904748747701575e+01
7.026822644432829179e+01
7.464828880668369493e+01
7.696709709124479559e+01
7.770671021143095913e+01
7.755144113906585801e+01
7.726464919351455762e+01
7.749914120124206818e+01
7.858509898628057044e+01
8.038187128988445806e+01
8.228428554429348196e+01
8.341583958753994921e+01
8.294729090387944836e+01
8.040953394512170860e+01
7.586999573717717738e+01
6.991041836893847972e+01
6.343498801053804925e+01
5.739944461294135181e+01
5.256140106382185451e+01
4.931856744321866159e+01
4.765314963288932404e+01
4.717097087427082869e+01
4.722254019649275136e+01
4.709160063222191184e+01
4.620916918421665542e+01
4.431958726830542616e+01
4.153128043511100032e+01
3.823366621170494994e+01
3.491973909685819422e+01
3.199025558610840747e+01
2.961647100881135586e+01
2.770157136414149690e+01
2.592702548421741682e+01
2.384208809166497289e+01
2.097085310716195750e+01
1.693782503001368056e+01
1.160822087265707125e+01
5.204211666463457675e+00
-1.669288544516192019e+00
-8.140585512345641206e+00
-1.331840495119574896e+01
-1.658484793724255368e+01
-1.781153437056471489e+01
-1.740646331568072114e+01
-1.617837445645830385e+01
-1.508304784308769797e+01
-1.495000720351446333e+01
-1.627389363070428274e+01
-1.911616421427657286e+01
-2.312402780114801004e+01
-2.764732150018439683e+01
-3.192372746291279384e+01
-3.529939290373257421e+01
-3.743918197188961017e+01
-3.846021772433226715e+01
-3.892292267812754858e+01
-3.965664579811951285e+01
-4.146498848417385119e+01
-4.481141177354305682e+01
-4.960434754747856800e+01
-5.517719797105897328e+01
-6.049440609423079707e+01
-6.452309896659870958e+01
-6.662479597190669267e+01
-6.679209169093745402e+01
-6.561387845768838645e+01
-6.398192559385520894e+01
-6.268032784921089728e+01
-6.204885307656138593e+01
-6.185721494917214613e+01
-6.141589317330269182e+01
-5.985016417385773480e+01
-5.641608514419144171e+01
-5.074052250987438129e+01
-4.290872234045041012e+01
-3.338687839487182885e+01
-2.283121373095894313e+01
-1.187229147336423551e+01
-9.567016563470183144e-01
9.713333493049908896e+00
2.014795496337970349e+01
