3.496062615174107435e+00
3.689841698773752654e+01
6.406432830088509434e+01
8.058244844612548263e+01
8.497656958684459028e+01
7.874313746677722747e+01
6.547740645492730494e+01
4.955092863374741796e+01
3.484630452110152987e+01
2.391166105136743880e+01
1.768082834722089558e+01
1.570264922096725257e+01
1.668446185504361523e+01
1.910514629736787384e+01
2.169388793968497708e+01
2.367060361461327034e+01
2.475002597158934492e+01
2.498480485738328838e+01
2.455200248251109230e+01
2.357524221080260673e+01
2.203491191597797183e+01
1.977353132439579753e+01
1.657065839105063532e+01
1.224621306822965749e+01
6.749694032096378749e+00
2.028966866936059432e-01
-7.115372047739928263e+00
-1.482876695061353978e+01
-2.253858967551034098e+01
-2.989248682976137417e+01
-3.664205239041162088e+01
-4.269201240020942123e+01
-4.813242676276213672e+01
-5.323172457578834837e+01
-5.837317785668799530e+01
-6.394174621347978871e+01
-7.019495487291628422e+01
-7.716322425887753411e+01
-8.461660714539704031e+01
-9.211233691385922384e+01
-9.910963933913500057e+01
-1.051133748759869775e+02
-1.097978352259082016e+02
-1.130748052873087914e+02
-1.150986265851278461e+02
-1.162236149324849066e+02
-1.169298402011000206e+02
-1.177224150649276453e+02
-1.190119017254033054e+02
-1.210033945602820893e+02
-1.236364077208808112e+02
-1.266069053681218293e+02
-1.294701464411160714e+02
-1.317879150629175058e+02
-1.332658635723050793e+02
-1.338351868244234879e+02
-1.336606873297439506e+02
-1.330858375538314817e+02
-1.325397484218874808e+02
-1.324318221177032342e+02
-1.330573417531139171e+02
-1.345353634038700079e+02
-1.367949895227228581e+02
-1.396137136001266299e+02
-1.426939619214238633e+02
-1.457499505154906387e+02
-1.485759970639645644e+02
-1.510797337491620453e+02
-1.532808222903699402e+02
-1.552870842698466731e+02
-1.572566857621569056e+02
-1.593398786645034022e+02
-1.615854719644587476e+02
-1.638118910962896280e+02
-1.654735391095443617e+02
-1.655776959406258300e+02
-1.627095125742319510e+02
-1.552007337259736630e+02
-1.414364182146631492e+02
-1.202419800289787162e+02
-9.124700451587374062e+01
-5.510592970122664269e+01
-1.348748146828332750e+01
3.117795931907772911e+01
7.611426324840535074e+01
1.186476028833439216e+02
1.565685423315716776e+02
1.883493535599988604e+02
2.132177057644414901e+02
2.311177292642907446e+02
2.425898154438621646e+02
2.485921960502076047e+02
2.502897579051721095e+02
2.488477978931715882e+02
2.452724679822625262e+02
2.403245931712267236e+02
2.345073409344018387e+02
2.281055825862285076e+02
2.212451978935707757e+02
2.139456898500818340e+02
2.061533941223379429e+02
1.977566815671894744e+02
1.885937564437490721e+02
1.784675511965633348e+02
1.671825870894882087e+02
1.546138392236606194e+02
1.408009757497347891e+02
1.260338418196039640e+02
1.108768970937777141e+02
9.609644769444174983e+01
8.250461480913070034e+01
7.078379960608658905e+01
6.136549174169523724e+01
5.440097742910476342e+01
4.980953610741303805e+01
4.735765769719679241e+01
4.672249091859674053e+01
4.751559049831035964e+01
4.927620909371541558e+01
5.147077318235287180e+01
5.353554180786633765e+01
5.496555762513795429e+01
5.541010019576788892e+01
5.472096461480221308e+01
5.292724010889175901e+01
5.015592258958681526e+01
4.654702869430190049e+01
4.220561495944269126e+01
3.720028693927294938e+01
3.158750437632744124e+01
2.543591547049132373e+01
1.884038022979732929e+01
1.192801745795981461e+01
4.856070071665464560e+00
-2.205900421725852212e+00
-9.114057977360754847e+00
-1.579836595907919872e+01
-2.229316351710480149e+01
-2.871778354511937437e+01
-3.519736198733504295e+01
-4.175929352816886819e+01
-4.827206428131913185e+01
-5.447450852615143191e+01
-6.008454191695729207e+01
-6.492574562619380174e+01
-6.900532539762427575e+01
-7.251253028051652905e+01
-7.574948117974797412e+01
-7.903084027131333755e+01
-8.259156710340042196e+01
-8.653135289522191442e+01
-9.080656119253374925e+01
-9.526059683233916076e+01
-9.967147241422605930e+01
-1.037989565720548626e+02
-1.074254286051028231e+02
-1.103896448855284973e+02
-1.126107448088562677e+02
-1.141011606548159136e+02
-1.149720895890196743e+02
-1.154346342199287108e+02
-1.157905935519966647e+02
-1.163992938893022426e+02
-1.176134516643676022e+02
-1.196953055099262997e+02
-1.227377314642732244e+02
-1.266160647583224659e+02
-1.309918662023548848e+02
-1.353814782505630490e+02
-1.392812562538588566e+02
-1.423118792629067855e+02
-1.443298784889587409e+02
-1.454699205018080761e+02
-1.461116041316554686e+02
-1.467862029885949084e+02
-1.480451785586733422e+02
-1.503099017599504066e+02
-1.537188778629689523e+02
-1.579912958037420481e+02
-1.623352439837992165e+02
-1.654384838150747896e+02
-1.655776959406258300e+02
-1.608597914208401960e+02
-1.495674605870785001e+02
-1.305361834722051810e+02
-1.034650171271469645e+02
-6.907313831377443591e+01
-2.905280636869913735e+01
1.417908281308039165e+01
5.787606327165435971e+01
9.940556996049527072e+01
1.366263509368095015e+02
1.681101927078770188e+02
1.931758062937946931e+02
2.117667338195232958e+02
2.242498246131524411e+02
2.312204224993273840e+02
2.333734435214200857e+02
2.314508469468618728e+02
2.262323058594305678e+02
2.185230553555438178e+02
2.091150136593717264e+02
1.987279021448496223e+02
1.879477398374509676e+02
1.771736150246959483e+02
1.665816920176533529e+02
1.561229257007805700e+02
1.455727335527523678e+02
1.346347211867308715e+02
1.230714699587478975e+02
1.108141162033878970e+02
9.801027294234322085e+01
8.500448460549698382e+01
7.227730434906209211e+01
6.037288969610006006e+01
4.982832388245816446e+01
4.110736766541975840e+01
3.454627150249077516e+01
3.032355400974212500e+01
2.845586390049566106e+01
2.880741210391883556e+01
3.109892882194371211e+01
3.491663387785003891e+01
3.973627562666260360e+01
4.497399971644651373e+01
5.005564517778643108e+01
5.448001579476606082e+01
5.785715695637377110e+01
5.992294785591932538e+01
6.054416329164497768e+01
5.972221939318445294e+01
5.759020850039559036e+01
5.439461035137706801e+01
5.046264917545936157e+01
4.616383181551198334e+01
4.186951927761246850e+01
3.790649149460874412e+01
3.450351431515903755e+01
3.174296430296431382e+01
2.953920926859662544e+01
2.766136793052531928e+01
2.580060392073352205e+01
2.366117851839116071e+01
2.104345999096671704e+01
1.789273974832586944e+01
1.430554462357277146e+01
1.050363620490298544e+01
6.793218364258782671e+00
3.519846894314525798e+00
1.018773496910270637e+00
-4.414675084219865653e-01
-7.178043993648621779e-01
1.577650738178490997e-01
1.952030494167804164e+00
4.239436752138587394e+00
6.450309993334663261e+00
7.956266604509998785e+00
8.185937673220996302e+00
6.756093000895779355e+00
3.591000982051888002e+00
-1.008442297343947303e+00
-6.387264969326363229e+00
