-1.386884459758965420e+02
-1.214837757443304014e+02
-1.081558191038995744e+02
-1.015756963493844154e+02
-1.027640219194884139e+02
-1.108627332416600098e+02
-1.236836692847827095e+02
-1.385471923422936129e+02
-1.530871333447080076e+02
-1.657783948306358752e+02
-1.760787246171285858e+02
-1.842133743517458697e+02
-1.907311591312476367e+02
-1.960046963202772758e+02
-1.998397176792372250e+02
-2.013119795501190481e+02
-1.988795547784205837e+02
-1.907349539023307727e+02
-1.752829652736398884e+02
-1.515878368432007903e+02
-1.196529983171621012e+02
-8.046425392144462307e+01
-3.580178810087087271e+01
1.211553548489949605e+01
6.104533748722998610e+01
1.090647836630608225e+02
1.547361464274700324e+02
1.970717060481402996e+02
2.353701247217839523e+02
2.690451623377492751e+02
2.975463939208621582e+02
3.204032504396077456e+02
3.373498681843184954e+02
3.484459497093911295e+02
3.541169053857710196e+02
3.550846763582419499e+02
3.522169374417602512e+02
3.463572292538988222e+02
3.381989017175465619e+02
3.282355091941589649e+02
3.167783932647604388e+02
3.040039770375493617e+02
2.899929150933940036e+02
2.747442327683601206e+02
2.581732209142941770e+02
2.401189707473297119e+02
2.203880467096703057e+02
1.988404931821709454e+02
1.754896484374040426e+02
1.505631215515604993e+02
1.244877204968164222e+02
9.781222007752307945e+01
7.112218110440102237e+01
4.499211257343527137e+01
1.997918237898446492e+01
-3.366375079490857569e+00
-2.450183603618265948e+01
-4.292365852324192588e+01
-5.823922594574642631e+01
-7.026468441811775278e+01
-7.910674149546242973e+01
-8.518048227946150064e+01
-8.914316412731740513e+01
-9.176082768081430174e+01
-9.374405496861712095e+01
-9.559547077508082680e+01
-9.751708048105595594e+01
-9.941906387799554068e+01
-1.010351857741895572e+02
-1.020964958820287052e+02
-1.024846914788112997e+02
-1.023036527668080851e+02
-1.018558538366788184e+02
-1.015546444100661461e+02
-1.018223867917860730e+02
-1.030156294384041757e+02
-1.053897690913986480e+02
-1.090838746936940424e+02
-1.140952441277712808e+02
-1.202360213216329612e+02
-1.271032778984419451e+02
-1.341107633004430966e+02
-1.406038552574754306e+02
-1.460277423770677672e+02
-1.500829875114486356e+02
-1.528073738541806961e+02
-1.545590618310394007e+02
-1.559169944681749485e+02
-1.575401344364496765e+02
-1.600275305976104221e+02
-1.638006172825416513e+02
-1.690121787443958681e+02
-1.754923891105329119e+02
-1.827532574174366289e+02
-1.900571376868918776e+02
-1.965190978152523655e+02
-2.011948286475112297e+02
-2.031216052242078547e+02
-2.013119795501190481e+02
-1.947301537179782542e+02
-1.822995643983050797e+02
-1.629835876275654698e+02
-1.359481506776172921e+02
-1.007684639972545426e+02
-5.761230277599639749e+01
-7.332569306160735323e+00
4.857127256560072226e+01
1.081227244716245934e+02
1.691290311108809306e+02
2.294681270192513693e+02
2.873331226687880644e+02
3.413824875260194176e+02
3.907736505748579248e+02
4.350903104031622206e+02
4.741992000750714169e+02
5.080861820128947102e+02
5.367261600745198393e+02
5.600328172735935368e+02
5.779044373808053479e+02
5.903363901531909050e+02
5.975344818122467814e+02
5.999622825146568630e+02
5.982928725817555460e+02
5.932877861957387040e+02
5.856594095438024397e+02
5.759663469965119020e+02
5.645556335023643442e+02
5.515399591355657094e+02
5.368059441085699746e+02
5.200691147422428458e+02
5.009862274405511471e+02
4.793040248369065921e+02
4.549962078848177498e+02
4.283410196230136648e+02
3.999160443655175641e+02
3.705170603714526578e+02
3.410316629316000672e+02
3.123083132787480736e+02
2.850532543192110779e+02
2.597691696594364430e+02
2.367360891858202478e+02
2.160312772940440027e+02
1.975817051971363298e+02
1.812353573032850989e+02
1.668321443836793776e+02
1.542556965838738279e+02
1.434502115275979577e+02
1.343928878209722768e+02
1.270288264109474454e+02
1.211962889907494230e+02
1.165783987140843294e+02
1.127046365393973559e+02
1.090029447339604189e+02
1.048882161587249868e+02
9.986921850083491847e+01
9.365110693651195106e+01
8.619887482829757630e+01
7.772554929360794063e+01
6.859589679104144011e+01
5.918071976341960294e+01
4.972419622465949374e+01
4.027509976349062981e+01
3.069508469545732510e+01
2.072651512393946405e+01
1.009456848960894604e+01
-1.381314200789717006e+00
-1.369984515396296842e+01
-2.665393049103073508e+01
-3.989210644858326305e+01
-5.304345730255548119e+01
-6.584375140763265222e+01
-7.819872313304310296e+01
-9.016246870532560820e+01
-1.018601306249545644e+02
-1.134053456284127321e+02
-1.248495160895832612e+02
-1.361742597696465680e+02
-1.473173456159059640e+02
-1.582071715741320475e+02
-1.687702037998641629e+02
-1.788756805747494525e+02
-1.882037337579084522e+02
-1.960721655868652249e+02
-2.013119795501190481e+02
-2.022952768394365819e+02
-1.971657911173734590e+02
-1.842363615985469494e+02
-1.624223367892733165e+02
-1.315683569077033610e+02
-9.256277628402946789e+01
-4.720171493428338749e+01
2.158443092886642489e+00
5.305196935720110218e+01
1.033107071550494140e+02
1.513005654198916830e+02
1.959456251543601297e+02
2.365965445935908065e+02
2.728476518547730620e+02
3.043865408050829728e+02
3.309108538919890634e+02
3.521125535187364903e+02
3.677171430461182808e+02
3.775594859366373157e+02
3.816711392336328572e+02
3.803489070702505614e+02
3.741758567568855369e+02
3.639760275591692675e+02
3.507005808978750565e+02
3.352661177119365448e+02
3.183908103531654206e+02
3.004826601502567200e+02
2.816135267536245692e+02
2.615778609563557211e+02
2.400117915314237678e+02
2.165395494163715568e+02
1.909080294333819552e+02
1.630686693128891704e+02
1.331845851100538027e+02
1.015795785627241088e+02
6.867549429806400951e+01
3.495873418835773805e+01
9.847517489756256737e-01
-3.259804295868107715e+01
-6.503292625844881059e+01
-9.547398255735569705e+01
-1.230554882446944447e+02
-1.470076416888616109e+02
-1.667922138755364188e+02
-1.822197189483782722e+02
-1.935148464364486642e+02
-2.013119795501190481e+02
-2.065760892972967326e+02
-2.104544784044103949e+02
-2.140783069572257773e+02
-2.183503879715238440e+02
-2.237673586772005763e+02
-2.303208812923023174e+02
-2.375091057091601954e+02
-2.444748986709780070e+02
-2.502628656751375615e+02
-2.541411376861228462e+02
-2.558831563458456912e+02
-2.558901868135616837e+02
-2.550850666523185737e+02
-2.546091507400075784e+02
-2.554526019634211593e+02
-2.581762814280932616e+02
-2.628183830405281469e+02
-2.689714654316907172e+02
-2.759467963440548601e+02
-2.829471539062183183e+02
-2.892148568532283548e+02
-2.941601406114742758e+02
-2.974819123769978546e+02
-2.992713738309100222e+02
-3.000589396558331714e+02
-3.007520536341967841e+02
-3.024333779173538801e+02
-3.060438917070050024e+02
-3.120413313322196132e+02
-3.201673233002393317e+02
-3.294449313153089633e+02
