-3.855439630423625630e+01
-4.752219636907699396e+01
-5.557701069528349080e+01
-6.204161644039714929e+01
-6.665011150418395403e+01
-6.958278922955082635e+01
-7.137069399883590393e+01
-7.271099010748130809e+01
-7.425809315939062571e+01
-7.645594689471104743e+01
-7.945497852747003265e+01
-8.312472122881632686e+01
-8.714385048737983652e+01
-9.112989263181991362e+01
-9.476203530285528132e+01
-9.785589428136050572e+01
-1.003709583147079201e+02
-1.023611056824692156e+02
-1.039021501073527247e+02
-1.050384267382498109e+02
-1.057784503544995260e+02
-1.061393915983457532e+02
-1.062049399314390286e+02
-1.061450625637957188e+02
-1.061676115457199359e+02
-1.064206390238707769e+02
-1.069036652939320220e+02
-1.074454032899419786e+02
-1.077669728287419417e+02
-1.076012736523926634e+02
-1.068102072442287920e+02
-1.054462380748192487e+02
-1.037369916026143102e+02
-1.020091073311443495e+02
-1.005891834184281066e+02
-9.971924149594165954e+01
-9.950975839267499623e+01
-9.993536214940637308e+01
-1.008622974949866204e+02
-1.020881722776026947e+02
-1.033791917287244218e+02
-1.045031477053885425e+02
-1.052631711711682954e+02
-1.055305783677220575e+02
-1.052608598314931072e+02
-1.044658551270636764e+02
-1.031200003457661296e+02
-1.010079088789517812e+02
-9.756748336150009493e+01
-9.182035122131203764e+01
-8.247373656206916337e+01
-6.820849995471225213e+01
-4.806794926645390831e+01
-2.179629299934842379e+01
1.000952349118861839e+01
4.598450257852111633e+01
8.426115701364302879e+01
1.227960171513755228e+02
1.596474523257714964e+02
1.931600235028231509e+02
2.220720189167843159e+02
2.455807743625378521e+02
2.633808118289039157e+02
2.756616466043769265e+02
2.830412022182041483e+02
2.864284982662998118e+02
2.868425481585520629e+02
2.852341808538859027e+02
2.823492029275589630e+02
2.786485558684473745e+02
2.742862494981164332e+02
2.691455848382059344e+02
2.629350122847789635e+02
2.553292158434665566e+02
2.461115893139560740e+02
2.352607410856640513e+02
2.229499997338794515e+02
2.094787243194442681e+02
1.951855979528390890e+02
1.803858480383330516e+02
1.653440065256700677e+02
1.502723908760137306e+02
1.353446884035923006e+02
1.207209569278074497e+02
1.065794113859880383e+02
9.314205812619037772e+01
8.067785406580773611e+01
6.947582365385540015e+01
5.979411285619521266e+01
5.179722407491080105e+01
4.549465435732751217e+01
4.070178062039023104e+01
3.705423986153579108e+01
3.409823792672972331e+01
3.143999756188653549e+01
2.888778858289892781e+01
2.650125118550772640e+01
2.450494679712436152e+01
2.310747847269249888e+01
2.232928505394597707e+01
2.193047500791793070e+01
2.146190566931783295e+01
2.039826079526795510e+01
1.828813545280750930e+01
1.486813388576976536e+01
1.011492854650805739e+01
4.233905969353131127e+00
-2.401834861909549090e+00
-9.340840899069675629e+00
-1.614723485762398525e+01
-2.247794086084711296e+01
-2.812830656363991011e+01
-3.303968427237427363e+01
-3.727318133103288744e+01
-4.096511827065388900e+01
-4.428334266394291774e+01
-4.739254969479797808e+01
-5.042250309673377728e+01
-5.343720474142730836e+01
-5.642355367486426587e+01
-5.932162016585296271e+01
-6.208707384497360238e+01
-6.474185862351949083e+01
-6.737568714081501753e+01
-7.010349150104757143e+01
-7.301631098928692154e+01
-7.615562343457584404e+01
-7.951067341785588383e+01
-8.302041391619856370e+01
-8.656930203903378640e+01
-8.998532315294171724e+01
-9.306032524409137352e+01
-9.560609645545194724e+01
-9.753352432581858977e+01
-9.891148275330338890e+01
-9.995642010350353246e+01
-1.009392329470087617e+02
-1.020499982405740553e+02
-1.032922956445527944e+02
-1.044671549110636732e+02
-1.052608598314931072e+02
-1.053959733296788528e+02
-1.047722905851399133e+02
-1.035343373981886401e+02
-1.020409030102501475e+02
-1.007569743775522255e+02
-1.001120588744215496e+02
-1.003699139269784411e+02
-1.015407899415876471e+02
-1.033464028322494386e+02
-1.052309532931264044e+02
-1.064056287258835169e+02
-1.059138972313223093e+02
-1.027057452098375308e+02
-9.571746140409108250e+01
-8.397060109151014728e+01
-6.671044124853086998e+01
-4.358231510785127227e+01
-1.480357834677834461e+01
1.873854875100879269e+01
5.552326294723098954e+01
9.358085400503232165e+01
1.307826067584367138e+02
1.651553869287084240e+02
1.951395249072651268e+02
2.197375753303001034e+02
2.385441469096280684e+02
2.516838050722586217e+02
2.596947725400850118e+02
2.633827372851061455e+02
2.636602563514537678e+02
2.613968056389240360e+02
2.573107267677479513e+02
2.519192242448957870e+02
2.455400694091167679e+02
2.383275544639896850e+02
2.303241907095415115e+02
2.215104250175950824e+02
2.118370949683961157e+02
2.012347509089641733e+02
1.896131695042555805e+02
1.768809205943364873e+02
1.630037727553086029e+02
1.480813380417048393e+02
1.323916342265793560e+02
1.163645064541238554e+02
1.004868806804045249e+02
8.518447900214593460e+01
7.074178472240966187e+01
5.730447312406361249e+01
4.496197592622485928e+01
3.385433528901936029e+01
2.422017997881363982e+01
1.633066343258781927e+01
1.033257499132392354e+01
6.099279441688421954e+00
3.197310524467017245e+00
1.005942260958780921e+00
-1.071273702922546534e+00
-3.417757040286185877e+00
-6.128231711529029901e+00
-9.061274615445492842e+00
-1.196894304859602087e+01
-1.463556538328269241e+01
-1.698279483406434309e+01
-1.912608162427736858e+01
-2.137435845221242303e+01
-2.416231257040410085e+01
-2.791865129333281459e+01
-3.290805826882131413e+01
-3.911378408348977587e+01
-4.622039008945290561e+01
-5.370664235027098954e+01
-6.099914680404528866e+01
-6.761282197536854710e+01
-7.323013393803171311e+01
-7.771648505631040393e+01
-8.109382398227103295e+01
-8.349435257945891919e+01
-8.511135428583968121e+01
-8.616022081227082197e+01
-8.685512603325622649e+01
-8.740064418088545040e+01
-8.799482084046793773e+01
-8.883198963209576959e+01
-9.008511387198525711e+01
-9.185893891135789602e+01
-9.413558117406100223e+01
-9.675302816300003883e+01
-9.944179113872831977e+01
-1.019054597864614493e+02
-1.038989220038816086e+02
-1.052608598314931072e+02
-1.058942108960455073e+02
-1.057294603494392078e+02
-1.047168082619867562e+02
-1.028660776433478077e+02
-1.003108317256125019e+02
-9.734819369309317949e+01
-9.441445226555255488e+01
-9.199085505444233490e+01
-9.047176264269276658e+01
-9.004724124760456050e+01
-9.064653485541776945e+01
-9.196432605645179592e+01
-9.355960661631640107e+01
-9.498955331168258454e+01
-9.593232682067524308e+01
-9.626751114801629683e+01
-9.610328297564439026e+01
-9.574447031483224180e+01
-9.559111179575666029e+01
-9.596904922241822078e+01
-9.693347627918154785e+01
-9.812924832213849413e+01
-9.879572072106461178e+01
-9.794733936597499735e+01
-9.467194462416162537e+01
-8.842836246120840826e+01
-7.923417964727407536e+01
-6.769602537744343351e+01
-5.489627804992131388e+01
