-1.555466619816203000e+01
-1.711937716936726162e+01
-1.916883714359936519e+01
-2.211905896113600889e+01
-2.618613636617612173e+01
-3.133630257116580964e+01
-3.728924399194005446e+01
-4.357517524736317682e+01
-4.963533297147605339e+01
-5.494476720317106810e+01
-5.912585381416425889e+01
-6.201899773713775943e+01
-6.368874328477606639e+01
-6.436254048934554817e+01
-6.431995256061652810e+01
-6.377410891435196305e+01
-6.280465431932589837e+01
-6.138378817154924860e+01
-5.947765912136321731e+01
-5.714920380500699082e+01
-5.458903841281306768e+01
-5.205873324193576934e+01
-4.979597424032711217e+01
-4.795469845704424472e+01
-4.662159965876020351e+01
-4.588920000538955435e+01
-4.592266710536348739e+01
-4.696382431902208765e+01
-4.925905275918412229e+01
-5.294313835035919169e+01
-5.793561121477249287e+01
-6.390263159382820390e+01
-7.030859219392370107e+01
-7.654217651139256873e+01
-8.207176761035994161e+01
-8.657625019676200395e+01
-9.000884548826368814e+01
-9.257561157519658934e+01
-9.463572335276893455e+01
-9.654999658941450491e+01
-9.851605627369761464e+01
-1.004334606278073494e+02
-1.018398351636545129e+02
-1.019504479233862639e+02
-9.981359645493265020e+01
-9.455314222650797262e+01
-8.561960373234228427e+01
-7.295335716885719535e+01
-5.700335225751464208e+01
-3.861518218852577178e+01
-1.885068977938564672e+01
1.195934478974512327e+00
2.054505496250262908e+01
3.842587166258297060e+01
5.431941440781793062e+01
6.796337200406807710e+01
7.933623538535081821e+01
8.862986383652057043e+01
9.620409468241484774e+01
1.025115165767071659e+02
1.079934404194994073e+02
1.129675272244497677e+02
1.175376342727713848e+02
1.215546171334892733e+02
1.246468509595739818e+02
1.263205570380238214e+02
1.261052820968195078e+02
1.237014744180448673e+02
1.190835785095554655e+02
1.125200636282094990e+02
1.044918483021110234e+02
9.553033335017168781e+01
8.604343462630359340e+01
7.621439467928462363e+01
6.602110219340352160e+01
5.535808581656663563e+01
4.419638066393776654e+01
3.271037405129875708e+01
2.132236130613398473e+01
1.064347123392106198e+01
1.319304366605592804e+00
-6.173066995417855196e+00
-1.169297606355925723e+01
-1.548306906375865211e+01
-1.806210903736365481e+01
-2.001048417408943436e+01
-2.175102314564711747e+01
-2.342779956619637716e+01
-2.493183768108269049e+01
-2.604559732219539825e+01
-2.662282192512596879e+01
-2.671509005813516069e+01
-2.659397110995492852e+01
-2.667019396590147551e+01
-2.735346439259760842e+01
-2.891463108887121081e+01
-3.140222520690150532e+01
-3.463517078706190233e+01
-3.826143000776858827e+01
-4.185707501247929230e+01
-4.504141410093384934e+01
-4.758442606202948610e+01
-4.947630065294616486e+01
-5.093170537116262153e+01
-5.232703358621893130e+01
-5.410183764467137735e+01
-5.666725541180414893e+01
-6.034526736083743970e+01
-6.532879800057463626e+01
-7.163076484267821797e+01
-7.900208590893355165e+01
-8.684123582916639350e+01
-9.415791957945465640e+01
-9.965517966954207907e+01
-1.019504479233862639e+02
-9.988932439884290204e+01
-9.285261353376610316e+01
-8.094989795169949787e+01
-6.502661686624907134e+01
-4.648323268534035435e+01
-2.696649232293416887e+01
-8.023443819646340458e+00
9.189585195620523450e+00
2.406797031875091619e+01
3.655030257601880805e+01
4.695815799656442380e+01
5.576102365682254458e+01
6.336604297789408236e+01
7.000099651144711288e+01
7.570059975339543712e+01
8.036321695022724043e+01
8.383212814154755677e+01
8.596095782842920130e+01
8.663948909066262161e+01
8.578336070402480118e+01
8.331588071969282794e+01
7.917192586399393406e+01
7.333057091830171714e+01
6.585603624603962203e+01
5.691964330286886309e+01
4.679418488253236319e+01
3.583734149959302329e+01
2.448392248317593811e+01
1.324210390401115234e+01
2.665160042966579823e+00
-6.723263229785921169e+00
-1.453904103397201375e+01
-2.063929270873022759e+01
-2.516653799910258371e+01
-2.851032809166083126e+01
-3.119956017247400837e+01
-3.376677790321556216e+01
-3.662951239878844234e+01
-4.001498333740164526e+01
-4.393023737270459605e+01
-4.817070212424714271e+01
-5.236871003999185348e+01
-5.608841687828375200e+01
-5.895566733702951723e+01
-6.078132491776018753e+01
-6.162557854082092490e+01
-6.177530888294239730e+01
-6.165064695747346235e+01
-6.168796779505920114e+01
-6.224392165208031713e+01
-6.353811067922555367e+01
-6.563173674959664083e+01
-6.843981194477515828e+01
-7.177644921715783255e+01
-7.542144216095934439e+01
-7.918372504641666865e+01
-8.293777794846512563e+01
-8.662123947515513578e+01
-9.019804670846242800e+01
-9.360600711568130805e+01
-9.671596827259097040e+01
-9.932317153150981426e+01
-1.011668709325205100e+02
-1.019504479233862639e+02
-1.013391319081526376e+02
-9.894488356791492834e+01
-9.433099690133911963e+01
-8.707087327288820688e+01
-7.685865880120101679e+01
-6.363602936533669663e+01
-4.768315305081010536e+01
-2.962683105938478789e+01
-1.034783585036021236e+01
9.183151018411557232e+00
2.807254225770397937e+01
4.560671233596004726e+01
6.126709480263766494e+01
7.468637825742125358e+01
8.560085713851111677e+01
9.384146301183115213e+01
9.936765570171233719e+01
1.023114717944220757e+02
1.029883899976347834e+02
1.018534933387177830e+02
9.941790402839681917e+01
9.616367037330867618e+01
9.248883706974284280e+01
8.868452591396076912e+01
8.491950926127145749e+01
8.121238588819190340e+01
7.740310558469954572e+01
7.316040989133934147e+01
6.805514937012470966e+01
6.169592554815135088e+01
5.388300272821385306e+01
4.471280102856277239e+01
3.457923698278460023e+01
2.406857364358172902e+01
1.379908975752660893e+01
4.277647823836971952e+00
-4.175356132123964059e+00
-1.141920869572264685e+01
-1.742433620458958288e+01
-2.218521603832376954e+01
-2.566420148011452795e+01
-2.779595137603281074e+01
-2.854527967920123288e+01
-2.798432845752435583e+01
-2.635273208740036566e+01
-2.407533766549706655e+01
-2.172327149173321459e+01
-1.991888904778682345e+01
-1.920574309075048092e+01
-1.992194848558955300e+01
-2.212002751246144783e+01
-2.556403176253357401e+01
-2.980620136480064275e+01
-3.431420193464579427e+01
-3.860470055815622459e+01
-4.234423427740124168e+01
-4.539566153460614828e+01
-4.780953249755177126e+01
-4.977792037156704907e+01
-5.157791893096934643e+01
-5.352891871525812917e+01
-5.596880029404876211e+01
-5.922645746423673074e+01
-6.355843771104591156e+01
-6.904857320577605151e+01
-7.551946806443277183e+01
-8.251891662736149158e+01
-8.939905353549556821e+01
-9.544072936034368126e+01
-9.995179660891835738e+01
-1.023060569261246826e+02
-1.019504479233862639e+02
-9.843404262069856259e+01
-9.148372484455924791e+01
-8.110032663580778944e+01
-6.762151895436883819e+01
-5.170850590847527428e+01
-3.424477237402824414e+01
-1.616664561472720152e+01
1.730537795760525910e+00
1.895348704031606957e+01
3.538552133699440105e+01
5.124658075197173446e+01
