1.158746729113967433e+01
-4.968778591272401002e+01
-1.036797699870238318e+02
-1.451616251730372085e+02
-1.721553280347408474e+02
-1.859817100025309458e+02
-1.903352925776642053e+02
-1.899037192677153882e+02
-1.890568993083787461e+02
-1.909428582895457964e+02
-1.971057103333607188e+02
-2.075749186231294345e+02
-2.212750812845500263e+02
-2.365550113705924105e+02
-2.516359332681608976e+02
-2.648465290108964609e+02
-2.746324797076175628e+02
-2.794429020521231450e+02
-2.776478205881253416e+02
-2.676100364880552434e+02
-2.479410002232694410e+02
-2.178609544327150047e+02
-1.775196719598344544e+02
-1.281506543086078409e+02
-7.200369598619610656e+01
-1.207295353421149997e+01
4.831731076145663906e+01
1.059835995862044626e+02
1.583145756988370465e+02
2.035699843235499031e+02
2.409806243307444902e+02
2.706425592880314070e+02
2.932698865510247401e+02
3.099032623215972535e+02
3.216477375837730506e+02
3.294723519962181513e+02
3.340858552467126970e+02
3.358992751733513842e+02
3.350686588459037694e+02
3.315832309949659589e+02
3.253524700121786282e+02
3.162620773011025221e+02
3.041989774607686741e+02
2.890656900686803397e+02
2.708028374957328879e+02
2.494237682773484437e+02
2.250539049915590795e+02
1.979659031135220459e+02
1.686049287174395204e+02
1.375996733656266429e+02
1.057516579207720753e+02
7.399235346271477454e+01
4.330480813834806497e+01
1.462587806860640427e+01
-1.124113635439723069e+01
-3.368530442535666936e+01
-5.232656341448497272e+01
-6.705025757717025670e+01
-7.803459311142867705e+01
-8.574889755305008521e+01
-9.090655253918717449e+01
-9.437831676883264720e+01
-9.708680989224561131e+01
-9.990219991920214682e+01
-1.035490439283975661e+02
-1.085262784354673471e+02
-1.150429531136343684e+02
-1.229803687352044363e+02
-1.319024471490730264e+02
-1.411391806775659745e+02
-1.499472465151002893e+02
-1.577111707314105331e+02
-1.641186086814814473e+02
-1.692483651498362747e+02
-1.735412157482409441e+02
-1.776618477890966403e+02
-1.822972305682578451e+02
-1.879626313296551814e+02
-1.948839263935313681e+02
-2.029909590489813809e+02
-2.120102205875873267e+02
-2.216072648697272598e+02
-2.315101596471695018e+02
-2.415486762409696553e+02
-2.515742442218277120e+02
-2.612807630982879346e+02
-2.700032759751500180e+02
-2.765937542051266291e+02
-2.794429020521231450e+02
-2.766556565940197743e+02
-2.663374914695873485e+02
-2.469295878989156279e+02
-2.175334710656825052e+02
-1.781643850301385044e+02
-1.298730058919108217e+02
-7.469076821726905280e+01
-1.538774915768309981e+01
4.492109246098398501e+01
1.032333285951506667e+02
1.570604826305589654e+02
2.046724227301419603e+02
2.451453910372594294e+02
2.782426332050495148e+02
3.042055130530670795e+02
3.235486222143840678e+02
3.369240521432942614e+02
3.450610329006700567e+02
3.487384061449942578e+02
3.487408783746535050e+02
3.457812753444449640e+02
3.404079373898630934e+02
3.329295611503550845e+02
3.233797250938126808e+02
3.115338109096670678e+02
2.969916054651301351e+02
2.793308044925445301e+02
2.583057635889048242e+02
2.340288974766603189e+02
2.070584752353467763e+02
1.783410618891975901e+02
1.490134787521749615e+02
1.201325854976009992e+02
9.243722292932227447e+01
6.623513590623647929e+01
4.145547632289753892e+01
1.783964505252980715e+01
-4.812860660976157945e+00
-2.645004108774406504e+01
-4.670890179711747692e+01
-6.501458274908499391e+01
-8.078342726156093079e+01
-9.363222254537875244e+01
-1.035115032019623840e+02
-1.107370811258692811e+02
-1.159378361644187123e+02
-1.199413884773378527e+02
-1.236102453428712096e+02
-1.276583271568100173e+02
-1.325099662573670685e+02
-1.382602537781186527e+02
-1.447434521770560991e+02
-1.516636359997170587e+02
-1.587320312984352597e+02
-1.657735401444967351e+02
-1.727761958620467340e+02
-1.798643302160274970e+02
-1.872024303500056419e+02
-1.948768720956596781e+02
-2.028226659600985897e+02
-2.108397889405208332e+02
-2.186926722251571675e+02
-2.262412775764261426e+02
-2.335346250496568246e+02
-2.408082215920702254e+02
-2.483616016721421431e+02
-2.563437066891453924e+02
-2.645187225029504816e+02
-2.720972539829285779e+02
-2.776950540889288845e+02
-2.794429020521231450e+02
-2.752355690713449690e+02
-2.630822851518142329e+02
-2.414997823793090390e+02
-2.098636800154526156e+02
-1.686257159484522390e+02
-1.193328198036911232e+02
-6.444024882503633478e+01
-6.960795504170736336e+00
4.998031206289744688e+01
1.035994804280656041e+02
1.518238884387983489e+02
1.934933142757654991e+02
2.283537402942494055e+02
2.568623374299338593e+02
2.798775699405092610e+02
2.983345040776482051e+02
3.129963005990548481e+02
3.243327611891521656e+02
3.325235335149985190e+02
3.375449768835815689e+02
3.392909168089971672e+02
3.376868966781625545e+02
3.327666442560073961e+02
3.246877857366101807e+02
3.136827863378111374e+02
2.999703474612429090e+02
2.836734225229763524e+02
2.647862166514742626e+02
2.432093171736103443e+02
2.188465054993470460e+02
1.917361202332064920e+02
1.621741440949346611e+02
1.307831577737039481e+02
9.849921456011652765e+01
6.647892377101442207e+01
3.595275835460795122e+01
8.060046224099139067e+00
-1.630087644569562499e+01
-3.658649367268741770e+01
-5.268076767584381059e+01
-6.492115687252535849e+01
-7.405670667099730053e+01
-8.111757167417995618e+01
-8.721003282184837246e+01
-9.329301366165489640e+01
-1.000053973535196548e+02
-1.075929436376661954e+02
-1.159472594402873113e+02
-1.247321972050596770e+02
-1.335438234183696409e+02
-1.420417930257295325e+02
-1.500127170917590433e+02
-1.573673384116433738e+02
-1.641041646567350085e+02
-1.702754314964759885e+02
-1.759731325316554944e+02
-1.813318265488686052e+02
-1.865337792654202360e+02
-1.918001205160982465e+02
-1.973568239635848443e+02
-2.033815523549081661e+02
-2.099618886636509103e+02
-2.171000564799508936e+02
-2.247653036024311177e+02
-2.329474597241926688e+02
-2.416504594099275209e+02
-2.507985178024931372e+02
-2.600818184330444183e+02
-2.688044279152250624e+02
-2.757981666298374535e+02
-2.794429020521231450e+02
-2.778076994491363507e+02
-2.689087505751491562e+02
-2.510600153961141245e+02
-2.232585182511876383e+02
-1.855056827604498153e+02
-1.389520169213668339e+02
-8.579634098739887804e+01
-2.896016278927385912e+01
2.836419736803378555e+01
8.317096115916704946e+01
1.330094955731105415e+02
1.762119849931054034e+02
2.119630481581274637e+02
2.402193617292117551e+02
2.615121585853245278e+02
2.766913143762332083e+02
2.866788987282991457e+02
2.922817079971361522e+02
2.940828884185444281e+02
2.924126156015173024e+02
2.873878134188783520e+02
2.790030881639575568e+02
2.672477117388606302e+02
2.522180621982527100e+02
2.341911319880156839e+02
2.136288134219528843e+02
1.911065747957699443e+02
1.671974379733632929e+02
1.423639202633025604e+02
1.169012420814981681e+02
9.095039562427545832e+01
