5.120676741762034823e+01
-9.800118849150160827e+01
-2.280597633764748480e+02
-3.250660944820330087e+02
-3.836470488642014516e+02
-4.070219337453863773e+02
-4.044855649299576044e+02
-3.877254488332212645e+02
-3.674213998936312464e+02
-3.510592489596995165e+02
-3.422172095067430178e+02
-3.410511678504898327e+02
-3.454487927575997901e+02
-3.523244963825800937e+02
-3.586870483864776133e+02
-3.623164016071036144e+02
-3.620499471051417686e+02
-3.577625829853889741e+02
-3.501436478619845047e+02
-3.403632628048906099e+02
-3.297046311978162976e+02
-3.192289487901717280e+02
-3.095417849146493268e+02
-3.007270451539216083e+02
-2.924712515584180323e+02
-2.843143208929208754e+02
-2.758918651261776631e+02
-2.670465704978592498e+02
-2.577843672736289591e+02
-2.481590677659865491e+02
-2.382034180080549390e+02
-2.279704759470258182e+02
-2.176587662578491518e+02
-2.077252478468370782e+02
-1.988742949604262549e+02
-1.918628325266888623e+02
-1.871656066050982758e+02
-1.846397518134610038e+02
-1.833466230977941223e+02
-1.816170220138594402e+02
-1.773335934215930365e+02
-1.683225652266891075e+02
-1.527336431534018857e+02
-1.293222512469430399e+02
-9.759270104550219571e+01
-5.780242801129061547e+01
-1.086793654066313763e+01
4.176720519130790166e+01
9.826375979622460477e+01
1.565243670666937987e+02
2.143671233453649450e+02
2.697420895956337290e+02
3.209531410659579933e+02
3.668234839030381522e+02
4.067548881531557754e+02
4.406691328430468957e+02
4.688681739037826333e+02
4.918786500389421690e+02
5.103328609236596094e+02
5.248946089095036314e+02
5.362016958336653261e+02
5.447927023774400368e+02
5.510143944401486351e+02
5.549469761987592165e+02
5.564032204624621727e+02
5.550330190901412379e+02
5.505105283659408997e+02
5.427287624149943213e+02
5.319041629060185414e+02
5.185226895358059664e+02
5.031393399159794058e+02
4.861319854374569900e+02
4.675458341591684075e+02
4.471192043669598206e+02
4.244819817703674971e+02
3.994223342838997155e+02
3.720773379317748777e+02
3.429413692201880508e+02
3.126847585747295852e+02
2.818841821251168085e+02
2.508210905650034306e+02
2.194646309204586601e+02
1.876468523567695001e+02
1.553329255683999861e+02
1.228415335117305176e+02
9.089613712027194481e+01
6.047549818737884664e+01
3.253476376750875687e+01
7.722635528306451391e+00
-1.379604546452940284e+01
-3.235884419247032895e+01
-4.867256209148406754e+01
-6.358484077630516396e+01
-7.784393117883998059e+01
-9.192474479441800383e+01
-1.059657806071166277e+02
-1.198196927323014336e+02
-1.331888151465701640e+02
-1.457977138333595803e+02
-1.575443462182064707e+02
-1.685764168468166986e+02
-1.792659703880137556e+02
-1.900950159845208134e+02
-2.014996931696063029e+02
-2.137321470851502738e+02
-2.267846046528586328e+02
-2.403934493525556206e+02
-2.541153945812399400e+02
-2.674471486416351809e+02
-2.799517722537796089e+02
-2.913647314265585919e+02
-3.016653238116879834e+02
-3.110955979162720269e+02
-3.201007610463222477e+02
-3.291826277784367676e+02
-3.387029563529438860e+02
-3.487127597205678740e+02
-3.588851127540779089e+02
-3.685893267510040801e+02
-3.770854645197670720e+02
-3.837716524201036350e+02
-3.884007342231378175e+02
-3.911906817464799246e+02
-3.927766210870489090e+02
-3.940006641406376389e+02
-3.956072032850725009e+02
-3.979667048828085285e+02
-4.009449685484868269e+02
-4.039662253457649399e+02
-4.062340650376042390e+02
-4.070219337453863773e+02
-4.059342921641061253e+02
-4.030548086723002257e+02
-3.989330929905101470e+02
-3.944194500017552514e+02
-3.904110158579406971e+02
-3.875941543106158065e+02
-3.862490513944859458e+02
-3.861419235623388886e+02
-3.864966323268690758e+02
-3.860333623796009306e+02
-3.830819610630087482e+02
-3.757866161578796209e+02
-3.623909342708245163e+02
-3.415436104778515869e+02
-3.125404614272913477e+02
-2.754463491588410307e+02
-2.310907957638455912e+02
-1.809548356737233803e+02
-1.269664982812963387e+02
-7.123465314812909810e+01
-1.577594798438326507e+01
3.770327612552551955e+01
8.792776848771478626e+01
1.340670727208175492e+02
1.756670471786492840e+02
2.125483178339518417e+02
2.447180362311346471e+02
2.723142111804593242e+02
2.955752348747168980e+02
3.148211746355786431e+02
3.304439130879258073e+02
3.429060675841873831e+02
3.527299689625434667e+02
3.604445164794504421e+02
3.664862800642023899e+02
3.711048495501214006e+02
3.743404555783833985e+02
3.760983090847825565e+02
3.762755704767541829e+02
3.748563819993889865e+02
3.719066548282982012e+02
3.674672915729648253e+02
3.614208629648454121e+02
3.534363137305869031e+02
3.430507712205291568e+02
3.298550147309862268e+02
3.136797180460145000e+02
2.946891176226814082e+02
2.733624042649752255e+02
2.504055410077162378e+02
2.266370903851483263e+02
2.028638567429828754e+02
1.797627820063568151e+02
1.578056468310091134e+02
1.372523970725891900e+02
1.181986955056934221e+02
1.006446873321227713e+02
8.456779216540004995e+01
6.999146677618224999e+01
5.702528873480568450e+01
4.584146836044433826e+01
3.657785453607195336e+01
2.920472881061078851e+01
2.342622452403251998e+01
1.868130382710437232e+01
1.426263211329759883e+01
9.506279416932869708e+00
3.961937471295058799e+00
-2.532501577434601359e+00
-9.889604132231333722e+00
-1.788815732481431553e+01
-2.630547057643943276e+01
-3.500537730970538774e+01
-4.394778973604354633e+01
-5.313504936190036432e+01
-6.254584266121050717e+01
-7.210042491126525022e+01
-8.166926180398112933e+01
-9.111455655064175119e+01
-1.003465061723169640e+02
-1.093691417189163957e+02
-1.182830595349659291e+02
-1.272238049628710144e+02
-1.362550058060650997e+02
-1.452786958988862409e+02
-1.540304253595259354e+02
-1.621813231555549919e+02
-1.695041318130137711e+02
-1.760218601389607898e+02
-1.820668527363566795e+02
-1.882174122688024909e+02
-1.951250134276794199e+02
-2.032905266801357982e+02
-2.128774155978228748e+02
-2.236335541170730892e+02
-2.349360771831947261e+02
-2.459266152493291600e+02
-2.556980089589003740e+02
-2.635053143887951137e+02
-2.689721286943835707e+02
-2.722443282559974023e+02
-2.740261881527753189e+02
-2.754474985335870088e+02
-2.777714486900297288e+02
-2.820369367618939123e+02
-2.887776679713613817e+02
-2.979336803237683853e+02
-3.089805683352672645e+02
-3.211989441537294283e+02
-3.339489954313576732e+02
-3.468295678528417625e+02
-3.596638165497641921e+02
-3.723212261531540435e+02
-3.844471749938784342e+02
-3.952258447703682691e+02
-4.033145367125072767e+02
-4.070219337453863773e+02
-4.046885131958122770e+02
-3.951350531243044770e+02
-3.780173471045671363e+02
-3.539596037993183586e+02
-3.244172068330865386e+02
-2.913145313035468007e+02
-2.565746863029376073e+02
-2.216778715643945930e+02
-1.873681604944675883e+02
-1.536026737485253477e+02
-1.197908386496562940e+02
-8.526928336923890583e+01
-4.981478267253157100e+01
-1.391322734954962570e+01
