5.411711197656511274e+01
3.605501824904310837e+01
1.950365011704747076e+01
5.689596573424267945e+00
-4.729429209287602021e+00
-1.169700856497274799e+01
-1.563886011901135475e+01
-1.727305387161412398e+01
-1.742847584584544052e+01
-1.691993102859581199e+01
-1.648648153663698679e+01
-1.676268007201419152e+01
-1.824157179779706439e+01
-2.121405647159980390e+01
-2.571085797824557062e+01
-3.149066847602385621e+01
-3.809349013633051584e+01
-4.494006734911418732e+01
-5.144471112604044549e+01
-5.711919460895354916e+01
-6.165260999377912299e+01
-6.495024168179618584e+01
-6.712081499834353338e+01
-6.841933385638840548e+01
-6.916768484360947866e+01
-6.968032075015101157e+01
-7.021954905406870751e+01
-7.099171205063282741e+01
-7.217263612747478874e+01
-7.393229581641783454e+01
-7.642842855987967710e+01
-7.975539476515398007e+01
-8.385761990900054741e+01
-8.843790473657320206e+01
-9.290411058125660304e+01
-9.639770017633536270e+01
-9.792626162322504513e+01
-9.657759352027828470e+01
-9.174580321407044892e+01
-8.328348700861241127e+01
-7.152186365850224092e+01
-5.715614504132854279e+01
-4.104766250766557789e+01
-2.402360700957322592e+01
-6.749069085203068141e+00
1.029237925972604373e+01
2.672940725564157916e+01
4.221276335146637848e+01
5.638202895298615402e+01
6.892520831602334397e+01
7.969461218912337586e+01
8.879208001982448195e+01
9.655191009128564872e+01
1.034199978686762336e+02
1.097944829707813312e+02
1.159072703392813679e+02
1.217857217575977131e+02
1.272793054186992094e+02
1.321121425537595826e+02
1.359398772158496627e+02
1.384164225215852753e+02
1.392768876929949897e+02
1.384165269636432924e+02
1.359240991756145718e+02
1.320411554777636525e+02
1.270622652787752287e+02
1.212319739514595796e+02
1.146992656823567813e+02
1.075500110728089709e+02
9.987996436230412201e+01
9.184572621377525081e+01
8.366005127013843889e+01
7.554611215210479713e+01
6.768653647966748110e+01
6.019319419898791068e+01
5.310792800567799077e+01
4.643115122126543071e+01
4.015723434014193316e+01
3.428327641567049255e+01
2.877311631236116796e+01
2.349773761810550354e+01
1.820399930528746069e+01
1.255618447143635308e+01
6.249305687903905948e+00
-8.575632961374779484e-01
-8.656066805565430400e+00
-1.679333658978707433e+01
-2.476598498923118541e+01
-3.207092461806494299e+01
-3.836470088341589246e+01
-4.357683711418036410e+01
-4.793080635241581433e+01
-5.185819413584796678e+01
-5.583867843945206744e+01
-6.023186640687812599e+01
-6.516456164712559485e+01
-7.050498719856746277e+01
-7.591881449347084754e+01
-8.097779726781988074e+01
-8.528327942036540321e+01
-8.857192427384430289e+01
-9.078338866510674166e+01
-9.207880962547990578e+01
-9.280179706719198407e+01
-9.337937813542529852e+01
-9.417784036459907782e+01
-9.535313353107343914e+01
-9.675317617709228557e+01
-9.792626162322504513e+01
-9.825635463737457087e+01
-9.718589021429971808e+01
-9.442796523112667728e+01
-9.006092093592364733e+01
-8.444849659905079875e+01
-7.802249473337268171e+01
-7.104788653308783353e+01
-6.350772218202637021e+01
-5.518028615526024083e+01
-4.587217059178012590e+01
-3.568423206755960564e+01
-2.516894285001488640e+01
-1.529073446814179960e+01
-7.193357691997277925e+00
-1.864672567285495575e+00
1.674012129053608078e-01
-1.010585691005786657e+00
-4.747320632983722533e+00
-1.005262869681323679e+01
-1.590269794622908961e+01
-2.150162564212217120e+01
-2.640839866893719545e+01
-3.051313141238774662e+01
-3.391740868908192397e+01
-3.679986691076761218e+01
-3.932583510006186600e+01
-4.161528945733400064e+01
-4.374622903804309004e+01
-4.575833379284436830e+01
-4.763689140223491592e+01
-4.928675371395029003e+01
-5.052706547865602715e+01
-5.113156478417347017e+01
-5.091102655144775468e+01
-4.980604818823589852e+01
-4.794638348281898743e+01
-4.564125569887104916e+01
-4.329258085894336716e+01
-4.126026460706529519e+01
-3.973501015095668265e+01
-3.867440724245366823e+01
-3.783335459399476264e+01
-3.687893986872671803e+01
-3.553896304408437601e+01
-3.371713657988464519e+01
-3.152941596373672084e+01
-2.925818072943064507e+01
-2.725498164813522806e+01
-2.583398320469953191e+01
-2.519086955970135122e+01
-2.536457397937383362e+01
-2.623941039637682593e+01
-2.757375128381922380e+01
-2.904570619731296688e+01
-3.031502261155491240e+01
-3.109556054591598695e+01
-3.121973744831123554e+01
-3.067654065870708280e+01
-2.961761557547398027e+01
-2.833080447574252858e+01
-2.717520979363793998e+01
-2.647930094779425758e+01
-2.643189723837521399e+01
-2.701809607444888428e+01
-2.803944957989804365e+01
-2.921436078749768939e+01
-3.030967813853128945e+01
-3.123524994170220737e+01
-3.205441538470375207e+01
-3.291587365697269263e+01
-3.395851871879150252e+01
-3.524580151712865472e+01
-3.675407739734507118e+01
-3.840255904070946258e+01
-4.009427938472692432e+01
-4.173994672168632292e+01
-4.325395393876386407e+01
-4.453670280925736336e+01
-4.547412724958047647e+01
-4.597604883961662381e+01
-4.604147478816950922e+01
-4.580712153980047674e+01
-4.553378174545605361e+01
-4.552022504967469274e+01
-4.598327103171955343e+01
-4.696885466328525638e+01
-4.834273394759014764e+01
-4.986506506794196270e+01
-5.131119042070319836e+01
-5.258227270322009161e+01
-5.375737873059641458e+01
-5.506533646546856176e+01
-5.678669395311293755e+01
-5.912314178466947112e+01
-6.208820366994066120e+01
-6.546969921862859110e+01
-6.888503926384012743e+01
-7.190910651531299891e+01
-7.422831532895006035e+01
-7.577108395974131838e+01
-7.676873922304820042e+01
-7.770796870503308185e+01
-7.916575846009648387e+01
-8.157489845214934121e+01
-8.501818156686906036e+01
-8.914901833668832865e+01
-9.327672869148426571e+01
-9.657191323673175987e+01
-9.829180176468476304e+01
-9.792626162322504513e+01
-9.521753124628475007e+01
-9.008122137923676576e+01
-8.250896126900148886e+01
-7.252840797294075514e+01
-6.023945005337846226e+01
-4.588368246874515677e+01
-2.988298511792624623e+01
-1.280921030312163111e+01
4.705473889857641367e+00
2.207239414238612341e+01
3.881566687661270976e+01
5.458578831025194233e+01
6.913557656852248101e+01
8.230011756308334725e+01
9.400847169538744197e+01
1.043105664098867891e+02
1.133712117360484655e+02
1.214013799283798960e+02
1.285489047370217008e+02
1.348069708705546930e+02
1.399900401311314795e+02
1.437870499563247506e+02
1.458668119005638175e+02
1.459994322029650107e+02
1.441583276563153220e+02
1.405662328249186714e+02
1.356539947595119031e+02
1.299290578257721620e+02
1.237981828070412860e+02
1.174257655943426499e+02
1.106998475943602074e+02
1.033218226590230699e+02
9.497588101867219734e+01
8.551161145992003298e+01
7.508498248128056218e+01
6.422144938374866285e+01
5.377949410988536272e+01
4.481002894078231691e+01
3.832916330314420605e+01
3.504700259623000136e+01
3.512202506931402013e+01
3.802817196631864505e+01
4.260831546925139435e+01
