-6.549866466645228513e+01
-4.074904144590054500e+01
-1.983127565631314937e+01
-5.518704355060386035e+00
1.130600381926960551e+00
7.907097807350922380e-01
-4.628600990160720130e+00
-1.270707521276291629e+01
-2.118372590836624525e+01
-2.839832624108745662e+01
-3.346501375319594018e+01
-3.623253964026208251e+01
-3.712171133249946564e+01
-3.691778008451149873e+01
-3.655755346321692656e+01
-3.691907762488536804e+01
-3.862137094109352375e+01
-4.187034822215309759e+01
-4.640893008384670537e+01
-5.160914032748964786e+01
-5.668739805378460517e+01
-6.096963815091280736e+01
-6.410988175772388331e+01
-6.618026646079667330e+01
-6.759721644616932679e+01
-6.891302354309273426e+01
-7.055673563301996865e+01
-7.262599723167980414e+01
-7.480721654862617243e+01
-7.645035803647019179e+01
-7.676613992334928582e+01
-7.506713462349375732e+01
-7.096078218164760187e+01
-6.442997302868201359e+01
-5.579111979154564693e+01
-4.557045748583340128e+01
-3.436005082025938151e+01
-2.270120371629049316e+01
-1.101386708348935883e+01
4.306799553476707842e-01
1.150210755394709139e+01
2.217419201162264386e+01
3.246709930082005258e+01
4.238824471721844844e+01
5.190038109579907655e+01
6.093504045741407538e+01
6.943791163722016790e+01
7.740527969322582180e+01
8.487478232275584844e+01
9.186850860161183618e+01
9.832341137792887764e+01
1.040563886941228304e+02
1.087942415503658964e+02
1.122636613912706451e+02
1.143021169937286743e+02
1.149372988034554766e+02
1.143987044413599818e+02
1.130552317895837575e+02
1.112966921937059368e+02
1.093939509417738805e+02
1.073898952129040083e+02
1.050782743928927516e+02
1.020964863850181956e+02
9.809898721830097656e+01
9.292952338976709825e+01
8.670811426826583102e+01
7.979714279654747600e+01
7.267939592240918500e+01
6.582266442015287566e+01
5.959413528153924489e+01
5.423871756140457023e+01
4.989092534604961315e+01
4.658210262874013097e+01
4.423020778544008635e+01
4.262970881382602784e+01
4.146980786164053256e+01
4.039335848015843311e+01
3.907802037271378026e+01
3.730074158429839315e+01
3.495662867524121964e+01
3.203751313532681877e+01
2.860429534574150878e+01
2.478267442266507459e+01
2.077654843852489464e+01
1.686286136427735727e+01
1.333932928769281290e+01
1.043576674085912970e+01
8.233013493592387988e+00
6.632109649660669959e+00
5.384255084574341765e+00
4.158366677998909466e+00
2.614037668599898723e+00
4.617167102162298420e-01
-2.492145302224479053e+00
-6.312038198552535562e+00
-1.091284859248922601e+01
-1.605824443003167801e+01
-2.138846269494628416e+01
-2.648644754888802311e+01
-3.097972929483762528e+01
-3.465118627709114207e+01
-3.750739435525096610e+01
-3.975745974022241569e+01
-4.170044613994625138e+01
-4.357709703342646890e+01
-4.546809068542155785e+01
-4.729713072713856548e+01
-4.893577348774221036e+01
-5.034517329618488191e+01
-5.166882897638726035e+01
-5.322097703425347959e+01
-5.537176956926447247e+01
-5.838052145489449174e+01
-6.225147830202384114e+01
-6.667259551231364867e+01
-7.105657626181394448e+01
-7.466374197868729823e+01
-7.676613992334928582e+01
-7.680475376084639549e+01
-7.449003580216154319e+01
-6.981133509312144270e+01
-6.295524783271228841e+01
-5.418058890386879511e+01
-4.372024434419323313e+01
-3.176036198066640281e+01
-1.849758393679188373e+01
-4.227052485433631546e+00
1.060296259366344529e+01
2.541068123748014074e+01
3.957005802019809693e+01
5.252934806704848114e+01
6.391296747377877807e+01
7.357942346923847765e+01
8.162917140249953718e+01
8.836407834548552387e+01
9.420173612753559667e+01
9.955905019444581683e+01
1.047390812058729637e+02
1.098633959842939873e+02
1.148741138003017852e+02
1.195923802564598617e+02
1.237891379833808401e+02
1.272257029790682736e+02
1.296580866736800317e+02
1.308400164055181847e+02
1.305646031746424001e+02
1.287433492329784599e+02
1.254717518953216029e+02
1.210241743882006205e+02
1.157646451944517452e+02
1.100151916942763393e+02
1.039509933314097765e+02
9.758064698322115760e+01
9.082452635845113775e+01
8.364594786072706256e+01
7.615859550536076483e+01
6.865385400101389735e+01
6.154142217047364483e+01
5.523289553101349014e+01
5.000678012930092819e+01
4.589469222139689464e+01
4.263553082694858176e+01
3.973816949610881011e+01
3.665077989607418374e+01
3.297236203011208033e+01
2.860778108656483099e+01
2.379123286040433527e+01
1.896763420994034277e+01
1.458721725467206376e+01
1.090594699994248984e+01
7.879419128926257621e+00
5.190539444482578091e+00
2.384626545368867312e+00
-9.597871121753678292e-01
-5.095871410105583088e+00
-1.004767330473156406e+01
-1.562668975636918134e+01
-2.150627507829947049e+01
-2.732284148749381458e+01
-3.277098447504612722e+01
-3.766804576677216687e+01
-4.197855028973884828e+01
-4.580327944849289423e+01
-4.934360962655018312e+01
-5.284702915251808264e+01
-5.653495068274190771e+01
-6.052095772161317200e+01
-6.474212994432373591e+01
-6.893294521288014209e+01
-7.266167942607421537e+01
-7.542475656644369053e+01
-7.676613992334928582e+01
-7.637620703550420842e+01
-7.414027168154979108e+01
-7.013899179712691989e+01
-6.462395767031762261e+01
-5.798771719413342396e+01
-5.072974822399530126e+01
-4.340791544245892908e+01
-3.656547965732721650e+01
-3.063400362252339448e+01
-2.583316887831239939e+01
-2.211362978030408755e+01
-1.919148791630049899e+01
-1.668082774535753998e+01
-1.426884167555964922e+01
-1.185191102488869319e+01
-9.580750258650375883e+00
-7.811339282070548506e+00
-6.986846168570792770e+00
-7.486820820105112517e+00
-9.489400225966551972e+00
-1.289382617778438345e+01
-1.733305441696127858e+01
-2.227554511255863545e+01
-2.718337537762707967e+01
-3.166969087107860048e+01
-3.559404322968751444e+01
-3.905643371480230286e+01
-4.229110244894699377e+01
-4.550229283919584589e+01
-4.871212636410758989e+01
-5.169319172911246341e+01
-5.402673933268854256e+01
-5.526842721911779677e+01
-5.514720708273946315e+01
-5.370429739096170607e+01
-5.130982241208385375e+01
-4.855444774071972347e+01
-4.606742184174350996e+01
-4.433479694867349252e+01
-4.357847223667850756e+01
-4.372276247387756598e+01
-4.444033463662398020e+01
-4.524979365335081383e+01
-4.563884054054087613e+01
-4.519770917809335486e+01
-4.374582204767987292e+01
-4.141598217352434830e+01
-3.864873738262008374e+01
-3.607177940373446035e+01
-3.429384531518056889e+01
-3.369445062473894126e+01
-3.429828575393729295e+01
-3.577819621365564728e+01
-3.756960556785597305e+01
-3.904321092520728342e+01
-3.967797427807046518e+01
-3.918632700126306645e+01
-3.756136768458252817e+01
-3.504305477076193398e+01
-3.202801000464813796e+01
-2.896165246877446720e+01
-2.624814783406148422e+01
-2.419755010032129761e+01
-2.300867094290613935e+01
-2.277297160730059034e+01
-2.348567263200877164e+01
-2.505782115779485508e+01
-2.732833551022120844e+01
-3.007759954525531398e+01
-3.304427931384352490e+01
