-1.012473480835434287e+02
-1.049650746617417951e+02
-1.087523781243196055e+02
-1.125432510759382012e+02
-1.160766895542342212e+02
-1.189803783836656663e+02
-1.209497240360468879e+02
-1.219371426416768855e+02
-1.222562599689946126e+02
-1.225349948811264227e+02
-1.235174718736807051e+02
-1.257926839267225461e+02
-1.295732675218016823e+02
-1.346264860175608931e+02
-1.403791013792906028e+02
-1.461296327491373290e+02
-1.512643799832648313e+02
-1.554029311819760721e+02
-1.584535524119510796e+02
-1.605897858618396867e+02
-1.621638214260503901e+02
-1.635812012595072531e+02
-1.651825379757727035e+02
-1.671795936906010240e+02
-1.696583507688055477e+02
-1.726210704447693161e+02
-1.760285545163338270e+02
-1.798207032525009481e+02
-1.839125613977996636e+02
-1.881670468612890375e+02
-1.923358552635366152e+02
-1.959541878734746945e+02
-1.981913440768001919e+02
-1.976972935054551215e+02
-1.925267128379141184e+02
-1.802415845678491166e+02
-1.582623868118638768e+02
-1.244431319158286158e+02
-7.772324196794242823e+01
-1.863424093554321104e+01
5.053527207506984809e+01
1.259984165124817821e+02
2.030910641639199525e+02
2.770806682519353217e+02
3.439386117258912918e+02
4.008754375533920893e+02
4.465277862991714528e+02
4.808079844661389757e+02
5.045311450690610400e+02
5.189804501454977981e+02
5.255507801826408922e+02
5.255455208966405962e+02
5.201267127917051312e+02
5.103637867731167717e+02
4.973034525525887375e+02
4.819962825675850127e+02
4.654578035540311021e+02
4.485860237930792209e+02
4.320729426394142365e+02
4.163363952354214916e+02
4.014855845468462121e+02
3.873291251013836245e+02
3.734304772457142008e+02
3.592085264759573420e+02
3.440715621307692800e+02
3.275578897477471401e+02
3.094432679644908148e+02
2.897882522603453594e+02
2.689385752375916354e+02
2.475140365689905195e+02
2.263918433641591719e+02
2.066429551122280088e+02
1.893766538305730762e+02
1.755025727244644713e+02
1.654872287268065634e+02
1.592099200553975322e+02
1.559868973033999282e+02
1.547546144919978133e+02
1.543343942789902030e+02
1.536808670205609246e+02
1.520444260536349361e+02
1.490301189508053312e+02
1.445826185002156308e+02
1.389372332236097236e+02
1.325453790679714245e+02
1.259549754385603251e+02
1.196460111947884855e+02
1.138689060661884440e+02
1.085526755014284106e+02
1.033227801987196415e+02
9.762313341828530611e+01
9.090278435921170797e+01
8.280978053438094832e+01
7.332714044047030200e+01
6.279608979793784584e+01
5.181135406654208708e+01
4.103080419263056910e+01
3.098145343333474955e+01
2.193702377233286427e+01
1.389704539542067607e+01
6.652669103584230470e+00
-9.488333547631100373e-02
-6.603755866526853424e+00
-1.299590984692378015e+01
-1.923479327009809481e+01
-2.517859489522524541e+01
-3.067192620581255369e+01
-3.562783509363757162e+01
-4.007169873350571265e+01
-4.414282426636822265e+01
-4.805958103175072438e+01
-5.205391057031908986e+01
-5.628376030967419297e+01
-6.074485263191411377e+01
-6.522260427698526541e+01
-6.933025899409059889e+01
-7.264790256018630998e+01
-7.491723041863929211e+01
-7.620148456739286758e+01
-7.692731736450480184e+01
-7.778101386464513212e+01
-7.949695055475808658e+01
-8.261960408912332809e+01
-8.733025094444064962e+01
-9.340139016492875612e+01
-1.002842028204901794e+02
-1.072765412332649362e+02
-1.136938258512294340e+02
-1.189862880731441237e+02
-1.227968036980979036e+02
-1.249920821203343451e+02
-1.256930836912532925e+02
-1.252910861281680468e+02
-1.244076054924122730e+02
-1.237688126260242711e+02
-1.240144392768760611e+02
-1.255147422708253941e+02
-1.282814361227838162e+02
-1.320113135203700097e+02
-1.362305447764463509e+02
-1.404697815975790434e+02
-1.444133481041847915e+02
-1.479991507608127392e+02
-1.514611290398818255e+02
-1.552965233987214617e+02
-1.601313859801764750e+02
-1.664781531341735388e+02
-1.744301367072539222e+02
-1.833851546193606907e+02
-1.918946818351452350e+02
-1.976972935054551215e+02
-1.979527811604706073e+02
-1.896621054953298824e+02
-1.702181002557023533e+02
-1.379674519043289251e+02
-9.263332734507895339e+01
-3.547840291424731163e+01
3.083096736406703542e+01
1.026125851786071905e+02
1.757062771664564877e+02
2.460438150085369955e+02
3.101431113653627563e+02
3.654430943831143850e+02
4.104354809635417496e+02
4.446036581742910130e+02
4.682260934843083078e+02
4.821210544926699413e+02
4.874021640645362368e+02
4.852934794267198413e+02
4.770252950479354581e+02
4.638017340492153835e+02
4.468080923171572181e+02
4.272191875891642212e+02
4.061792222033187727e+02
3.847420662224971011e+02
3.637809173862790431e+02
3.438908556220844730e+02
3.253149262254548262e+02
3.079255003319258321e+02
2.912823522855785541e+02
2.747615490777687342e+02
2.577170141243826151e+02
2.396245189134478721e+02
2.201762025416720121e+02
1.993244379295294948e+02
1.772896776933587262e+02
1.545389702265874803e+02
1.317264996286575069e+02
1.095902966299425287e+02
8.882692363194902896e+01
6.999091068504239388e+01
5.345264647051706675e+01
3.940223686995243924e+01
2.785474669767003064e+01
1.862798934479734214e+01
1.131050288242021651e+01
5.270327559614472079e+00
-2.551160025038292645e-01
-5.995723515268991832e+00
-1.246969880669767861e+01
-1.986558707882893771e+01
-2.804367290968270865e+01
-3.666623849736166818e+01
-4.540020094355138269e+01
-5.408894725063954922e+01
-6.280488485288261558e+01
-7.176689317436685656e+01
-8.118376828384543842e+01
-9.111495117586832748e+01
-1.014150964045695957e+02
-1.117756126654184214e+02
-1.218270320088485335e+02
-1.312446916737843878e+02
-1.398149307267872814e+02
-1.474534814197748460e+02
-1.541901255300777507e+02
-1.601323240565133403e+02
-1.654156780221628082e+02
-1.701560543547645636e+02
-1.744234563715071999e+02
-1.782471887351248938e+02
-1.816457398612690213e+02
-1.846658671954197075e+02
-1.874095949250695412e+02
-1.900233779197256183e+02
-1.926343602805296200e+02
-1.952526460273830935e+02
-1.976972935054551215e+02
-1.996117281043530340e+02
-2.005913084151223700e+02
-2.003741953886973306e+02
-1.989997878688656670e+02
-1.968532303171384115e+02
-1.945748234864551875e+02
-1.928717367061595951e+02
-1.922955765765242688e+02
-1.930510073032030505e+02
-1.948962105825844446e+02
-1.971830991106937176e+02
-1.990476172750287276e+02
-1.996980536747572046e+02
-1.986924767938467369e+02
-1.960877955693600256e+02
-1.923990515058831647e+02
-1.883971360335792156e+02
-1.848395848808983146e+02
-1.822387324046839865e+02
-1.807367211454982225e+02
-1.801082264207696255e+02
-1.798650159305457805e+02
-1.794053257799901928e+02
-1.781579659933060782e+02
-1.757084510478125594e+02
-1.719123898349934336e+02
-1.669748958879619067e+02
-1.614473017063000100e+02
-1.561132014527290153e+02
-1.517891813126407783e+02
-1.491010306308888573e+02
-1.482977282060577409e+02
-1.491551380406670830e+02
-1.510104553297017844e+02
