-2.038925451721525661e+01
-2.139025638542890562e+01
-2.290221467623067397e+01
-2.538475841826239332e+01
-2.911802738103936861e+01
-3.419521500384986723e+01
-4.053031750908704112e+01
-4.783584737128857967e+01
-5.557180764039425469e+01
-6.291238428072985300e+01
-6.877537548010312207e+01
-7.192332938370608986e+01
-7.111724279926153258e+01
-6.529931972138257379e+01
-5.378165555455766622e+01
-3.640678400646197588e+01
-1.363404058664553098e+01
1.348661203672644859e+01
4.345825008277017787e+01
7.455979169366538883e+01
1.050822395800578022e+02
1.335169419051756563e+02
1.586642675841111441e+02
1.796673493871582252e+02
1.960013547886451022e+02
2.074537379242313762e+02
2.141129626276800479e+02
2.163556756921298927e+02
2.148083670831815368e+02
2.102694193887725760e+02
2.036012719072854225e+02
1.956239949587227898e+02
1.870456229586434063e+02
1.784419731432079743e+02
1.702629878482646859e+02
1.628284883385356920e+02
1.563012100324392009e+02
1.506631650570191141e+02
1.457314824519882848e+02
1.412226111233016468e+02
1.368374366807601632e+02
1.323262500156744181e+02
1.275087613942500582e+02
1.222535291821511976e+02
1.164417159353702260e+02
1.099439539959981857e+02
1.026320487598131592e+02
9.443420865344292281e+01
8.542125904250562485e+01
7.588509722038365624e+01
6.635659397081950317e+01
5.752510911369108015e+01
5.006402312582860503e+01
4.441596465926103576e+01
4.062243381481323468e+01
3.827615021560211517e+01
3.662736839507845588e+01
3.480934910736890231e+01
3.210016461652372755e+01
2.813091568352775340e+01
2.297895259981143923e+01
1.712824207927508269e+01
1.131748223808967424e+01
6.319891786035597647e+00
2.711127321755308017e+00
6.903845236775971728e-01
1.585188209480747901e-02
8.255044461190763627e-02
1.136587811990068531e-01
-6.082367331320845949e-01
-2.546310973213692819e+00
-5.799145826092999556e+00
-1.009331900503740798e+01
-1.487586069022178492e+01
-1.948166562950595448e+01
-2.332873593768179887e+01
-2.608344369687142006e+01
-2.774701749507320869e+01
-2.863903739129955994e+01
-2.928345893283113810e+01
-3.022941283708671278e+01
-3.185889282798794397e+01
-3.424363905799464192e+01
-3.710668271228426818e+01
-3.991142029501061472e+01
-4.205036732738516037e+01
-4.306536174178540932e+01
-4.282274015572176040e+01
-4.158564619253361627e+01
-3.995647184078939063e+01
-3.870127785740332627e+01
-3.851032190692244228e+01
-3.977520406576203982e+01
-4.245605012751747154e+01
-4.607971907934368971e+01
-4.987259019384677572e+01
-5.299383584573149619e+01
-5.479652205891517269e+01
-5.502213110803002394e+01
-5.385296865917295861e+01
-5.180629802252425975e+01
-4.952383932760126584e+01
-4.755128909929848646e+01
-4.619479578733088942e+01
-4.549618427022573997e+01
-4.531422523030036587e+01
-4.545948547193447098e+01
-4.581806076805349903e+01
-4.641447720301239599e+01
-4.739326713625219156e+01
-4.892868328480464868e+01
-5.109964352842254698e+01
-5.378889020772227525e+01
-5.666398387825144312e+01
-5.925943035704160877e+01
-6.112407071183298513e+01
-6.196670778082975062e+01
-6.174230532979548514e+01
-6.065344167536436260e+01
-5.907611283139416969e+01
-5.744567238833680278e+01
-5.614854272237646171e+01
-5.545193896482182083e+01
-5.547634481532368511e+01
-5.619415992061576048e+01
-5.743748527473346144e+01
-5.891573295163028945e+01
-6.026070341388253837e+01
-6.111500473251183507e+01
-6.125714972416936632e+01
-6.072396272497576319e+01
-5.986657206821682564e+01
-5.928368773690903026e+01
-5.962359291345188694e+01
-6.131051894516981804e+01
-6.429386124696146965e+01
-6.791898262643532291e+01
-7.097700497275160103e+01
-7.192332938370608986e+01
-6.919161742526524961e+01
-6.150631055900714728e+01
-4.811973783440173236e+01
-2.893832910381050283e+01
-4.531878234920490911e+00
2.396433843767235317e+01
5.502961131443917964e+01
8.698050322546465907e+01
1.181914289262585811e+02
1.472716397439093328e+02
1.731654572240377661e+02
1.951632181627374791e+02
2.128468070109076962e+02
2.260229556769950534e+02
2.346886576910911231e+02
2.390317565630715819e+02
2.394384244449571497e+02
2.364827940041768954e+02
2.308926671180392418e+02
2.234923915458488750e+02
2.151239587762754013e+02
2.065568243778652686e+02
1.984094710227239489e+02
1.911015964077523677e+02
1.848372488985614837e+02
1.796079069731729874e+02
1.752088692065357236e+02
1.712710318622372370e+02
1.673129055804417646e+02
1.628144790740150256e+02
1.573066850002039985e+02
1.504588815565359141e+02
1.421398396244188689e+02
1.324342287388138004e+02
1.216141414509740599e+02
1.100826149569766415e+02
9.831304298042988421e+01
8.680012043936879707e+01
7.602105082689381277e+01
6.639545771916814942e+01
5.823592615850893139e+01
5.169214310788721889e+01
4.670422735661529146e+01
4.299037300309429810e+01
4.008987806983533631e+01
3.746137627055250618e+01
3.461091153017926558e+01
3.121016633306003385e+01
2.716598868902342900e+01
2.261765217060269606e+01
1.786404810308525981e+01
1.324779962956145241e+01
9.034369519142178007e+00
5.320739721797222543e+00
1.999724974381018150e+00
-1.204728837683970433e+00
-4.635964002456693933e+00
-8.569257314859521912e+00
-1.309466841600050913e+01
-1.806835661721471809e+01
-2.315824262995635863e+01
-2.796739274160196587e+01
-3.217589091234763998e+01
-3.563271416586299267e+01
-3.836835827722684655e+01
-4.055326377326741039e+01
-4.244521906622852470e+01
-4.434087643707481163e+01
-4.651308501468530210e+01
-4.912104708117137619e+01
-5.212299412424340517e+01
-5.525257146635701844e+01
-5.809830063058180372e+01
-6.026536988170555276e+01
-6.155055925354720614e+01
-6.205152169285281616e+01
-6.215641801087295448e+01
-6.240730506512585407e+01
-6.328489647414627228e+01
-6.500056147292791309e+01
-6.738470809750302237e+01
-6.992255750670362602e+01
-7.192332938370608986e+01
-7.275366524730274875e+01
-7.204968804981666608e+01
-6.983946049094296882e+01
-6.653969052699054032e+01
-6.283054739969153957e+01
-5.945499540815154660e+01
-5.701494181532409300e+01
-5.582904732293371097e+01
-5.588301412857901340e+01
-5.686575732862812060e+01
-5.826379161713370536e+01
-5.948627200208166954e+01
-6.000141201588017736e+01
-5.946324516008040462e+01
-5.779693395428787994e+01
-5.521136859684088449e+01
-5.212989299515973585e+01
-4.905999411719473358e+01
-4.644175506673162346e+01
-4.451890036340027734e+01
-4.327257444355139882e+01
-4.244589994857896187e+01
-4.165718334793349698e+01
-4.055715542113328809e+01
-3.896049459999560582e+01
-3.689796171950180792e+01
-3.458168905804788551e+01
-3.231542096842549228e+01
-3.038920695707436437e+01
-2.898692190692598558e+01
-2.813135243532725838e+01
-2.769356308640606201e+01
-2.747566751316811207e+01
-2.733497364984006950e+01
-2.728356630841435759e+01
-2.750212607533673292e+01
-2.825141197679852212e+01
-2.972301489129739238e+01
-3.190837986174937058e+01
-3.455934503067310004e+01
