-5.583562059815622547e+01
-5.612671070670626250e+01
-5.662394245060981746e+01
-5.750551796929433124e+01
-5.889846568000682225e+01
-6.085190309596646330e+01
-6.330957378902149912e+01
-6.609841697376259617e+01
-6.894984620441073275e+01
-7.155389083431906272e+01
-7.363079006819023675e+01
-7.500007558078678471e+01
-7.562910135645606147e+01
-7.564737809310260275e+01
-7.532074632555563198e+01
-7.499058574245934494e+01
-7.499601034133944211e+01
-7.560628858882131453e+01
-7.698787356951254424e+01
-7.920992122209568720e+01
-8.226297290860773614e+01
-8.605104614939295971e+01
-9.033480142673654711e+01
-9.464174177640737184e+01
-9.818772797057989976e+01
-9.985439394657345247e+01
-9.824991476629472231e+01
-9.186436457755502261e+01
-7.931559654358839850e+01
-5.965458367361604530e+01
-3.266123426483056846e+01
9.642182824582619105e-01
3.959595505478803545e+01
8.088851929106033367e+01
1.221476166840013349e+02
1.607703922649922106e+02
1.946456441299982316e+02
2.224173459293823782e+02
2.435529647615881572e+02
2.582208580005139993e+02
2.670477608139868835e+02
2.708635863855579373e+02
2.705259814535484111e+02
2.668605450996105901e+02
2.606866883084683195e+02
2.528599301461695177e+02
2.442678695761567838e+02
2.357583220955674506e+02
2.280236546497621362e+02
2.214906668957276281e+02
2.162634725083981948e+02
2.121424094437077201e+02
2.087084778168063224e+02
2.054392260920573960e+02
2.018197372082308618e+02
1.974253150461559017e+02
1.919662398025890866e+02
1.852945270949582834e+02
1.773825621927056773e+02
1.682924503972280661e+02
1.581555747938220406e+02
1.471737194973960072e+02
1.356401933604644228e+02
1.239628584271153073e+02
1.126571460290461175e+02
1.022817782612623603e+02
9.332134558834859206e+01
8.606085201255191919e+01
8.051362398985368429e+01
7.643768381270444934e+01
7.342709122422779444e+01
7.103244602587280099e+01
6.886464725678865761e+01
6.665330165597320899e+01
6.425066920094121770e+01
6.159311436957570152e+01
5.865064674127910394e+01
5.539697452055665394e+01
5.181291586591235188e+01
4.790995830095491925e+01
4.374825814866285612e+01
3.943198397582445125e+01
3.508363225464716351e+01
3.081035713306615520e+01
2.667558671181038221e+01
2.268628038313571338e+01
1.880319248397373144e+01
1.497469648888399973e+01
1.118203525009662513e+01
7.470980253592806264e+00
3.945773649072975786e+00
7.231642861452982629e-01
-2.127925004331046921e+00
-4.626553834572703749e+00
-6.880441852608420561e+00
-9.050436724494353768e+00
-1.129569299810174954e+01
-1.371990191712735907e+01
-1.633621445577859532e+01
-1.906088826334729447e+01
-2.173574725208290204e+01
-2.417111448359827364e+01
-2.619567848282365219e+01
-2.769987911407740455e+01
-2.866546581559381934e+01
-2.918079561026537760e+01
-2.944319007353927020e+01
-2.974409886309661033e+01
-3.042394201025376788e+01
-3.178573401573767399e+01
-3.398210619911647257e+01
-3.692394222003223092e+01
-4.026629762499396747e+01
-4.349583694039655768e+01
-4.609520007541983944e+01
-4.772219584877001353e+01
-4.833118644015283394e+01
-4.818551565193789088e+01
-4.775744290235725487e+01
-4.756190541265571881e+01
-4.799227077936882324e+01
-4.921204383813409322e+01
-5.112584642579375327e+01
-5.342639960938187471e+01
-5.569681301978906163e+01
-5.753855876167048677e+01
-5.869449645978744456e+01
-5.913738495950909169e+01
-5.909253561682048428e+01
-5.896914079042261392e+01
-5.920603113907085913e+01
-6.008829703345138284e+01
-6.162368776096354850e+01
-6.354727741324614954e+01
-6.545526482397221457e+01
-6.699820722263167738e+01
-6.803702122715563405e+01
-6.869398862454617927e+01
-6.928977847634882892e+01
-7.020974566049443411e+01
-7.176530488513355976e+01
-7.410411275426882582e+01
-7.718983476009556455e+01
-8.084139046617445956e+01
-8.480462537638756260e+01
-8.882164709017753523e+01
-9.265973088199660879e+01
-9.607029361624660169e+01
-9.867912234105205016e+01
-9.985439394657345247e+01
-9.863102435922201039e+01
-9.376342727087543949e+01
-8.393405993812214660e+01
-6.807803197158567343e+01
-4.572561731737161494e+01
-1.723915319587960226e+01
1.614885900331162105e+01
5.251331146072655542e+01
8.956707680468333876e+01
1.250382447943773343e+02
1.569892618260425934e+02
1.840107455550268014e+02
2.052787749674521933e+02
2.205125923572458078e+02
2.298862823167564216e+02
2.339323924417778926e+02
2.334482059322725718e+02
2.293980386022350331e+02
2.228056268793018546e+02
2.146430881287818977e+02
2.057342160016165167e+02
1.966921339474209560e+02
1.879046893196696715e+02
1.795655155574083324e+02
1.717274110414156780e+02
1.643446096914805139e+02
1.572874931461634560e+02
1.503453469919135159e+02
1.432494933091219593e+02
1.357350344874539587e+02
1.276257306839362116e+02
1.188979908342939780e+02
1.096800196235270448e+02
1.001781835935540812e+02
9.057185079933132954e+01
8.094114519826617027e+01
7.127210028245254136e+01
6.153671169013983899e+01
5.179847060213921139e+01
4.227220742159358480e+01
3.328872491263538080e+01
2.517412046227149602e+01
1.811343966473936007e+01
1.208147698093471334e+01
6.875401796282510247e+00
2.214716603779859128e+00
-2.157295236781866521e+00
-6.414980421176849745e+00
-1.063864008313572995e+01
-1.483028799041259660e+01
-1.893896977679711924e+01
-2.289182211550359014e+01
-2.663435827633079356e+01
-3.017360427585407123e+01
-3.360182843478657588e+01
-3.708107834442719053e+01
-4.079464350712243714e+01
-4.489378474378041517e+01
-4.946295053129128405e+01
-5.450544277474284627e+01
-5.993853122023618596e+01
-6.558930452074432083e+01
-7.119435160624270509e+01
-7.641923976778502947e+01
-8.091391678625763006e+01
-8.440009361537593691e+01
-8.676106719573886039e+01
-8.809572352422107144e+01
-8.871041781642952628e+01
-8.904361830726602989e+01
-8.954182203845030585e+01
-9.052735853019359524e+01
-9.210657985410882986e+01
-9.415130744752714520e+01
-9.635754873428064116e+01
-9.835912064237936647e+01
-9.985439394657345247e+01
-1.006963780850824719e+02
-1.009103201260951010e+02
-1.006372836877462760e+02
-1.000377078872866434e+02
-9.920758825887855892e+01
-9.815431397370147693e+01
-9.684833979854060715e+01
-9.532016087415860284e+01
-9.373665184912394466e+01
-9.239637930882832961e+01
-9.163165535735942058e+01
-9.166321938168735528e+01
-9.248371621975979906e+01
-9.383377063019526076e+01
-9.528849436659899652e+01
-9.641580569347954111e+01
-9.693039978821724389e+01
-9.677034664256584051e+01
-9.606677412510211411e+01
-9.503701978849457532e+01
-9.387124705101575728e+01
-9.267428927757441670e+01
-9.147647829248019491e+01
-9.028054743568885954e+01
-8.909948351165114389e+01
-8.795941153589741646e+01
-8.687010424889420790e+01
-8.578656234056035146e+01
-8.458884907578018897e+01
-8.309347226379229312e+01
-8.109284467754378056e+01
-7.841475931361202356e+01
-7.499332758979053892e+01
-7.092966164500633397e+01
-6.650489422613595991e+01
