-6.942889020449760551e+01
-5.832910466931564031e+01
-4.974889513427806520e+01
-4.562810610689092528e+01
-4.681594064106661079e+01
-5.292209283387073526e+01
-6.244950507073885149e+01
-7.313437008025898933e+01
-8.240546678390509783e+01
-8.787187684613579108e+01
-8.774428933168833566e+01
-8.110402627366443085e+01
-6.797116158454950607e+01
-4.918213891287379624e+01
-2.614085729618938814e+01
-5.316831065726859151e-01
2.592843531861616668e+01
5.166002005537211517e+01
7.531827922463619984e+01
9.584695558258823667e+01
1.125149067334254198e+02
1.249422703845545328e+02
1.331068265861381690e+02
1.373178165021626000e+02
1.381505955906020233e+02
1.363448039257135633e+02
1.326805725852855460e+02
1.278591966632245231e+02
1.224174091245420755e+02
1.166927959893414339e+02
1.108387798623570859e+02
1.048718798273456798e+02
9.872816908693116034e+01
9.231155329518244912e+01
8.552887520196721027e+01
7.831454477923963964e+01
7.064440536539302684e+01
6.253422243198422592e+01
5.402431701238071327e+01
4.516348340547296658e+01
3.600664521618696767e+01
2.662850745990938606e+01
1.714265700719676744e+01
7.712912332301804952e+00
-1.448513094418345304e+00
-1.009093573972118563e+01
-1.793820481610373108e+01
-2.471466243121828654e+01
-3.020324690311091942e+01
-3.433439484603620429e+01
-3.726441028268386901e+01
-3.938414887826706234e+01
-4.122799725305223717e+01
-4.331011437526326802e+01
-4.595932890616573729e+01
-4.922570991147973984e+01
-5.288923797913248848e+01
-5.654852747247996092e+01
-5.974568562341186606e+01
-6.209180547817391727e+01
-6.336608195960561574e+01
-6.356362900731796373e+01
-6.288059388351410917e+01
-6.165026099454058084e+01
-6.026090968820538052e+01
-5.908369761702203959e+01
-5.842068770893561691e+01
-5.846313072220049634e+01
-5.924765897450916441e+01
-6.062185096122927064e+01
-6.225803280081109392e+01
-6.374636237503571579e+01
-6.474971230978319170e+01
-6.515446259471438850e+01
-6.514258705889233170e+01
-6.514298990894330643e+01
-6.567170628494497464e+01
-6.711844287073321880e+01
-6.956233254308736491e+01
-7.269158580562580596e+01
-7.586430987483140598e+01
-7.829826251340105614e+01
-7.933100027641660290e+01
-7.865882478024580848e+01
-7.645897847159901062e+01
-7.334000854340432340e+01
-7.013948816026220356e+01
-6.765664223941453770e+01
-6.643082112737616285e+01
-6.664548253787374676e+01
-6.817270211911441891e+01
-7.070875669874583025e+01
-7.391577323191337712e+01
-7.749374708397256484e+01
-8.115424644208391669e+01
-8.452019034300062117e+01
-8.700661244753986523e+01
-8.774428933168833566e+01
-8.560107350125308301e+01
-7.933061137566446064e+01
-6.783012943577912779e+01
-5.043227906588268183e+01
-2.713689162283995415e+01
1.287030146242656770e+00
3.335414851127937652e+01
6.705699964591282480e+01
1.001623858647513998e+02
1.305544110765862627e+02
1.565574382962259961e+02
1.771677263469884451e+02
1.921359587294761582e+02
2.018818003471159273e+02
2.072750167561446233e+02
2.093604099456937320e+02
2.091126340905502161e+02
2.072797774183699175e+02
2.043343682526791554e+02
2.005193760349578724e+02
1.959557088113668897e+02
1.907621252264488021e+02
1.851360184693966175e+02
1.793609094989122639e+02
1.737365109947263591e+02
1.684600352893367585e+02
1.635158158491997256e+02
1.586378595555899551e+02
1.533801182806906240e+02
1.472746732104122316e+02
1.400154536980904254e+02
1.315960624373473138e+02
1.223476036689707342e+02
1.128547504674658626e+02
1.037726391520949960e+02
9.561283774440781258e+01
8.858918186463738209e+01
8.259496647600195729e+01
7.732366256718509590e+01
7.247074776660775797e+01
6.790899709883326807e+01
6.374869223424202858e+01
6.026283743044683661e+01
5.772342236493382472e+01
5.622408562933365062e+01
5.556127180865533433e+01
5.522397564637579848e+01
5.450492257454546063e+01
5.269743400814714818e+01
4.930162379487214963e+01
4.415900936410997701e+01
3.747472183238959786e+01
2.974144753696986854e+01
2.160647264534114598e+01
1.371700144363888541e+01
6.571297731277752519e+00
4.107439741267171485e-01
-4.810184889522879814e+00
-9.362598516942327365e+00
-1.361590979147015190e+01
-1.789934070926318554e+01
-2.240897300051324237e+01
-2.718785094414668890e+01
-3.216195662009562284e+01
-3.718684720107145836e+01
-4.207132131838309874e+01
-4.658471328193235195e+01
-5.048423317127367227e+01
-5.358591528604608811e+01
-5.585609229611809212e+01
-5.746565186145430459e+01
-5.876177547790935307e+01
-6.015889836153436931e+01
-6.199238838386223449e+01
-6.439301242480564724e+01
-6.723336451625060306e+01
-7.017680473524873719e+01
-7.282254532848497774e+01
-7.489305414893092916e+01
-7.637820573364494692e+01
-7.755962000926886901e+01
-7.888725647934174390e+01
-8.074579531556913992e+01
-8.320172620489435644e+01
-8.583733616091956264e+01
-8.774428933168833566e+01
-8.768270086068424973e+01
-8.434635619801146333e+01
-7.664452520048558881e+01
-6.392559727485607368e+01
-4.610720816317204651e+01
-2.371116843662122164e+01
2.186427990322293624e+00
3.008429867384514012e+01
5.826102154382138565e+01
8.503343737284103554e+01
1.090090345008652548e+02
1.292526033782789625e+02
1.453158093786456675e+02
1.571472217987109730e+02
1.649599848807586113e+02
1.691373445215079414e+02
1.702024707990857451e+02
1.688147755693692034e+02
1.657322562924726128e+02
1.617127994253004317e+02
1.573825894288731035e+02
1.531293793385352160e+02
1.490668353251569727e+02
1.450807635965849727e+02
1.409314690270321648e+02
1.363651078367789182e+02
1.311893265859099529e+02
1.252918801484793647e+02
1.186141480797537326e+02
1.111196708135008322e+02
1.028020887342932781e+02
9.374572524602109524e+01
8.420276974876992426e+01
7.462458504679941029e+01
6.560559970548287367e+01
5.774891340197221723e+01
5.150575815671795965e+01
4.705145850322483625e+01
4.423657462543445718e+01
4.261562618987249351e+01
4.153771191550769970e+01
4.028814198818096770e+01
3.827063334840588027e+01
3.519398715021858237e+01
3.119249545016192116e+01
2.680939484422527741e+01
2.282866976679213877e+01
2.001770595004638409e+01
1.888222054635011560e+01
1.951423919091753589e+01
2.156565282129327699e+01
2.434321355798445907e+01
2.700038241598715771e+01
2.877932213777412329e+01
2.922989357676591737e+01
2.832337043843293500e+01
2.640858121782082435e+01
2.402678834077364201e+01
2.167762626332442721e+01
1.965913946890895403e+01
1.805712248058625846e+01
1.686120687337582069e+01
1.610870738321283469e+01
1.595156030571109440e+01
1.660280668331443366e+01
1.820382461061122825e+01
2.070579589667340059e+01
2.384398814410840473e+01
2.721550246071057444e+01
3.040069015448851886e+01
3.304458765211561655e+01
3.485524153168701389e+01
3.555073250022230980e+01
3.483406683685017668e+01
3.245571276178095843e+01
2.835502897323020832e+01
2.280285868303758434e+01
1.644197368399456849e+01
