-4.176239967462322511e+01
-3.539021170353121448e+01
-3.037501501170580909e+01
-2.761906281928730067e+01
-2.730172709400990172e+01
-2.893886895635634815e+01
-3.167290787864795831e+01
-3.462773580386297567e+01
-3.717960447107457611e+01
-3.907240906022346394e+01
-4.038479437946378425e+01
-4.140312894113079523e+01
-4.246445801894979866e+01
-4.382066326613934137e+01
-4.555610843924797138e+01
-4.757419711396253348e+01
-4.965137086238856057e+01
-5.153727565617393225e+01
-5.306033314245806309e+01
-5.418927480908663341e+01
-5.501704195309383749e+01
-5.567384360912195262e+01
-5.621629642562047735e+01
-5.654969996007920940e+01
-5.641613006930694496e+01
-5.544501856035112297e+01
-5.323918403290193169e+01
-4.946299625989062321e+01
-4.390466349981319638e+01
-3.649856810218193459e+01
-2.731156928131761674e+01
-1.650915923629376891e+01
-4.319607261752857141e+00
8.988418909217305242e+00
2.310618607810132374e+01
3.766823732500218114e+01
5.223871190779205165e+01
6.632624139143797493e+01
7.944236347980638868e+01
9.119305642517461763e+01
1.013669238966500217e+02
1.099758268103418857e+02
1.172214868027187578e+02
1.233951868941825438e+02
1.287500449970411864e+02
1.333998300877464089e+02
1.372863555460735654e+02
1.402257940857375900e+02
1.420108958370798860e+02
1.425266294472227742e+02
1.418343735875600942e+02
1.401895281804132196e+02
1.379782255682108030e+02
1.355916956365913393e+02
1.332892371576628534e+02
1.311093822896480106e+02
1.288660899348881514e+02
1.262297734300422292e+02
1.228613367887704584e+02
1.185497865904755912e+02
1.133057153652528939e+02
1.073833683368150957e+02
1.012289139224624250e+02
9.536937467584678529e+01
9.026878312820650763e+01
8.619093958878613648e+01
8.311450315112557519e+01
8.073535667590354592e+01
7.856266510092304145e+01
7.607907367237984886e+01
7.290824717353147832e+01
6.892899283186093840e+01
6.429704427473984651e+01
5.937205128525302911e+01
5.458295164854806103e+01
5.028563345322172040e+01
4.666275995479934835e+01
4.369052565307059410e+01
4.116950329309219114e+01
3.880172609702540143e+01
3.629126420668897879e+01
3.344053038348383211e+01
3.020930957957219221e+01
2.671093291191796837e+01
2.314779025396864753e+01
1.972067100155355135e+01
1.655586387499896972e+01
1.367353461411762794e+01
1.099196307157507135e+01
8.350264086345653425e+00
5.542249400021496797e+00
2.367251765816270392e+00
-1.302311251084084631e+00
-5.459788502591514714e+00
-9.944698097862300301e+00
-1.448160843079729432e+01
-1.876003315840864616e+01
-2.251758333484187347e+01
-2.559631525548624609e+01
-2.796542254395021132e+01
-2.971952606627277760e+01
-3.105992802898828131e+01
-3.225661729865583993e+01
-3.359063676527618725e+01
-3.529122327925308866e+01
-3.748905190188916947e+01
-4.019448113925358257e+01
-4.329541881375033086e+01
-4.657130695174019763e+01
-4.972865652851075424e+01
-5.246190148229960926e+01
-5.453046543686927805e+01
-5.582856982412228319e+01
-5.641613006930694496e+01
-5.648511131141238195e+01
-5.626160965284165627e+01
-5.588013398093423234e+01
-5.528217848064998918e+01
-5.418314464311559675e+01
-5.212341974764102304e+01
-4.858799574751562034e+01
-4.315301208893238538e+01
-3.560631818171057716e+01
-2.600190774852008246e+01
-1.463877068685631855e+01
-1.983620790223220354e+00
1.142936951336103135e+01
2.508811185930896670e+01
3.855521381119878299e+01
5.147528343440174581e+01
6.355344622194066062e+01
7.453577573084729124e+01
8.421216017033917467e+01
9.243772850136446095e+01
9.915414294529134054e+01
1.043975426909686917e+02
1.082940427262309697e+02
1.110485170288149845e+02
1.129235905255806500e+02
1.141968048574203607e+02
1.150916279778219860e+02
1.157027332944793017e+02
1.159571825448618938e+02
1.156462462331808752e+02
1.145238909220013994e+02
1.124241794258559963e+02
1.093369405519661228e+02
1.054087396850844698e+02
1.008796341732238631e+02
9.599491974998922217e+01
9.093347826166315429e+01
8.577596844265741538e+01
8.051191354902836395e+01
7.507149364620704546e+01
6.936963926245522316e+01
6.335507996209649662e+01
5.705515831386185255e+01
5.060154017600068954e+01
4.422053857350847750e+01
3.817971896960041533e+01
3.270154920770522011e+01
2.787794108623375067e+01
2.362829322062153636e+01
1.972540471532886386e+01
1.587796211674984725e+01
1.182975142018051784e+01
7.432489352016270701e+00
2.669378784560465956e+00
-2.367716603703124534e+00
-7.529291636352889228e+00
-1.266581607317940161e+01
-1.767281799764670325e+01
-2.251177239072637803e+01
-2.720717313965611694e+01
-3.182744743422635736e+01
-3.645248035726127966e+01
-4.112315515942126609e+01
-4.577469985523134710e+01
-5.017552642454099754e+01
-5.390759137022259040e+01
-5.641613006930694496e+01
-5.712928362885288180e+01
-5.561713663894923343e+01
-5.173521450430197888e+01
-4.569350695625360004e+01
-3.801598802948974765e+01
-2.940533246330047490e+01
-2.057238425082983468e+01
-1.210291190436528197e+01
-4.408662416124816019e+00
2.241386124950604852e+00
7.658100250908130846e+00
1.169230156371803986e+01
1.424234966369801469e+01
1.529670367446438917e+01
1.497742647106564107e+01
1.354841664160860404e+01
1.136897700738702710e+01
8.804242270829469419e+00
6.131586763198260570e+00
3.486320146146383081e+00
8.670484515159344596e-01
-1.812576964604723173e+00
-4.661622821057076038e+00
-7.773839820507944864e+00
-1.122461625948677266e+01
-1.508335396351657565e+01
-1.940824100506390693e+01
-2.420500247779740732e+01
-2.936317230784396770e+01
-3.461070874856943647e+01
-3.953112338510654666e+01
-4.365859933306379048e+01
-4.661900424312290170e+01
-4.825255844445210585e+01
-4.866329254911499191e+01
-4.818004886529642761e+01
-4.725072988461053569e+01
-4.630971147268029142e+01
-4.566318201639534635e+01
-4.543053174716737175e+01
-4.555697497295264498e+01
-4.588237770704228069e+01
-4.623333224145765996e+01
-4.650394574495309996e+01
-4.669611869193678899e+01
-4.690276259329822750e+01
-4.724368066158489654e+01
-4.779293899866634376e+01
-4.854367202561111583e+01
-4.942981057264208999e+01
-5.038195515670574309e+01
-5.137033943259504554e+01
-5.240160907049354932e+01
-5.347583764986119093e+01
-5.454146037987788276e+01
-5.548343178185126590e+01
-5.615208956456405076e+01
-5.641613006930694496e+01
-5.621642574030030204e+01
-5.559805178571055961e+01
-5.470133235568989249e+01
-5.370968816683894431e+01
-5.277967579861175551e+01
-5.199097216206624239e+01
-5.133629583607540781e+01
-5.074207582077493583e+01
-5.009897597144995984e+01
-4.929238108459406220e+01
-4.823685748670516915e+01
-4.691697421956803993e+01
-4.542117669781399059e+01
-4.394225228424650709e+01
-4.272382588945413318e+01
-4.196003487351709538e+01
-4.168887164116085842e+01
-4.173478494542468553e+01
-4.174164879703380393e+01
-4.129946909087168905e+01
-4.012085869359064816e+01
-3.818659507820182597e+01
-3.578107152834711968e+01
