-2.081365730719865326e+01
-3.515674675886134537e+01
-4.777553774957656429e+01
-5.746718356569809316e+01
-6.385291668888043404e+01
-6.735876417777882352e+01
-6.893130672805496317e+01
-6.964107886366051048e+01
-7.033540983924082468e+01
-7.144630396235729108e+01
-7.298265917447872653e+01
-7.467329944358183980e+01
-7.618591910658668098e+01
-7.732861728221503483e+01
-7.815461359150941689e+01
-7.893682216951560804e+01
-8.003522796077928092e+01
-8.172056777437985886e+01
-8.403027818800788395e+01
-8.671602934430843845e+01
-8.930297614761256852e+01
-9.123556039298530607e+01
-9.205484403032340879e+01
-9.154855050163065755e+01
-8.982979425859372213e+01
-8.732211153379608959e+01
-8.465193111018976424e+01
-8.247344215327771622e+01
-8.127382645572092201e+01
-8.122348873450937390e+01
-8.213003451314421000e+01
-8.351588885837900023e+01
-8.478591790176982101e+01
-8.541741275394261379e+01
-8.510765443299304422e+01
-8.384432181778400661e+01
-8.189691952353395266e+01
-7.974368589377868943e+01
-7.795028864240039468e+01
-7.702096321273296553e+01
-7.725380466531814250e+01
-7.863521912776978695e+01
-8.079628792698696316e+01
-8.303785348011977874e+01
-8.442264348028469101e+01
-8.392505395894399101e+01
-8.061199538928273967e+01
-7.380845359169509834e+01
-6.320048460663790024e+01
-4.885730405636398643e+01
-3.119334965188220465e+01
-1.090501097043858358e+01
1.110349560158571336e+01
3.381250687318971160e+01
5.619803947848945569e+01
7.733865890173913726e+01
9.648859139379996464e+01
1.131050859424939858e+02
1.268386026921598670e+02
1.375050697586626143e+02
1.450619630776442079e+02
1.496023787152289515e+02
1.513639943386953064e+02
1.507360801634896745e+02
1.482460176554412215e+02
1.445125126373973217e+02
1.401639428271220424e+02
1.357383531720234373e+02
1.315978871187121513e+02
1.278907076987396323e+02
1.245727258179326924e+02
1.214708838365733783e+02
1.183515080136124027e+02
1.149657012167103431e+02
1.110698197271323693e+02
1.064404999927028683e+02
1.009055919529414922e+02
9.439336246972609956e+01
8.697593983786126159e+01
7.887482284145707467e+01
7.041909118093114728e+01
6.197969989179569694e+01
5.391418709206666193e+01
4.653881236092336593e+01
4.011929172142895084e+01
3.485952978305783745e+01
3.087684055799827121e+01
2.816984738441686176e+01
2.659576233730463812e+01
2.587348708306389256e+01
2.562171335130435423e+01
2.542849093366381652e+01
2.493367965528556240e+01
2.389543217910596695e+01
2.221247721671241848e+01
1.988989000932157225e+01
1.696656911394716616e+01
1.345075108865739466e+01
9.308086919654828151e+00
4.508743025495704160e+00
-9.036256441420018604e-01
-6.769873385193967863e+00
-1.282425417142649238e+01
-1.874440286104603359e+01
-2.421719998732497459e+01
-2.900013320554093355e+01
-3.296778831744620675e+01
-3.613908614057685753e+01
-3.868220027527909366e+01
-4.088996308155681447e+01
-4.311495401911282244e+01
-4.566545788009912599e+01
-4.869209558029249507e+01
-5.211536218825843036e+01
-5.563254077881782678e+01
-5.880452768550279075e+01
-6.118807207023213834e+01
-6.246645187434855018e+01
-6.253753126460972567e+01
-6.153377444977459731e+01
-5.977434407026329666e+01
-5.767809910756020031e+01
-5.567711049501014031e+01
-5.415347186219915443e+01
-5.339717132462371296e+01
-5.357479739206645775e+01
-5.470791611520496645e+01
-5.666897409056042534e+01
-5.920384464633906418e+01
-6.198576491500972452e+01
-6.469528350573646946e+01
-6.710731561332399053e+01
-6.915722632671869974e+01
-7.095697885754337619e+01
-7.274207805027374718e+01
-7.475556689364408669e+01
-7.711070142371106328e+01
-7.969355721112296465e+01
-8.214771060801938063e+01
-8.393436349634288263e+01
-8.442264348028469101e+01
-8.296841164775223376e+01
-7.897536219481061437e+01
-7.195897521967437171e+01
-6.162501710934073174e+01
-4.794611195821653382e+01
-3.120473244918676414e+01
-1.198410174447337084e+01
8.886103637249572529e+00
3.040989915853363357e+01
5.151869441667079741e+01
7.117736687684808317e+01
8.849894029999177292e+01
1.028483440937720275e+02
1.139055968682107221e+02
1.216693621310232913e+02
1.264058399517122950e+02
1.285649260711165596e+02
1.286864341945224339e+02
1.273125462867715214e+02
1.249189335226094499e+02
1.218758812674979879e+02
1.184447687776901432e+02
1.148013148876620733e+02
1.110639266778821508e+02
1.073057751908571760e+02
1.035435531605056667e+02
9.971461892501069713e+01
9.566814173121798603e+01
9.119504376210655039e+01
8.609922348994595609e+01
8.028158399158412806e+01
7.379623198900962677e+01
6.685497520409842309e+01
5.978325219634640320e+01
5.294725142599393308e+01
4.667669610327203600e+01
4.120655815277209655e+01
3.665307103809175260e+01
3.302399829892964789e+01
3.024801545952316317e+01
2.820347491003462181e+01
2.673513716003111185e+01
2.566216931151440050e+01
2.479039345417185203e+01
2.393704187139440620e+01
2.296098513429580379e+01
2.178159018504730327e+01
2.037457806664074766e+01
1.874722366786364702e+01
1.690633389374323059e+01
1.483377944621496347e+01
1.247760881424772883e+01
9.760460012973403821e+00
6.604226110663407034e+00
2.964486990452855686e+00
-1.139490957133860505e+00
-5.613359339549049309e+00
-1.029993563785254906e+01
-1.501042787103491705e+01
-1.956331188402168664e+01
-2.381637425012469222e+01
-2.768250428156260767e+01
-3.113139721400553839e+01
-3.418335116519104133e+01
-3.689329070920278042e+01
-3.932042012474889248e+01
-4.149270970102998035e+01
-4.338940657555162517e+01
-4.495915962639067942e+01
-4.616876239529919701e+01
-4.705505935324120514e+01
-4.774611549988475900e+01
-4.843446253436933091e+01
-4.931658451412717881e+01
-5.053628470998232558e+01
-5.216530271493725479e+01
-5.422359998270773218e+01
-5.670946428941103790e+01
-5.960521311888948048e+01
-6.285110963431820608e+01
-6.631130261374349288e+01
-6.976406372587064197e+01
-7.293333027846634309e+01
-7.555668249112508761e+01
-7.746856163589765742e+01
-7.866825346061126822e+01
-7.934051132100984205e+01
-7.980713995844062936e+01
-8.041200416825653008e+01
-8.137162695983080596e+01
-8.264457399076218280e+01
-8.387282163015635206e+01
-8.442264348028469101e+01
-8.351201848867577837e+01
-8.037984813641037363e+01
-7.444454439191129325e+01
-6.541133705447231250e+01
-5.330868107183034965e+01
-3.845854693064377017e+01
-2.140631170752448043e+01
-2.843553916560644268e+00
1.645350977800744730e+01
3.566785394809446785e+01
5.397956998816299290e+01
7.060778779996317667e+01
8.485672723182906907e+01
9.616142004253597975e+01
1.041298563895933142e+02
1.085759614669829176e+02
1.095319350994438423e+02
1.072327176057838045e+02
1.020823800256472111e+02
9.462237323493937424e+01
8.551005509072622601e+01
7.549388551744613096e+01
6.536056891883291087e+01
5.583892435665271137e+01
4.746870705104309707e+01
4.046703619349439407e+01
3.464309389683942442e+01
2.941587872224459943e+01
