-4.511525965361076373e+01
-5.061974793142260864e+01
-5.317317483189214045e+01
-5.053487761185404281e+01
-4.159374070403167423e+01
-2.650170687230377808e+01
-6.482451605564804709e+00
1.657757099283664814e+01
4.060112350187908703e+01
6.371564478653067454e+01
8.448956255459114573e+01
1.019993831260888726e+02
1.157789684779856003e+02
1.257259839698458421e+02
1.320178286394171892e+02
1.350457283365750243e+02
1.353491692158036983e+02
1.335389135198017243e+02
1.302190694298485880e+02
1.259302198949418141e+02
1.211245850709113938e+02
1.161615866565341975e+02
1.113003162513819433e+02
1.066773285964792564e+02
1.022831498208621639e+02
9.796318240893639029e+01
9.345692401148511408e+01
8.846901531644223837e+01
8.275376778412038448e+01
7.618932626057723212e+01
6.881457524274372872e+01
6.081215002515325807e+01
5.244820888112971602e+01
4.400281999167305003e+01
3.572299894953832222e+01
2.780903541256760292e+01
2.042395448430958282e+01
1.370863374498258835e+01
7.790392210827057795e+00
2.780691386803127330e+00
-1.238843924720647749e+00
-4.239142474065243249e+00
-6.265240796066404272e+00
-7.445598368064111128e+00
-7.988139152928349418e+00
-8.170242122198445145e+00
-8.322856666248162227e+00
-8.796251022063621861e+00
-9.897188456087906872e+00
-1.180810858557595289e+01
-1.452244365911830570e+01
-1.783617612726015267e+01
-2.141289770942025328e+01
-2.489962648484549135e+01
-2.804337071573662499e+01
-3.076248113307407550e+01
-3.315262457262682005e+01
-3.543275836764825470e+01
-3.785173636220351057e+01
-4.058676676913079717e+01
-4.367209619688861721e+01
-4.698731823028206378e+01
-5.030649941184825025e+01
-5.338217558330435253e+01
-5.602949307462778705e+01
-5.818113951266562367e+01
-5.989485813681952209e+01
-6.131173885741060303e+01
-6.258361036558497403e+01
-6.380400908976184837e+01
-6.497750871335679790e+01
-6.603915125726007318e+01
-6.690268040500723146e+01
-6.750242591351930344e+01
-6.780861735340698715e+01
-6.781873212320424216e+01
-6.754007215457423285e+01
-6.698186032628413500e+01
-6.616829996324931074e+01
-6.516365143314588693e+01
-6.408095079232182911e+01
-6.305221921331508383e+01
-6.217063017594570340e+01
-6.144501105263870500e+01
-6.080520035314623328e+01
-6.016036697595093585e+01
-5.946839722847336418e+01
-5.876187493243628523e+01
-5.811118110962975436e+01
-5.755854873274196848e+01
-5.707896417881617879e+01
-5.659696685795459814e+01
-5.604200975703518850e+01
-5.539718269222046843e+01
-5.469965753182162871e+01
-5.398055330072313041e+01
-5.317317483189214045e+01
-5.204413733940204168e+01
-5.018700339628794893e+01
-4.707447722965079606e+01
-4.213204603228852818e+01
-3.480174119645367625e+01
-2.459389384497187336e+01
-1.114595516248840568e+01
5.696745474748482252e+00
2.578702910599709242e+01
4.860194591446043688e+01
7.323047109804042520e+01
9.845081148997613241e+01
1.228961825550023548e+02
1.452733105818131207e+02
1.645703078543517108e+02
1.801877700537950773e+02
1.919597251358108565e+02
2.000824532351436460e+02
2.050015665887038097e+02
2.073014284672518102e+02
2.076139445844951297e+02
2.065449789638766731e+02
2.046148580316562402e+02
2.022151441403916579e+02
1.995875469625202072e+02
1.968290520627864453e+02
1.939196815183580327e+02
1.907605471564069148e+02
1.872105550105670773e+02
1.831224843324131655e+02
1.783873005343454565e+02
1.729844765818667156e+02
1.670157111684009692e+02
1.606953923980818217e+02
1.542931658413268678e+02
1.480535632270162409e+02
1.421308378570577133e+02
1.365695492389563128e+02
1.313413424052517371e+02
1.264206878846909490e+02
1.218574552618278233e+02
1.178026285688226551e+02
1.144714803753453509e+02
1.120656488711613150e+02
1.106961058389776014e+02
1.103422315974838455e+02
1.108544030865277250e+02
1.119786291936038793e+02
1.133759549011762147e+02
1.146333542646431596e+02
1.152919497176730772e+02
1.149174546429824346e+02
1.132025818216221467e+02
1.100569478663634868e+02
1.056399231598284985e+02
1.003205119623916914e+02
9.457743206378836476e+01
8.886919314267113634e+01
8.351394732950787159e+01
7.862136038387441772e+01
7.410266096325977969e+01
6.975134661340868547e+01
6.535560166481751310e+01
6.079418019013009200e+01
5.608293166434982169e+01
5.136541757186804347e+01
4.686131968014005622e+01
4.279360408715344022e+01
3.931442091423173935e+01
3.644818732188187482e+01
3.406919513572652392e+01
3.192446123995172513e+01
2.969814354224315167e+01
2.709952587188688966e+01
2.394991843273581367e+01
2.024289668845466394e+01
1.615589359041634054e+01
1.200518857177585375e+01
8.158768926058009185e+00
4.936824859813683020e+00
2.528895089837575938e+00
9.474388585439044164e-01
2.758275265736642723e-02
-5.282296796239194236e-01
-1.073135539682880335e+00
-1.927686738812994349e+00
-3.307382001611912870e+00
-5.288192448282401870e+00
-7.813387476459070058e+00
-1.072447153480736404e+01
-1.379741360901368807e+01
-1.678158181003567506e+01
-1.945019316871575654e+01
-2.166299606311756065e+01
-2.342299661016940604e+01
-2.489781449401561986e+01
-2.638406384941733052e+01
-2.821770578759999637e+01
-3.066031615636259744e+01
-3.380489237207564202e+01
-3.753868758285992158e+01
-4.157632530903113377e+01
-4.554134672694446806e+01
-4.904593288297786557e+01
-5.171952567097208942e+01
-5.317317483189214045e+01
-5.293474617564847051e+01
-5.041737930247246879e+01
-4.497270055343111039e+01
-3.603305434692329356e+01
-2.329450384503503813e+01
-6.864602211892346872e+00
1.268320949621054439e+01
3.436018663328722766e+01
5.689348927139233325e+01
7.890583949239933759e+01
9.911418102523089146e+01
1.165110191442243348e+02
1.304823530894353780e+02
1.408265447527288927e+02
1.476765476300001296e+02
1.513702628898658986e+02
1.523271500528683191e+02
1.509678238749362436e+02
1.476840845470106274e+02
1.428511455013106684e+02
1.368647026585891240e+02
1.301731862586229340e+02
1.232708864063108081e+02
1.166345270611214886e+02
1.106183985041924984e+02
1.053496009749664495e+02
1.006686333861992466e+02
9.614388283875835839e+01
9.116422906616986666e+01
8.509072196270147970e+01
7.743150894832359654e+01
6.799619430649670448e+01
5.698460110891942776e+01
4.497485254390727505e+01
3.280476496386303609e+01
2.137876923272586183e+01
1.145726560105680036e+01
3.488405698984228920e+00
-2.469898466671149428e+00
-6.714647931973902750e+00
-9.762254840532662570e+00
-1.216375766834143235e+01
-1.434324249203832657e+01
-1.652095409983830265e+01
-1.873785855377929011e+01
-2.094645677094974090e+01
-2.310960205075064877e+01
-2.526235673818376171e+01
-2.751867945451758146e+01
-3.002723701490694452e+01
-3.289865517952653562e+01
-3.613944147752361857e+01
-3.962655502109890904e+01
-4.313578420321253049e+01
-4.640845378254767439e+01
-4.922668093510513643e+01
-5.147446644332435284e+01
-5.317317483189214045e+01
-5.448053841796597396e+01
