-4.458664129854822278e+01
-4.614419579770371627e+01
-4.926177647716257013e+01
-5.496813076087927641e+01
-6.340640045340144582e+01
-7.385762157794275140e+01
-8.504852057300976753e+01
-9.557759373914765888e+01
-1.042908185903532825e+02
-1.105070964075475786e+02
-1.140751691280059390e+02
-1.152929266536315254e+02
-1.147346321931655524e+02
-1.130409378772406654e+02
-1.107436364166457992e+02
-1.081969985411846551e+02
-1.056432339151785982e+02
-1.033630400111446193e+02
-1.018028356755084332e+02
-1.015777138632164878e+02
-1.033265961523675003e+02
-1.074887285623673563e+02
-1.141126839081494637e+02
-1.227805774777392855e+02
-1.326671161902243057e+02
-1.427066859442818441e+02
-1.518267409100680823e+02
-1.591958729508622241e+02
-1.644163765157659327e+02
-1.675932491634901851e+02
-1.692596091524520148e+02
-1.702031592381704854e+02
-1.712644435105605680e+02
-1.731524519370002508e+02
-1.762904715735976993e+02
-1.807076588188119217e+02
-1.860161948707483077e+02
-1.915105108532687268e+02
-1.963752748840449840e+02
-1.999300324810977827e+02
-2.018204780184544518e+02
-2.020986445411893442e+02
-2.011840809881194900e+02
-1.997323710602693723e+02
-1.984507557643427447e+02
-1.979055230642416632e+02
-1.983710755172480731e+02
-1.997694237395832033e+02
-2.017251746486834350e+02
-2.037154234244644044e+02
-2.052561452545440090e+02
-2.060666069188673930e+02
-2.061822165579417572e+02
-2.060034696379727279e+02
-2.062553351194633819e+02
-2.078213453098097432e+02
-2.114502099184338419e+02
-2.173957832905531973e+02
-2.250947183018558064e+02
-2.329898296485781941e+02
-2.385816633451559881e+02
-2.387391067927000279e+02
-2.302254293383475670e+02
-2.103282161745138126e+02
-1.774507216350848751e+02
-1.315294615899808264e+02
-7.417841829470887660e+01
-8.520529298387550909e+00
6.125957567073614030e+01
1.305442943210980218e+02
1.949586585277519646e+02
2.509523848266714765e+02
2.961772297336078736e+02
3.296115643080386803e+02
3.514587749513011659e+02
3.628947985317538496e+02
3.657451462732245773e+02
3.621512205381420699e+02
3.542648139180441831e+02
3.439983336991472811e+02
3.328556458971266352e+02
3.218637398584664879e+02
3.116028122110892582e+02
3.022963471458489266e+02
2.939047070581329990e+02
2.861855498330926366e+02
2.787226416696520914e+02
2.709506322613929115e+02
2.622077785766700799e+02
2.518332808652761798e+02
2.392948208376469381e+02
2.243064013929692351e+02
2.069021243224675572e+02
1.874600601673392646e+02
1.666871552926023696e+02
1.455661719387929907e+02
1.252510109107144274e+02
1.069046038723902541e+02
9.150075193537605855e+01
7.963344604310013608e+01
7.138388355751402514e+01
6.629157299550634264e+01
6.345686632386562565e+01
6.176005635058236720e+01
6.013154450498964820e+01
5.777903112095687987e+01
5.429227646692472575e+01
4.960273728127653214e+01
4.384394835038846594e+01
3.719241757561948702e+01
2.975088223770203300e+01
2.149599728155821765e+01
1.228758503642156619e+01
1.932699091363840438e+00
-9.705308226995846610e+00
-2.258395535342326355e+01
-3.640385997452901279e+01
-5.062976070810175599e+01
-6.461277439967066982e+01
-7.775772104414303953e+01
-8.965947416256584290e+01
-1.001555555710292253e+02
-1.092851944664991208e+02
-1.171891503076297170e+02
-1.240126900628197291e+02
-1.298661383790716286e+02
-1.348557779472773177e+02
-1.391542895660258807e+02
-1.430594944173513454e+02
-1.469918466596836879e+02
-1.514012314922977680e+02
-1.565986467572753043e+02
-1.625882464625763077e+02
-1.690056760904015221e+02
-1.752276168446640270e+02
-1.806190345070096441e+02
-1.847971834222502139e+02
-1.877778163208106434e+02
-1.899355727599781289e+02
-1.918101287441094769e+02
-1.938635695821801619e+02
-1.963084570637298327e+02
-1.990800317647102986e+02
-2.019482818894940692e+02
-2.047009767614983673e+02
-2.073091641940838201e+02
-2.100060863337999706e+02
-2.132414489987752688e+02
-2.175014892401491409e+02
-2.230159352001739705e+02
-2.294115101301913739e+02
-2.354149734417887601e+02
-2.387391067927000279e+02
-2.362686364140121498e+02
-2.245769280698034152e+02
-2.006767380698170200e+02
-1.628037688075843903e+02
-1.110112564617549822e+02
-4.740838519718759869e+01
2.403038595306912484e+01
9.805446296807721751e+01
1.690002909864578271e+02
2.317381904894424736e+02
2.824893441881400804e+02
3.193251331342943331e+02
3.422385063681872452e+02
3.527997446496289058e+02
3.535385516291881913e+02
3.472687391179791803e+02
3.365533503449424870e+02
3.234164501546542851e+02
3.092981360988795814e+02
2.951682984878976868e+02
2.816832202267037815e+02
2.692903708524431750e+02
2.582462098220689768e+02
2.485748389506885303e+02
2.400272054901787158e+02
2.320921160396805476e+02
2.240786885774459165e+02
2.152582964459412267e+02
2.050336758034522973e+02
1.930933459497170190e+02
1.795128980743407965e+02
1.647843402635392067e+02
1.497791409866524077e+02
1.356587190883587937e+02
1.237343298772967728e+02
1.152698453404888994e+02
1.112394595338652010e+02
1.120909958928458678e+02
1.175913615470214495e+02
1.268191971254157977e+02
1.383234894893505782e+02
1.504050380458916152e+02
1.614269882325765195e+02
1.700525755502973482e+02
1.753555641587343814e+02
1.768208377549046304e+02
1.742955608835370640e+02
1.679408675742030539e+02
1.581940762260883275e+02
1.457222125755351385e+02
1.313477721156037887e+02
1.159474582844536741e+02
1.003435750157284048e+02
8.521218457396817314e+01
7.102080646587054957e+01
5.799149466504188410e+01
4.608055793559138635e+01
3.498281491470945781e+01
2.418657869314882447e+01
1.309457234728732189e+01
1.186508929953371094e+00
-1.183157140178051492e+01
-2.594001058325407882e+01
-4.079827822082094713e+01
-5.580992557986535729e+01
-7.024285550195648398e+01
-8.338566241835516735e+01
-9.471242164271230024e+01
-1.040125805329268047e+02
-1.114349351614834802e+02
-1.174182564333360403e+02
-1.225357715267795129e+02
-1.273272773150608401e+02
-1.321897878411880924e+02
-1.373485539313650747e+02
-1.428812207976191928e+02
-1.487621105979123683e+02
-1.549240610290277971e+02
-1.613481771090020231e+02
-1.681568823907855688e+02
-1.756436588645655092e+02
-1.841833472665967406e+02
-1.940306678558284830e+02
-2.050782604256212380e+02
-2.166630568058787105e+02
-2.274802157410361190e+02
-2.356219186924255666e+02
-2.387391067927000279e+02
-2.343289228123684609e+02
-2.201468837606225577e+02
-1.947026539049633982e+02
-1.577316587628193929e+02
-1.104895337245986440e+02
-5.574293803915837486e+01
2.571153398764611353e+00
5.993501874914095140e+01
1.119435492656391773e+02
1.549498606209929221e+02
1.865359079685515269e+02
2.057205413804909995e+02
2.128744314525942514e+02
2.093849526514389936e+02
1.971854059477160490e+02
1.782980134292626531e+02
1.545132049084706978e+02
1.272499509460390641e+02
9.756203615134560891e+01
6.621829527327889764e+01
3.379605625112833422e+01
