-4.549462963708297281e+01
-3.605500977143032060e+01
-2.823646561493094964e+01
-2.326369967535674022e+01
-2.174840117401308603e+01
-2.362222924486324516e+01
-2.825808526660511077e+01
-3.472811702117842714e+01
-4.210867288216500981e+01
-4.972876993653792965e+01
-5.728108610797959699e+01
-6.477340659478733187e+01
-7.236962502645599216e+01
-8.021558137731501859e+01
-8.833722783334040685e+01
-9.663797711549113956e+01
-1.049515824199119862e+02
-1.130848227149861742e+02
-1.208251141566311020e+02
-1.279416555232859452e+02
-1.342179544682430219e+02
-1.395184012278830323e+02
-1.438549149988205045e+02
-1.474121291156457687e+02
-1.505095949937224020e+02
-1.535118788256073969e+02
-1.567244812489601031e+02
-1.603167654948734082e+02
-1.642910297491987137e+02
-1.684929868040705685e+02
-1.726516833912187110e+02
-1.764394453780633114e+02
-1.795443561367446250e+02
-1.817506985862329714e+02
-1.830255012650161177e+02
-1.836008733800579193e+02
-1.840194562001169913e+02
-1.850930060492462985e+02
-1.877377579910543375e+02
-1.926981536697664978e+02
-2.002252305324618646e+02
-2.098043334521943848e+02
-2.200184888927723819e+02
-2.286019686538983819e+02
-2.326978651974382046e+02
-2.292866691699885848e+02
-2.157061041947891624e+02
-1.901568365941359104e+02
-1.520955683130520981e+02
-1.024421132817176812e+02
-4.355686735159736145e+01
2.101624435788253464e+01
8.699911870906210254e+01
1.499400490887133230e+02
2.057878883644730479e+02
2.513855198754729088e+02
2.848035824231089919e+02
3.054638874576045282e+02
3.140474889023724927e+02
3.122307405585835340e+02
3.023186174072183121e+02
2.868432376700779969e+02
2.681878519339684317e+02
2.482969658753152657e+02
2.285265844273710627e+02
2.096522796662853807e+02
1.919956314138790106e+02
1.755898338720247125e+02
1.603099779483180214e+02
1.459342926861515366e+02
1.321510277990304587e+02
1.185568545146201984e+02
1.046918775406975044e+02
9.012412832167191823e+01
7.455728338782461151e+01
5.792093785356060209e+01
4.041851975946570974e+01
2.253040637148910008e+01
4.975379275733160966e+00
-1.137726988084134305e+01
-2.565573631014922640e+01
-3.717943188634188800e+01
-4.564243230447247868e+01
-5.120916124064994790e+01
-5.447097844961747626e+01
-5.627830602258227799e+01
-5.752702210589562526e+01
-5.899415230790057763e+01
-6.127343716233408344e+01
-6.478885091093329152e+01
-6.981791711883175822e+01
-7.646911181584260930e+01
-8.461447693761107303e+01
-9.383455289560363610e+01
-1.034467271749743560e+02
-1.126485309033033246e+02
-1.207383173047415994e+02
-1.273216431828979154e+02
-1.324085919016442574e+02
-1.363579350509880612e+02
-1.396967836576795889e+02
-1.428993436214177279e+02
-1.462235543997608715e+02
-1.496760077794140216e+02
-1.531113317009993580e+02
-1.564001254137717751e+02
-1.595642529760611126e+02
-1.628043367965877053e+02
-1.664097604300214357e+02
-1.706023192690539929e+02
-1.753938346827915495e+02
-1.805307969084609852e+02
-1.855583327313972575e+02
-1.899744941845689254e+02
-1.933957744423495626e+02
-1.956506243329480412e+02
-1.967661651823304396e+02
-1.968825282421610154e+02
-1.961717415200576227e+02
-1.948255324390031262e+02
-1.931207158848982886e+02
-1.915115483388736095e+02
-1.906692958207996185e+02
-1.914031286217074523e+02
-1.944496190229041872e+02
-2.001854339070231958e+02
-2.083564340605343546e+02
-2.179046854014364953e+02
-2.269386027671522186e+02
-2.328664372023765168e+02
-2.326978651974382046e+02
-2.234889347486208919e+02
-2.028616857084134324e+02
-1.694960747276161328e+02
-1.234892379932480537e+02
-6.649517921712696022e+01
-1.591941319939314425e+00
6.712277749971032392e+01
1.351327614214435471e+02
1.981617432018639136e+02
2.527352983204773977e+02
2.965374694868576739e+02
3.285288173858147616e+02
3.488582020017000218e+02
3.586315592783592479e+02
3.595997956212290205e+02
3.538189511893317558e+02
3.433373422710686782e+02
3.299680463350802029e+02
3.151878652436514585e+02
3.001568828369954645e+02
2.857954834008947387e+02
2.728278760163219658e+02
2.617342991804825942e+02
2.526338294461011742e+02
2.451832391099734707e+02
2.385748362620644514e+02
2.316641419218051681e+02
2.232060921396833351e+02
2.121469109244268907e+02
1.978995662712452770e+02
1.805232097106244566e+02
1.607444748582359466e+02
1.398049044113041646e+02
1.191781576463960590e+02
1.002477018152496413e+02
8.404768083142107571e+01
7.113627627709698231e+01
6.160637619868575854e+01
5.518144957569571574e+01
5.132984176732215076e+01
4.935656830175872756e+01
4.846845621772848745e+01
4.783307376921722209e+01
4.665675362426915740e+01
4.428987693687479776e+01
4.033610804988774134e+01
3.471955761186860201e+01
2.767077282021741524e+01
1.962621581997902709e+01
1.107452113304295693e+01
2.406124746696548300e+00
-6.178627222247349948e+00
-1.467366657680251052e+01
-2.319259289092865117e+01
-3.185612690958875248e+01
-4.069611693522453777e+01
-4.962242650939691657e+01
-5.847008166049923261e+01
-6.710159465051940231e+01
-7.550178255111472936e+01
-8.379584983434276069e+01
-9.216123158674577098e+01
-1.006720337428155005e+02
-1.091675209869337380e+02
-1.172369031959571259e+02
-1.243566971014457181e+02
-1.301287917317820586e+02
-1.344960733445479946e+02
-1.378105453199420083e+02
-1.407057067392725003e+02
-1.438306373170574659e+02
-1.475732762632983679e+02
-1.519022629919947462e+02
-1.563982683042456188e+02
-1.604636315234520794e+02
-1.636320320355736726e+02
-1.658616461014528625e+02
-1.676862862813171944e+02
-1.701331711359635221e+02
-1.744034211010203421e+02
-1.814193058380906223e+02
-1.914027354807861911e+02
-2.036217888793611905e+02
-2.163570718515899216e+02
-2.270660863697690957e+02
-2.326978651974382046e+02
-2.301163490807507515e+02
-2.165953133768699104e+02
-1.903266545591456236e+02
-1.508422274750332122e+02
-9.922911192409210912e+01
-3.806224540038039095e+01
2.892919025684707890e+01
9.736991476482647556e+01
1.628083839338818848e+02
2.212497808559098758e+02
2.695792404438479934e+02
3.058353073476254167e+02
3.293248826626958135e+02
3.405846957248418789e+02
3.411949367668251512e+02
3.334614642326155263e+02
3.200155588176037327e+02
3.034154707743825838e+02
2.858388537397116806e+02
2.689185123412453322e+02
2.537164940763825598e+02
2.407820804131054615e+02
2.302203915938155490e+02
2.217242299782944315e+02
2.145806554807626867e+02
2.077159358960260533e+02
1.998495861299949468e+02
1.897764577890811211e+02
1.767077783199194414e+02
1.605373015634313560e+02
1.419132603035673981e+02
1.220862873773349122e+02
1.026035408783908878e+02
8.496576085383242116e+01
7.034516878977632359e+01
5.941194090550707330e+01
5.227172417456748832e+01
4.849311431969665875e+01
4.720533721622033596e+01
4.726227555178803641e+01
4.747350153489895774e+01
4.687559528561751421e+01
4.497245434844366230e+01
4.185524109925098912e+01
3.814768246285396458e+01
