7.296263464270888122e+00
-5.579192313217596677e+01
-1.106430353139008531e+02
-1.514545079966657681e+02
-1.762105842917173959e+02
-1.866645278519210365e+02
-1.871429000408370200e+02
-1.828157812987047350e+02
-1.781027727696769034e+02
-1.756612195788069073e+02
-1.761011391688997492e+02
-1.783158547391946911e+02
-1.801715065834022482e+02
-1.792714184742185068e+02
-1.735761752457365787e+02
-1.617727478369777998e+02
-1.433964675753924496e+02
-1.187798654925437347e+02
-8.891793721400266293e+01
-5.530913683662178926e+01
-1.978276455642657083e+01
1.570664337841472502e+01
4.932364949558571254e+01
7.959437338443146359e+01
1.055740020834965662e+02
1.268867687246982712e+02
1.436450589503616584e+02
1.562999872458399011e+02
1.654792187138924646e+02
1.718478271617380244e+02
1.760123901765240078e+02
1.784790647279928919e+02
1.796618020413026500e+02
1.799185736641213396e+02
1.795831775279229987e+02
1.789650585124211659e+02
1.783095046160073878e+02
1.777377203333124953e+02
1.772036135070247553e+02
1.764979638431859428e+02
1.753057675347142492e+02
1.732963243327497196e+02
1.702108107171641507e+02
1.659120267176926973e+02
1.603761414102963840e+02
1.536342574153524652e+02
1.456995348844508555e+02
1.365247738428882656e+02
1.260193482868511410e+02
1.141225446476572216e+02
1.008973944561585796e+02
8.659248611290928466e+01
7.163396227438602182e+01
5.655068091708172062e+01
4.187295234497795349e+01
2.805157418076687748e+01
1.542061146585800913e+01
4.199736825921810635e+00
-5.482445735107759788e+00
-1.356621089370405642e+01
-2.005852727945979552e+01
-2.505516408736108502e+01
-2.876769490450903533e+01
-3.152242377992700995e+01
-3.371233439420796429e+01
-3.571650941196001838e+01
-3.782598714224265990e+01
-4.021240068919868804e+01
-4.295055738373634568e+01
-4.607429274652007933e+01
-4.962337245655176332e+01
-5.364356660992155668e+01
-5.813696046309529208e+01
-6.300504949609327809e+01
-6.804480094469106177e+01
-7.302352285403853216e+01
-7.779277537152461264e+01
-8.236008677044635817e+01
-8.685983877707988654e+01
-9.143726431635153062e+01
-9.612466260611435587e+01
-1.007934859533763898e+02
-1.052077175783935985e+02
-1.091342576787054810e+02
-1.124393234294218047e+02
-1.151253513720153165e+02
-1.173083188425180055e+02
-1.191663256557392430e+02
-1.208945309422155532e+02
-1.226840071843729447e+02
-1.247164369592280195e+02
-1.271521083879072904e+02
-1.300970184111535559e+02
-1.335582221403168433e+02
-1.374152317762145969e+02
-1.414343840742444058e+02
-1.453315224898069005e+02
-1.488579587672155640e+02
-1.518649841139836667e+02
-1.543113174875597053e+02
-1.562162600923497564e+02
-1.576015990115508032e+02
-1.584718196982582583e+02
-1.588471098245183555e+02
-1.588174469804566229e+02
-1.585689094581546215e+02
-1.583568463804982400e+02
-1.584395178279544041e+02
-1.590072619808940999e+02
-1.601361889292606691e+02
-1.617760763899128733e+02
-1.637678385545704600e+02
-1.658820270267207206e+02
-1.678688338965947366e+02
-1.695066097341625380e+02
-1.706355543294948802e+02
-1.711719477551025363e+02
-1.711112298528948941e+02
-1.705342896596128242e+02
-1.696227848633909616e+02
-1.686692040950554485e+02
-1.680532047168439931e+02
-1.681670947357565922e+02
-1.693069387848559302e+02
-1.715724098512930027e+02
-1.748140259254774946e+02
-1.786382681835983135e+02
-1.824558406459485411e+02
-1.855499437344180080e+02
-1.871429000408370200e+02
-1.864435325102953698e+02
-1.826698181335494837e+02
-1.750642616591194098e+02
-1.629383620102769612e+02
-1.457733943449038918e+02
-1.233660088842286910e+02
-9.596515168723357192e+01
-6.433545899135097557e+01
-2.971116850849012536e+01
6.348766785181489070e+00
4.216058595976512180e+01
7.612136866124660628e+01
1.068851547955326993e+02
1.334919075437060769e+02
1.554433255198013626e+02
1.727224982518335992e+02
1.857509872972291873e+02
1.952771817592567345e+02
2.022050903576398184e+02
2.073987796363400093e+02
2.115147935924215687e+02
2.149104036418534918e+02
2.176531501937487576e+02
2.196244588957481199e+02
2.206752992019625879e+02
2.207702414744305770e+02
2.200602925783844341e+02
2.188514246881613587e+02
2.174763750209400825e+02
2.161248390629612288e+02
2.147195222213064767e+02
2.129107729212601328e+02
2.101981462659265674e+02
2.061147884786107340e+02
2.003802999937945515e+02
1.929567167707561168e+02
1.840045015219997993e+02
1.737866031444488044e+02
1.625806680837865770e+02
1.506358676619326502e+02
1.381765308752964643e+02
1.254345437482402588e+02
1.126904881070354350e+02
1.003052806502193306e+02
8.872247877532696236e+01
7.842594966814556301e+01
6.985348571494910175e+01
6.328667284342320443e+01
5.875419868524983258e+01
5.599378638624795457e+01
5.450374568189071312e+01
5.367465703327804505e+01
5.294852793883778475e+01
5.193977159049975967e+01
5.047840865279981415e+01
4.857944952571678243e+01
4.637244165112812055e+01
4.402694756554561906e+01
4.169460296448202286e+01
3.947576632543837860e+01
3.741214242648574384e+01
3.549831580859911639e+01
3.369693394259486041e+01
3.194526854891412171e+01
3.015438872739352050e+01
2.821176012430532509e+01
2.599517295290583974e+01
2.339615480960367222e+01
2.034461750382216039e+01
1.682874825320885748e+01
1.291036074344118489e+01
8.735015319202332762e+00
4.526783022547606450e+00
5.530896098351751888e-01
-2.942483335216747875e+00
-5.817735846332036331e+00
-8.082804025994514419e+00
-9.896891645205737831e+00
-1.151136857212431153e+01
-1.318553716068611692e+01
-1.510994388213649486e+01
-1.736482051846184049e+01
-1.992467467634144285e+01
-2.269952144072992439e+01
-2.558716979135526515e+01
-2.851006027226435435e+01
-3.142547789597430352e+01
-3.431601901146428446e+01
-3.717425525633834837e+01
-3.999247267459644917e+01
-4.276466015004925936e+01
-4.550524082793651104e+01
-4.827970963067655674e+01
-5.122619664133873130e+01
-5.453908693658600271e+01
-5.840053801532587840e+01
-6.287982855715328867e+01
-6.785279206253387940e+01
-7.299756691886335602e+01
-7.788837770169989483e+01
-8.215607894388188015e+01
-8.564644255454767574e+01
-8.850368800522244328e+01
-9.113675997729498590e+01
-9.407818765981221532e+01
-9.779736928015036312e+01
-1.025511906774427047e+02
-1.083318516937981428e+02
-1.149235092756865413e+02
-1.220347761736663301e+02
-1.294474188390541940e+02
-1.371140660160039317e+02
-1.451501840287966445e+02
-1.537012518722983145e+02
-1.627210612029589925e+02
-1.717505811010078389e+02
-1.798081686159092953e+02
-1.854701019921430145e+02
-1.871429000408370200e+02
-1.834454718668769715e+02
-1.735760236202440296e+02
-1.575521659632438798e+02
-1.362627906471608412e+02
-1.113248615969818331e+02
-8.478016319474721740e+01
-5.869985370874229602e+01
-3.479192544064373038e+01
-1.411514165145128885e+01
3.024698364588296329e+00
1.698447471443378376e+01
2.856484498446314291e+01
3.877631616749434329e+01
