-6.359858838452203678e-01
-2.704301944645623124e+01
-5.015449165944746568e+01
-6.760434366015095975e+01
-7.850514383349973002e+01
-8.346495451131546872e+01
-8.415163421418543521e+01
-8.265708703672862612e+01
-8.091922218260522470e+01
-8.034504674644122701e+01
-8.164436612942395755e+01
-8.481380955194804017e+01
-8.921943753204229210e+01
-9.376416711986442465e+01
-9.713825381099545098e+01
-9.812269731686713214e+01
-9.587336064814974179e+01
-9.009549633273421421e+01
-8.104624114301020654e+01
-6.937036636191720618e+01
-5.584847890620670086e+01
-4.117248825699680026e+01
-2.583617780629787575e+01
-1.015753350977976233e+01
5.617570305043921408e+00
2.120598756862948164e+01
3.622953111353917421e+01
5.022614243876832774e+01
6.270980669056158519e+01
7.324137997643366305e+01
8.148012663678245815e+01
8.720896146608727406e+01
9.034690205476654512e+01
9.096490769589904346e+01
8.930620812274381137e+01
8.579576179573204797e+01
8.101963997647474969e+01
7.566321766955660166e+01
7.041175653437016990e+01
6.583493903362916910e+01
6.229052680138165243e+01
5.988072313513576006e+01
5.847363493661307388e+01
5.777035605714458200e+01
5.737780425804069040e+01
5.685843861919122588e+01
5.576302368961028577e+01
5.367734909679595035e+01
5.030198811410554072e+01
4.554689553524775647e+01
3.959599624496384962e+01
3.290302036448166945e+01
2.610832307439848776e+01
1.989512916091135963e+01
1.482313222667855790e+01
1.118733672379945254e+01
8.947867026379038080e+00
7.759486077223136213e+00
7.098129329511349894e+00
6.442411155664244049e+00
5.440659324847074707e+00
4.000237091274165380e+00
2.272416394584526600e+00
5.471156135111776564e-01
-8.988172272365031468e-01
-1.937635421801326974e+00
-2.648679385305022560e+00
-3.270848592361056628e+00
-4.082738715038279231e+00
-5.285482186382681746e+00
-6.951735293243797464e+00
-9.051507753466950135e+00
-1.151439902313994601e+01
-1.427263553994921885e+01
-1.725553275060097036e+01
-2.035200005800651013e+01
-2.338837766734065582e+01
-2.615838625924149596e+01
-2.849819061716742397e+01
-3.036144272836037317e+01
-3.184754068825090911e+01
-3.316642423579311583e+01
-3.455971267629004018e+01
-3.621945396186181654e+01
-3.824201153409862286e+01
-4.062870908484985222e+01
-4.331405487534527765e+01
-4.618971135945536588e+01
-4.910948616037231318e+01
-5.189307247552095248e+01
-5.435992617288791706e+01
-5.639974214362928961e+01
-5.804377487002944491e+01
-5.948411473609862554e+01
-6.101491953119432310e+01
-6.291864774960873774e+01
-6.535213897732135990e+01
-6.828200988582209163e+01
-7.148945322063947572e+01
-7.463655076185602866e+01
-7.737110279290581616e+01
-7.944011852195571066e+01
-8.077811646099996779e+01
-8.153835701268847913e+01
-8.204974247986403668e+01
-8.270924258040015786e+01
-8.384865302358863914e+01
-8.562900006975166889e+01
-8.800268241251812640e+01
-9.074548471905727354e+01
-9.352371528572261639e+01
-9.595320328713248159e+01
-9.762763628353900458e+01
-9.812269731686713214e+01
-9.699975221806688808e+01
-9.382952340870353680e+01
-8.823642554879945976e+01
-7.994646432730040431e+01
-6.882417063841208460e+01
-5.490206060174067915e+01
-3.841487927327037255e+01
-1.983638117790390254e+01
1.082349553881747362e-01
2.048976735267651961e+01
4.029508652418886072e+01
5.859076376966633859e+01
7.467436472056765240e+01
8.816520410531715868e+01
9.901289451283447818e+01
1.074259036001159586e+02
1.137437806839862162e+02
1.182998938572076781e+02
1.213317078791746724e+02
1.229743479077713602e+02
1.233267665651955554e+02
1.225389712621923479e+02
1.208621416213099593e+02
1.186354404818119832e+02
1.162291589238273275e+02
1.139850195107368762e+02
1.121740620495987599e+02
1.109592181740299566e+02
1.103481109814843677e+02
1.101539180149592738e+02
1.100027810989999750e+02
1.094055804456352519e+02
1.078743450472490935e+02
1.050444219420884622e+02
1.007639252936982786e+02
9.512192778794974402e+01
8.841096289928657370e+01
8.105004827442091653e+01
7.350297868916258892e+01
6.620863433900947825e+01
5.952577892599384768e+01
5.369777683770691823e+01
4.884232794412248069e+01
4.495766947023761162e+01
4.192937044930487644e+01
3.953471140642139403e+01
3.746013236315165784e+01
3.534958889386199132e+01
3.288477811595037537e+01
2.987681835892427173e+01
2.633560454876002055e+01
2.248003338229340997e+01
1.866679367666456102e+01
1.525574607498434432e+01
1.247394581031439031e+01
1.034465636491631990e+01
8.704251261080321100e+00
7.280481702034999891e+00
5.788835832197746001e+00
4.014798262040626398e+00
1.862821875837620933e+00
-6.389730518353475830e-01
-3.375630900721922067e+00
-6.203917028944448298e+00
-9.007671394672007281e+00
-1.173431675843571931e+01
-1.440780718674347405e+01
-1.711919758006304093e+01
-1.999938503217224550e+01
-2.317983574202776964e+01
-2.674708108686946417e+01
-3.070002403508665623e+01
-3.492559864928615809e+01
-3.921075305775408992e+01
-4.329916521300778953e+01
-4.697861074824474059e+01
-5.016128326838521190e+01
-5.291348015354220991e+01
-5.541265087104747522e+01
-5.784967583282135450e+01
-6.032755226376914948e+01
-6.281064791674846504e+01
-6.515016015541739591e+01
-6.717248718336563229e+01
-6.878817300205538743e+01
-7.006857371586839633e+01
-7.124961629523626527e+01
-7.265362610883333616e+01
-7.455419476914761390e+01
-7.703176518449159005e+01
-7.988031914742795436e+01
-8.262307064688204150e+01
-8.465896498056136465e+01
-8.549648293197982696e+01
-8.497895097739501580e+01
-8.340328979607674853e+01
-8.147659730619990626e+01
-8.011416657686740450e+01
-8.014028777353823330e+01
-8.199519133469578946e+01
-8.555424832532078483e+01
-9.011908523809998428e+01
-9.457137264728180526e+01
-9.762869305056860014e+01
-9.812269731686713214e+01
-9.522295054110475121e+01
-8.854993875701238437e+01
-7.816200063775380613e+01
-6.445404485482072232e+01
-4.803944926456986053e+01
-2.967477064823421173e+01
-1.023747042495785209e+01
9.283518895469331511e+00
2.783842407972578314e+01
4.443165251817207917e+01
5.827685075116141178e+01
6.893734528421897778e+01
7.639396344144992668e+01
8.100282012614438543e+01
8.335030293914159927e+01
8.406463968351582139e+01
8.366425292021101257e+01
8.249305862472468220e+01
8.073801476496852558e+01
7.848672810078281259e+01
7.578157924531259937e+01
7.265101881779678195e+01
6.912550791499663205e+01
6.525593944931375745e+01
6.114039458092510415e+01
5.694277523886902515e+01
5.287681811358898187e+01
4.914383476342393209e+01
4.584234668099382759e+01
4.289036725908020031e+01
4.000160380921175829e+01
3.673804277243824856e+01
3.263502738814695192e+01
2.736774552509302083e+01
2.090573510464619744e+01
1.359792261637180388e+01
6.151661055553040214e+00
-4.972171722327000665e-01
-5.397487113333250264e+00
-7.834139336944175191e+00
-7.559345198244139752e+00
-4.929464398013500670e+00
-8.759264730277407374e-01
