-4.700979023618276642e+01
5.166742946046539942e+01
1.338045302209058320e+02
1.874396474383093221e+02
2.078576736037883848e+02
1.976835290326585266e+02
1.647727370659374060e+02
1.190844869911892090e+02
6.978479730672755466e+01
2.339971700009627398e+01
-1.674303063305129058e+01
-5.001991843994724718e+01
-7.745431986100410882e+01
-1.006163764561717784e+02
-1.208556410937829213e+02
-1.390003595988492293e+02
-1.554312741832003439e+02
-1.703227811008030699e+02
-1.838552836995229143e+02
-1.962903534514334751e+02
-2.079069368546072951e+02
-2.188758004237168961e+02
-2.291704973273378982e+02
-2.385774767005959518e+02
-2.468051813016822109e+02
-2.536381992605049049e+02
-2.590636097011462766e+02
-2.633176992408835986e+02
-2.668424749142308201e+02
-2.701753442728596610e+02
-2.738112651699584603e+02
-2.780792642357483260e+02
-2.830674110764616671e+02
-2.886139246375766447e+02
-2.943656356864476038e+02
-2.998931784768429907e+02
-3.048361618761912268e+02
-3.090275408397671981e+02
-3.125362008289398545e+02
-3.155975905524977634e+02
-3.184676706502370394e+02
-3.212913134617014066e+02
-3.240755403552872167e+02
-3.267887905119188758e+02
-3.295096543743949837e+02
-3.324905452861335107e+02
-3.360258105408388474e+02
-3.401056791585854739e+02
-3.439519266403955271e+02
-3.456261459748330367e+02
-3.419376893694144428e+02
-3.288160542353392088e+02
-3.021471839486423505e+02
-2.588677825552490503e+02
-1.979681056632485081e+02
-1.210484459352547049e+02
-3.221929685421694955e+01
6.262915276920921315e+01
1.569445276708514996e+02
2.446734485079084038e+02
3.211683189714739228e+02
3.836749622180527695e+02
4.313767516627941063e+02
4.650732712068360684e+02
4.866312325987817076e+02
4.983692729593022364e+02
5.025301464470393285e+02
5.009541279568585992e+02
4.949931137230850595e+02
4.856072725354861177e+02
4.735150908482464729e+02
4.592803955832118845e+02
4.433069143685000881e+02
4.257916543472171043e+02
4.067008297509337922e+02
3.857938258765643127e+02
3.626891406337676358e+02
3.369668686168134855e+02
3.083088054170937653e+02
2.766559745144666635e+02
2.423273515312993140e+02
2.060396452228317514e+02
1.688106047504737717e+02
1.317806529189010689e+02
9.601123034537442891e+01
6.231149736460118049e+01
3.112996881260600901e+01
2.536167645396879777e+00
-2.369991521139143131e+01
-4.795365359556754470e+01
-7.056930081560872736e+01
-9.172145883733449523e+01
-1.113620875544255711e+02
-1.292742747066676543e+02
-1.452115743892613864e+02
-1.590555302581361730e+02
-1.709102538340821980e+02
-1.810916505551137732e+02
-1.900332044419317299e+02
-1.981700710349202268e+02
-2.058543469732184121e+02
-2.133193098501397174e+02
-2.206853236440412047e+02
-2.279926754577962242e+02
-2.352446879816721719e+02
-2.424437590632660999e+02
-2.496061081646464288e+02
-2.567509904462448844e+02
-2.638775827551927478e+02
-2.709540084948569074e+02
-2.779306183649184732e+02
-2.847639050634576847e+02
-2.914277624563554809e+02
-2.979025045220211041e+02
-3.041504761571096083e+02
-3.100975298890209046e+02
-3.156437249257494386e+02
-3.207193288184626567e+02
-3.253691786816245326e+02
-3.297976916251863031e+02
-3.342831315568919877e+02
-3.389124617572539933e+02
-3.431845367710714640e+02
-3.456261459748330367e+02
-3.436125352559180328e+02
-3.335554868564930757e+02
-3.115129891756562870e+02
-2.741172338956760655e+02
-2.195658239650601331e+02
-1.483568905363246131e+02
-6.350913986829952762e+01
2.982774015921890509e+01
1.252658236108726726e+02
2.163155678864871732e+02
2.974581691041295812e+02
3.649011240634033015e+02
4.168873912743798655e+02
4.535680006453335409e+02
4.765546383158353478e+02
4.883160422765582211e+02
4.915761248866641608e+02
4.888334113137983650e+02
4.820674820413011048e+02
4.726408301303921462e+02
4.613555562392828620e+02
4.485956750498045267e+02
4.344859841783353431e+02
4.190217636822578129e+02
4.021492883943539027e+02
3.837907698816090374e+02
3.638173352909540768e+02
3.419952272518560790e+02
3.179571180097362344e+02
2.912531319676909334e+02
2.614959863820604369e+02
2.285531232422097219e+02
1.927023838021401048e+02
1.546809489761013197e+02
1.156047850575603206e+02
7.678852649393319041e+01
3.952948386527640423e+01
4.918928024918759689e+00
-2.628443318974849063e+01
-5.371181431944961560e+01
-7.737634295402351370e+01
-9.760688209223110334e+01
-1.149394923897990850e+02
-1.299936909345491927e+02
-1.433648957388247140e+02
-1.555546326177410492e+02
-1.669392957461544995e+02
-1.777620549779840644e+02
-1.881363085091953167e+02
-1.980677247686009537e+02
-2.075079462549356322e+02
-2.164282505118544577e+02
-2.248682885812542054e+02
-2.329172324544096568e+02
-2.406339683478304323e+02
-2.479691056356874128e+02
-2.547616822659074955e+02
-2.608352351606300203e+02
-2.661467111076884180e+02
-2.708952093916000194e+02
-2.755070104554464478e+02
-2.804796401190212691e+02
-2.861526997715420748e+02
-2.925213240841422362e+02
-2.991927819768405357e+02
-3.055231949495131403e+02
-3.108903965848780899e+02
-3.149924146016038549e+02
-3.180391464070035568e+02
-3.207374659726956452e+02
-3.240398383042922319e+02
-3.287071206899778986e+02
-3.348008413008833486e+02
-3.412488452659763993e+02
-3.456261459748330367e+02
-3.442736302256660110e+02
-3.328232195805341576e+02
-3.070832232443269163e+02
-2.640883539265151967e+02
-2.030112821900806352e+02
-1.256324890557628464e+02
-3.618679747990213968e+01
5.939284749387135776e+01
1.546104806179247362e+02
2.435771973772968124e+02
3.218854488369881324e+02
3.869944862086090325e+02
4.381314129395752843e+02
4.758762626350552409e+02
5.016579792035541345e+02
5.173346664571995461e+02
5.249182566785003701e+02
5.264000726004204580e+02
5.235955006626029444e+02
5.179691623474263906e+02
5.104809959540303339e+02
5.015325934321786008e+02
4.910563240204487556e+02
4.787109522379019495e+02
4.640920956146298977e+02
4.468738008868745055e+02
4.268554055754252659e+02
4.039493224088276975e+02
3.781721229933539234e+02
3.496830405228435552e+02
3.188641792599110545e+02
2.863868908178864103e+02
2.531980786017669232e+02
2.204023561457758831e+02
1.890770085643370635e+02
1.600882838183093781e+02
1.339674604514630971e+02
1.108761703559609231e+02
9.066275279355367900e+01
7.298660679086201242e+01
5.746532485610210017e+01
4.379309096555114422e+01
3.179997673579658723e+01
2.145450936760860117e+01
1.282706694808421588e+01
6.026576631757706082e+00
1.120419105473928312e+00
-1.940921034231010367e+00
-3.360210347683263876e+00
-3.462919670274757777e+00
-2.602411232019200327e+00
-1.043096834648359561e+00
1.109778327184550051e+00
3.869906050404367193e+00
7.199163246847874120e+00
1.075518195412627875e+01
1.367002225513395786e+01
1.450437117105741258e+01
1.149412174074791437e+01
3.095491566940854256e+00
-1.133402143597274758e+01
-3.101660365320272206e+01
-5.369720917985358710e+01
