1.686175177366976072e+02
2.089660081854370333e+01
-1.080693110716838987e+02
-2.044814673001895358e+02
-2.625666175070780355e+02
-2.847521942525673353e+02
-2.793846321588247292e+02
-2.572420056532221793e+02
-2.282118554660929135e+02
-1.990925124694753094e+02
-1.728607595806015524e+02
-1.492079108287602480e+02
-1.258330753888046729e+02
-9.991802233372362707e+01
-6.932853637390817880e+01
-3.329896980144863505e+01
7.428966124289942741e+00
5.089255547584276940e+01
9.444214636857523715e+01
1.353577491454769586e+02
1.714144460855765715e+02
2.012882573607672612e+02
2.247249426663622103e+02
2.424459267545894363e+02
2.558326089963173615e+02
2.664899170068288186e+02
2.758173721265555969e+02
2.847011827441349396e+02
2.933934688719862152e+02
3.015813210421192139e+02
3.085880660608388553e+02
3.136200045430557566e+02
3.159910017263136979e+02
3.152968237518822434e+02
3.115244000686132608e+02
3.050692529278881011e+02
2.966420958152170329e+02
2.870878209016235587e+02
2.771786080794986447e+02
2.674437607309742475e+02
2.580704677052672196e+02
2.488811356001565684e+02
2.393827396318189358e+02
2.288855742932496753e+02
2.166808365637167526e+02
2.022416654244046583e+02
1.853908745252491030e+02
1.663829244677690440e+02
1.458778251709755978e+02
1.248212394791458308e+02
1.042672821419464952e+02
8.518337535123728799e+01
6.827269558301667018e+01
5.385043029229117906e+01
4.180767076378411673e+01
3.167758199629693294e+01
2.278550507056814922e+01
1.443485588639219230e+01
6.070169732697177523e+00
-2.625073666609697653e+00
-1.170584829880239397e+01
-2.100652037774966630e+01
-3.023405816656791245e+01
-3.910210802431267751e+01
-4.747078115755261507e+01
-5.542840050359514237e+01
-6.326171195144299730e+01
-7.131955540744620237e+01
-7.983850986701631314e+01
-8.881875713310869003e+01
-9.800629226339117395e+01
-1.069833629055905249e+02
-1.153271103534831354e+02
-1.227786431790910910e+02
-1.293619410719909411e+02
-1.354012066871564173e+02
-1.414188510272856263e+02
-1.479504805808794288e+02
-1.553533293869185172e+02
-1.636814939763343375e+02
-1.726645340485997338e+02
-1.817869048163511820e+02
-1.904418484473070237e+02
-1.981181284588492133e+02
-2.045625539701775608e+02
-2.098563715316049354e+02
-2.143678132869392812e+02
-2.185954135973433097e+02
-2.229717059771440404e+02
-2.277198554765018343e+02
-2.328244182342860995e+02
-2.381074051120607464e+02
-2.433438948323781688e+02
-2.483472325595299708e+02
-2.529933979706887612e+02
-2.572017818476946331e+02
-2.609161568541068732e+02
-2.641194033939192423e+02
-2.668752597830210789e+02
-2.693543118004131429e+02
-2.718025010328304916e+02
-2.744468138430845556e+02
-2.773729634448430943e+02
-2.804228784550747378e+02
-2.831392590040673554e+02
-2.847521942525673353e+02
-2.841921834160796720e+02
-2.801384523761866490e+02
-2.711441316186381414e+02
-2.558821611477141573e+02
-2.334947125703373842e+02
-2.039436470306866056e+02
-1.682110362075699186e+02
-1.282312068495804169e+02
-8.654037896030985166e+01
-4.575017842791239531e+01
-8.022752051951442809e+00
2.528278291792726407e+01
5.369738898766837565e+01
7.747165669772368801e+01
9.724772821744502949e+01
1.137144419803282460e+02
1.273658765322144006e+02
1.384226185684556185e+02
1.469080204122558655e+02
1.528192565076642211e+02
1.563027827710173199e+02
1.577451179589603782e+02
1.577314290796360012e+02
1.568930905447188309e+02
1.557218623614024295e+02
1.544392902329313699e+02
1.529772076575594326e+02
1.510729530059601302e+02
1.484316581458008386e+02
1.448746639457778542e+02
1.403978524383870194e+02
1.351132271152921760e+02
1.291148263444227382e+02
1.223506463597522043e+02
1.145715599813972858e+02
1.053815341762478965e+02
9.436647524803910869e+01
8.125679682438138229e+01
6.607836720352418070e+01
4.924943701803218232e+01
3.158338721649599279e+01
1.417361412167774404e+01
-1.825893701585314943e+00
-1.546841120768250732e+01
-2.624796490511191394e+01
-3.421637792496159136e+01
-3.993613429032889428e+01
-4.428222147229355699e+01
-4.816675702083159649e+01
-5.228876731058980454e+01
-5.699377776128267215e+01
-6.227628725338322369e+01
-6.790076952277915723e+01
-7.357645426377743547e+01
-7.910757341475658677e+01
-8.445765113160436499e+01
-8.971159004913442914e+01
-9.497492527183368338e+01
-1.002829786329500195e+02
-1.055795304680540880e+02
-1.107736000454465284e+02
-1.158304157445772944e+02
-1.208335422107118973e+02
-1.259774298098423628e+02
-1.314923713422749358e+02
-1.375380575287409783e+02
-1.441139406996934440e+02
-1.510269064797642216e+02
-1.579343925489904450e+02
-1.644502901210430252e+02
-1.702738162212788779e+02
-1.752901041506782462e+02
-1.796013201108399926e+02
-1.834762625402689196e+02
-1.872412156783228454e+02
-1.911573252327256682e+02
-1.953318603465112631e+02
-1.996973850876146059e+02
-2.040690492684675519e+02
-2.082549333279605435e+02
-2.121597994859627079e+02
-2.158208259817315025e+02
-2.193572813781100592e+02
-2.228704434688776814e+02
-2.263546172796607721e+02
-2.296697126776938376e+02
-2.325947628802203440e+02
-2.349401411652787317e+02
-2.366621228243280370e+02
-2.379215850660219758e+02
-2.390585521670117828e+02
-2.404907577636260214e+02
-2.425723023007372205e+02
-2.454664941510802691e+02
-2.490882348274469678e+02
-2.531469562389581540e+02
-2.572753639987079737e+02
-2.611852977983350570e+02
-2.647792652857931444e+02
-2.681697019213096382e+02
-2.715941802597858441e+02
-2.752466690703132599e+02
-2.790749175016826484e+02
-2.826168538367090264e+02
-2.849450109488836347e+02
-2.847521942525673353e+02
-2.805635331257658436e+02
-2.710213681627262758e+02
-2.551699939071527865e+02
-2.326716980074470769e+02
-2.039109715001245320e+02
-1.699742625304974410e+02
-1.325143423167023968e+02
-9.352308448481687719e+01
-5.504859464870352070e+01
-1.890078621734534892e+01
1.360186292192086910e+01
4.178133137360912031e+01
6.559183279598268257e+01
8.545128397019823296e+01
1.019766548592350262e+02
1.157256993939351730e+02
1.270362686839109188e+02
1.360067112901152484e+02
1.425989408308689974e+02
1.467926958414542469e+02
1.487037635622143057e+02
1.486141950801405471e+02
1.469217537432498943e+02
1.440520674695098933e+02
1.403737130008257452e+02
1.361371356918054403e+02
1.314483233169052880e+02
1.262861597262338478e+02
1.205601132091863406e+02
1.141795163118818834e+02
1.070930587218160781e+02
9.927956720565524051e+01
9.071109887482435852e+01
8.132715731784124102e+01
7.104124745351884940e+01
5.977132787307451167e+01
4.747028331925621103e+01
3.413804298546332916e+01
1.981732337553894041e+01
4.598063407956011872e+00
-1.133669032734979609e+01
-2.761123754394947483e+01
-4.353364236307004376e+01
-5.801849180247928928e+01
-6.964257368316032171e+01
-7.689381999332709938e+01
-7.859928212448971863e+01
-7.441325745022706428e+01
-6.516079559822901501e+01
-5.283060916602008206e+01
