-7.155618949193700473e+01
-9.225596067296538649e+01
-1.108428151813453155e+02
-1.257835432598907346e+02
-1.363667406078785689e+02
-1.428129030306620280e+02
-1.461215062822809045e+02
-1.477007559622342114e+02
-1.488981080600274822e+02
-1.505766686378902364e+02
-1.528433776433066669e+02
-1.549663429002521866e+02
-1.554781477442285507e+02
-1.524555575699524752e+02
-1.439444278698165647e+02
-1.284393480449531353e+02
-1.052820465338536451e+02
-7.486173417467185232e+01
-3.856499752441933282e+01
1.505954840366385383e+00
4.295605454845319571e+01
8.351372483753424092e+01
1.212983366243643246e+02
1.548838827118601102e+02
1.832258989331974703e+02
2.055852536739301399e+02
2.215430398649563699e+02
2.311010528765969525e+02
2.347947866429385613e+02
2.337432657499348352e+02
2.295800432846670560e+02
2.242251384436651733e+02
2.195005525283738734e+02
2.166828959197315498e+02
2.161706544933659870e+02
2.174359114600211456e+02
2.193072031294163935e+02
2.204574663998174628e+02
2.198575564176885564e+02
2.169815397209485184e+02
2.117071381901691893e+02
2.040401995139401379e+02
1.938808249685480405e+02
1.809902421742365277e+02
1.651633102852183868e+02
1.464716100409406181e+02
1.254099555821954084e+02
1.028640693865296498e+02
7.994143560756440081e+01
5.777676802448806370e+01
3.739908851916107579e+01
1.966525915103671451e+01
5.201835928139521670e+00
-5.692370194434506203e+00
-1.316080975942834996e+01
-1.783983980638206646e+01
-2.077661105559195320e+01
-2.321797458974779005e+01
-2.634282582654765292e+01
-3.102600694356873845e+01
-3.768969700748461094e+01
-4.625359540028975402e+01
-5.616839744202277984e+01
-6.651830501962403730e+01
-7.619362474101917826e+01
-8.413357727078705750e+01
-8.960418791653516735e+01
-9.242629438062719771e+01
-9.305108073229868637e+01
-9.242659771160630555e+01
-9.169259383727771251e+01
-9.182760368103544124e+01
-9.339707887487307403e+01
-9.649894333683090508e+01
-1.009022184742022716e+02
-1.062768089033401679e+02
-1.123725338317627802e+02
-1.190535612536840517e+02
-1.262007033531972695e+02
-1.335785382893955102e+02
-1.407683826829720033e+02
-1.472054283564077082e+02
-1.522901381107902523e+02
-1.555181753412028627e+02
-1.565890423327524275e+02
-1.554781477442285507e+02
-1.524664881996693282e+02
-1.481195894974959515e+02
-1.432085435083267839e+02
-1.385775171659450677e+02
-1.349780765708556487e+02
-1.328974849169680397e+02
-1.324141107618903845e+02
-1.331295600775098933e+02
-1.342340514212805260e+02
-1.347240339250440115e+02
-1.337126071533417075e+02
-1.307116695402951905e+02
-1.257786351836900280e+02
-1.194986510341475707e+02
-1.128397759366361299e+02
-1.069237098735147526e+02
-1.027339326815089748e+02
-1.008021643079611636e+02
-1.009673609846848024e+02
-1.023105754544703245e+02
-1.032957614158568447e+02
-1.020528510392187798e+02
-9.670127944186174318e+01
-8.563224995337603218e+01
-6.770821897099133935e+01
-4.237681614140427655e+01
-9.719586759636797524e+00
2.955117749506018754e+01
7.415664292963569437e+01
1.223854780187095344e+02
1.722765685465078604e+02
2.218079340756474949e+02
2.690667278713772248e+02
3.124078591718230200e+02
3.506092678088454022e+02
3.829923326347404213e+02
4.094438667970235883e+02
4.303031893388744038e+02
4.461559243216751156e+02
4.576384933494128973e+02
4.653474671526415705e+02
4.698752508818605520e+02
4.719145669083630992e+02
4.723366127347433121e+02
4.721621770085645267e+02
4.723983934821029607e+02
4.737836949739389638e+02
4.765376780166468507e+02
4.802230550451248519e+02
4.837923861271050328e+02
4.858322270359291224e+02
4.849472824483375462e+02
4.801624216343607259e+02
4.711951464930132261e+02
4.584963438757431504e+02
4.430572628804244459e+02
4.260768439191626840e+02
4.086225233207547944e+02
3.913902788225851737e+02
3.746096239149308076e+02
3.580911362181454933e+02
3.413961220165175519e+02
3.240979895127135251e+02
3.060722441097414617e+02
2.877062629529817741e+02
2.699107904661786961e+02
2.538807503788626150e+02
2.406753308744288802e+02
2.307936322294362981e+02
2.239376961877861731e+02
2.190667225019005855e+02
2.147152608494447463e+02
2.094496299528551049e+02
2.022993044879850686e+02
1.930132915673707998e+02
1.820524496106077947e+02
1.703327101405951112e+02
1.588364402963188411e+02
1.482504142546716821e+02
1.387547678331476106e+02
1.300131552040253098e+02
1.213436746232123227e+02
1.120009399675937800e+02
1.014681143473829508e+02
8.965179584915070166e+01
7.691314279295548317e+01
6.394412121242858404e+01
5.155712755801184244e+01
4.046427700420375118e+01
3.109666984305081883e+01
2.349289051449761700e+01
1.728178019768529339e+01
1.177832005921288783e+01
6.183897845259792803e+00
-1.657399656475888605e-01
-7.601263139899600674e+00
-1.605489468391473906e+01
-2.514697029785324389e+01
-3.436546154177568724e+01
-4.325451523739738491e+01
-5.155372222121002324e+01
-5.926077492148658621e+01
-6.660048182999582878e+01
-7.390179864198989890e+01
-8.143449623818483474e+01
-8.929078718915027935e+01
-9.736132304822305628e+01
-1.053838988346182646e+02
-1.130116973924561705e+02
-1.198721300013160089e+02
-1.256273774670657701e+02
-1.300610699562508046e+02
-1.331866851110519860e+02
-1.353275687847608708e+02
-1.371003792313283896e+02
-1.392597340956310745e+02
-1.424168168788847026e+02
-1.467077513823864763e+02
-1.515322298004793140e+02
-1.554781477442285507e+02
-1.564861727879363400e+02
-1.522226091592594628e+02
-1.405692405230473128e+02
-1.201092256513545919e+02
-9.050347351366033877e+01
-5.268006265486030770e+01
-8.790484503925085846e+00
3.808341448668060991e+01
8.444183480106985940e+01
1.269939679468570262e+02
1.632308937053931004e+02
1.917837345929020501e+02
2.124883380392128345e+02
2.261794423967172634e+02
2.343137854011926038e+02
2.385571656077551950e+02
2.404555510797522970e+02
2.412474638572152230e+02
2.417970082727331942e+02
2.425806393675623269e+02
2.436736492959480813e+02
2.447430609738031819e+02
2.451087029363722820e+02
2.439238068209209018e+02
2.404465494071888543e+02
2.342895374766335692e+02
2.255207412353562404e+02
2.145653678856427291e+02
2.019678785614023298e+02
1.881374606193906232e+02
1.731880184719776139e+02
1.569252068003666238e+02
1.389723076535272241e+02
1.189838515345076360e+02
9.686821023846451340e+01
7.293048544917796505e+01
4.787297947585932434e+01
2.265453986739761660e+01
-1.723531094754768844e+00
-2.441425977744489018e+01
-4.484754253319389505e+01
-6.277702251150512325e+01
-7.827376394262239501e+01
-9.167065101934835525e+01
-1.034448517739732694e+02
-1.140496743249611882e+02
-1.237561031286556386e+02
-1.325855123514362788e+02
-1.403690507863292680e+02
-1.468805800193201776e+02
-1.519455784084897232e+02
-1.554781477442285507e+02
-1.574779861080939156e+02
-1.580358205402721694e+02
-1.573516936340490133e+02
-1.557347662475795005e+02
