-8.391841826612906630e+01
-9.572613228979712119e+01
-1.067828048634539044e+02
-1.162255801728291260e+02
-1.229068917579610059e+02
-1.254555925165801398e+02
-1.224860206342224274e+02
-1.129011781363697082e+02
-9.620549459525425107e+01
-7.273102565130865571e+01
-4.369571941293532547e+01
-1.105729579671501028e+01
2.281230596090492213e+01
5.555172450075886559e+01
8.522051561337380576e+01
1.105811889247440547e+02
1.311829262818904454e+02
1.472526527672621341e+02
1.594631293294457066e+02
1.686651186831002747e+02
1.756532150103075764e+02
1.810148683891568737e+02
1.850938895810045608e+02
1.880660425013426220e+02
1.900771339177186405e+02
1.913617651269090914e+02
1.922695903886985320e+02
1.931761351327780289e+02
1.943221063799229569e+02
1.956722797764380744e+02
1.968835011949641398e+02
1.974153849265318570e+02
1.967328280932468374e+02
1.944881002427324290e+02
1.905775673308918954e+02
1.850443260123303446e+02
1.778939264043914648e+02
1.689448692172493907e+02
1.578189259355519880e+02
1.441032084291529145e+02
1.276250048629363079e+02
1.087110652947098401e+02
8.828978092545764866e+01
6.775668869219434498e+01
4.863727495789949273e+01
3.218043547633109114e+01
1.904356893181473964e+01
9.180548096215101594e+00
1.955485322123113434e+00
-3.577023873391581787e+00
-8.336771786088458924e+00
-1.295496337918271657e+01
-1.768227613711216151e+01
-2.249092594419533242e+01
-2.729374452928210815e+01
-3.213840067227734920e+01
-3.725733843337483364e+01
-4.295403677153176858e+01
-4.941224022065505750e+01
-5.655341708706112058e+01
-6.402280032324365777e+01
-7.130171138439906997e+01
-7.788281033121175767e+01
-8.343040690202336407e+01
-8.786837206935418010e+01
-9.137390910206151773e+01
-9.429308256301183633e+01
-9.702063488685368497e+01
-9.989014161255144586e+01
-1.031006083089190497e+02
-1.066797662445767685e+02
-1.104767185267096465e+02
-1.141913694269372286e+02
-1.174576216958629686e+02
-1.199717331399712350e+02
-1.216093162103732368e+02
-1.224585121686815796e+02
-1.227455683325928817e+02
-1.227057213742465649e+02
-1.224874880372503867e+02
-1.221436616572955245e+02
-1.216926953586900311e+02
-1.211885284177864435e+02
-1.207449666962586718e+02
-1.205049098969420527e+02
-1.205846929636865639e+02
-1.210329823785053520e+02
-1.218241361081272203e+02
-1.228769521328455596e+02
-1.240714150539976686e+02
-1.252405087781652924e+02
-1.261360465705877800e+02
-1.263852672916834479e+02
-1.254555925165801398e+02
-1.226382532292622898e+02
-1.170618560966786958e+02
-1.077535038089560260e+02
-9.375960603503290258e+01
-7.432194535255447931e+01
-4.907799543047960356e+01
-1.823389064069874621e+01
1.734293040610252490e+01
5.614702027322265820e+01
9.618542065290277776e+01
1.352404753258081769e+02
1.712011772697138099e+02
2.023973531425561987e+02
2.278652478130862846e+02
2.474785063331428603e+02
2.618981706003036720e+02
2.723436701415560037e+02
2.802528019558060350e+02
2.869409196860850102e+02
2.933587686514141524e+02
2.999951346701459443e+02
3.069128854685505985e+02
3.138746695193919436e+02
3.205039911870038623e+02
3.264251690274779207e+02
3.313392442556039441e+02
3.350303902577025497e+02
3.373374174121415763e+02
3.381347244695365362e+02
3.373398835181958475e+02
3.349278566869770657e+02
3.309199730035212497e+02
3.253409576947776713e+02
3.181737805813800151e+02
3.093496561488588554e+02
2.987810614001132876e+02
2.864153565125265573e+02
2.722873346738592772e+02
2.565672285718695207e+02
2.396054644403108966e+02
2.219627612488489774e+02
2.044009689810157795e+02
1.878097833757444732e+02
1.730630545015532107e+02
1.608311604832252044e+02
1.514052884646266364e+02
1.445984857422292009e+02
1.397704087419622283e+02
1.359799679097966418e+02
1.322185715633063694e+02
1.276473762122891316e+02
1.217740939507415305e+02
1.145392580903479285e+02
1.063028751020626146e+02
9.772555577675143468e+01
8.955284502522272305e+01
8.235474178845180404e+01
7.631639407940109265e+01
7.117293552312219163e+01
6.632026398965994929e+01
6.105297457093200109e+01
5.482686836450592693e+01
4.743879336054813223e+01
3.906036737755218269e+01
3.013133954164312911e+01
2.117629638036912354e+01
1.262978987817960785e+01
4.735334731916267970e+00
-2.462888117597685778e+00
-9.059233740954539371e+00
-1.519554665942970928e+01
-2.097714796230042111e+01
-2.643161703832528531e+01
-3.153422714300023699e+01
-3.628859281727025632e+01
-4.081007434268360612e+01
-4.534538610168917216e+01
-5.019294957673096746e+01
-5.555453673770310274e+01
-6.140539829117085446e+01
-6.746780550036706359e+01
-7.331052626873625400e+01
-7.852557718396212749e+01
-8.290171212517785193e+01
-8.652588895322097073e+01
-8.977654400986247651e+01
-9.320985743572606452e+01
-9.737423927855363104e+01
-1.026051684561065542e+02
-1.088471533162587264e+02
-1.155379764701622207e+02
-1.215849032847977469e+02
-1.254555925165801398e+02
-1.253885618642652275e+02
-1.197007471160783325e+02
-1.071393460378533575e+02
-8.719605907552809754e+01
-6.029737267267741174e+01
-2.781315185635595810e+01
8.122817311122147999e+00
4.494115006571609428e+01
8.005051305403317485e+01
1.112597764949889267e+02
1.371186263265037724e+02
1.570876308955205616e+02
1.714891370834791644e+02
1.812659002243510429e+02
1.876439409282392603e+02
1.918187528859409667e+02
1.947518072791972372e+02
1.971017664882032818e+02
1.992573415445932312e+02
2.014123199981894174e+02
2.036335375805103070e+02
2.059026555557667564e+02
2.081371398021678658e+02
2.102041304166871782e+02
2.119373799210071354e+02
2.131557811263184590e+02
2.136695454515789834e+02
2.132611036802779836e+02
2.116443706500710107e+02
2.084258900625031572e+02
2.031046526246594510e+02
1.951456595761019912e+02
1.841346348124464498e+02
1.699696279870544799e+02
1.529991868159226840e+02
1.340198385120500859e+02
1.141119968025601565e+02
9.438061854385823324e+01
7.571074744163169612e+01
5.862440937028296872e+01
4.326582248177413703e+01
2.949245544084161708e+01
1.702612870581220506e+01
5.610172674695526496e+00
-4.880854115301183072e+00
-1.441644938682733290e+01
-2.287230023348188723e+01
-3.013838717961041880e+01
-3.621242865502495789e+01
-4.124048054823805387e+01
-4.550848389580593789e+01
-4.940753479169394780e+01
-5.338249156967984277e+01
-5.785785671287020904e+01
-6.314246642170452617e+01
-6.933927570867852808e+01
-7.630098907432774524e+01
-8.365854169846123511e+01
-9.091693385239412351e+01
-9.758393488792523840e+01
-1.032869838930992188e+02
-1.078471540515792526e+02
-1.113047953302358053e+02
-1.139034162020204235e+02
-1.160291200850497972e+02
-1.180981996329466028e+02
-1.204048525500289060e+02
-1.229707427699372460e+02
-1.254555925165801398e+02
-1.271831767467569563e+02
-1.273074173571428958e+02
-1.250914129350926629e+02
-1.202128678438098461e+02
-1.129713041211997933e+02
-1.042885407826451569e+02
