-2.764564993029644313e+00
-1.681828425551414341e+01
-2.901407606244572790e+01
-3.803423038918067078e+01
-4.341996452883274316e+01
-4.558378920495587039e+01
-4.553524102010955943e+01
-4.445375935659941291e+01
-4.327786705754007102e+01
-4.244482464743965977e+01
-4.183935918997260472e+01
-4.092982054091203281e+01
-3.901194688381585252e+01
-3.546184278654466482e+01
-2.992370190042034395e+01
-2.240287562735980487e+01
-1.326884043268101721e+01
-3.183102186308073733e+00
7.031554899545847448e+00
1.655600543022347537e+01
2.473665742078887320e+01
3.120189556175092349e+01
3.590042737849342558e+01
3.905151068336020614e+01
4.102727713030549239e+01
4.221551675934049541e+01
4.291833739392438929e+01
4.331528528618602536e+01
4.347811260114919918e+01
4.340561098632841208e+01
4.305930208145717586e+01
4.239772845243633270e+01
4.140863998751100894e+01
4.013067262614649167e+01
3.865209659058232461e+01
3.707998073368892022e+01
3.548842804719576094e+01
3.387096761564478697e+01
3.212710869332959618e+01
3.010038077640162868e+01
2.765925884263590717e+01
2.478591693370298898e+01
2.162629369603198626e+01
1.846703106059831612e+01
1.563739839073049254e+01
1.337463408561064071e+01
1.171798086818088080e+01
1.048880227834179024e+01
9.370039382617862955e+00
8.044392566288983915e+00
6.322163430192007993e+00
4.201860020897710157e+00
1.846586315554230140e+00
-4.988352136001736881e-01
-2.603298690819759287e+00
-4.317826296617321979e+00
-5.602854029547624570e+00
-6.522702355862356249e+00
-7.221415085820602542e+00
-7.886304341580751220e+00
-8.697586975007141064e+00
-9.767616662338358680e+00
-1.109074459927715139e+01
-1.253568403812050569e+01
-1.389718816633261333e+01
-1.498936795165396063e+01
-1.573669016442075730e+01
-1.621832985672588023e+01
-1.664302846005411141e+01
-1.726288050305318933e+01
-1.826330640154413132e+01
-1.967912863878629537e+01
-2.137474418753153316e+01
-2.309578666991728468e+01
-2.456715849869380008e+01
-2.559381233792778687e+01
-2.612302933598132526e+01
-2.624650460681689523e+01
-2.614699719644908527e+01
-2.601700289126061350e+01
-2.598825371783883753e+01
-2.610539775273937835e+01
-2.635386807224024608e+01
-2.672063896944641570e+01
-2.724677099426704174e+01
-2.803617156083695505e+01
-2.921091848903686028e+01
-3.083220187553989788e+01
-3.282477451410426994e+01
-3.494840937461304264e+01
-3.684732454418712422e+01
-3.817322749276907956e+01
-3.873292092470111214e+01
-3.858734626479227359e+01
-3.804504525583833896e+01
-3.754205600737319770e+01
-3.745760460514539858e+01
-3.795186550226951994e+01
-3.890594125698963524e+01
-3.999350150313251362e+01
-4.084502832428948693e+01
-4.121966503759760059e+01
-4.110251272172859416e+01
-4.069123959831228632e+01
-4.029410498549021469e+01
-4.019863358433332223e+01
-4.057033958709854460e+01
-4.141230989066970380e+01
-4.258238376274145764e+01
-4.384422452994522246e+01
-4.492550488908905493e+01
-4.556427825584977143e+01
-4.553524102010955943e+01
-4.465562643412396682e+01
-4.277677679239413067e+01
-3.977455979252152929e+01
-3.555397880709713831e+01
-3.007337191560189638e+01
-2.337759447360219056e+01
-1.562296937616474679e+01
-7.082608512747986751e+00
1.873250693933578681e+00
1.082627141688541350e+01
1.938559409236789577e+01
2.726769386192101763e+01
3.434268004755580250e+01
4.061887027581637000e+01
4.617215119298038672e+01
5.106096835796876121e+01
5.527394313905077894e+01
5.873195612578102498e+01
6.133406523571498781e+01
6.302141306493633977e+01
6.383605270223151962e+01
6.395578238068953425e+01
6.368527884153298402e+01
6.339162025198000805e+01
6.339813188795660182e+01
6.387860848852011486e+01
6.479915092522355735e+01
6.593130824052587968e+01
6.692563899973623620e+01
6.741173733637559451e+01
6.708859986372431194e+01
6.578244967644076269e+01
6.346835924762826409e+01
6.026771786772366113e+01
5.643429053366512704e+01
5.232632512853509610e+01
4.835039494718988351e+01
4.487372141650080692e+01
4.212901474018421766e+01
4.015342237071054399e+01
3.879241761721837634e+01
3.776637910676357990e+01
3.676745633096486898e+01
3.554762886755850104e+01
3.397293131515850462e+01
3.203667355215978318e+01
2.983639513257927689e+01
2.752728379165406736e+01
2.527115870312535151e+01
2.320089545866176195e+01
2.141064042047948135e+01
1.996544113723098945e+01
1.891193931966377306e+01
1.827502139606523457e+01
1.804057826581437496e+01
1.813653951511899010e+01
1.842349766649969567e+01
1.869990747118604446e+01
1.872520784454413700e+01
1.826289565560741579e+01
1.713611609183866236e+01
1.527602483931920396e+01
1.274108653418958603e+01
9.698206040437616693e+00
6.375785806052326699e+00
3.010331994334775274e+00
-1.954119375025857863e-01
-3.097157149254861963e+00
-5.618360988115684407e+00
-7.743806022247250453e+00
-9.496741997023880444e+00
-1.091017413385181811e+01
-1.201379894119281388e+01
-1.284780067638988399e+01
-1.348873149632487767e+01
-1.406061251985108740e+01
-1.471893739423119740e+01
-1.561706628813404407e+01
-1.687180640680755772e+01
-1.853801321791642920e+01
-2.059340094757790496e+01
-2.293200144010290487e+01
-2.536818994629073032e+01
-2.765872897457482793e+01
-2.954962313123467510e+01
-3.084275631771902226e+01
-3.146157548657510716e+01
-3.148865814048728140e+01
-3.115548472892617582e+01
-3.078130468475644932e+01
-3.067781068547622425e+01
-3.105244274775029112e+01
-3.194607685957933541e+01
-3.322868335936106376e+01
-3.465717467259921136e+01
-3.597740103245752152e+01
-3.702952786805855112e+01
-3.780802513495351036e+01
-3.844858558927173675e+01
-3.915243493573811406e+01
-4.008662681503402325e+01
-4.130389008578703169e+01
-4.271070845934817584e+01
-4.408645415409124269e+01
-4.513373874555077947e+01
-4.553524102010955943e+01
-4.500391237722894289e+01
-4.332421479470254155e+01
-4.038113089360620478e+01
-3.616951711510933620e+01
-3.078051964923004391e+01
-2.437278484567293191e+01
-1.714455866641188564e+01
-9.320608179144839411e+00
-1.154402899301231855e+00
7.068325057641808407e+00
1.504031853826112197e+01
2.246219551633028644e+01
2.908147781742679072e+01
3.472653217610283605e+01
3.932440028917969954e+01
4.289871486932065636e+01
4.554884247465691516e+01
4.741511070260771277e+01
4.863995847555099061e+01
4.933737569376960863e+01
4.957860547357486070e+01
4.939460294047377431e+01
4.879248164739242810e+01
4.778300913597166044e+01
4.641151149948302645e+01
4.477563598085365015e+01
4.301256328027670151e+01
4.125407352514731940e+01
3.957058714818754908e+01
3.793543361279081694e+01
3.623017906727716309e+01
3.429028570813611054e+01
3.197225162564664913e+01
2.921617205440618648e+01
2.608049195174829649e+01
2.273598145998603215e+01
1.942185122604738723e+01
1.638229449103253899e+01
1.380712189089832975e+01
1.179327112820514500e+01
1.033222682004746495e+01
9.319627448051628349e+00
8.580311217853486383e+00
