-7.261013577796806118e+00
-2.282662074700740007e+00
1.586014600176651967e+00
3.553757263122916399e+00
3.309346257550371817e+00
1.018163808791529235e+00
-2.817717297967242018e+00
-7.552044084742991714e+00
-1.256821724581046595e+01
-1.739662609043019614e+01
-2.176449873462339468e+01
-2.558299487816099571e+01
-2.888967285741749436e+01
-3.177808736592815109e+01
-3.434818214975572204e+01
-3.669183275271860367e+01
-3.889949923852652347e+01
-4.106075826810294416e+01
-4.324383623364794005e+01
-4.546443045625711932e+01
-4.767005871405232398e+01
-4.976004543702978822e+01
-5.163769879108729555e+01
-5.326775875140266692e+01
-5.470624341799930335e+01
-5.608507328921079704e+01
-5.755709281367879271e+01
-5.922266951620318309e+01
-6.106306416829247041e+01
-6.290141233448970581e+01
-6.440149836386592597e+01
-6.510140512710972871e+01
-6.446991640537829937e+01
-6.197159025205309035e+01
-5.713098350795740998e+01
-4.959400425266935031e+01
-3.918830270068308863e+01
-2.597946068332652203e+01
-1.030805435486978183e+01
7.214369111828417225e+00
2.576401336645351847e+01
4.440892741516660180e+01
6.222792147784106476e+01
7.841339532784326138e+01
9.234648585549233246e+01
1.036492427833998420e+02
1.122157184167473503e+02
1.182103887724743316e+02
1.220185923356964537e+02
1.241496040443933140e+02
1.251180823845067351e+02
1.253427555699969105e+02
1.250911129551577261e+02
1.244739852445339920e+02
1.234728263983307670e+02
1.219778121527449315e+02
1.198239871519807167e+02
1.168234101961035378e+02
1.127958596983969102e+02
1.076010158594105377e+02
1.011742297895296048e+02
9.356371898851460855e+01
8.495739717952584158e+01
7.568024680777577373e+01
6.615029973491091653e+01
5.680255386939139584e+01
4.800836122970041231e+01
4.001766131930830284e+01
3.293728258061938163e+01
2.674549846314376822e+01
2.133653539720512526e+01
1.658361314822585797e+01
1.240197304042774640e+01
8.787819984818177943e+00
5.813251651647974860e+00
3.575667156923581835e+00
2.124606016143026466e+00
1.402067796234128139e+00
1.223711221139907934e+00
1.304892017063320253e+00
1.315420214720809611e+00
9.417812355695129867e-01
-5.917373560198413429e-02
-1.824811975739484282e+00
-4.374147202558098968e+00
-7.617620657666869022e+00
-1.138525725706461245e+01
-1.546727716368502570e+01
-1.965795909038882883e+01
-2.378884972006733989e+01
-2.773757985263915771e+01
-3.141006868323609780e+01
-3.471254671548144444e+01
-3.754087817183512499e+01
-3.980594644337477206e+01
-4.148676080016108614e+01
-4.267565036660522537e+01
-4.357765167071789136e+01
-4.445490927112344082e+01
-4.554177657651650435e+01
-4.696926905207676128e+01
-4.872658516240458937e+01
-5.066986786675142440e+01
-5.257606143025380163e+01
-5.422904597469477039e+01
-5.551017042456152240e+01
-5.645406542034589847e+01
-5.723932262144191441e+01
-5.811293693453883691e+01
-5.927788121919438424e+01
-6.078800696830528238e+01
-6.249324355867209135e+01
-6.406160246962316762e+01
-6.506835225297358249e+01
-6.510140512710972871e+01
-6.382214004229268767e+01
-6.095750708899710446e+01
-5.625038550659722603e+01
-4.942191782348303519e+01
-4.018855139374645091e+01
-2.834481314371446814e+01
-1.388410558325335842e+01
2.900694560876189598e+00
2.139497735363647024e+01
4.073938436574484001e+01
5.997854674751999937e+01
7.822632842571621836e+01
9.479185339081311668e+01
1.092286244212184272e+02
1.213010409390057021e+02
1.309010109513885709e+02
1.379715956025737569e+02
1.424862587156832205e+02
1.444937179008787780e+02
1.441921389918731222e+02
1.419721830101674982e+02
1.383844727613264922e+02
1.340324010542308315e+02
1.294323673400517123e+02
1.248961220954258948e+02
1.204761688266852673e+02
1.159899368130320170e+02
1.111115810702811615e+02
1.054979448675975391e+02
9.890532831044026807e+01
9.126122613916717796e+01
8.267720301655883475e+01
7.341499553321891369e+01
6.383256863010510784e+01
5.433215645975899122e+01
4.531767812805442475e+01
3.715959531862485932e+01
3.016447207037663958e+01
2.454781958152313237e+01
2.041002547907076092e+01
1.771947738567742903e+01
1.631185074930627721e+01
1.591078184257408523e+01
1.616239303776176328e+01
1.666858437244574631e+01
1.701368289395895772e+01
1.679756152140771519e+01
1.569235074319893997e+01
1.351863662939640776e+01
1.030883238244089029e+01
6.318322570966046214e+00
1.966328623680279719e+00
-2.279436528520765393e+00
-6.038125408133339533e+00
-9.127845767923567166e+00
-1.161377510728793538e+01
-1.376615264040289333e+01
-1.593641311056148169e+01
-1.840356187035896340e+01
-2.126496026103408354e+01
-2.442424503004323810e+01
-2.767397871598287651e+01
-3.081567904540991520e+01
-3.374112746632531668e+01
-3.643146253101530618e+01
-3.889357865060831898e+01
-4.109894380434366923e+01
-4.298103594324929588e+01
-4.449309613269049635e+01
-4.567581017374421037e+01
-4.667784857639279039e+01
-4.771184976206593831e+01
-4.897534235053785778e+01
-5.058118057391318700e+01
-5.252470576857011508e+01
-5.469275917422115185e+01
-5.690764769430302294e+01
-5.898955281350231417e+01
-6.081076918739374548e+01
-6.231713215462846733e+01
-6.351272378880456415e+01
-6.442860283038322677e+01
-6.510140512710972871e+01
-6.556612519016769625e+01
-6.584044097954354413e+01
-6.587825895245411800e+01
-6.549918653037430261e+01
-6.433696742574791472e+01
-6.185181914689253801e+01
-5.741975133898527872e+01
-5.047618743384003892e+01
-4.067213942107667890e+01
-2.799753058154866636e+01
-1.283425149042995272e+01
4.077608234587500213e+00
2.174965803348821325e+01
3.910123083803367194e+01
5.512628843973152470e+01
6.903879765157300596e+01
8.036925775057277122e+01
8.899251347481184382e+01
9.507908656878630893e+01
9.898216667555013260e+01
1.010986027932219997e+02
1.017587801409055857e+02
1.011868067655564403e+02
9.953034908909674527e+01
9.691748688357927222e+01
9.348818232142244256e+01
8.937757614233026970e+01
8.467204668789030109e+01
7.938057584219930618e+01
7.344891751336760422e+01
6.680995943800166970e+01
5.944015695879284777e+01
5.139390736411215244e+01
4.280688698430247285e+01
3.387705493306069116e+01
2.483748197027640714e+01
1.593094147911472191e+01
7.389976956747442927e+00
-5.772465047914359104e-01
-7.796012893201480054e+00
-1.413203821260302107e+01
-1.950166359731981203e+01
-2.388601672065653148e+01
-2.734065744172006873e+01
-2.999074322820105465e+01
-3.201060044575686447e+01
-3.359510338686858688e+01
-3.493326743579272176e+01
-3.619475302332925537e+01
-3.753498541109506448e+01
-3.911044810551045714e+01
-4.108192298945045451e+01
-4.358676737040506310e+01
-4.668377993287919026e+01
-5.029782488254439698e+01
-5.419719191356139021e+01
-5.802173343211089929e+01
-6.135447555801422936e+01
-6.380876039910411635e+01
-6.510140512710972871e+01
-6.510049612838579947e+01
-6.385342040447832801e+01
-6.159678831430629486e+01
-5.873480651383798801e+01
