-8.904376253420101861e+00
-8.466007379919847864e+00
-8.708122644228568632e+00
-1.007484780755602038e+01
-1.264733769913078376e+01
-1.614236216345409503e+01
-2.002749326033421085e+01
-2.369584529968576447e+01
-2.663740929055971662e+01
-2.856198318363813371e+01
-2.945218299114917215e+01
-2.954094056178152883e+01
-2.922001397866532812e+01
-2.890553710895676431e+01
-2.890909135957820197e+01
-2.936671038173070158e+01
-3.025055161588393560e+01
-3.144281580311913515e+01
-3.282103242236365048e+01
-3.431030845611682878e+01
-3.589193362785213992e+01
-3.758681168085030322e+01
-3.943580343114646780e+01
-4.148469707550697194e+01
-4.376918028653317805e+01
-4.629586087952590390e+01
-4.902522411563300153e+01
-5.186894924436489873e+01
-5.470705750337167927e+01
-5.741368926871677303e+01
-5.987128499436474272e+01
-6.196408421385070397e+01
-6.356505299957018451e+01
-6.454450499892679716e+01
-6.481926787127132172e+01
-6.443060650983457549e+01
-6.360598350100345755e+01
-6.275076634762783101e+01
-6.234594662464152037e+01
-6.278229643099053447e+01
-6.420412989112227820e+01
-6.643750401738920175e+01
-6.903731676006333373e+01
-7.143252635199796430e+01
-7.311177186213690504e+01
-7.378571021506643035e+01
-7.347713355431838522e+01
-7.251287073166335517e+01
-7.141811638813740615e+01
-7.073955683076196976e+01
-7.084225328385409171e+01
-7.173575251266240116e+01
-7.298657524738099767e+01
-7.375796115445450596e+01
-7.297816969006710508e+01
-6.959194634298569326e+01
-6.282211151542981042e+01
-5.236856274406305545e+01
-3.849183025856564200e+01
-2.196097813826367329e+01
-3.886645387322740675e+00
1.450488287192341730e+01
3.208910981940210405e+01
4.799968035720311121e+01
6.169962166283417559e+01
7.297150923398626787e+01
8.185015016285930756e+01
8.852921153997772308e+01
9.327129981336386777e+01
9.634403031297733833e+01
9.799296296663723638e+01
9.844544418510616879e+01
9.792595268510497419e+01
9.666281918768942205e+01
9.487456713610329473e+01
9.273412273519321047e+01
9.032095710747742601e+01
8.758376430549211022e+01
8.434029188680599987e+01
8.032825714181819876e+01
7.529562419063583434e+01
6.909681389523626649e+01
6.175945459150943151e+01
5.350156889650887138e+01
4.469788832638267451e+01
3.580893016227035019e+01
2.729562665487474504e+01
1.954315906101184552e+01
1.281059978627066442e+01
7.211630650419277089e+00
2.720890878274337510e+00
-8.027865364158870420e-01
-3.579370539084868241e+00
-5.855800247640683409e+00
-7.845354589064504225e+00
-9.677063690786507522e+00
-1.137795911199445520e+01
-1.289858750776340557e+01
-1.417000135718467568e+01
-1.516451124534809480e+01
-1.593463645576580134e+01
-1.661971862210684492e+01
-1.742302224426325807e+01
-1.856826130887414905e+01
-2.024749604569964134e+01
-2.257381163437166904e+01
-2.554975058499578466e+01
-2.905741702135088289e+01
-3.287306494433741477e+01
-3.670812054808429536e+01
-4.027478486471827779e+01
-4.336334708884831457e+01
-4.590338230667231301e+01
-4.797567238708837323e+01
-4.976048951715767288e+01
-5.144518910184347504e+01
-5.313988670835753680e+01
-5.484087015162813827e+01
-5.644921706524877436e+01
-5.782729516697794736e+01
-5.886944236499240901e+01
-5.956315165750087459e+01
-6.001633102045638424e+01
-6.043282084035705282e+01
-6.103799115749094994e+01
-6.198178120619764542e+01
-6.326575497024690975e+01
-6.473918826987828368e+01
-6.617609533542020017e+01
-6.739459106507842989e+01
-6.835062638119620715e+01
-6.915364580744633827e+01
-6.999586364970205921e+01
-7.102692636987238473e+01
-7.222493140374434972e+01
-7.331358455851388101e+01
-7.375796115445450596e+01
-7.284359435100196833e+01
-6.981632860543921026e+01
-6.404462162691763183e+01
-5.516393546560749428e+01
-4.316831105237668709e+01
-2.842755138723864050e+01
-1.162943223053918373e+01
6.333653159315115744e+00
2.450355298967392415e+01
4.198936980484815251e+01
5.806897838223602548e+01
7.224417545909022920e+01
8.424713965431315899e+01
9.400746394648314208e+01
1.015977937939927216e+02
1.071788081617719683e+02
1.109581725588306114e+02
1.131658495293233813e+02
1.140381475185074578e+02
1.138018562926290826e+02
1.126558494060902547e+02
1.107533324451959515e+02
1.081896245110184509e+02
1.049995881293295810e+02
1.011674446252485779e+02
9.664864356444660132e+01
9.139793288837391572e+01
8.539356715537537923e+01
7.865004972822691798e+01
7.122156186099319086e+01
6.320902242222922496e+01
5.478377234536910834e+01
4.622227150377899818e+01
3.792053525881109977e+01
3.035221298062672091e+01
2.396412934055775779e+01
1.904663261493771387e+01
1.563638409297925769e+01
1.349247072980775997e+01
1.215290412808229092e+01
1.105303539165414861e+01
9.674165363605922607e+00
7.681674267740357109e+00
5.009566290665850907e+00
1.861363925574162970e+00
-1.375153609892844742e+00
-4.269982263572755343e+00
-6.497157268337453218e+00
-7.933334207997202014e+00
-8.683703024360006850e+00
-9.041710728989851731e+00
-9.403908336398309586e+00
-1.016445928122686837e+01
-1.161740536242950839e+01
-1.389383225837901037e+01
-1.694814013872354863e+01
-2.058915779701048976e+01
-2.453822053865280850e+01
-2.849282025521743122e+01
-3.218181636427285497e+01
-3.540832411442217165e+01
-3.807801748972940459e+01
-4.020710003486887274e+01
-4.190811010659584923e+01
-4.336084444399986637e+01
-4.477629044901544830e+01
-4.635415319089837283e+01
-4.823435873582516820e+01
-5.045364560071063664e+01
-5.292727402736369413e+01
-5.547160886906343080e+01
-5.786540280146235204e+01
-5.992572947705120612e+01
-6.156488201979155406e+01
-6.280678807255125662e+01
-6.376654111179445295e+01
-6.461338784228311738e+01
-6.553300036409672202e+01
-6.668802859111966086e+01
-6.816838276996540458e+01
-6.993329761455436255e+01
-7.176239405762828483e+01
-7.323621137154138694e+01
-7.375796115445450596e+01
-7.261790233104294146e+01
-6.909488326624300214e+01
-6.258348994995375847e+01
-5.272726828009200517e+01
-3.953144049424522422e+01
-2.342680324638313749e+01
-5.260221683785314184e+00
1.380406550498841511e+01
3.246894316738881514e+01
4.953936652142759556e+01
6.414193561046576519e+01
7.585817606942572411e+01
8.473041660886227078e+01
9.114903383900491463e+01
9.567314976023959616e+01
9.885313086852569597e+01
1.011090812886609172e+02
1.026876582703134915e+02
1.036867055252259604e+02
1.041148789026969013e+02
1.039479279600174948e+02
1.031557062087634904e+02
1.016975079243334221e+02
9.950459803389675528e+01
9.647558194460741277e+01
9.250026343014370411e+01
8.750909511212684322e+01
8.152955218439129226e+01
7.472609404997504612e+01
6.740767951726630258e+01
5.999743831746184952e+01
5.296510183824258178e+01
4.672877074173298695e+01
4.154734663387586124e+01
3.744272280056603108e+01
3.419215699665112140e+01
3.140583670702820740e+01
2.866588906257439362e+01
2.567455988558747038e+01
2.235404669994708016e+01
1.885830002061510413e+01
