-4.862962444706418097e+01
-9.956844572436011731e+01
-1.424024489033540704e+02
-1.707103671006589707e+02
-1.807734250070870701e+02
-1.718982645857755926e+02
-1.460538506850649583e+02
-1.070675909997074342e+02
-5.964999466837240760e+01
-8.476122244016849550e+00
4.251677888565427565e+01
9.052895303587712306e+01
1.339676321440609286e+02
1.722175953865891529e+02
2.052177936822831725e+02
2.330112664043045925e+02
2.554404883067911385e+02
2.720918997326386943e+02
2.824793872341230099e+02
2.863515744810803199e+02
2.839636717691095669e+02
2.761875398135535988e+02
2.644163303225479922e+02
2.503068429197599585e+02
2.354553592599077092e+02
2.211031960185045762e+02
2.079305008793721754e+02
1.959610374975167417e+02
1.845931743549361954e+02
1.727740598333694777e+02
1.593076586791791271e+02
1.432310983863407330e+02
1.241472312435117544e+02
1.024001714690523670e+02
7.902835427527573131e+01
5.550773032326983980e+01
3.337473128225053642e+01
1.385784924386697270e+01
-2.368711471512376932e+00
-1.524952238144684635e+01
-2.523469161939322092e+01
-3.304532495501819511e+01
-3.940101425171256722e+01
-4.479461584790452378e+01
-4.938395518847320886e+01
-5.303253764762207823e+01
-5.547030954160395311e+01
-5.649184018630690218e+01
-5.610445642792410581e+01
-5.458141351952603060e+01
-5.242280537936143503e+01
-5.025367316061792877e+01
-4.870324656223266402e+01
-4.831285409793710528e+01
-4.949523956128575719e+01
-5.252454180288971486e+01
-5.751893053638542597e+01
-6.440418994745125758e+01
-7.288146693801550668e+01
-8.243165105899790035e+01
-9.237245919016422135e+01
-1.019590404581571192e+02
-1.105033097411810843e+02
-1.174905021871587678e+02
-1.226811904034541669e+02
-1.261843585979868863e+02
-1.284717000002485747e+02
-1.302954022712406470e+02
-1.324972701274716655e+02
-1.357574103105872041e+02
-1.403811724065061242e+02
-1.462127932449837147e+02
-1.527012121745332252e+02
-1.590830166358322515e+02
-1.646208471182844448e+02
-1.688291641422756015e+02
-1.716165680430269447e+02
-1.732863749016129589e+02
-1.743846670239273351e+02
-1.754560417122920910e+02
-1.768158709178042614e+02
-1.784342400668401183e+02
-1.799532068683853367e+02
-1.807734250070870701e+02
-1.801161474696002642e+02
-1.770271149633522896e+02
-1.703908525012330131e+02
-1.590510245407718628e+02
-1.420530853218787115e+02
-1.189071009291841392e+02
-8.973023991417585421e+01
-5.520526711445106116e+01
-1.641071124990615004e+01
2.536155513958072660e+01
6.872106820603355004e+01
1.122256942196293750e+02
1.544106301123654532e+02
1.938418128418038293e+02
2.291990217173513713e+02
2.593692163881363513e+02
2.835328498338107011e+02
3.012383327794039474e+02
3.124613955326879022e+02
3.176363500477209527e+02
3.176399330330020803e+02
3.137088223863555640e+02
3.072718354638765277e+02
2.996921179650280465e+02
2.919680403723661470e+02
2.845054087546944857e+02
2.770731722408495443e+02
2.689677460508690956e+02
2.593053406555852689e+02
2.473150972996758128e+02
2.325347744724687971e+02
2.148815053465184803e+02
1.946325992500708253e+02
1.723661708659898864e+02
1.488841974332011659e+02
1.251164443891670146e+02
1.020089345685584306e+02
8.041922247396904311e+01
6.104849630058307497e+01
4.442678988428156828e+01
3.093321463147308492e+01
2.079960225121001827e+01
1.405061906041206754e+01
1.038904022048830456e+01
9.103272408157792484e+00
9.093767437197683989e+00
9.058723136726257508e+00
7.788645978183325269e+00
4.464911230077824200e+00
-1.134793248903889662e+00
-8.581761587326688812e+00
-1.690920377384914275e+01
-2.487067183197879672e+01
-3.128327557223171596e+01
-3.536673306687868035e+01
-3.698327413241128170e+01
-3.670671977875457515e+01
-3.569852104206140098e+01
-3.542512717553681512e+01
-3.729189734319720628e+01
-4.228632720350827867e+01
-5.072182064701240733e+01
-6.215323557273735844e+01
-7.549635231862198737e+01
-8.933027686762019925e+01
-1.023003500481810306e+02
-1.134851281810848036e+02
-1.225863015312293953e+02
-1.298777157699768452e+02
-1.359710251398748255e+02
-1.415308023261557651e+02
-1.470534035686863774e+02
-1.527495427503803000e+02
-1.585105730405773841e+02
-1.639314628930686411e+02
-1.683975162272788566e+02
-1.712649598911862654e+02
-1.721292392986854622e+02
-1.710937619712882167e+02
-1.688969962781963261e+02
-1.667814423342385055e+02
-1.660913601614649053e+02
-1.677228512822088078e+02
-1.716464223282845296e+02
-1.767062886424079124e+02
-1.807734250070870701e+02
-1.811818978151849251e+02
-1.752988031064789993e+02
-1.610717679650439322e+02
-1.374287665321838290e+02
-1.044522391282800555e+02
-6.332340913034438756e+01
-1.610431325216958243e+01
3.455446260535266845e+01
8.573083551835760829e+01
1.345709660917411838e+02
1.786503498406541155e+02
2.163064244776342377e+02
2.468462121814594639e+02
2.705408014161788515e+02
2.883886536571898773e+02
3.017220827762352542e+02
3.117924907853911805e+02
3.194677359415268825e+02
3.251204188535749608e+02
3.287157040190249973e+02
3.300410572022526594e+02
3.289660710883142656e+02
3.256078462579140478e+02
3.203293346729632276e+02
3.135846803404711522e+02
3.056917246674461808e+02
2.966369912525508994e+02
2.860122367490384931e+02
2.731424175940527448e+02
2.573865758173291738e+02
2.385011361686580358e+02
2.169023865313129988e+02
1.936907225846013887e+02
1.703989506329671713e+02
1.485545438227398733e+02
1.292369734708007911e+02
1.128150120045958289e+02
9.896138964172551766e+01
8.691621743298644276e+01
7.587477099553628079e+01
6.534102275716304575e+01
5.530938651325072897e+01
4.620404751829107681e+01
3.860617249882250945e+01
3.289497239886311775e+01
2.896694850353891937e+01
2.616094478169642912e+01
2.343118506880641050e+01
1.971134061290310058e+01
1.432789619076203103e+01
7.287021935609624634e+00
-6.946218125803760302e-01
-8.436427236851155698e+00
-1.472676473195335234e+01
-1.878300073323759989e+01
-2.057126692204424501e+01
-2.086726426929955380e+01
-2.102763807139562857e+01
-2.254213107149345774e+01
-2.652186290175306027e+01
-3.331849692326112944e+01
-4.242872052039050601e+01
-5.271618751605377895e+01
-6.284206640193802684e+01
-7.171950473702536044e+01
-7.882667623131514745e+01
-8.429791876430060427e+01
-8.881020343181342014e+01
-9.334169408886553754e+01
-9.888185712803026206e+01
-1.061516117835115267e+02
-1.153889963144046362e+02
-1.262626628426534978e+02
-1.379496677880196671e+02
-1.493496897839083033e+02
-1.593567322453359054e+02
-1.671129145451680529e+02
-1.722033268593182243e+02
-1.747679356978010787e+02
-1.754958621699414607e+02
-1.754576787520342407e+02
-1.757588026337770657e+02
-1.770718429239237253e+02
-1.791893811127964682e+02
-1.807734250070870701e+02
-1.794410867181552476e+02
-1.722300042746085751e+02
-1.563559215357920493e+02
-1.300580510946555250e+02
-9.328358049701363086e+01
-4.799615793808187902e+01
2.029512128905611945e+00
