-2.650970363234051774e+01
-3.817495971725509207e+01
-4.926058845147137788e+01
-5.935365510457881300e+01
-6.830688019969588254e+01
-7.625217044246977594e+01
-8.351113845040831052e+01
-9.043569199234046607e+01
-9.724405652604825434e+01
-1.039155089328330064e+02
-1.101756356487417321e+02
-1.155693427140381857e+02
-1.195941715312220168e+02
-1.218477301861028366e+02
-1.221360277855376779e+02
-1.205085153897926915e+02
-1.172251182115880113e+02
-1.126914015479267874e+02
-1.073971471733699019e+02
-1.018694670090913803e+02
-9.663268827138743688e+01
-9.216619450903124289e+01
-8.885694659758183889e+01
-8.694812760105040184e+01
-8.649382013358743393e+01
-8.733834918541248271e+01
-8.913666828466743652e+01
-9.141902036179548929e+01
-9.368910963419331495e+01
-9.553589956288196561e+01
-9.673393922821433932e+01
-9.730357806844153856e+01
-9.750295689307891678e+01
-9.773763728365503312e+01
-9.840699992535400042e+01
-9.974478748066826483e+01
-1.017227884121013375e+02
-1.040541855714629946e+02
-1.062797375295084237e+02
-1.078900518281746912e+02
-1.084470677815320840e+02
-1.076914681299121810e+02
-1.056295343319718967e+02
-1.025808226340568297e+02
-9.915451500499250415e+01
-9.612500808839536148e+01
-9.420928460499389701e+01
-9.380878505707502768e+01
-9.483153063029722318e+01
-9.669974465734910041e+01
-9.855880660173239960e+01
-9.959468601455102998e+01
-9.931790614174506970e+01
-9.770419392863306030e+01
-9.515593068243272512e+01
-9.231486031205399456e+01
-8.979377724354350221e+01
-8.791025396877759590e+01
-8.650756618572337686e+01
-8.492757864417269786e+01
-8.214914962824154543e+01
-7.704233290993431638e+01
-6.864760938078336494e+01
-5.639007243396769553e+01
-4.017488228260295102e+01
-2.036086664010643688e+01
2.348951390416688767e+00
2.704381644496436365e+01
5.272425371279545203e+01
7.838663273474064397e+01
1.030770979104072467e+02
1.259256655949359214e+02
1.461738452616145310e+02
1.632089801775750004e+02
1.766099451749778382e+02
1.861960783177012786e+02
1.920614875010073206e+02
1.945725453560180540e+02
1.943135739899859118e+02
1.919872041827221096e+02
1.882965300045591732e+02
1.838375294352482570e+02
1.790160676484829310e+02
1.739952078787098344e+02
1.686835023490471315e+02
1.627769065694512847e+02
1.558532796507056446e+02
1.475022080454873219e+02
1.374672280279941958e+02
1.257714552175509652e+02
1.127832247211386516e+02
9.917674844724777472e+01
8.577764407264751867e+01
7.334323797882584017e+01
6.237007466838255709e+01
5.300950878836532354e+01
4.511158169953294816e+01
3.835275220153741316e+01
3.237857299683412293e+01
2.691117892306051829e+01
2.180190637808748022e+01
1.702925709093884521e+01
1.265764047290978311e+01
8.785802840656415924e+00
5.509810864731921498e+00
2.903465650552806920e+00
1.005030126936276247e+00
-1.965405290297255192e-01
-7.779547391798402600e-01
-9.037357007169823930e-01
-8.488195423371571735e-01
-9.968167617053289575e-01
-1.784270444518213594e+00
-3.589824443150334332e+00
-6.610855354974688680e+00
-1.078863630030355125e+01
-1.582056452482729014e+01
-2.125517551156013951e+01
-2.662863008771785189e+01
-3.158487509062018006e+01
-3.593487988164968527e+01
-3.964814823041424319e+01
-4.280558008335430031e+01
-4.554931448290523122e+01
-4.804315595508479930e+01
-5.043682639097687570e+01
-5.283185279804698098e+01
-5.526365353205244446e+01
-5.771586015918238388e+01
-6.016211113528150634e+01
-6.260518995257315567e+01
-6.507957410654618968e+01
-6.761193969500237699e+01
-7.017342862682491500e+01
-7.267116846531845908e+01
-7.499875106700824290e+01
-7.711542077007229068e+01
-7.909416713836255042e+01
-8.109985737398690731e+01
-8.331170795553090613e+01
-8.583982646296639984e+01
-8.867779698882050354e+01
-9.169912432573005390e+01
-9.467341041899287291e+01
-9.726817060440443186e+01
-9.902275150285210259e+01
-9.931790614174506970e+01
-9.738415427077237041e+01
-9.237780298810987745e+01
-8.352444249117232289e+01
-7.030160754268192136e+01
-5.260967580576455305e+01
-3.086803052541962700e+01
-5.992774520166165075e+00
2.074158607649016517e+01
4.791336189397885192e+01
7.417778835788465130e+01
9.844463737911011947e+01
1.199659776358000585e+02
1.383265407274436143e+02
1.533701815274482101e+02
1.651145620108665071e+02
1.736937359446776554e+02
1.793394240455263855e+02
1.823835156843409777e+02
1.832489709838560543e+02
1.824043691591541574e+02
1.802868354035301479e+02
1.772256172694653173e+02
1.733989166431748288e+02
1.688324569508892523e+02
1.634289997590791472e+02
1.570202830268903824e+02
1.494386266621155244e+02
1.405954089441846691e+02
1.305386151284430980e+02
1.194626297169728275e+02
1.076647300307223674e+02
9.547225366072552788e+01
8.318124065008788648e+01
7.103709812104679600e+01
5.925942751926006480e+01
4.808843043260542061e+01
3.782086586687319141e+01
2.880793611277005439e+01
2.140210991999351364e+01
1.586250235581612245e+01
1.225286508521949358e+01
1.037986218620661028e+01
9.808169552509863109e+00
9.950710657889302979e+00
1.019214048240308657e+01
9.999573931210456124e+00
9.006492393270960406e+00
7.077520366486075964e+00
4.346560842875550001e+00
1.197157051640170167e+00
-1.840878161895119547e+00
-4.268068074849713511e+00
-5.808839433376087769e+00
-6.538605799315639899e+00
-6.878097994874934784e+00
-7.451693563441878609e+00
-8.875344921251292263e+00
-1.156292308624079013e+01
-1.560847650478421400e+01
-2.075691025743697082e+01
-2.645665587351396297e+01
-3.199136026157187729e+01
-3.668070980867393871e+01
-4.010508860066874348e+01
-4.226659142892025045e+01
-4.359783977291787949e+01
-4.479511263605625260e+01
-4.654674467182412201e+01
-4.928137285217000851e+01
-5.303871068453990745e+01
-5.749445309154912565e+01
-6.210348743654171955e+01
-6.629469891575132579e+01
-6.965171220785101980e+01
-7.202742771784306797e+01
-7.356204544924288768e+01
-7.460930289207809096e+01
-7.561203386715990860e+01
-7.697978136081023592e+01
-7.899900144384842804e+01
-8.177618435124092855e+01
-8.520939353503503355e+01
-8.900067091687876086e+01
-9.272320542829012879e+01
-9.592579884670288948e+01
-9.822269403705270463e+01
-9.931790614174506970e+01
-9.895259291238387789e+01
-9.681370662103032032e+01
-9.247219437322947044e+01
-8.541117230542739946e+01
-7.515850968885918348e+01
-6.147557477618113353e+01
-4.451097742277980274e+01
-2.483761360457905454e+01
-3.353277674223992477e+00
1.890233434647164756e+01
4.092734031659667693e+01
6.186676667388880446e+01
8.103352039354797398e+01
9.786785756936299663e+01
1.118809173769185463e+02
1.226235484021309787e+02
1.297011995225446412e+02
1.328289176069444579e+02
1.319040997571160005e+02
1.270747041572431186e+02
1.187821393455505898e+02
1.077516127261134926e+02
9.490504659175556412e+01
8.119945635628039327e+01
6.743308496298719490e+01
5.408270248529548496e+01
4.122682818778528713e+01
2.858255030619683623e+01
