-2.551255703425133703e+01
-5.888732190071048933e+01
-8.790531754877405035e+01
-1.094154092398523517e+02
-1.222395210919529234e+02
-1.271872275045885488e+02
-1.264659853900494682e+02
-1.228113109593012382e+02
-1.186768213546110360e+02
-1.157111345434644818e+02
-1.145956425759292188e+02
-1.151891295540249303e+02
-1.168492303797705176e+02
-1.187822237524808315e+02
-1.203086050780236178e+02
-1.210015562584773647e+02
-1.207196688240869662e+02
-1.195819665772161500e+02
-1.179206307696709644e+02
-1.162196901366883424e+02
-1.150325556296330660e+02
-1.148733253165836743e+02
-1.160860280227315400e+02
-1.187073401980553058e+02
-1.223533879618349829e+02
-1.261721239013897389e+02
-1.288954517309393282e+02
-1.289995006274101854e+02
-1.249505857229659682e+02
-1.154889041823639104e+02
-9.988676498229669676e+01
-7.811951407656114554e+01
-5.090791675795738058e+01
-1.962115888340886727e+01
1.394126679446577022e+01
4.784260623568073356e+01
8.030479029859732520e+01
1.099284899010716146e+02
1.357867100264629130e+02
1.573939227209529292e+02
1.746000364583385078e+02
1.874771671141437537e+02
1.962514809382143142e+02
2.012938499776909111e+02
2.031443435368178712e+02
2.025260552525475362e+02
2.003083412806814181e+02
1.974015707276130058e+02
1.945964309310920726e+02
1.923936287420542328e+02
1.908919403336043956e+02
1.897939173695479269e+02
1.885409274988570871e+02
1.865262025079672412e+02
1.832975688536283769e+02
1.786729619992140670e+02
1.727386315598828048e+02
1.657508473923902272e+02
1.579941202288048885e+02
1.496572924825671294e+02
1.407750736269912011e+02
1.312488787809380426e+02
1.209209031658935061e+02
1.096559769249857936e+02
9.739971660950492094e+01
8.420961165349690702e+01
7.026973791736041619e+01
5.589351246976557519e+01
4.150764679836898807e+01
2.761052160821443380e+01
1.471057938153634659e+01
3.260318589316120619e+00
-6.402202246050821444e+00
-1.410071953431301495e+01
-1.985171915433051737e+01
-2.386699344209755225e+01
-2.651858374396912410e+01
-2.826978973470624368e+01
-2.958976483732297424e+01
-3.087848605102699651e+01
-3.242764663362729038e+01
-3.442531680737679523e+01
-3.698624628240392553e+01
-4.017611489513813439e+01
-4.400814093980970654e+01
-4.841556755672444012e+01
-5.322582915803415204e+01
-5.816779341560343397e+01
-6.292832048385226074e+01
-6.724531940778894068e+01
-7.099749230006887046e+01
-7.424565635009305709e+01
-7.720521795426223832e+01
-8.016619424368407465e+01
-8.339660025859494397e+01
-8.705993440035045694e+01
-9.116559900414260653e+01
-9.556388601389099335e+01
-9.998830115652336303e+01
-1.041323573857842888e+02
-1.077334029085352256e+02
-1.106336808163610499e+02
-1.128006107663768773e+02
-1.143059727477744190e+02
-1.152779985152385649e+02
-1.158487376330001410e+02
-1.161206936807679568e+02
-1.161673250196674871e+02
-1.160626081079209513e+02
-1.159173020887902084e+02
-1.158950774049954759e+02
-1.161923680963302274e+02
-1.169854737890448746e+02
-1.183652540211168258e+02
-1.202861950649994185e+02
-1.225541109685220675e+02
-1.248642646956762263e+02
-1.268784111526405809e+02
-1.283110217422957930e+02
-1.289995006274101854e+02
-1.289499923815226623e+02
-1.283535601355233666e+02
-1.275549617363276411e+02
-1.269542515431056273e+02
-1.268461172712806757e+02
-1.272411248989710657e+02
-1.277357510474053441e+02
-1.274859425758870515e+02
-1.253009568977350767e+02
-1.198360810579589497e+02
-1.098428787047529624e+02
-9.443035060850033346e+01
-7.328710318669368462e+01
-4.681370419703176111e+01
-1.612786914843826835e+01
1.706462795277064970e+01
5.070791014379705075e+01
8.269773258187595388e+01
1.111948763854309732e+02
1.348936864838371150e+02
1.531863996052619541e+02
1.661765801610589506e+02
1.745349515184511517e+02
1.792472082558724935e+02
1.813438088881033821e+02
1.816981582269792170e+02
1.809345650108726034e+02
1.794340875880208728e+02
1.773985388845169950e+02
1.749355595947951656e+02
1.721395596152785004e+02
1.691463315914072609e+02
1.661402106128787750e+02
1.633096154439597854e+02
1.607753950315287739e+02
1.585297540382841817e+02
1.564092685760105326e+02
1.541025757926328765e+02
1.511841262571214770e+02
1.471694253570645401e+02
1.415894322466373580e+02
1.340746639575500581e+02
1.244304607998219439e+02
1.126850706972512057e+02
9.910187245798186950e+01
8.415647662949230323e+01
6.848390011101606945e+01
5.280406382727188941e+01
3.783721037820725286e+01
2.422240369003669969e+01
1.245140699989617517e+01
2.827083190901646503e+00
-4.550139628994134711e+00
-9.770733751838758252e+00
-1.308775989564026787e+01
-1.488205665478934669e+01
-1.562687265749586807e+01
-1.584789393237825728e+01
-1.606826331991069878e+01
-1.673566749378440477e+01
-1.814757500167281279e+01
-2.040492293803567847e+01
-2.341863805741276039e+01
-2.696969621748857548e+01
-3.079927867656008900e+01
-3.469485194937815464e+01
-3.854271149281554187e+01
-4.233345698847796967e+01
-4.612708606498816977e+01
-4.999949635813556625e+01
-5.399473693322682522e+01
-5.809814424788571330e+01
-6.223377881448508475e+01
-6.628373315306795632e+01
-7.012442517095220751e+01
-7.366807725902864945e+01
-7.688948891038248235e+01
-7.982273748823776316e+01
-8.253161101062993055e+01
-8.507357910365938380e+01
-8.747587342456618842e+01
-8.973083901560742959e+01
-9.180832819899221420e+01
-9.367701847453031405e+01
-9.532349855416292428e+01
-9.676086210646720076e+01
-9.802629408482822271e+01
-9.917330950439068715e+01
-1.002639859076011959e+02
-1.013604728053782225e+02
-1.025105874621118005e+02
-1.037275683290523460e+02
-1.049752601486334385e+02
-1.061715324838957315e+02
-1.072098442314720472e+02
-1.079876613163352062e+02
-1.084337844271842499e+02
-1.085365712315137614e+02
-1.083764198329268851e+02
-1.081538154678841863e+02
-1.081882951629353613e+02
-1.088625341408671972e+02
-1.105104077661397071e+02
-1.132842407610905866e+02
-1.170531236409009068e+02
-1.213653857363278945e+02
-1.254728006102045157e+02
-1.283938107084762521e+02
-1.289995006274101854e+02
-1.261251172575335602e+02
-1.187205807780214002e+02
-1.060415125529792562e+02
-8.784913287695975725e+01
-6.455555349774638785e+01
-3.724894098996460912e+01
-7.568395429827378784e+00
2.254690010856583271e+01
5.116476041399395314e+01
7.664168144309316233e+01
9.781978738989704425e+01
1.141159751011651480e+02
1.255089080891738007e+02
1.324445158940872318e+02
1.356856583423490576e+02
1.361324277479042735e+02
1.346433927486069138e+02
1.318951181418101442e+02
1.283142267625657951e+02
1.240925122119584927e+02
1.192621342092218981e+02
1.137886480288497353e+02
1.076465631281760267e+02
1.008645769786242141e+02
9.354472405924116174e+01
8.586155946049244392e+01
7.804180365906485406e+01
7.032412728294387705e+01
6.290702309754503574e+01
5.590265078610160998e+01
4.931448078373379218e+01
4.304480823298043646e+01
3.692630627174001035e+01
