8.885007062142733503e+01
-4.742163067649639174e+01
-1.656391062974488477e+02
-2.525312322773812070e+02
-3.027016661534855189e+02
-3.188810205416106101e+02
-3.097653574787666457e+02
-2.866091540935867101e+02
-2.598990769917898547e+02
-2.370797498869607693e+02
-2.217234819543645017e+02
-2.139862305894526457e+02
-2.118368418743476127e+02
-2.124524331949514249e+02
-2.133082936402718133e+02
-2.127481598053160496e+02
-2.100690972320509218e+02
-2.053028523177102898e+02
-1.989014775366139816e+02
-1.914732635094998159e+02
-1.836209075599940661e+02
-1.758603306388920373e+02
-1.685766016632944684e+02
-1.619960485083147432e+02
-1.561834947220268361e+02
-1.510764708434278702e+02
-1.465443049261756130e+02
-1.424406567491408282e+02
-1.386278884493395083e+02
-1.349788435211540332e+02
-1.313762964580686514e+02
-1.277235680574033552e+02
-1.239670804478746504e+02
-1.201242352201226993e+02
-1.163050746319862867e+02
-1.127132805861869258e+02
-1.096169294663313565e+02
-1.072903535889572311e+02
-1.059361150225136612e+02
-1.055973494978190672e+02
-1.060711856178092773e+02
-1.068378643880963068e+02
-1.070260837240837759e+02
-1.054390220023189499e+02
-1.006624360770995850e+02
-9.125988193704134233e+01
-7.602916727284710419e+01
-5.426158393310589645e+01
-2.593266972913558277e+01
8.231340272015842174e+00
4.683480087061395380e+01
8.802826095165627862e+01
1.298081472358137205e+02
1.703232718106506240e+02
2.081098501847657474e+02
2.422043594845812891e+02
2.721258408952929813e+02
2.977609698535548546e+02
3.192138706652481233e+02
3.366853408434858466e+02
3.504193484975253909e+02
3.607127060484405092e+02
3.679494124338940537e+02
3.726108846343812502e+02
3.752318394030600075e+02
3.763090346335570189e+02
3.762025551788164535e+02
3.750737971856233344e+02
3.728802634757365695e+02
3.694183409969022591e+02
3.643927045905603563e+02
3.574925814601325555e+02
3.484585175839761746e+02
3.371277256735874062e+02
3.234550630594089284e+02
3.075148926089708539e+02
2.894920901409730618e+02
2.696717939906313859e+02
2.484372036173196534e+02
2.262769891010066772e+02
2.037889671621393859e+02
1.816544394651885455e+02
1.605603035631296507e+02
1.410701497272705751e+02
1.234822174862044193e+02
1.077369234464426029e+02
9.342756422323567733e+01
7.992510156037781144e+01
6.657571731661887782e+01
5.289809820778566518e+01
3.871099946643160905e+01
2.415301764533942475e+01
9.598081995287081725e+00
-4.492198790854018853e+00
-1.771722514471124654e+01
-2.983370234864760207e+01
-4.078227558904080752e+01
-5.066467940837323169e+01
-5.970364586797277440e+01
-6.820458386432471798e+01
-7.651868876881889037e+01
-8.499718286777792287e+01
-9.393133205901607141e+01
-1.034879207882588332e+02
-1.136607690117490534e+02
-1.242572216157315097e+02
-1.349307718536472862e+02
-1.452620296719632051e+02
-1.548746280869880252e+02
-1.635519873762862346e+02
-1.713115500665045943e+02
-1.784070226280753673e+02
-1.852580092893692267e+02
-1.923306116427894494e+02
-2.000017333925481751e+02
-2.084407226372796060e+02
-2.175426340032854569e+02
-2.269404865731165160e+02
-2.360994493905499212e+02
-2.444640415573456664e+02
-2.516113019511440712e+02
-2.573635480407211276e+02
-2.618254873572943779e+02
-2.653326287552246185e+02
-2.683336494594402666e+02
-2.712593868450586001e+02
-2.744289869502283068e+02
-2.780124428173979823e+02
-2.820370329770006492e+02
-2.864128420047783266e+02
-2.909592069706819188e+02
-2.954303127361799852e+02
-2.995509883990022217e+02
-3.030697882979359292e+02
-3.058174997026429764e+02
-3.077470432922925738e+02
-3.089419997431506317e+02
-3.096022872624526485e+02
-3.100195002215085651e+02
-3.105377088743276772e+02
-3.114824885962140115e+02
-3.130501532199920121e+02
-3.151741875916765139e+02
-3.174093209590020024e+02
-3.188810205416106101e+02
-3.183319709730581621e+02
-3.142658485451214574e+02
-3.051633988647491833e+02
-2.897398411380063408e+02
-2.672067413130017144e+02
-2.374864825734117346e+02
-2.013140152496669941e+02
-1.601747791455968866e+02
-1.160775906764680769e+02
-7.122186106441363052e+01
-2.765345628662085176e+01
1.300409689311582895e+01
4.969459603154669480e+01
8.194486660867443106e+01
1.097760871273352450e+02
1.335516144928782580e+02
1.538062404865720509e+02
1.710949040448468281e+02
1.858861960155736313e+02
1.985136285852743185e+02
2.091838745037032368e+02
2.180235187979441491e+02
2.251324550869161953e+02
2.306145766943112676e+02
2.345756915409733097e+02
2.371021535913966716e+02
2.382436679321006920e+02
2.380119356111010518e+02
2.363874754488104770e+02
2.333232793251627584e+02
2.287473599402699449e+02
2.225741373614879706e+02
2.147249038422711465e+02
2.051478943168170019e+02
1.938368217816572496e+02
1.808596521254225138e+02
1.664019037177780831e+02
1.508044860088159851e+02
1.345625421997939668e+02
1.182645798514391515e+02
1.024824063839487849e+02
8.765346054181421209e+01
7.400901627339317201e+01
6.158208560601579507e+01
5.028412641208637979e+01
3.999957580566393744e+01
3.064339426460691129e+01
2.216099347556344412e+01
1.449192715382091023e+01
7.537315458096173870e+00
1.159237322040226559e+00
-4.787467079232499145e+00
-1.041540626800950520e+01
-1.578802706911767473e+01
-2.093890157394367435e+01
-2.590828879911993710e+01
-3.076394584477669980e+01
-3.559039114458474273e+01
-4.045820600959162050e+01
-4.539484486295730647e+01
-5.037159083677838822e+01
-5.531384973516273362e+01
-6.013647168464672177e+01
-6.479409978709745133e+01
-6.932144909460220106e+01
-7.383614916390561689e+01
-7.849634862884154529e+01
-8.343406083489232117e+01
-8.870027381758734464e+01
-9.424867097345857303e+01
-9.996145877352228126e+01
-1.057003032060719647e+02
-1.113567230401637147e+02
-1.168800907759425911e+02
-1.222745711736843504e+02
-1.275728666732810552e+02
-1.328059246474827546e+02
-1.379860682216328200e+02
-1.431081052658631165e+02
-1.481619395566625599e+02
-1.531497711669491650e+02
-1.581045935220327863e+02
-1.631049119606489342e+02
-1.682753482780775869e+02
-1.737632245488445619e+02
-1.796916737327764508e+02
-1.861060052142118479e+02
-1.929415511754497174e+02
-2.000363746650663472e+02
-2.071898955003361493e+02
-2.142440825326717402e+02
-2.211539127779868750e+02
-2.280203896819211309e+02
-2.350748152240674642e+02
-2.426190289438519301e+02
-2.509373393873233056e+02
-2.602007067605889006e+02
-2.703839595057983161e+02
-2.812124911037334414e+02
-2.921460576410472640e+02
-3.023985952231510623e+02
-3.109910888165425717e+02
-3.168393811183096318e+02
-3.188810205416106101e+02
-3.162360041600987302e+02
-3.083768681412622641e+02
-2.952625626584004976e+02
-2.773782663724446707e+02
-2.556341485048645268e+02
-2.311232855942910760e+02
-2.048111283875701929e+02
-1.772821061701478982e+02
-1.486617554544512529e+02
-1.187630079547780042e+02
-8.740228220564048911e+01
-5.473401708927439557e+01
-2.141323133512578636e+01
