-7.543891104322227648e+01
-8.299626186912364290e+01
-9.114010203149632616e+01
-1.001908036309392855e+02
-1.096448128163867324e+02
-1.179070284115246636e+02
-1.222715218999665439e+02
-1.192418668753536366e+02
-1.051844818222943729e+02
-7.718710208445614285e+01
-3.389833123332012832e+01
2.390775970702335940e+01
9.323951141372191387e+01
1.693220221587952778e+02
2.464403649294991965e+02
3.189558601030319096e+02
3.822362302313590590e+02
4.332942884737161648e+02
4.710259776775608316e+02
4.960500231600669849e+02
5.102491993123085763e+02
5.161699210203676103e+02
5.164401293512407847e+02
5.133221869486660580e+02
5.084554186732721064e+02
5.027923283305327686e+02
4.966979577014036522e+02
4.901521077227882301e+02
4.829753247874915019e+02
4.750102912767662815e+02
4.662262559147707748e+02
4.567451285885361472e+02
4.467973481213698506e+02
4.366203731682824696e+02
4.263303550195270759e+02
4.158175999834265895e+02
4.047159252583065836e+02
3.924668224701207464e+02
3.784535374965779511e+02
3.621437785426675759e+02
3.431796062457449921e+02
3.213941044411653820e+02
2.967868395429242128e+02
2.695109625725114597e+02
2.399004401080574098e+02
2.085224669414549226e+02
1.762103659807512486e+02
1.440316007986534146e+02
1.131750706476671695e+02
8.478458400201137124e+01
5.978791066957516875e+01
3.875951956978050106e+01
2.183599829762458100e+01
8.701837183073237725e+00
-1.333953022177389869e+00
-9.172582458388767179e+00
-1.571834764716709998e+01
-2.170294490639504659e+01
-2.759483326876444664e+01
-3.359953002981403358e+01
-3.972142802731640643e+01
-4.585072894655013442e+01
-5.184629240362785652e+01
-5.759470035120124010e+01
-6.304004194897926538e+01
-6.819370020071092142e+01
-7.313396078469379802e+01
-7.799209534775620511e+01
-8.291597274998521527e+01
-8.801551538941684782e+01
-9.331042199671101400e+01
-9.870001523546871169e+01
-1.039635081017662088e+02
-1.087948341049998788e+02
-1.128754861330486534e+02
-1.159719032412950952e+02
-1.180181388034415733e+02
-1.191430135066949703e+02
-1.196317103051105022e+02
-1.198422935954002497e+02
-1.201028702629900096e+02
-1.206100905557732830e+02
-1.213560152605647744e+02
-1.221187878789038592e+02
-1.225397730535497800e+02
-1.222715218999665439e+02
-1.211373660342222678e+02
-1.192259115951109578e+02
-1.168722604032581245e+02
-1.145310978965599276e+02
-1.126037058624945502e+02
-1.112979223248489546e+02
-1.105737274051415540e+02
-1.101834230590625481e+02
-1.097810118566633975e+02
-1.090563233157593146e+02
-1.078432278936776214e+02
-1.061620167191379238e+02
-1.041850453883316021e+02
-1.021510124880276891e+02
-1.002771723572540878e+02
-9.871172035803111555e+01
-9.753151429737421552e+01
-9.675430313103488800e+01
-9.633281900402256781e+01
-9.612797442718694185e+01
-9.589024991176249557e+01
-9.528921910780142923e+01
-9.401115648495179755e+01
-9.189587879345974386e+01
-8.903936732897319928e+01
-8.579572523500216619e+01
-8.267081723282289829e+01
-8.015710561022980585e+01
-7.857659041832299351e+01
-7.798658976261016562e+01
-7.817986157223892008e+01
-7.877612721021365871e+01
-7.936290704564267173e+01
-7.962616463424787128e+01
-7.942823598102113181e+01
-7.881927644694512480e+01
-7.798502156946987895e+01
-7.714589300718795073e+01
-7.644485584114288201e+01
-7.587942433756511207e+01
-7.532104918535439708e+01
-7.462178776281972148e+01
-7.375789023154676727e+01
-7.293083450336639828e+01
-7.255453764386685123e+01
-7.310011356615267175e+01
-7.482643364268501784e+01
-7.747060552900971686e+01
-7.999489638877271602e+01
-8.048867934565147664e+01
-7.630448601118736462e+01
-6.445483549191972372e+01
-4.221462971644949391e+01
-7.792742654574027483e+00
3.910913999452921530e+01
9.702245283811552667e+01
1.628247219367430603e+02
2.322267514852510999e+02
3.005033547710303310e+02
3.632720897546261085e+02
4.171370011620152809e+02
4.600775131894380934e+02
4.915355904421545574e+02
5.122218272150846587e+02
5.237224176553479538e+02
5.280308873688323956e+02
5.271326934505809731e+02
5.227349436582720728e+02
5.161702139240314864e+02
5.084338124623850490e+02
5.002702359039613498e+02
4.922330843513670402e+02
4.846907309160168325e+02
4.777967660114391037e+02
4.714651882252762221e+02
4.653874673085243785e+02
4.591071815292639258e+02
4.521321328859835376e+02
4.440328906994297427e+02
4.344805494534310242e+02
4.232201197447321874e+02
4.100207780795244616e+02
3.946484978435296966e+02
3.768763870823200932e+02
3.565223355349667145e+02
3.335004331045709023e+02
3.078786354823361648e+02
2.799360174854430738e+02
2.502057183116207852e+02
2.194779874530347570e+02
1.887362590678197876e+02
1.590225394209064120e+02
1.312668361916564379e+02
1.061435580180043559e+02
8.401816801832978854e+01
6.500923754263294541e+01
4.912084646833850599e+01
3.634542358363488290e+01
2.665407000851044117e+01
1.987648239452361310e+01
1.555763415484616630e+01
1.289808273155724194e+01
1.083242663475840217e+01
8.223677422611594068e+00
4.102034873751691180e+00
-2.130824906152220422e+00
-1.059048913463850283e+01
-2.091536628888803762e+01
-3.237518189518042533e+01
-4.404546108949405436e+01
-5.500843047422893051e+01
-6.454331161868367417e+01
-7.226684428761009826e+01
-7.818855250165150039e+01
-8.266512585282583814e+01
-8.626981267415084176e+01
-8.962051008299695809e+01
-9.321800696944977460e+01
-9.733254925976588368e+01
-1.019595377246991603e+02
-1.068540451910695452e+02
-1.116377074408629824e+02
-1.159409119643517272e+02
-1.195165417233810530e+02
-1.222715218999665439e+02
-1.242151422275171484e+02
-1.253807357606580126e+02
-1.257897410132924989e+02
-1.254815606761427063e+02
-1.245701154560312744e+02
-1.232665996209355939e+02
-1.218412477153554221e+02
-1.205433183925411811e+02
-1.195195502551299711e+02
-1.187692313927350938e+02
-1.181602739749750270e+02
-1.175019026703520666e+02
-1.166335885037434821e+02
-1.154774893363155570e+02
-1.140306067691720529e+02
-1.123205255920873071e+02
-1.103719376946348234e+02
-1.082094938663265680e+02
-1.058804989390215923e+02
-1.034624047903540571e+02
-1.010389594266952002e+02
-9.866011161487841719e+01
-9.631407990862111035e+01
-9.392848941533887341e+01
-9.139815753417479982e+01
-8.862835960051950224e+01
-8.558193951416029677e+01
-8.231391356083594246e+01
-7.897198738738308066e+01
-7.575182425160444666e+01
-7.282370371452424251e+01
-7.027072717706286653e+01
-6.807206825139613215e+01
-6.612931088935887658e+01
-6.430545692448939121e+01
-6.245295453934052432e+01
-6.043270611541747428e+01
-5.813655371819889695e+01
-5.551490774534628514e+01
-5.259843457158923030e+01
-4.950236291740854710e+01
-4.640834461430539903e+01
-4.352097794650062923e+01
-4.099793650181811699e+01
-3.886547633888895348e+01
-3.695383495258148798e+01
-3.490354767329976937e+01
-3.227951143373563525e+01
-2.877125297590615816e+01
-2.438502687896654919e+01
-1.950927122105190392e+01
