-2.662982227319914230e+01
-2.989789070135058680e+01
-3.316543553265574928e+01
-3.641090649482465835e+01
-3.953191880028480654e+01
-4.236032097067427316e+01
-4.471524039974050169e+01
-4.647320623137738238e+01
-4.762499054508446505e+01
-4.829387261352074034e+01
-4.870731059598657708e+01
-4.913533014569946289e+01
-4.982376215796957553e+01
-5.094897327937108145e+01
-5.260119335105692784e+01
-5.477944870621556817e+01
-5.737357339428739778e+01
-6.012442042643115769e+01
-6.257583259134374032e+01
-6.404336917356751258e+01
-6.362584581546262541e+01
-6.028332678212373708e+01
-5.299463901437942326e+01
-4.098029357231894210e+01
-2.393951527544295743e+01
-2.226193260969258958e+00
2.310255323479525202e+01
5.039382954727153674e+01
7.764598441044553567e+01
1.028433618854111984e+02
1.243057088390571607e+02
1.409717527142328777e+02
1.525464567135978484e+02
1.594741613287278881e+02
1.627502022231735737e+02
1.636314799705971268e+02
1.633312109663684737e+02
1.627789828890685726e+02
1.625002938434953990e+02
1.626288570077855979e+02
1.630219250618474405e+02
1.634183916451529228e+02
1.635729868343858016e+02
1.633215832623268113e+02
1.625744888213776562e+02
1.612731764814510598e+02
1.593562791999486308e+02
1.567598285018213744e+02
1.534449025061093153e+02
1.494259551079036328e+02
1.447745090810668387e+02
1.395894405706835073e+02
1.339437390565996395e+02
1.278308738892555141e+02
1.211390214041568498e+02
1.136721555959374683e+02
1.052132302824623338e+02
9.560418815008343074e+01
8.481735392905697779e+01
7.300604546587319987e+01
6.052997595182186075e+01
4.794706687944765378e+01
3.595688146805304797e+01
2.528512159931098324e+01
1.652258345956469654e+01
9.969104568092838292e+00
5.553390502733266842e+00
2.875142247345193525e+00
1.355865077786441830e+00
4.276335338973495936e-01
-3.300500823868901534e-01
-1.160768636522863773e+00
-2.193590840267738429e+00
-3.526918189664531411e+00
-5.268507466586104471e+00
-7.517656683172042165e+00
-1.031919830992670839e+01
-1.362417105664732730e+01
-1.727425984194452013e+01
-2.101520739976280083e+01
-2.454485346746542973e+01
-2.759748460116882285e+01
-3.004427542958209330e+01
-3.196276221452047395e+01
-3.362680563223834440e+01
-3.540495587132583211e+01
-3.760695651180593302e+01
-4.034812058734688378e+01
-4.349088486721360169e+01
-4.668426946770792085e+01
-4.948222891823168368e+01
-5.149876267085960535e+01
-5.255043371072767400e+01
-5.273806659727898705e+01
-5.243162768923539829e+01
-5.215409476088325391e+01
-5.240399555844295776e+01
-5.348568762386149444e+01
-5.541026123506701140e+01
-5.789547483240386327e+01
-6.045749191365547404e+01
-6.256505013001674342e+01
-6.381083570114373060e+01
-6.404336917356751258e+01
-6.341104279205218575e+01
-6.230334712346794390e+01
-6.121318292657753091e+01
-6.056701110845936853e+01
-6.057790069048881776e+01
-6.117184919506698293e+01
-6.201729181564702742e+01
-6.265207440125384153e+01
-6.266358982875011918e+01
-6.185448877657559308e+01
-6.033045796027819563e+01
-5.847587523896729067e+01
-5.682524506563147781e+01
-5.587846761565518250e+01
-5.593022274387593029e+01
-5.697608729209224521e+01
-5.872509960506090465e+01
-6.070871799831647309e+01
-6.244405277662799847e+01
-6.359138159139708080e+01
-6.404869883465600822e+01
-6.395256546794401231e+01
-6.359448694677938363e+01
-6.329557294023585712e+01
-6.329448868075516543e+01
-6.369047116446627399e+01
-6.445006912904264595e+01
-6.545290506130008623e+01
-6.654313613917511816e+01
-6.757083200551788593e+01
-6.842380516908248467e+01
-6.904620885782276218e+01
-6.942850555375981969e+01
-6.955759676150086079e+01
-6.933859608920016626e+01
-6.852060754422660693e+01
-6.665839805304210586e+01
-6.312353097073368247e+01
-5.716383119100649424e+01
-4.801143826446364926e+01
-3.504461820000354777e+01
-1.799321809880689571e+01
2.862359451891630435e+00
2.658447858447905432e+01
5.164217466071484353e+01
7.616393762797736144e+01
9.831556964028109746e+01
1.166800761657985532e+02
1.305128932757284872e+02
1.398012476595146154e+02
1.451385131937136066e+02
1.474854523887568121e+02
1.479060825383836288e+02
1.473469521026641473e+02
1.464976549941846713e+02
1.457413836455168052e+02
1.451808165130897237e+02
1.447107541496106080e+02
1.441102342253019515e+02
1.431375647211872888e+02
1.416162411846948714e+02
1.394941746071381488e+02
1.368566455349580622e+02
1.338853529633107371e+02
1.307755036264663602e+02
1.276379184832524345e+02
1.244189473173682501e+02
1.208686815548021514e+02
1.165774529711443392e+02
1.110804139244934703e+02
1.040031067453403750e+02
9.519910892418603510e+01
8.482871773857267783e+01
7.334854183260227956e+01
6.141383122188282329e+01
4.972462125795037480e+01
3.886600905248555193e+01
2.919566534768514998e+01
2.081353774868887996e+01
1.361565697196940050e+01
7.400954038226217335e+00
1.980967920611467648e+00
-2.755818854552277486e+00
-6.849482262610914418e+00
-1.032981504340614620e+01
-1.328743510863629140e+01
-1.590808802972023628e+01
-1.845056822914804684e+01
-2.118042883900148610e+01
-2.429064884846069816e+01
-2.784301617239210458e+01
-3.175240851433879641e+01
-3.581752750775530814e+01
-3.978524270803387708e+01
-4.342611309692227906e+01
-4.659545291882443507e+01
-4.925774093576470136e+01
-5.146570808747067360e+01
-5.330805733051295192e+01
-5.485759487028716563e+01
-5.614873489059563383e+01
-5.719197787213187922e+01
-5.801035653839503681e+01
-5.867114536749460996e+01
-5.928781229319703527e+01
-5.998336757652306517e+01
-6.083147224556046240e+01
-6.180869149386024475e+01
-6.278796620611549884e+01
-6.358486154585929029e+01
-6.404336917356751258e+01
-6.412178050387545625e+01
-6.392590198319682315e+01
-6.365880696934161875e+01
-6.351023905634260558e+01
-6.355359914083182815e+01
-6.371470577637555976e+01
-6.382780485770948786e+01
-6.373932781622713151e+01
-6.339566640201655900e+01
-6.286797598499892814e+01
-6.230635227965754552e+01
-6.185026397868914216e+01
-6.153932339493866266e+01
-6.126907111663422256e+01
-6.081795469847361346e+01
-5.993586174519017362e+01
-5.845307546652189501e+01
-5.636334217705460503e+01
-5.385036932397869691e+01
-5.124535776038264601e+01
-4.892234069781821404e+01
-4.716382637471841832e+01
-4.605059745901876056e+01
-4.542610261620352219e+01
-4.495295238628963830e+01
-4.423518951848974723e+01
-4.295370454066566879e+01
-4.096797475779490583e+01
-3.836049375136011008e+01
-3.541633077303600885e+01
-3.253870751324853927e+01
-3.011864475349786474e+01
-2.840081425519465341e+01
-2.739707359252387064e+01
-2.688108397899016566e+01
-2.646203793000447746e+01
-2.570579914078534145e+01
-2.426427743778272372e+01
-2.198430217299617340e+01
-1.897678233911569734e+01
-1.562573200188789002e+01
-1.251672282147561255e+01
-1.028477060955612998e+01
-9.421299918184562472e+00
-1.010931717323625989e+01
-1.214865417428746319e+01
-1.499683736712188953e+01
