4.543030843816790565e+01
-2.314363648254775967e+02
-4.714101924236774721e+02
-6.479644144949824067e+02
-7.509973471461223653e+02
-7.870194765421392731e+02
-7.743309632711188897e+02
-7.358638619582021647e+02
-6.925120675448193879e+02
-6.588233918178888189e+02
-6.416017881516299894e+02
-6.408709734770876594e+02
-6.521128750614548153e+02
-6.687155830448882625e+02
-6.839221672928084672e+02
-6.920042998230175044e+02
-6.887217547821240942e+02
-6.713085771627617078e+02
-6.382648041541126531e+02
-5.891697598382510250e+02
-5.246056312352919804e+02
-4.461449723309926867e+02
-3.562899756268301985e+02
-2.582850156351638020e+02
-1.558111973768108101e+02
-5.264318177794044118e+01
4.764161345188808383e+01
1.418667316709948238e+02
2.274066478318055147e+02
3.023301554889673071e+02
3.655392731874634364e+02
4.168596488394194353e+02
4.570363013821460072e+02
4.876170719119697310e+02
5.107269713927810244e+02
5.287454923569982839e+02
5.439237078221381125e+02
5.580213972886097054e+02
5.720701539348106053e+02
5.863438120938649263e+02
6.005413883220742264e+02
6.140914573327153221e+02
6.264294272942180442e+02
6.371318937118950316e+02
6.458987328559832122e+02
6.524656809586115287e+02
6.565362360498128282e+02
6.577606373562966837e+02
6.557349925298834705e+02
6.499930143700327108e+02
6.400042581446527947e+02
6.252255489708178402e+02
6.052378395814886289e+02
5.799470763393056814e+02
5.497733869158289508e+02
5.157324270413257636e+02
4.793412764547924212e+02
4.423501748428543010e+02
4.063781569310386885e+02
3.725783507884021333e+02
3.414576724923222741e+02
3.129233278372296354e+02
2.865373634545405821e+02
2.618654453461151661e+02
2.387540047536586769e+02
2.173936161149467807e+02
1.981279666166180675e+02
1.811069704299775367e+02
1.659814204071623465e+02
1.518256565531144702e+02
1.373528806881635660e+02
1.213300263278915025e+02
1.029999459069958903e+02
8.232573533061784588e+01
5.996697423372989988e+01
3.702010647692056011e+01
1.464118995858112093e+01
-6.311620401908729860e+00
-2.551332945286683440e+01
-4.323735602556547519e+01
-6.024817805682360472e+01
-7.754810825034594757e+01
-9.603793091606412702e+01
-1.161966710997787402e+02
-1.379090886806487788e+02
-1.605257860924474187e+02
-1.831384888814527301e+02
-2.049552977016686839e+02
-2.256238168348124020e+02
-2.453795710266944070e+02
-2.649648985646100527e+02
-2.853438480631008929e+02
-3.073132736988209786e+02
-3.311562422574485822e+02
-3.564765330999009052e+02
-3.822861968284410068e+02
-4.073171190329829869e+02
-4.304349745961919211e+02
-4.509876078512680238e+02
-4.689447950135341898e+02
-4.847797360194618932e+02
-4.991616358731489527e+02
-5.126167668259647598e+02
-5.253333389236796620e+02
-5.372162742839556131e+02
-5.481589551639705178e+02
-5.583613869124891380e+02
-5.684807999212050618e+02
-5.794892037173796098e+02
-5.922810110943985364e+02
-6.072222786182557002e+02
-6.238759058048932502e+02
-6.410494709358330283e+02
-6.571486166131433038e+02
-6.706802587995699696e+02
-6.807078264957154943e+02
-6.871092475210895145e+02
-6.905753262600971993e+02
-6.923725296869273507e+02
-6.939660625848250675e+02
-6.966420511787270016e+02
-7.012604152479233335e+02
-7.082031288956336539e+02
-7.174786367501246787e+02
-7.288596339146101855e+02
-7.419233195835219021e+02
-7.559346818704141242e+02
-7.696171022406203974e+02
-7.809331382086394342e+02
-7.870194765421392731e+02
-7.843808679150940861e+02
-7.693596499633870280e+02
-7.387868371357222941e+02
-6.906381761474877976e+02
-6.245031593951376863e+02
-5.417342730767447847e+02
-4.452477831492442988e+02
-3.390486920281581433e+02
-2.276101373423073255e+02
-1.152460358441525585e+02
-5.600313526875588366e+00
9.864767061479159338e+01
1.958009196764014916e+02
2.848892578979117616e+02
3.652321350637290607e+02
4.359997054116376489e+02
4.959861142494147543e+02
5.437433723020925527e+02
5.780724386991936399e+02
5.986971150153756298e+02
6.068356405847434871e+02
6.053932902929958573e+02
5.986369461619420917e+02
5.914216491677545946e+02
5.882160416439616029e+02
5.922352654026896062e+02
6.049244481527766766e+02
6.258943555330557729e+02
6.532633673142844373e+02
6.842565447563252974e+02
7.158665180638556649e+02
7.453887426788212451e+02
7.707108935840600452e+02
7.903553958872786325e+02
8.033853421541246007e+02
8.093083869371570245e+02
8.080414607290049389e+02
7.999063442232121588e+02
7.855875859187202650e+02
7.660155538640354962e+02
7.422071577149340555e+02
7.151472801225763760e+02
6.857705144702904363e+02
6.550157636441592786e+02
6.238604954251082972e+02
5.932631172240813839e+02
5.640233062737435148e+02
5.366346908733092960e+02
5.112107535347653311e+02
4.875240781901553646e+02
4.651433743755644628e+02
4.436090242260631840e+02
4.225690998976695028e+02
4.018147388111908640e+02
3.812141140420806096e+02
3.606173922142736501e+02
3.398239882835895855e+02
3.186405976096667700e+02
2.969733034154363054e+02
2.748717905160942792e+02
2.524910790295147081e+02
2.299993019053787862e+02
2.074844811481426632e+02
1.848942502228214266e+02
1.620158689187159666e+02
1.385014506379489774e+02
1.139529102143158070e+02
8.806660166221223562e+01
6.079737604404556350e+01
3.247324935941988144e+01
3.798842817412548811e+00
-2.427848116264690503e+01
-5.081183694242230331e+01
-7.512388902521747980e+01
-9.699759007676074418e+01
-1.167191844534531242e+02
-1.349672819898147509e+02
-1.525941948081888881e+02
-1.703778170039869906e+02
-1.888344783519485190e+02
-2.081584116642619051e+02
-2.282866779671535937e+02
-2.490202688523072254e+02
-2.701185478151796815e+02
-2.913339475597529145e+02
-3.124152957015188576e+02
-3.331253793055213350e+02
-3.532875567080316159e+02
-3.728386017560709433e+02
-3.918583477332832672e+02
-4.105691719411502163e+02
-4.293140391009138739e+02
-4.485086546607858509e+02
-4.685477217323887089e+02
-4.896666415026351729e+02
-5.118102430958503533e+02
-5.345887810289566460e+02
-5.573713971592856069e+02
-5.794888683256467630e+02
-6.004446836464954913e+02
-6.200259508280454384e+02
-6.382710579892512897e+02
-6.553357563039224942e+02
-6.713474704249056231e+02
-6.863340680761696149e+02
-7.002662891937718541e+02
-7.131796506852384709e+02
-7.252816597385464092e+02
-7.369471589382831098e+02
-7.485603660034562381e+02
-7.602380550397025445e+02
-7.715238231235964577e+02
-7.811591459140015559e+02
-7.870194765421392731e+02
-7.862724014115672162e+02
-7.757777455997236302e+02
-7.526990107653069799e+02
-7.152283753918175080e+02
-6.632596832740324544e+02
-5.988060470137099855e+02
-5.259770751306584771e+02
-4.504096644008751582e+02
-3.781727122310616664e+02
-3.143284355127685217e+02
-2.615105182138858027e+02
-2.190023770256735247e+02
-1.827625128624116542e+02
-1.465943125280612094e+02
-1.042462532699012172e+02
-5.179162129969550676e+01
1.063601104249831053e+01
7.858571659152795519e+01
