-1.863124483843780155e+01
-2.765973719495480410e+01
-3.693100520715277924e+01
-4.661232783215507425e+01
-5.673306675967702972e+01
-6.717196562898257639e+01
-7.768761552457520736e+01
-8.796816048261047172e+01
-9.767170353885913414e+01
-1.064482298483341509e+02
-1.139559619953286784e+02
-1.198914450776885303e+02
-1.240436440372630074e+02
-1.263642297796179434e+02
-1.270263100232852906e+02
-1.264353617887348804e+02
-1.251696350667264284e+02
-1.238588952245221293e+02
-1.230440117936769582e+02
-1.230748983678146544e+02
-1.240847045095898835e+02
-1.260315054223825086e+02
-1.287609593314389542e+02
-1.320459313573360021e+02
-1.355946560203255160e+02
-1.390530508184811254e+02
-1.420341110519674430e+02
-1.441873227830772919e+02
-1.452901045559211184e+02
-1.453242128364371410e+02
-1.445063457898795036e+02
-1.432631324092586169e+02
-1.421545535344237123e+02
-1.417553203695092066e+02
-1.425168682979214339e+02
-1.446509221521262702e+02
-1.480766981921324827e+02
-1.524508649736869472e+02
-1.572671057402708357e+02
-1.619856725808112969e+02
-1.661454832864530715e+02
-1.694304998841492989e+02
-1.716937591796543643e+02
-1.729569066229256009e+02
-1.733932729412853462e+02
-1.732888632875016413e+02
-1.729739767415034635e+02
-1.727284915328654051e+02
-1.726857444269259076e+02
-1.727867983365239013e+02
-1.728360407747698844e+02
-1.726523898205000194e+02
-1.722322094770704837e+02
-1.718155387533954581e+02
-1.718034778224321428e+02
-1.725622614470892984e+02
-1.742030146820615073e+02
-1.764210243558650859e+02
-1.784367928698137291e+02
-1.790429167525454375e+02
-1.767472533801267218e+02
-1.700021721708188522e+02
-1.574973896920675998e+02
-1.384638331562190956e+02
-1.129081826461266616e+02
-8.169797225370112415e+01
-4.645417533706085322e+01
-9.269431848840756771e+00
2.767007776946770292e+01
6.245019299416134118e+01
9.368643012589831187e+01
1.206269581409939917e+02
1.431067417173000251e+02
1.613911790635251009e+02
1.759654035711599818e+02
1.873410790362890737e+02
1.959493792259901284e+02
2.021440529698927833e+02
2.062725640792649244e+02
2.087367395266579706e+02
2.099814960578106877e+02
2.104030196401532180e+02
2.102229661621673245e+02
2.094059494512143260e+02
2.076855871306616166e+02
2.047071625889383881e+02
2.002224153007611562e+02
1.942345444764729052e+02
1.870153124035545034e+02
1.789838589047325854e+02
1.705092858577248478e+02
1.617373637801677546e+02
1.525251097051741738e+02
1.425084091701487239e+02
1.312640659679871078e+02
1.184905610322472853e+02
1.041337558092285178e+02
8.842205495631498025e+01
7.183142062984175880e+01
5.503290480443267541e+01
3.884902334589596506e+01
2.418569882556392514e+01
1.188812211529284113e+01
2.524720146232706242e+00
-3.820116133852135221e+00
-7.639982604396355903e+00
-9.924612956746829084e+00
-1.191080879343055265e+01
-1.474253600180779600e+01
-1.916170541105538305e+01
-2.534516568229531686e+01
-3.293503959034806883e+01
-4.122290573138988634e+01
-4.940188680304092372e+01
-5.680073038729391044e+01
-6.303515289746047046e+01
-6.804920111073855082e+01
-7.206884449611787602e+01
-7.551796087285195824e+01
-7.893037433458751195e+01
-8.285580914618195436e+01
-8.774400189195020516e+01
-9.381171905582354498e+01
-1.009326210105092798e+02
-1.086109303009781968e+02
-1.160841620123982665e+02
-1.225465615130656261e+02
-1.274227072449815807e+02
-1.305890771494505032e+02
-1.324550462743079606e+02
-1.338605654976086328e+02
-1.358085812360442901e+02
-1.391155426287429577e+02
-1.441121601471732845e+02
-1.505218838190051258e+02
-1.575696963379056967e+02
-1.642667569368568650e+02
-1.697429164226613807e+02
-1.734949504527475312e+02
-1.754716873983769858e+02
-1.759936932739595647e+02
-1.755711889581633329e+02
-1.747144053525283596e+02
-1.738159334794908659e+02
-1.731343968292858904e+02
-1.728476512016061406e+02
-1.731043420340207888e+02
-1.740107480298351277e+02
-1.755400597628308219e+02
-1.774029495714598283e+02
-1.789346148878021836e+02
-1.790429167525454375e+02
-1.762575528650947092e+02
-1.689190238806175728e+02
-1.555099792796828808e+02
-1.350504824403436999e+02
-1.074132675913730566e+02
-7.343087648649604660e+01
-3.476372631013105519e+01
6.398229597731043938e+00
4.768962361519915305e+01
8.689635046908149718e+01
1.222141833236030664e+02
1.524239268787062258e+02
1.769762237140147079e+02
1.959786972075001756e+02
2.100789937962322540e+02
2.202562519688933946e+02
2.275698032290350739e+02
2.329370073121420432e+02
2.369985345271600750e+02
2.400927731782887236e+02
2.423271108069273225e+02
2.437078466234860628e+02
2.442693683590115370e+02
2.441415794440560489e+02
2.435297428846314176e+02
2.426361838063763798e+02
2.415843642463674712e+02
2.403881718941731833e+02
2.389628843107335285e+02
2.371433426755364167e+02
2.346863441760359308e+02
2.312709007259384748e+02
2.265293170279810795e+02
2.201231848569104272e+02
2.118399981864760662e+02
2.016625711909577774e+02
1.897753434824161332e+02
1.765122643035608689e+02
1.622905135730979396e+02
1.475804755344828436e+02
1.329263907559733866e+02
1.189801917163849510e+02
1.064863399721891568e+02
9.617982628675983392e+01
8.861174861272596104e+01
8.395962787972381136e+01
8.189876617176355467e+01
8.160647579682238018e+01
8.193142044193703555e+01
8.168839049660510909e+01
7.997697867047304499e+01
7.641058971905599151e+01
7.117723266008749761e+01
6.491484356218464313e+01
5.845469089161149157e+01
5.253746095996844190e+01
4.760500053584106439e+01
4.371991680588688212e+01
4.060614261100010935e+01
3.777103188771847186e+01
3.466549279224198443e+01
3.084409663003846802e+01
2.608782732594656295e+01
2.045237665818183004e+01
1.421943924957773753e+01
7.763221508764360124e+00
1.385420283550747200e+00
-4.807116585134281195e+00
-1.092566489537242092e+01
-1.721794806903347563e+01
-2.392970104610429161e+01
-3.118254215733924894e+01
-3.892158882695788691e+01
-4.693766288921268881e+01
-5.493168611341104679e+01
-6.258987553134846848e+01
-6.965762346693959728e+01
-7.600228925946635172e+01
-8.164677154630872735e+01
-8.676622183917554310e+01
-9.166173799460385396e+01
-9.672341705578641324e+01
-1.023729577360380176e+02
-1.089720213070073100e+02
-1.167129665060536183e+02
-1.255413275271941416e+02
-1.351533224858173128e+02
-1.450661471136439786e+02
-1.547145280848913274e+02
-1.635199556208833656e+02
-1.709082603155426909e+02
-1.762903521639756832e+02
-1.790429167525454375e+02
-1.785204609042962716e+02
-1.741106650119386643e+02
-1.653317930950203731e+02
-1.519656036316235657e+02
-1.342057622502375125e+02
-1.127733168974457953e+02
-8.892867477687930489e+01
-6.432778728201006402e+01
-4.073534397894091086e+01
-1.968131856085877018e+01
-2.180010449274004003e+00
1.139512178424489797e+01
2.125515526515163600e+01
2.800683738888887930e+01
3.242389938263278282e+01
3.526576978486549052e+01
3.719063695792721802e+01
