-1.830017855884780786e+01
-2.654038467519265154e+01
-3.400117538696682828e+01
-4.007144666140172262e+01
-4.443358680120668680e+01
-4.710905632928144371e+01
-4.841882416075950601e+01
-4.886851939338140483e+01
-4.898916251272724764e+01
-4.918550098900572465e+01
-4.964967573646372756e+01
-5.037384558515817190e+01
-5.124639571034324348e+01
-5.217041848455907171e+01
-5.313342069087253350e+01
-5.419234945694582706e+01
-5.539221942863310488e+01
-5.667426510265190132e+01
-5.783369875273805150e+01
-5.856121636754922832e+01
-5.855881331451217164e+01
-5.767853191676032054e+01
-5.601699772174706027e+01
-5.392226104543950527e+01
-5.191546223618339440e+01
-5.056132903634809850e+01
-5.032139091124864905e+01
-5.141127466617415820e+01
-5.368335352424221441e+01
-5.656937241415468520e+01
-5.912607565449324909e+01
-6.020795062145925414e+01
-5.873822020397596333e+01
-5.399137133341950801e+01
-4.578475532889299160e+01
-3.451737223467723936e+01
-2.105850128712311786e+01
-6.536092782861098627e+00
7.909115329385476123e+00
2.133928085679137965e+01
3.314852167199457256e+01
4.307488888513651659e+01
5.111492324322399838e+01
5.740687121926263359e+01
6.215434947032279922e+01
6.562103840837043833e+01
6.816613526080425345e+01
7.025134548983164962e+01
7.236438114569043023e+01
7.486643384268046475e+01
7.783807791186605129e+01
8.101887953866889802e+01
8.389223374841364489e+01
8.588469964421128111e+01
8.658189104331933095e+01
8.585710903592362797e+01
8.386575192632886910e+01
8.093164468524771848e+01
7.739222891581880504e+01
7.346742500886344374e+01
6.919261811113443628e+01
6.443312279363760808e+01
5.898128298055558361e+01
5.271480766204398805e+01
4.575856591713572641e+01
3.856489343273992887e+01
3.184632830438357942e+01
2.636469654761173942e+01
2.266056070389996790e+01
2.084479969977157765e+01
2.054693711315769988e+01
2.104189415921496931e+01
2.149994148927228821e+01
2.125832395927794138e+01
2.001000648925352010e+01
1.784138180677926400e+01
1.511326834392938245e+01
1.224563747721041196e+01
9.508112035134523410e+00
6.913925519037064760e+00
4.262569966364207374e+00
1.299062395603385323e+00
-2.101563856065138403e+00
-5.822413109751758853e+00
-9.519250277081640732e+00
-1.275169714958863310e+01
-1.516751135956853602e+01
-1.664975282205904605e+01
-1.735315859652468973e+01
-1.761751284496613579e+01
-1.781833201199898298e+01
-1.824499218011203183e+01
-1.906038479289186682e+01
-2.032809280411063213e+01
-2.205212759909186460e+01
-2.418880889807682877e+01
-2.663455994390798409e+01
-2.922030962835791712e+01
-3.173530810336640684e+01
-3.397936672726451945e+01
-3.582336614150138843e+01
-3.724795068740244375e+01
-3.833389262677994935e+01
-3.920182582955349204e+01
-3.993420336804562254e+01
-4.053055059757636513e+01
-4.092885654944007001e+01
-4.108124409424266332e+01
-4.103489451219714823e+01
-4.096794506355156074e+01
-4.116004774702251012e+01
-4.191088864437076467e+01
-4.343909547276583538e+01
-4.579747747207377273e+01
-4.883237544268971675e+01
-5.220080653331552156e+01
-5.544334521691067863e+01
-5.809097717355436430e+01
-5.976281201222227679e+01
-6.020795062145925414e+01
-5.927673411754319943e+01
-5.685664501847399777e+01
-5.283112022066208624e+01
-4.709357622525681109e+01
-3.960325324106820233e+01
-3.044596534017710354e+01
-1.987176868496913684e+01
-8.299982411957765649e+00
3.710702364141352128e+00
1.552828978224487422e+01
2.654128830907270142e+01
3.625502755730369842e+01
4.435910789258853981e+01
5.074863508335251083e+01
5.550451654930130729e+01
5.885101072936468825e+01
6.110553538683830510e+01
6.262415719390835278e+01
6.373981307053335854e+01
6.469686804606583053e+01
6.559877992891679810e+01
6.639305908618969454e+01
6.691125038242046230e+01
6.695866650245099549e+01
6.642016286753070631e+01
6.533758791776381258e+01
6.392817599120193250e+01
6.253347438003265069e+01
6.150517062923407963e+01
6.105573918296863667e+01
6.112908059752579248e+01
6.135835569467224815e+01
6.115231147029061987e+01
5.989124853417912675e+01
5.715311542152090141e+01
5.286854848668728124e+01
4.733775068523666363e+01
4.111262108812486105e+01
3.480997690680582934e+01
2.894015369561592621e+01
2.380992343714625648e+01
1.951619651949572543e+01
1.601085280436944203e+01
1.319514942208590114e+01
1.099582004201407948e+01
9.387037017520981408e+00
8.352030744043146271e+00
7.813364684093869528e+00
7.581431408874417244e+00
7.361387925986337066e+00
6.823463048611302817e+00
5.704772557018630508e+00
3.897697209220514658e+00
1.492679312235096312e+00
-1.236625060535019749e+00
-3.903065446914323555e+00
-6.114690673557960920e+00
-7.592793436013455022e+00
-8.262114461749183292e+00
-8.280644464265378701e+00
-7.993677652429219016e+00
-7.823486478735401484e+00
-8.134726403355571733e+00
-9.130817557273577023e+00
-1.082291390283410593e+01
-1.307648840945438984e+01
-1.570575140496690025e+01
-1.857000461943371761e+01
-2.162893333482884017e+01
-2.493154282505133779e+01
-2.854175211583255489e+01
-3.243472818819766701e+01
-3.641905431543534633e+01
-4.013606910210608447e+01
-4.315353578838994508e+01
-4.512183883623042391e+01
-4.592684642212137902e+01
-4.577241332084299330e+01
-4.515243839293227524e+01
-4.471332375649240021e+01
-4.504963240987530781e+01
-4.650487303484966617e+01
-4.905162200186992294e+01
-5.229589767997463667e+01
-5.560319717091544334e+01
-5.830152081249212159e+01
-5.989378286375777805e+01
-6.020795062145925414e+01
-5.943004624918183509e+01
-5.800897537045414509e+01
-5.647909740857312499e+01
-5.527815387127060376e+01
-5.462254142206289487e+01
-5.446073604144648783e+01
-5.449430054545875635e+01
-5.424528636418889960e+01
-5.314978026449144011e+01
-5.066132981568959792e+01
-4.635176669875082922e+01
-3.999878267651634900e+01
-3.164857151156929760e+01
-2.163858529947386700e+01
-1.056553227024939012e+01
8.028976485610765934e-01
1.164963880957606435e+01
2.122704913466562004e+01
2.894984367300967421e+01
3.446299179613811248e+01
3.769437562516762341e+01
3.888843598871100937e+01
3.859356022112006457e+01
3.756691625432090120e+01
3.658899257308885922e+01
3.624048871254517223e+01
3.673849756528617405e+01
3.790945994388875562e+01
3.930284712126766777e+01
4.037960965727044282e+01
4.068768763650343345e+01
3.996406357814511523e+01
3.815071875222262321e+01
3.534794816600504674e+01
3.173807536468316215e+01
2.750623158459031004e+01
2.277903069693301674e+01
1.759888265278004837e+01
1.194525137116892211e+01
5.802265542836890333e+00
-7.454631985782835812e-01
-7.427798598034097921e+00
-1.376522547379741468e+01
-1.914170714278706242e+01
-2.296640738361584511e+01
-2.486637106351347271e+01
-2.482750536028346744e+01
-2.321854125023968862e+01
-2.068296187736619629e+01
-1.794106498746650402e+01
-1.557948936283255392e+01
-1.390246214334664820e+01
-1.288460978929371947e+01
-1.222264729830694563e+01
