-6.824263103943550846e+00
-8.141280236222232958e+00
-9.413100271529954099e+00
-1.057299845635674629e+01
-1.154507553852065627e+01
-1.226773294157296235e+01
-1.270639498033601811e+01
-1.284114094188481126e+01
-1.264217636719074633e+01
-1.206133820764783593e+01
-1.106167734000765535e+01
-9.681959132529712519e+00
-8.100452943137682382e+00
-6.647041697470646326e+00
-5.734399865013338982e+00
-5.727394174619169220e+00
-6.809090819736891120e+00
-8.905389256431007539e+00
-1.170186506932656556e+01
-1.474675288972951748e+01
-1.760188305918859086e+01
-1.998697520157221419e+01
-2.186193083411961879e+01
-2.340947547188467937e+01
-2.492098484333559227e+01
-2.663667998173971441e+01
-2.861599363791149742e+01
-3.069989024591432880e+01
-3.258598150864767717e+01
-3.398754518574558858e+01
-3.480496613909195247e+01
-3.522066377141462112e+01
-3.565295710404818408e+01
-3.657276761253142894e+01
-3.827048506311356846e+01
-4.070141317777301992e+01
-4.349620853988015767e+01
-4.612314581305865602e+01
-4.810771009555571709e+01
-4.920326167241155702e+01
-4.945174101161855162e+01
-4.913319581272487113e+01
-4.864678254729072648e+01
-4.838067754927568132e+01
-4.861486412369409038e+01
-4.947359531967728685e+01
-5.091996144467167085e+01
-5.277203552686867027e+01
-5.472308090010449888e+01
-5.636461546633803721e+01
-5.722457883344034713e+01
-5.682936090403315177e+01
-5.478299219774326190e+01
-5.084353355204210345e+01
-4.497331055201351546e+01
-3.734591371395124781e+01
-2.830458648133811295e+01
-1.828037429605079467e+01
-7.694157255736379319e+00
3.119312713518629820e+00
1.392720601120868551e+01
2.454109833053305323e+01
3.471764513834779819e+01
4.408468481493549262e+01
5.215393831048371709e+01
5.843303046382337129e+01
6.259447562700422907e+01
6.462821503322642513e+01
6.490208771122209441e+01
6.408256744928367254e+01
6.292793691153585911e+01
6.203462677994887287e+01
6.165069571130013060e+01
6.164136132719554695e+01
6.161385390980339594e+01
6.112935038085612405e+01
5.989631896489319018e+01
5.786507201042176973e+01
5.520011799089837723e+01
5.215889538979729423e+01
4.893661791744889200e+01
4.554764799493042204e+01
4.180181474588702173e+01
3.739477759816244884e+01
3.207707097099389415e+01
2.582693575229637872e+01
1.894876605406477310e+01
1.204814397409517035e+01
5.881023641036126293e+00
1.126057958139250914e+00
-1.832105610589583433e+00
-3.018501918396920392e+00
-2.836891787108818619e+00
-1.915860993813107704e+00
-9.067930252460691953e-01
-3.132142499652612599e-01
-3.999253312835073793e-01
-1.193315997130407924e+00
-2.555869690544745332e+00
-4.297143330422672491e+00
-6.273022472146005057e+00
-8.432279355064963511e+00
-1.079586794537729766e+01
-1.338945108029910180e+01
-1.617344715509071662e+01
-1.901111544368967543e+01
-2.168782991924860326e+01
-2.396743324235505668e+01
-2.566239960171832379e+01
-2.669679720594759686e+01
-2.714163336096859069e+01
-2.720536670786581368e+01
-2.717809684165655071e+01
-2.735012783635427880e+01
-2.793702838634368746e+01
-2.903475192064925636e+01
-3.060879886820278273e+01
-3.251017223562902103e+01
-3.451554298768449769e+01
-3.639367298551422181e+01
-3.798598308290318215e+01
-3.926490829329202370e+01
-4.033206448954514656e+01
-4.135509492244105445e+01
-4.248674124465099311e+01
-4.381606278364343154e+01
-4.536749938013160488e+01
-4.712840895139017761e+01
-4.907441634559297228e+01
-5.116714649432169892e+01
-5.331425904928644144e+01
-5.530819191444035710e+01
-5.678300462626085476e+01
-5.722457883344034713e+01
-5.603969639040402484e+01
-5.266255283225706307e+01
-4.667131570206010593e+01
-3.789236893439887410e+01
-2.647154741485918450e+01
-1.289171864245193788e+01
2.076666921429417556e+00
1.748850508061778797e+01
3.237468938865720247e+01
4.588844718452593696e+01
5.740821951450134719e+01
6.658034330873138629e+01
7.331033967819618624e+01
7.772306805025513654e+01
8.010675996786221731e+01
8.084720773668860261e+01
8.036003683211058046e+01
7.903718159695874590e+01
7.722182821416538445e+01
7.520870616585438029e+01
7.324746886789863254e+01
7.152468778941823757e+01
7.012015504004862976e+01
6.896035906277469962e+01
6.780299455399108410e+01
6.627338547340283981e+01
6.394847687804460179e+01
6.046338041211435410e+01
5.561041825914171710e+01
4.941013833560790403e+01
4.214343012060610505e+01
3.433366479309403019e+01
2.666864712718644270e+01
1.986807899838261093e+01
1.452546084581110719e+01
1.096694431773507006e+01
9.170418742379670363e+00
8.777858722819074089e+00
9.206799858866929753e+00
9.825839541112202369e+00
1.012803385682986246e+01
9.837622682111332395e+00
8.918897137525579666e+00
7.500892508070636566e+00
5.764114846581859020e+00
3.842630534323174807e+00
1.779117982266813058e+00
-4.582173941447571508e-01
-2.918712895379980132e+00
-5.612887652558940843e+00
-8.492427850462506811e+00
-1.147561599156823675e+01
-1.449333417375587629e+01
-1.751202748528495334e+01
-2.050723246710882108e+01
-2.340856500940986962e+01
-2.607213207702410074e+01
-2.832035838760907609e+01
-3.003447594304346779e+01
-3.124226737023861489e+01
-3.214653628012055719e+01
-3.307711134952681675e+01
-3.438672446898814172e+01
-3.632830550585745755e+01
-3.895595156238913148e+01
-4.209225024167528773e+01
-4.538400246921855796e+01
-4.841966652563476003e+01
-5.084329863415275241e+01
-5.241310100894899904e+01
-5.300585290271125416e+01
-5.260997688053809185e+01
-5.134366248159427926e+01
-4.949004722546329305e+01
-4.750337005179669347e+01
-4.594457875134168034e+01
-4.534558909743604005e+01
-4.604362681766395582e+01
-4.804575881379230395e+01
-5.097385449407318703e+01
-5.410890314646967880e+01
-5.651787931283609367e+01
-5.722457883344034713e+01
-5.538288856018466788e+01
-5.042053130130277339e+01
-4.213662676637168403e+01
-3.074912143553750354e+01
-1.689019159982925800e+01
-1.542036175921153607e+00
1.409432487049334526e+01
2.878862046248856288e+01
4.149396750621604468e+01
5.152747233968139540e+01
5.866600679238976568e+01
6.312944228113275358e+01
6.545885366756773749e+01
6.632833159102122522e+01
6.634928311624801722e+01
6.593078585960645910e+01
6.523860304643578445e+01
6.424973758035798710e+01
6.285749913452080762e+01
6.097400221030151357e+01
5.859743425113436643e+01
5.583244154125770820e+01
5.286264601744879599e+01
4.988454881258071794e+01
4.702600007812063154e+01
4.428043578938891756e+01
4.148326072964177058e+01
3.834307384465648028e+01
3.452581408674357988e+01
2.977785034178123880e+01
2.406044551466363401e+01
1.765038645950331642e+01
1.115339101918533338e+01
5.398174071357288106e+00
1.227476414123928272e+00
-7.508672377438170287e-01
-3.716935832489829394e-01
1.988299342229417732e+00
5.456025609943560006e+00
8.850897717264553322e+00
1.097647257269035492e+01
1.094002242582661388e+01
8.409644198193099385e+00
3.729703965145051203e+00
-2.149297800672723469e+00
