-2.667661707871561916e+01
-2.771521888598155670e+01
-2.896573317961702543e+01
-3.056400869700018319e+01
-3.244577091455296625e+01
-3.430157926639909505e+01
-3.559567868720168349e+01
-3.565295084572328932e+01
-3.379870397940570115e+01
-2.952332017121203478e+01
-2.263253182231970584e+01
-1.333115044989756015e+01
-2.194451224745350260e+00
9.976436117485121713e+00
2.236142498085823505e+01
3.430165534341305289e+01
4.537367494963855563e+01
5.533475067049754159e+01
6.399236801727407453e+01
7.109506728308511470e+01
7.632145129473684619e+01
7.937856620117658224e+01
8.015735647176430234e+01
7.886383047931572321e+01
7.605350417519841244e+01
7.253356769109166180e+01
6.915140604886205722e+01
6.654315015127376398e+01
6.494425879108190713e+01
6.414349883047412959e+01
6.359807889469467312e+01
6.265459734289224514e+01
6.077636317528577337e+01
5.768445328517010751e+01
5.337244045127620495e+01
4.802252938485970901e+01
4.189430237689571612e+01
3.525252695390744861e+01
2.835631142166003826e+01
2.148361840956913582e+01
1.494557414214839142e+01
9.060078381791470292e+00
4.087370189463268133e+00
1.600705386126319851e-01
-2.750804310389307616e+00
-4.812039405927372115e+00
-6.262028245352136757e+00
-7.344490078859352344e+00
-8.277759541006787458e+00
-9.261716336420429130e+00
-1.049526482670085059e+01
-1.217299979938584720e+01
-1.444504785319346141e+01
-1.734784141262073476e+01
-2.073719688379556558e+01
-2.426546716854742058e+01
-2.743199628180846616e+01
-2.970526158908536729e+01
-3.067993036639412452e+01
-3.020947207993678774e+01
-2.846018257754241176e+01
-2.586583056546515991e+01
-2.300363762038662685e+01
-2.043904548128396925e+01
-1.859112621935037879e+01
-1.765788049527434111e+01
-1.761811418010470476e+01
-1.829988118138334130e+01
-1.948208192497859415e+01
-2.098546941014589606e+01
-2.271809059950057730e+01
-2.466276412702617193e+01
-2.681880161956167541e+01
-2.912988417444557854e+01
-3.143872931679865701e+01
-3.349647269966442309e+01
-3.502252509751628651e+01
-3.578296588713261883e+01
-3.565295084572328932e+01
-3.464585498442814071e+01
-3.290962695309748653e+01
-3.069708045786033068e+01
-2.831129069251051078e+01
-2.602865840981742451e+01
-2.401985292706250164e+01
-2.231070885012988469e+01
-2.081939906442126897e+01
-1.946084394642784332e+01
-1.825636215675975649e+01
-1.737139619029799320e+01
-1.703981171651945203e+01
-1.739556155863045461e+01
-1.828530603072484695e+01
-1.915291802690988021e+01
-1.906412215556357381e+01
-1.688982001328769655e+01
-1.160625756003108222e+01
-2.615399163109493941e+00
1.003572859199965706e+01
2.562629310248772185e+01
4.292984323280158065e+01
6.050175889197510770e+01
7.697788712324603466e+01
9.130323307020634616e+01
1.028545323846748261e+02
1.114527688949158630e+02
1.172829057255699183e+02
1.207587329444143620e+02
1.223834233929142670e+02
1.226462445329453317e+02
1.219680717224329669e+02
1.206855207927117704e+02
1.190575743000933358e+02
1.172823152706830001e+02
1.155148459470314322e+02
1.138785273641904325e+02
1.124629425067342083e+02
1.113061918784462421e+02
1.103677319515222734e+02
1.095076426293713041e+02
1.084889169099565720e+02
1.070064578577583632e+02
1.047321247135718778e+02
1.013655063929804783e+02
9.669341861968851504e+01
9.066628212043924862e+01
8.348007807257991431e+01
7.562190900517720138e+01
6.782820020824502194e+01
6.093408820736138409e+01
5.564748208707153765e+01
5.233053891853098349e+01
5.088210529209143829e+01
5.077395692956292095e+01
5.122333279745910062e+01
5.142741722843980057e+01
5.077352400399225729e+01
4.896842843510601995e+01
4.606907155364136486e+01
4.241983331944791757e+01
3.851659734014362613e+01
3.483840697929905872e+01
3.170281812109982411e+01
2.919478553927995179e+01
2.719141194297523967e+01
2.546538501872910132e+01
2.381353355920897741e+01
2.214679187559837104e+01
2.050495146668202651e+01
1.900435690343392992e+01
1.775742788410291695e+01
1.680645403677959138e+01
1.609798330960173018e+01
1.550010915921112442e+01
1.484544716643634032e+01
1.397880563894479522e+01
1.279768967682433001e+01
1.128065867420637858e+01
9.496703033996837462e+00
7.586603151110772103e+00
5.714517545212686400e+00
4.005606742237048934e+00
2.501145069247108665e+00
1.157554169660301113e+00
-1.133573757710450991e-01
-1.395110913931638663e+00
-2.741466174248017751e+00
-4.182394500167525564e+00
-5.743999010919843329e+00
-7.462884726706427330e+00
-9.383162605404670842e+00
-1.152906278295733244e+01
-1.385701375007069913e+01
-1.621331320716092250e+01
-1.833647350341598781e+01
-1.992733835499570461e+01
-2.077389735694902129e+01
-2.088271344398338414e+01
-2.055064592105820509e+01
-2.032294064596895566e+01
-2.082982110011911914e+01
-2.254929174408023584e+01
-2.557613883987752956e+01
-2.947634312619403119e+01
-3.328287623402777484e+01
-3.565295084572328932e+01
-3.516363059402936386e+01
-3.067972255617322475e+01
-2.169519236751163049e+01
-8.537578056187832942e+00
7.646337685346644264e+00
2.513636394251267347e+01
4.204425152202065874e+01
5.674575308566761578e+01
6.819933729851014448e+01
7.606224446942913175e+01
8.060153266651767012e+01
8.247928724995311711e+01
8.252282828740611365e+01
8.155697426554635854e+01
8.030814141403217832e+01
7.934234803453406926e+01
7.900052560759326070e+01
7.933476910609228128e+01
8.008995571137322145e+01
8.077561937663656977e+01
8.082618381845568933e+01
7.979135244061161814e+01
7.747576230045389423e+01
7.396934046616519254e+01
6.956236264771095534e+01
6.459603713672871095e+01
5.932836827691326675e+01
5.387647787308060288e+01
4.824675204836348996e+01
4.242173576929202738e+01
3.645595338675626351e+01
3.053089770153862403e+01
2.492977385512368116e+01
1.993185034195969152e+01
1.568526985323621403e+01
1.214374500077122043e+01
9.111089141434243643e+00
6.360227571922004941e+00
3.745727095489985281e+00
1.243510841141660883e+00
-1.089777739151492675e+00
-3.188704515933289407e+00
-5.023397019488667681e+00
-6.599817176244377137e+00
-7.947200575594921546e+00
-9.126689260603432885e+00
-1.025616602812406697e+01
-1.151303514508282611e+01
-1.308668142268098755e+01
-1.509693998469888498e+01
-1.752936255775003360e+01
-2.022933268175225408e+01
-2.295884842504142043e+01
-2.548705214405220687e+01
-2.767210436893704539e+01
-2.949615509763356869e+01
-3.103885952275913951e+01
-3.240833902513115561e+01
-3.366735324202701207e+01
-3.478802058357933191e+01
-3.565295084572328932e+01
-3.610381796129283316e+01
-3.602157370437336681e+01
-3.540653453240408055e+01
-3.441633463687838912e+01
-3.332886715756680474e+01
-3.243595788244324751e+01
-3.192249592976319406e+01
-3.180434405997688074e+01
-3.196470435514303787e+01
-3.226206162171517633e+01
-3.263174256733524459e+01
-3.311002334398190072e+01
-3.377175361106927909e+01
-3.463787896142167710e+01
-3.562517028018410059e+01
